/*--------------------------------*- C++ -*----------------------------------*\
  =========                 |
  \\      /  F ield         | OpenFOAM: The Open Source CFD Toolbox
   \\    /   O peration     | Website:  https://openfoam.org
    \\  /    A nd           | Version:  7
     \\/     M anipulation  |
\*---------------------------------------------------------------------------*/
FoamFile
{
    version     2.0;
    format      ascii;
    class       labelList;
    location    "constant/polyMesh";
    object      pointProcAddressing;
}
// * * * * * * * * * * * * * * * * * * * * * * * * * * * * * * * * * * * * * //


6790
(
20377
20378
20379
20380
20381
20382
20383
20384
20385
20386
20387
20388
20389
20390
20391
20435
20436
20437
20438
20439
20440
20441
20442
20443
20444
20445
20446
20447
20448
20449
20450
20451
20452
20496
20497
20498
20499
20500
20501
20502
20503
20504
20505
20506
20507
20508
20509
20510
20511
20512
20513
20557
20558
20559
20560
20561
20562
20563
20564
20565
20566
20567
20568
20569
20570
20571
20572
20573
20574
20618
20619
20620
20621
20622
20623
20624
20625
20626
20627
20628
20629
20630
20631
20632
20633
20634
20635
20679
20680
20681
20682
20683
20684
20685
20686
20687
20688
20689
20690
20691
20692
20693
20694
20695
20696
20740
20741
20742
20743
20744
20745
20746
20747
20748
20749
20750
20751
20752
20753
20754
20755
20756
20757
20801
20802
20803
20804
20805
20806
20807
20808
20809
20810
20811
20812
20813
20814
20815
20816
20817
20818
20862
20863
20864
20865
20866
20867
20868
20869
20870
20871
20872
20873
20874
20875
20876
20877
20878
20879
20923
20924
20925
20926
20927
20928
20929
20930
20931
20932
20933
20934
20935
20936
20937
20938
20939
20940
20984
20985
20986
20987
20988
20989
20990
20991
20992
20993
20994
20995
20996
20997
20998
20999
21000
21001
21045
21046
21047
21048
21049
21050
21051
21052
21053
21054
21055
21056
21057
21058
21059
21060
21061
21062
21106
21107
21108
21109
21110
21111
21112
21113
21114
21115
21116
21117
21118
21119
21120
21121
21122
21123
21167
21168
21169
21170
21171
21172
21173
21174
21175
21176
21177
21178
21179
21180
21181
21182
21183
21184
21228
21229
21230
21231
21232
21233
21234
21235
21236
21237
21238
21239
21240
21241
21242
21243
21244
21245
21289
21290
21291
21292
21293
21294
21295
21296
21297
21298
21299
21300
21301
21302
21303
21304
21305
21306
21350
21351
21352
21353
21354
21355
21356
21357
21358
21359
21360
21361
21362
21363
21364
21365
21366
21367
21411
21412
21413
21414
21415
21416
21417
21418
21419
21420
21421
21422
21423
21424
21425
21426
21427
21428
21472
21473
21474
21475
21476
21477
21478
21479
21480
21481
21482
21483
21484
21485
21486
21487
21488
21489
21533
21534
21535
21536
21537
21538
21539
21540
21541
21542
21543
21544
21545
21546
21547
21548
21549
21550
21594
21595
21596
21597
21598
21599
21600
21601
21602
21603
21604
21605
21606
21607
21608
21609
21610
21611
21655
21656
21657
21658
21659
21660
21661
21662
21663
21664
21665
21666
21667
21668
21669
21670
21671
21672
21716
21717
21718
21719
21720
21721
21722
21723
21724
21725
21726
21727
21728
21729
21730
21731
21732
21733
21777
21778
21779
21780
21781
21782
21783
21784
21785
21786
21787
21788
21789
21790
21791
21792
21793
21794
21838
21839
21840
21841
21842
21843
21844
21845
21846
21847
21848
21849
21850
21851
21852
21853
21854
21855
21899
21900
21901
21902
21903
21904
21905
21906
21907
21908
21909
21910
21911
21912
21913
21914
21915
21916
21960
21961
21962
21963
21964
21965
21966
21967
21968
21969
21970
21971
21972
21973
21974
21975
21976
21977
22021
22022
22023
22024
22025
22026
22027
22028
22029
22030
22031
22032
22033
22034
22035
22036
22037
22038
27697
27698
27699
27700
27701
27702
27703
27704
27705
27706
27707
27708
27709
27710
27711
27755
27756
27757
27758
27759
27760
27761
27762
27763
27764
27765
27766
27767
27768
27769
27770
27771
27772
27816
27817
27818
27819
27820
27821
27822
27823
27824
27825
27826
27827
27828
27829
27830
27831
27832
27833
27877
27878
27879
27880
27881
27882
27883
27884
27885
27886
27887
27888
27889
27890
27891
27892
27893
27894
27938
27939
27940
27941
27942
27943
27944
27945
27946
27947
27948
27949
27950
27951
27952
27953
27954
27955
27999
28000
28001
28002
28003
28004
28005
28006
28007
28008
28009
28010
28011
28012
28013
28014
28015
28016
28060
28061
28062
28063
28064
28065
28066
28067
28068
28069
28070
28071
28072
28073
28074
28075
28076
28077
28121
28122
28123
28124
28125
28126
28127
28128
28129
28130
28131
28132
28133
28134
28135
28136
28137
28138
28182
28183
28184
28185
28186
28187
28188
28189
28190
28191
28192
28193
28194
28195
28196
28197
28198
28199
28243
28244
28245
28246
28247
28248
28249
28250
28251
28252
28253
28254
28255
28256
28257
28258
28259
28260
28304
28305
28306
28307
28308
28309
28310
28311
28312
28313
28314
28315
28316
28317
28318
28319
28320
28321
28365
28366
28367
28368
28369
28370
28371
28372
28373
28374
28375
28376
28377
28378
28379
28380
28381
28382
28426
28427
28428
28429
28430
28431
28432
28433
28434
28435
28436
28437
28438
28439
28440
28441
28442
28443
28487
28488
28489
28490
28491
28492
28493
28494
28495
28496
28497
28498
28499
28500
28501
28502
28503
28504
28548
28549
28550
28551
28552
28553
28554
28555
28556
28557
28558
28559
28560
28561
28562
28563
28564
28565
28609
28610
28611
28612
28613
28614
28615
28616
28617
28618
28619
28620
28621
28622
28623
28624
28625
28626
28670
28671
28672
28673
28674
28675
28676
28677
28678
28679
28680
28681
28682
28683
28684
28685
28686
28687
28731
28732
28733
28734
28735
28736
28737
28738
28739
28740
28741
28742
28743
28744
28745
28746
28747
28748
28792
28793
28794
28795
28796
28797
28798
28799
28800
28801
28802
28803
28804
28805
28806
28807
28808
28809
28853
28854
28855
28856
28857
28858
28859
28860
28861
28862
28863
28864
28865
28866
28867
28868
28869
28870
28914
28915
28916
28917
28918
28919
28920
28921
28922
28923
28924
28925
28926
28927
28928
28929
28930
28931
28975
28976
28977
28978
28979
28980
28981
28982
28983
28984
28985
28986
28987
28988
28989
28990
28991
28992
29036
29037
29038
29039
29040
29041
29042
29043
29044
29045
29046
29047
29048
29049
29050
29051
29052
29053
29097
29098
29099
29100
29101
29102
29103
29104
29105
29106
29107
29108
29109
29110
29111
29112
29113
29114
29158
29159
29160
29161
29162
29163
29164
29165
29166
29167
29168
29169
29170
29171
29172
29173
29174
29175
29219
29220
29221
29222
29223
29224
29225
29226
29227
29228
29229
29230
29231
29232
29233
29234
29235
29236
29280
29281
29282
29283
29284
29285
29286
29287
29288
29289
29290
29291
29292
29293
29294
29295
29296
29297
29341
29342
29343
29344
29345
29346
29347
29348
29349
29350
29351
29352
29353
29354
29355
29356
29357
29358
35098
35099
35100
35101
35157
35158
35159
35160
35161
35217
35218
35219
35220
35221
35277
35278
35279
35280
35281
35337
35338
35339
35340
35341
35397
35398
35399
35400
35401
35457
35458
35459
35460
35461
35517
35518
35519
35520
35521
35577
35578
35579
35580
35581
35637
35638
35639
35640
35641
35697
35698
35699
35700
35701
35757
35758
35759
35760
35761
35817
35818
35819
35820
35821
35877
35878
35879
35880
35881
35937
35938
35939
35940
35941
35997
35998
35999
36000
36001
36057
36058
36059
36060
36061
36117
36118
36119
36120
36121
36177
36178
36179
36180
36181
36237
36238
36239
36240
36241
36297
36298
36299
36300
36301
36357
36358
36359
36360
36361
36417
36418
36419
36420
36421
36477
36478
36479
36480
36481
36537
36538
36539
36540
36541
36597
36598
36599
36600
36601
36657
36658
36659
36660
36661
42358
42359
42360
42361
42417
42418
42419
42420
42421
42477
42478
42479
42480
42481
42537
42538
42539
42540
42541
42597
42598
42599
42600
42601
42657
42658
42659
42660
42661
42717
42718
42719
42720
42721
42777
42778
42779
42780
42781
42837
42838
42839
42840
42841
42897
42898
42899
42900
42901
42957
42958
42959
42960
42961
43017
43018
43019
43020
43021
43077
43078
43079
43080
43081
43137
43138
43139
43140
43141
43197
43198
43199
43200
43201
43257
43258
43259
43260
43261
43317
43318
43319
43320
43321
43377
43378
43379
43380
43381
43437
43438
43439
43440
43441
43497
43498
43499
43500
43501
43557
43558
43559
43560
43561
43617
43618
43619
43620
43621
43677
43678
43679
43680
43681
43737
43738
43739
43740
43741
43797
43798
43799
43800
43801
43857
43858
43859
43860
43861
43917
43918
43919
43920
43921
126280
126281
126282
126283
126284
126285
126286
126287
126288
126289
126290
126291
126292
126293
126294
126295
126296
126297
126341
126342
126343
126344
126345
126346
126347
126348
126349
126350
126351
126352
126353
126354
126355
126356
126357
126358
126402
126403
126404
126405
126406
126407
126408
126409
126410
126411
126412
126413
126414
126415
126416
126417
126418
126419
126463
126464
126465
126466
126467
126468
126469
126470
126471
126472
126473
126474
126475
126476
126477
126478
126479
126480
126524
126525
126526
126527
126528
126529
126530
126531
126532
126533
126534
126535
126536
126537
126538
126539
126540
126541
126585
126586
126587
126588
126589
126590
126591
126592
126593
126594
126595
126596
126597
126598
126599
126600
126601
126602
126646
126647
126648
126649
126650
126651
126652
126653
126654
126655
126656
126657
126658
126659
126660
126661
126662
126663
126707
126708
126709
126710
126711
126712
126713
126714
126715
126716
126717
126718
126719
126720
126721
126722
126723
126724
126768
126769
126770
126771
126772
126773
126774
126775
126776
126777
126778
126779
126780
126781
126782
126783
126784
126785
126829
126830
126831
126832
126833
126834
126835
126836
126837
126838
126839
126840
126841
126842
126843
126844
126845
126846
126890
126891
126892
126893
126894
126895
126896
126897
126898
126899
126900
126901
126902
126903
126904
126905
126906
126907
126951
126952
126953
126954
126955
126956
126957
126958
126959
126960
126961
126962
126963
126964
126965
126966
126967
126968
127012
127013
127014
127015
127016
127017
127018
127019
127020
127021
127022
127023
127024
127025
127026
127027
127028
127029
127073
127074
127075
127076
127077
127078
127079
127080
127081
127082
127083
127084
127085
127086
127087
127088
127089
127090
127134
127135
127136
127137
127138
127139
127140
127141
127142
127143
127144
127145
127146
127147
127148
127149
127150
127151
127195
127196
127197
127198
127199
127200
127201
127202
127203
127204
127205
127206
127207
127208
127209
127210
127211
127212
127256
127257
127258
127259
127260
127261
127262
127263
127264
127265
127266
127267
127268
127269
127270
127271
127272
127273
127317
127318
127319
127320
127321
127322
127323
127324
127325
127326
127327
127328
127329
127330
127331
127332
127333
127334
127378
127379
127380
127381
127382
127383
127384
127385
127386
127387
127388
127389
127390
127391
127392
127393
127394
127395
127439
127440
127441
127442
127443
127444
127445
127446
127447
127448
127449
127450
127451
127452
127453
127454
127455
127456
127500
127501
127502
127503
127504
127505
127506
127507
127508
127509
127510
127511
127512
127513
127514
127515
127516
127517
127561
127562
127563
127564
127565
127566
127567
127568
127569
127570
127571
127572
127573
127574
127575
127576
127577
127578
127622
127623
127624
127625
127626
127627
127628
127629
127630
127631
127632
127633
127634
127635
127636
127637
127638
127639
127683
127684
127685
127686
127687
127688
127689
127690
127691
127692
127693
127694
127695
127696
127697
127698
127699
127700
127744
127745
127746
127747
127748
127749
127750
127751
127752
127753
127754
127755
127756
127757
127758
127759
127760
127761
127805
127806
127807
127808
127809
127810
127811
127812
127813
127814
127815
127816
127817
127818
127819
127820
127821
127822
127866
127867
127868
127869
127870
127871
127872
127873
127874
127875
127876
127877
127878
127879
127880
127881
127882
127883
127927
127928
127929
127930
127931
127932
127933
127934
127935
127936
127937
127938
127939
127940
127941
127942
127943
127944
127988
127989
127990
127991
127992
127993
127994
127995
127996
127997
127998
127999
128000
128001
128002
128003
128004
128005
128049
128050
128051
128052
128053
128054
128055
128056
128057
128058
128059
128060
128061
128062
128063
128064
128065
128066
128110
128111
128112
128113
128114
128115
128116
128117
128118
128119
128120
128121
128122
128123
128124
128125
128126
128127
128171
128172
128173
128174
128175
128176
128177
128178
128179
128180
128181
128182
128183
128184
128185
128186
128187
128188
128232
128233
128234
128235
128236
128237
128238
128239
128240
128241
128242
128243
128244
128245
128246
128247
128248
128249
128293
128294
128295
128296
128297
128298
128299
128300
128301
128302
128303
128304
128305
128306
128307
128308
128309
128310
128354
128355
128356
128357
128358
128359
128360
128361
128362
128363
128364
128365
128366
128367
128368
128369
128370
128371
128415
128416
128417
128418
128419
128420
128421
128422
128423
128424
128425
128426
128427
128428
128429
128430
128431
128432
128476
128477
128478
128479
128480
128481
128482
128483
128484
128485
128486
128487
128488
128489
128490
128491
128492
128493
128537
128538
128539
128540
128541
128542
128543
128544
128545
128546
128547
128548
128549
128550
128551
128552
128553
128554
128598
128599
128600
128601
128602
128603
128604
128605
128606
128607
128608
128609
128610
128611
128612
128613
128614
128615
128659
128660
128661
128662
128663
128664
128665
128666
128667
128668
128669
128670
128671
128672
128673
128674
128675
128676
128720
128721
128722
128723
128724
128725
128726
128727
128728
128729
128730
128731
128732
128733
128734
128735
128736
128737
128781
128782
128783
128784
128785
128786
128787
128788
128789
128790
128791
128792
128793
128794
128795
128796
128797
128798
128842
128843
128844
128845
128846
128847
128848
128849
128850
128851
128852
128853
128854
128855
128856
128857
128858
128859
128903
128904
128905
128906
128907
128908
128909
128910
128911
128912
128913
128914
128915
128916
128917
128918
128919
128920
128964
128965
128966
128967
128968
128969
128970
128971
128972
128973
128974
128975
128976
128977
128978
128979
128980
128981
129025
129026
129027
129028
129029
129030
129031
129032
129033
129034
129035
129036
129037
129038
129039
129040
129041
129042
129086
129087
129088
129089
129090
129091
129092
129093
129094
129095
129096
129097
129098
129099
129100
129101
129102
129103
129147
129148
129149
129150
129151
129152
129153
129154
129155
129156
129157
129158
129159
129160
129161
129162
129163
129164
129208
129209
129210
129211
129212
129213
129214
129215
129216
129217
129218
129219
129220
129221
129222
129223
129224
129225
129269
129270
129271
129272
129273
129274
129275
129276
129277
129278
129279
129280
129281
129282
129283
129284
129285
129286
129330
129331
129332
129333
129334
129335
129336
129337
129338
129339
129340
129341
129342
129343
129344
129345
129346
129347
129391
129392
129393
129394
129395
129396
129397
129398
129399
129400
129401
129402
129403
129404
129405
129406
129407
129408
129452
129453
129454
129455
129456
129457
129458
129459
129460
129461
129462
129463
129464
129465
129466
129467
129468
129469
129513
129514
129515
129516
129517
129518
129519
129520
129521
129522
129523
129524
129525
129526
129527
129528
129529
129530
129574
129575
129576
129577
129578
129579
129580
129581
129582
129583
129584
129585
129586
129587
129588
129589
129590
129591
129635
129636
129637
129638
129639
129640
129641
129642
129643
129644
129645
129646
129647
129648
129649
129650
129651
129652
129696
129697
129698
129699
129700
129701
129702
129703
129704
129705
129706
129707
129708
129709
129710
129711
129712
129713
129757
129758
129759
129760
129761
129762
129763
129764
129765
129766
129767
129768
129769
129770
129771
129772
129773
129774
129818
129819
129820
129821
129822
129823
129824
129825
129826
129827
129828
129829
129830
129831
129832
129833
129834
129835
129879
129880
129881
129882
129883
129884
129885
129886
129887
129888
129889
129890
129891
129892
129893
129894
129895
129896
129940
129941
129942
129943
129944
129945
129946
129947
129948
129949
129950
129951
129952
129953
129954
129955
129956
129957
130001
130002
130003
130004
130005
130006
130007
130008
130009
130010
130011
130012
130013
130014
130015
130016
130017
130018
130062
130063
130064
130065
130066
130067
130068
130069
130070
130071
130072
130073
130074
130075
130076
130077
130078
130079
130123
130124
130125
130126
130127
130128
130129
130130
130131
130132
130133
130134
130135
130136
130137
130138
130139
130140
130184
130185
130186
130187
130188
130189
130190
130191
130192
130193
130194
130195
130196
130197
130198
130199
130200
130201
130245
130246
130247
130248
130249
130250
130251
130252
130253
130254
130255
130256
130257
130258
130259
130260
130261
130262
130306
130307
130308
130309
130310
130311
130312
130313
130314
130315
130316
130317
130318
130319
130320
130321
130322
130323
130367
130368
130369
130370
130371
130372
130373
130374
130375
130376
130377
130378
130379
130380
130381
130382
130383
130384
130428
130429
130430
130431
130432
130433
130434
130435
130436
130437
130438
130439
130440
130441
130442
130443
130444
130445
130489
130490
130491
130492
130493
130494
130495
130496
130497
130498
130499
130500
130501
130502
130503
130504
130505
130506
130550
130551
130552
130553
130554
130555
130556
130557
130558
130559
130560
130561
130562
130563
130564
130565
130566
130567
130611
130612
130613
130614
130615
130616
130617
130618
130619
130620
130621
130622
130623
130624
130625
130626
130627
130628
130672
130673
130674
130675
130676
130677
130678
130679
130680
130681
130682
130683
130684
130685
130686
130687
130688
130689
130733
130734
130735
130736
130737
130738
130739
130740
130741
130742
130743
130744
130745
130746
130747
130748
130749
130750
130794
130795
130796
130797
130798
130799
130800
130801
130802
130803
130804
130805
130806
130807
130808
130809
130810
130811
130855
130856
130857
130858
130859
130860
130861
130862
130863
130864
130865
130866
130867
130868
130869
130870
130871
130872
130916
130917
130918
130919
130920
130921
130922
130923
130924
130925
130926
130927
130928
130929
130930
130931
130932
130933
130977
130978
130979
130980
130981
130982
130983
130984
130985
130986
130987
130988
130989
130990
130991
130992
130993
130994
131038
131039
131040
131041
131042
131043
131044
131045
131046
131047
131048
131049
131050
131051
131052
131053
131054
131055
131099
131100
131101
131102
131103
131104
131105
131106
131107
131108
131109
131110
131111
131112
131113
131114
131115
131116
131160
131161
131162
131163
131164
131165
131166
131167
131168
131169
131170
131171
131172
131173
131174
131175
131176
131177
131221
131222
131223
131224
131225
131226
131227
131228
131229
131230
131231
131232
131233
131234
131235
131236
131237
131238
131282
131283
131284
131285
131286
131287
131288
131289
131290
131291
131292
131293
131294
131295
131296
131297
131298
131299
131343
131344
131345
131346
131347
131348
131349
131350
131351
131352
131353
131354
131355
131356
131357
131358
131359
131360
131404
131405
131406
131407
131408
131409
131410
131411
131412
131413
131414
131415
131416
131417
131418
131419
131420
131421
131465
131466
131467
131468
131469
131470
131471
131472
131473
131474
131475
131476
131477
131478
131479
131480
131481
131482
131526
131527
131528
131529
131530
131531
131532
131533
131534
131535
131536
131537
131538
131539
131540
131541
131542
131543
131587
131588
131589
131590
131591
131592
131593
131594
131595
131596
131597
131598
131599
131600
131601
131602
131603
131604
131648
131649
131650
131651
131652
131653
131654
131655
131656
131657
131658
131659
131660
131661
131662
131663
131664
131665
131709
131710
131711
131712
131713
131714
131715
131716
131717
131718
131719
131720
131721
131722
131723
131724
131725
131726
131770
131771
131772
131773
131774
131775
131776
131777
131778
131779
131780
131781
131782
131783
131784
131785
131786
131787
131831
131832
131833
131834
131835
131836
131837
131838
131839
131840
131841
131842
131843
131844
131845
131846
131847
131848
131892
131893
131894
131895
131896
131897
131898
131899
131900
131901
131902
131903
131904
131905
131906
131907
131908
131909
131953
131954
131955
131956
131957
131958
131959
131960
131961
131962
131963
131964
131965
131966
131967
131968
131969
131970
132014
132015
132016
132017
132018
132019
132020
132021
132022
132023
132024
132025
132026
132027
132028
132029
132030
132031
132075
132076
132077
132078
132079
132080
132081
132082
132083
132084
132085
132086
132087
132088
132089
132090
132091
132092
132136
132137
132138
132139
132140
132141
132142
132143
132144
132145
132146
132147
132148
132149
132150
132151
132152
132153
132197
132198
132199
132200
132201
132202
132203
132204
132205
132206
132207
132208
132209
132210
132211
132212
132213
132214
132258
132259
132260
132261
132262
132263
132264
132265
132266
132267
132268
132269
132270
132271
132272
132273
132274
132275
132319
132320
132321
132322
132323
132324
132325
132326
132327
132328
132329
132330
132331
132332
132333
132334
132335
132336
132380
132381
132382
132383
132384
132385
132386
132387
132388
132389
132390
132391
132392
132393
132394
132395
132396
132397
132441
132442
132443
132444
132445
132446
132447
132448
132449
132450
132451
132452
132453
132454
132455
132456
132457
132458
132502
132503
132504
132505
132506
132507
132508
132509
132510
132511
132512
132513
132514
132515
132516
132517
132518
132519
132563
132564
132565
132566
132567
132568
132569
132570
132571
132572
132573
132574
132575
132576
132577
132578
132579
132580
132624
132625
132626
132627
132628
132629
132630
132631
132632
132633
132634
132635
132636
132637
132638
132639
132640
132641
132685
132686
132687
132688
132689
132690
132691
132692
132693
132694
132695
132696
132697
132698
132699
132700
132701
132702
132746
132747
132748
132749
132750
132751
132752
132753
132754
132755
132756
132757
132758
132759
132760
132761
132762
132763
132807
132808
132809
132810
132811
132812
132813
132814
132815
132816
132817
132818
132819
132820
132821
132822
132823
132824
132868
132869
132870
132871
132872
132873
132874
132875
132876
132877
132878
132879
132880
132881
132882
132883
132884
132885
132929
132930
132931
132932
132933
132934
132935
132936
132937
132938
132939
132940
132941
132942
132943
132944
132945
132946
132990
132991
132992
132993
132994
132995
132996
132997
132998
132999
133000
133001
133002
133003
133004
133005
133006
133007
133051
133052
133053
133054
133055
133056
133057
133058
133059
133060
133061
133062
133063
133064
133065
133066
133067
133068
133112
133113
133114
133115
133116
133117
133118
133119
133120
133121
133122
133123
133124
133125
133126
133127
133128
133129
133173
133174
133175
133176
133177
133178
133179
133180
133181
133182
133183
133184
133185
133186
133187
133188
133189
133190
133234
133235
133236
133237
133238
133239
133240
133241
133242
133243
133244
133245
133246
133247
133248
133249
133250
133251
133295
133296
133297
133298
133299
133300
133301
133302
133303
133304
133305
133306
133307
133308
133309
133310
133311
133312
133356
133357
133358
133359
133360
133361
133362
133363
133364
133365
133366
133367
133368
133369
133370
133371
133372
133373
133417
133418
133419
133420
133421
133422
133423
133424
133425
133426
133427
133428
133429
133430
133431
133432
133433
133434
133478
133479
133480
133481
133482
133483
133484
133485
133486
133487
133488
133489
133490
133491
133492
133493
133494
133495
133539
133540
133541
133542
133543
133544
133545
133546
133547
133548
133549
133550
133551
133552
133553
133554
133555
133556
133600
133601
133602
133603
133604
133605
133606
133607
133608
133609
133610
133611
133612
133613
133614
133615
133616
133617
133661
133662
133663
133664
133665
133666
133667
133668
133669
133670
133671
133672
133673
133674
133675
133676
133677
133678
133722
133723
133724
133725
133726
133727
133728
133729
133730
133731
133732
133733
133734
133735
133736
133737
133738
133739
133783
133784
133785
133786
133787
133788
133789
133790
133791
133792
133793
133794
133795
133796
133797
133798
133799
133800
133844
133845
133846
133847
133848
133849
133850
133851
133852
133853
133854
133855
133856
133857
133858
133859
133860
133861
133905
133906
133907
133908
133909
133910
133911
133912
133913
133914
133915
133916
133917
133918
133919
133920
133921
133922
133966
133967
133968
133969
133970
133971
133972
133973
133974
133975
133976
133977
133978
133979
133980
133981
133982
133983
134027
134028
134029
134030
134031
134032
134033
134034
134035
134036
134037
134038
134039
134040
134041
134042
134043
134044
134088
134089
134090
134091
134092
134093
134094
134095
134096
134097
134098
134099
134100
134101
134102
134103
134104
134105
134149
134150
134151
134152
134153
134154
134155
134156
134157
134158
134159
134160
134161
134162
134163
134164
134165
134166
134210
134211
134212
134213
134214
134215
134216
134217
134218
134219
134220
134221
134222
134223
134224
134225
134226
134227
134271
134272
134273
134274
134275
134276
134277
134278
134279
134280
134281
134282
134283
134284
134285
134286
134287
134288
134332
134333
134334
134335
134336
134337
134338
134339
134340
134341
134342
134343
134344
134345
134346
134347
134348
134349
134393
134394
134395
134396
134397
134398
134399
134400
134401
134402
134403
134404
134405
134406
134407
134408
134409
134410
134454
134455
134456
134457
134458
134459
134460
134461
134462
134463
134464
134465
134466
134467
134468
134469
134470
134471
134515
134516
134517
134518
134519
134520
134521
134522
134523
134524
134525
134526
134527
134528
134529
134530
134531
134532
134576
134577
134578
134579
134580
134581
134582
134583
134584
134585
134586
134587
134588
134589
134590
134591
134592
134593
134637
134638
134639
134640
134641
134642
134643
134644
134645
134646
134647
134648
134649
134650
134651
134652
134653
134654
134698
134699
134700
134701
134702
134703
134704
134705
134706
134707
134708
134709
134710
134711
134712
134713
134714
134715
134759
134760
134761
134762
134763
134764
134765
134766
134767
134768
134769
134770
134771
134772
134773
134774
134775
134776
134820
134821
134822
134823
134824
134825
134826
134827
134828
134829
134830
134831
134832
134833
134834
134835
134836
134837
134881
134882
134883
134884
134885
134886
134887
134888
134889
134890
134891
134892
134893
134894
134895
134896
134897
134898
134942
134943
134944
134945
134946
134947
134948
134949
134950
134951
134952
134953
134954
134955
134956
134957
134958
134959
135003
135004
135005
135006
135007
135008
135009
135010
135011
135012
135013
135014
135015
135016
135017
135018
135019
135020
135064
135065
135066
135067
135068
135069
135070
135071
135072
135073
135074
135075
135076
135077
135078
135079
135080
135081
135125
135126
135127
135128
135129
135130
135131
135132
135133
135134
135135
135136
135137
135138
135139
135140
135141
135142
135186
135187
135188
135189
135190
135191
135192
135193
135194
135195
135196
135197
135198
135199
135200
135201
135202
135203
135247
135248
135249
135250
135251
135252
135253
135254
135255
135256
135257
135258
135259
135260
135261
135262
135263
135264
135308
135309
135310
135311
135312
135313
135314
135315
135316
135317
135318
135319
135320
135321
135322
135323
135324
135325
135369
135370
135371
135372
135373
135374
135375
135376
135377
135378
135379
135380
135381
135382
135383
135384
135385
135386
135430
135431
135432
135433
135434
135435
135436
135437
135438
135439
135440
135441
135442
135443
135444
135445
135446
135447
135491
135492
135493
135494
135495
135496
135497
135498
135499
135500
135501
135502
135503
135504
135505
135506
135507
135508
135552
135553
135554
135555
135556
135557
135558
135559
135560
135561
135562
135563
135564
135565
135566
135567
135568
135569
135613
135614
135615
135616
135617
135618
135619
135620
135621
135622
135623
135624
135625
135626
135627
135628
135629
135630
135674
135675
135676
135677
135678
135679
135680
135681
135682
135683
135684
135685
135686
135687
135688
135689
135690
135691
135735
135736
135737
135738
135739
135740
135741
135742
135743
135744
135745
135746
135747
135748
135749
135750
135751
135752
135796
135797
135798
135799
135800
135801
135802
135803
135804
135805
135806
135807
135808
135809
135810
135811
135812
135813
135857
135858
135859
135860
135861
135862
135863
135864
135865
135866
135867
135868
135869
135870
135871
135872
135873
135874
135918
135919
135920
135921
135922
135923
135924
135925
135926
135927
135928
135929
135930
135931
135932
135933
135934
135935
135979
135980
135981
135982
135983
135984
135985
135986
135987
135988
135989
135990
135991
135992
135993
135994
135995
135996
136040
136041
136042
136043
136044
136045
136046
136047
136048
136049
136050
136051
136052
136053
136054
136055
136056
136057
136101
136102
136103
136104
136105
136106
136107
136108
136109
136110
136111
136112
136113
136114
136115
136116
136117
136118
136162
136163
136164
136165
136166
136167
136168
136169
136170
136171
136172
136173
136174
136175
136176
136177
136178
136179
136223
136224
136225
136226
136227
136228
136229
136230
136231
136232
136233
136234
136235
136236
136237
136238
136239
136240
136284
136285
136286
136287
136288
136289
136290
136291
136292
136293
136294
136295
136296
136297
136298
136299
136300
136301
136345
136346
136347
136348
136349
136350
136351
136352
136353
136354
136355
136356
136357
136358
136359
136360
136361
136362
136406
136407
136408
136409
136410
136411
136412
136413
136414
136415
136416
136417
136418
136419
136420
136421
136422
136423
136467
136468
136469
136470
136471
136472
136473
136474
136475
136476
136477
136478
136479
136480
136481
136482
136483
136484
136528
136529
136530
136531
136532
136533
136534
136535
136536
136537
136538
136539
136540
136541
136542
136543
136544
136545
136589
136590
136591
136592
136593
136594
136595
136596
136597
136598
136599
136600
136601
136602
136603
136604
136605
136606
136650
136651
136652
136653
136654
136655
136656
136657
136658
136659
136660
136661
136662
136663
136664
136665
136666
136667
136711
136712
136713
136714
136715
136716
136717
136718
136719
136720
136721
136722
136723
136724
136725
136726
136727
136728
136772
136773
136774
136775
136776
136777
136778
136779
136780
136781
136782
136783
136784
136785
136786
136787
136788
136789
136833
136834
136835
136836
136837
136838
136839
136840
136841
136842
136843
136844
136845
136846
136847
136848
136849
136850
136894
136895
136896
136897
136898
136899
136900
136901
136902
136903
136904
136905
136906
136907
136908
136909
136910
136911
136955
136956
136957
136958
136959
136960
136961
136962
136963
136964
136965
136966
136967
136968
136969
136970
136971
136972
137016
137017
137018
137019
137020
137021
137022
137023
137024
137025
137026
137027
137028
137029
137030
137031
137032
137033
137077
137078
137079
137080
137081
137082
137083
137084
137085
137086
137087
137088
137089
137090
137091
137092
137093
137094
137138
137139
137140
137141
137142
137143
137144
137145
137146
137147
137148
137149
137150
137151
137152
137153
137154
137155
137199
137200
137201
137202
137203
137204
137205
137206
137207
137208
137209
137210
137211
137212
137213
137214
137215
137216
137260
137261
137262
137263
137264
137265
137266
137267
137268
137269
137270
137271
137272
137273
137274
137275
137276
137277
137321
137322
137323
137324
137325
137326
137327
137328
137329
137330
137331
137332
137333
137334
137335
137336
137337
137338
137382
137383
137384
137385
137386
137387
137388
137389
137390
137391
137392
137393
137394
137395
137396
137397
137398
137399
137443
137444
137445
137446
137447
137448
137449
137450
137451
137452
137453
137454
137455
137456
137457
137458
137459
137460
137504
137505
137506
137507
137508
137509
137510
137511
137512
137513
137514
137515
137516
137517
137518
137519
137520
137521
137565
137566
137567
137568
137569
137570
137571
137572
137573
137574
137575
137576
137577
137578
137579
137580
137581
137582
137626
137627
137628
137629
137630
137631
137632
137633
137634
137635
137636
137637
137638
137639
137640
137641
137642
137643
137687
137688
137689
137690
137691
137692
137693
137694
137695
137696
137697
137698
137699
137700
137701
137702
137703
137704
137748
137749
137750
137751
137752
137753
137754
137755
137756
137757
137758
137759
137760
137761
137762
137763
137764
137765
137809
137810
137811
137812
137813
137814
137815
137816
137817
137818
137819
137820
137821
137822
137823
137824
137825
137826
137870
137871
137872
137873
137874
137875
137876
137877
137878
137879
137880
137881
137882
137883
137884
137885
137886
137887
137931
137932
137933
137934
137935
137936
137937
137938
137939
137940
137941
137942
137943
137944
137945
137946
137947
137948
137992
137993
137994
137995
137996
137997
137998
137999
138000
138001
138002
138003
138004
138005
138006
138007
138008
138009
138053
138054
138055
138056
138057
138058
138059
138060
138061
138062
138063
138064
138065
138066
138067
138068
138069
138070
138114
138115
138116
138117
138118
138119
138120
138121
138122
138123
138124
138125
138126
138127
138128
138129
138130
138131
138175
138176
138177
138178
138179
138180
138181
138182
138183
138184
138185
138186
138187
138188
138189
138190
138191
138192
138236
138237
138238
138239
138240
138241
138242
138243
138244
138245
138246
138247
138248
138249
138250
138251
138252
138253
138297
138298
138299
138300
138301
138302
138303
138304
138305
138306
138307
138308
138309
138310
138311
138312
138313
138314
138358
138359
138360
138361
138362
138363
138364
138365
138366
138367
138368
138369
138370
138371
138372
138373
138374
138375
138419
138420
138421
138422
138423
138424
138425
138426
138427
138428
138429
138430
138431
138432
138433
138434
138435
138436
138480
138481
138482
138483
138484
138485
138486
138487
138488
138489
138490
138491
138492
138493
138494
138495
138496
138497
138541
138542
138543
138544
138545
138546
138547
138548
138549
138550
138551
138552
138553
138554
138555
138556
138557
138558
138602
138603
138604
138605
138606
138607
138608
138609
138610
138611
138612
138613
138614
138615
138616
138617
138618
138619
138663
138664
138665
138666
138667
138668
138669
138670
138671
138672
138673
138674
138675
138676
138677
138678
138679
138680
138724
138725
138726
138727
138728
138729
138730
138731
138732
138733
138734
138735
138736
138737
138738
138739
138740
138741
138785
138786
138787
138788
138789
138790
138791
138792
138793
138794
138795
138796
138797
138798
138799
138800
138801
138802
138846
138847
138848
138849
138850
138851
138852
138853
138854
138855
138856
138857
138858
138859
138860
138861
138862
138863
138907
138908
138909
138910
138911
138912
138913
138914
138915
138916
138917
138918
138919
138920
138921
138922
138923
138924
138968
138969
138970
138971
138972
138973
138974
138975
138976
138977
138978
138979
138980
138981
138982
138983
138984
138985
139029
139030
139031
139032
139033
139034
139035
139036
139037
139038
139039
139040
139041
139042
139043
139044
139045
139046
139090
139091
139092
139093
139094
139095
139096
139097
139098
139099
139100
139101
139102
139103
139104
139105
139106
139107
139151
139152
139153
139154
139155
139156
139157
139158
139159
139160
139161
139162
139163
139164
139165
139166
139167
139168
139212
139213
139214
139215
139216
139217
139218
139219
139220
139221
139222
139223
139224
139225
139226
139227
139228
139229
139273
139274
139275
139276
139277
139278
139279
139280
139281
139282
139283
139284
139285
139286
139287
139288
139289
139290
139334
139335
139336
139337
139338
139339
139340
139341
139342
139343
139344
139345
139346
139347
139348
139349
139350
139351
139395
139396
139397
139398
139399
139400
139401
139402
139403
139404
139405
139406
139407
139408
139409
139410
139411
139412
139456
139457
139458
139459
139460
139461
139462
139463
139464
139465
139466
139467
139468
139469
139470
139471
139472
139473
139517
139518
139519
139520
139521
139522
139523
139524
139525
139526
139527
139528
139529
139530
139531
139532
139533
139534
139578
139579
139580
139581
139582
139583
139584
139585
139586
139587
139588
139589
139590
139591
139592
139593
139594
139595
139639
139640
139641
139642
139643
139644
139645
139646
139647
139648
139649
139650
139651
139652
139653
139654
139655
139656
139700
139701
139702
139703
139704
139705
139706
139707
139708
139709
139710
139711
139712
139713
139714
139715
139716
139717
139761
139762
139763
139764
139765
139766
139767
139768
139769
139770
139771
139772
139773
139774
139775
139776
139777
139778
139822
139823
139824
139825
139826
139827
139828
139829
139830
139831
139832
139833
139834
139835
139836
139837
139838
139839
139883
139884
139885
139886
139887
139888
139889
139890
139891
139892
139893
139894
139895
139896
139897
139898
139899
139900
139944
139945
139946
139947
139948
139949
139950
139951
139952
139953
139954
139955
139956
139957
139958
139959
139960
139961
140005
140006
140007
140008
140009
140010
140011
140012
140013
140014
140015
140016
140017
140018
140019
140020
140021
140022
140066
140067
140068
140069
140070
140071
140072
140073
140074
140075
140076
140077
140078
140079
140080
140081
140082
140083
140127
140128
140129
140130
140131
140132
140133
140134
140135
140136
140137
140138
140139
140140
140141
140142
140143
140144
140188
140189
140190
140191
140192
140193
140194
140195
140196
140197
140198
140199
140200
140201
140202
140203
140204
140205
140249
140250
140251
140252
140253
140254
140255
140256
140257
140258
140259
140260
140261
140262
140263
140264
140265
140266
140310
140311
140312
140313
140314
140315
140316
140317
140318
140319
140320
140321
140322
140323
140324
140325
140326
140327
140371
140372
140373
140374
140375
140376
140377
140378
140379
140380
140381
140382
140383
140384
140385
140386
140387
140388
140432
140433
140434
140435
140436
140437
140438
140439
140440
140441
140442
140443
140444
140445
140446
140447
140448
140449
140493
140494
140495
140496
140497
140498
140499
140500
140501
140502
140503
140504
140505
140506
140507
140508
140509
140510
140554
140555
140556
140557
140558
140559
140560
140561
140562
140563
140564
140565
140566
140567
140568
140569
140570
140571
140615
140616
140617
140618
140619
140620
140621
140622
140623
140624
140625
140626
140627
140628
140629
140630
140631
140632
140676
140677
140678
140679
140680
140681
140682
140683
140684
140685
140686
140687
140688
140689
140690
140691
140692
140693
140737
140738
140739
140740
140741
140742
140743
140744
140745
140746
140747
140748
140749
140750
140751
140752
140753
140754
140798
140799
140800
140801
140802
140803
140804
140805
140806
140807
140808
140809
140810
140811
140812
140813
140814
140815
140859
140860
140861
140862
140863
140864
140865
140866
140867
140868
140869
140870
140871
140872
140873
140874
140875
140876
140975
140976
140977
140978
140979
141035
141036
141037
141038
141039
141095
141096
141097
141098
141099
141155
141156
141157
141158
141159
141215
141216
141217
141218
141219
141275
141276
141277
141278
141279
141335
141336
141337
141338
141339
141395
141396
141397
141398
141399
141455
141456
141457
141458
141459
141515
141516
141517
141518
141519
141575
141576
141577
141578
141579
141635
141636
141637
141638
141639
141695
141696
141697
141698
141699
141755
141756
141757
141758
141759
141815
141816
141817
141818
141819
141875
141876
141877
141878
141879
141935
141936
141937
141938
141939
141995
141996
141997
141998
141999
142055
142056
142057
142058
142059
142115
142116
142117
142118
142119
142175
142176
142177
142178
142179
142235
142236
142237
142238
142239
142295
142296
142297
142298
142299
142355
142356
142357
142358
142359
142415
142416
142417
142418
142419
142475
142476
142477
142478
142479
142535
142536
142537
142538
142539
142595
142596
142597
142598
142599
142655
142656
142657
142658
142659
142715
142716
142717
142718
142719
142775
142776
142777
142778
142779
142835
142836
142837
142838
142839
142895
142896
142897
142898
142899
142955
142956
142957
142958
142959
143015
143016
143017
143018
143019
143075
143076
143077
143078
143079
143135
143136
143137
143138
143139
143195
143196
143197
143198
143199
143255
143256
143257
143258
143259
143315
143316
143317
143318
143319
143375
143376
143377
143378
143379
143435
143436
143437
143438
143439
143495
143496
143497
143498
143499
143555
143556
143557
143558
143559
143615
143616
143617
143618
143619
143675
143676
143677
143678
143679
143735
143736
143737
143738
143739
143795
143796
143797
143798
143799
143855
143856
143857
143858
143859
143915
143916
143917
143918
143919
143975
143976
143977
143978
143979
144035
144036
144037
144038
144039
144095
144096
144097
144098
144099
144155
144156
144157
144158
144159
144215
144216
144217
144218
144219
144275
144276
144277
144278
144279
144335
144336
144337
144338
144339
144395
144396
144397
144398
144399
144455
144456
144457
144458
144459
144515
144516
144517
144518
144519
144575
144576
144577
144578
144579
144635
144636
144637
144638
144639
144695
144696
144697
144698
144699
144755
144756
144757
144758
144759
144815
144816
144817
144818
144819
144875
144876
144877
144878
144879
144935
144936
144937
144938
144939
144995
144996
144997
144998
144999
145055
145056
145057
145058
145059
145115
145116
145117
145118
145119
145175
145176
145177
145178
145179
145235
145236
145237
145238
145239
145295
145296
145297
145298
145299
145355
145356
145357
145358
145359
145415
145416
145417
145418
145419
145475
145476
145477
145478
145479
145535
145536
145537
145538
145539
145595
145596
145597
145598
145599
145655
145656
145657
145658
145659
145715
145716
145717
145718
145719
145775
145776
145777
145778
145779
145835
145836
145837
145838
145839
145895
145896
145897
145898
145899
145955
145956
145957
145958
145959
146015
146016
146017
146018
146019
146075
146076
146077
146078
146079
146135
146136
146137
146138
146139
146195
146196
146197
146198
146199
146255
146256
146257
146258
146259
146315
146316
146317
146318
146319
146375
146376
146377
146378
146379
146435
146436
146437
146438
146439
146495
146496
146497
146498
146499
146555
146556
146557
146558
146559
146615
146616
146617
146618
146619
146675
146676
146677
146678
146679
146735
146736
146737
146738
146739
146795
146796
146797
146798
146799
146855
146856
146857
146858
146859
146915
146916
146917
146918
146919
146975
146976
146977
146978
146979
147035
147036
147037
147038
147039
147095
147096
147097
147098
147099
147155
147156
147157
147158
147159
147215
147216
147217
147218
147219
147275
147276
147277
147278
147279
147335
147336
147337
147338
147339
147395
147396
147397
147398
147399
147455
147456
147457
147458
147459
147515
147516
147517
147518
147519
147575
147576
147577
147578
147579
147635
147636
147637
147638
147639
147695
147696
147697
147698
147699
147755
147756
147757
147758
147759
147815
147816
147817
147818
147819
147875
147876
147877
147878
147879
147935
147936
147937
147938
147939
147995
147996
147997
147998
147999
148055
148056
148057
148058
148059
148115
148116
148117
148118
148119
148175
148176
148177
148178
148179
148235
148236
148237
148238
148239
148295
148296
148297
148298
148299
148355
148356
148357
148358
148359
148415
148416
148417
148418
148419
148475
148476
148477
148478
148479
148535
148536
148537
148538
148539
148595
148596
148597
148598
148599
148655
148656
148657
148658
148659
148715
148716
148717
148718
148719
148775
148776
148777
148778
148779
148835
148836
148837
148838
148839
148895
148896
148897
148898
148899
148955
148956
148957
148958
148959
149015
149016
149017
149018
149019
149075
149076
149077
149078
149079
149135
149136
149137
149138
149139
149195
149196
149197
149198
149199
149255
149256
149257
149258
149259
149315
149316
149317
149318
149319
149375
149376
149377
149378
149379
149435
149436
149437
149438
149439
149495
149496
149497
149498
149499
149555
149556
149557
149558
149559
149615
149616
149617
149618
149619
149675
149676
149677
149678
149679
149735
149736
149737
149738
149739
149795
149796
149797
149798
149799
149855
149856
149857
149858
149859
149915
149916
149917
149918
149919
149975
149976
149977
149978
149979
150035
150036
150037
150038
150039
150095
150096
150097
150098
150099
150155
150156
150157
150158
150159
150215
150216
150217
150218
150219
150275
150276
150277
150278
150279
150335
150336
150337
150338
150339
150395
150396
150397
150398
150399
150455
150456
150457
150458
150459
150515
150516
150517
150518
150519
150575
150576
150577
150578
150579
150635
150636
150637
150638
150639
150695
150696
150697
150698
150699
150755
150756
150757
150758
150759
150815
150816
150817
150818
150819
150875
150876
150877
150878
150879
150935
150936
150937
150938
150939
150995
150996
150997
150998
150999
151055
151056
151057
151058
151059
151115
151116
151117
151118
151119
151175
151176
151177
151178
151179
151235
151236
151237
151238
151239
151295
151296
151297
151298
151299
151355
151356
151357
151358
151359
151415
151416
151417
151418
151419
151475
151476
151477
151478
151479
151535
151536
151537
151538
151539
151595
151596
151597
151598
151599
151655
151656
151657
151658
151659
151715
151716
151717
151718
151719
151775
151776
151777
151778
151779
151835
151836
151837
151838
151839
151895
151896
151897
151898
151899
151955
151956
151957
151958
151959
152015
152016
152017
152018
152019
152075
152076
152077
152078
152079
152135
152136
152137
152138
152139
152195
152196
152197
152198
152199
152255
152256
152257
152258
152259
152315
152316
152317
152318
152319
152375
152376
152377
152378
152379
152435
152436
152437
152438
152439
152495
152496
152497
152498
152499
152555
152556
152557
152558
152559
152615
152616
152617
152618
152619
152675
152676
152677
152678
152679
152735
152736
152737
152738
152739
152795
152796
152797
152798
152799
152855
152856
152857
152858
152859
152915
152916
152917
152918
152919
152975
152976
152977
152978
152979
153035
153036
153037
153038
153039
153095
153096
153097
153098
153099
153155
153156
153157
153158
153159
153215
153216
153217
153218
153219
153275
153276
153277
153278
153279
153335
153336
153337
153338
153339
153395
153396
153397
153398
153399
153455
153456
153457
153458
153459
153515
153516
153517
153518
153519
153575
153576
153577
153578
153579
153635
153636
153637
153638
153639
153695
153696
153697
153698
153699
153755
153756
153757
153758
153759
153815
153816
153817
153818
153819
153875
153876
153877
153878
153879
153935
153936
153937
153938
153939
153995
153996
153997
153998
153999
154055
154056
154057
154058
154059
154115
154116
154117
154118
154119
154175
154176
154177
154178
154179
154235
154236
154237
154238
154239
154295
154296
154297
154298
154299
154355
154356
154357
154358
154359
154415
154416
154417
154418
154419
154475
154476
154477
154478
154479
154535
154536
154537
154538
154539
154595
154596
154597
154598
154599
154655
154656
154657
154658
154659
154715
154716
154717
154718
154719
154775
154776
154777
154778
154779
154835
154836
154837
154838
154839
154895
154896
154897
154898
154899
154955
154956
154957
154958
154959
155015
155016
155017
155018
155019
155075
155076
155077
155078
155079
155135
155136
155137
155138
155139
155195
155196
155197
155198
155199
155255
155256
155257
155258
155259
155315
155316
155317
155318
155319
)


// ************************************************************************* //
