/*--------------------------------*- C++ -*----------------------------------*\
  =========                 |
  \\      /  F ield         | OpenFOAM: The Open Source CFD Toolbox
   \\    /   O peration     | Website:  https://openfoam.org
    \\  /    A nd           | Version:  8
     \\/     M anipulation  |
\*---------------------------------------------------------------------------*/
FoamFile
{
    version     2.0;
    format      ascii;
    class       volVectorField;
    location    "0.3";
    object      U;
}
// * * * * * * * * * * * * * * * * * * * * * * * * * * * * * * * * * * * * * //

dimensions      [0 1 -1 0 0 0 0];

internalField   nonuniform List<vector> 
2600
(
(0.889076 0.166335 0)
(1.42347 0.234007 0)
(1.53078 0.268315 0)
(1.21315 0.23766 0)
(1.01151 0.148391 0)
(0.991768 0.099799 0)
(0.998397 0.0611639 0)
(1.01995 0.031746 0)
(1.0501 0.0136398 0)
(1.08401 0.00326189 0)
(0.396509 -0.127114 0)
(1.10415 0.191942 0)
(1.4372 0.252937 0)
(1.18708 0.245023 0)
(0.988343 0.15559 0)
(0.975854 0.0989935 0)
(0.993249 0.0569023 0)
(1.02061 0.0285165 0)
(1.05096 0.0121794 0)
(1.08398 0.00288151 0)
(0.0453918 -0.103945 0)
(0.666809 0.124343 0)
(1.20726 0.239813 0)
(1.1211 0.252674 0)
(0.955238 0.159697 0)
(0.959607 0.0951947 0)
(0.989125 0.0519169 0)
(1.01981 0.0249899 0)
(1.05113 0.0105777 0)
(1.08375 0.00259799 0)
(-0.131287 -0.176653 0)
(0.260915 0.0456408 0)
(0.865769 0.122948 0)
(0.984005 0.241013 0)
(0.908355 0.162521 0)
(0.944405 0.0891047 0)
(0.990601 0.0459645 0)
(1.02125 0.0215831 0)
(1.05072 0.00913624 0)
(1.08341 0.0023297 0)
(-0.232815 -0.153409 0)
(-0.0474023 0.00748803 0)
(0.462162 0.12596 0)
(0.783094 0.212635 0)
(0.843265 0.150902 0)
(0.929796 0.0799656 0)
(0.990472 0.0400258 0)
(1.02161 0.0179593 0)
(1.05033 0.00778599 0)
(1.08318 0.00198492 0)
(-0.293292 -0.142069 0)
(-0.253223 -0.020176 0)
(0.125983 0.0453854 0)
(0.55516 0.207241 0)
(0.76208 0.152535 0)
(0.914006 0.0721079 0)
(0.990165 0.0337361 0)
(1.02207 0.0144412 0)
(1.05057 0.0063397 0)
(1.08314 0.00159267 0)
(-0.330758 -0.117424 0)
(-0.369212 -0.0232242 0)
(-0.114073 0.0449844 0)
(0.365808 0.14911 0)
(0.688608 0.115885 0)
(0.905966 0.0545805 0)
(0.989813 0.0271214 0)
(1.02177 0.0109863 0)
(1.05024 0.00492458 0)
(1.08303 0.00124865 0)
(-0.354146 -0.0902604 0)
(-0.418458 -0.0343587 0)
(-0.244377 -0.000826457 0)
(0.23003 0.110056 0)
(0.62006 0.0936897 0)
(0.884942 0.042879 0)
(0.988954 0.0202865 0)
(1.02326 0.00773265 0)
(1.05105 0.00347129 0)
(1.0832 0.000858737 0)
(-0.360869 -0.0585975 0)
(-0.435607 -0.0332895 0)
(-0.297764 -0.0312306 0)
(0.162225 0.0585447 0)
(0.584911 0.0513763 0)
(0.869153 0.0257764 0)
(0.985702 0.0121911 0)
(1.02255 0.00434789 0)
(1.0509 0.00203986 0)
(1.08319 0.000519501 0)
(-0.368678 -0.0213318 0)
(-0.440914 -0.00983706 0)
(-0.312831 -0.00887485 0)
(0.133543 0.0195376 0)
(0.557653 0.0188801 0)
(0.867683 0.00885675 0)
(0.989385 0.00442924 0)
(1.02432 0.00162292 0)
(1.05121 0.000688507 0)
(1.08305 0.000185589 0)
(-0.368678 0.0213318 0)
(-0.440914 0.00983706 0)
(-0.312831 0.00887485 0)
(0.133543 -0.0195376 0)
(0.557653 -0.0188801 0)
(0.867683 -0.00885675 0)
(0.989385 -0.00442924 0)
(1.02432 -0.00162292 0)
(1.05121 -0.000688507 0)
(1.08305 -0.000185589 0)
(-0.360869 0.0585975 0)
(-0.435607 0.0332895 0)
(-0.297764 0.0312306 0)
(0.162225 -0.0585447 0)
(0.584911 -0.0513763 0)
(0.869153 -0.0257764 0)
(0.985702 -0.0121911 0)
(1.02255 -0.00434789 0)
(1.0509 -0.00203986 0)
(1.08319 -0.000519501 0)
(-0.354146 0.0902604 0)
(-0.418458 0.0343587 0)
(-0.244377 0.000826457 0)
(0.23003 -0.110056 0)
(0.62006 -0.0936897 0)
(0.884942 -0.042879 0)
(0.988954 -0.0202865 0)
(1.02326 -0.00773265 0)
(1.05105 -0.00347129 0)
(1.0832 -0.000858737 0)
(-0.330758 0.117424 0)
(-0.369212 0.0232242 0)
(-0.114073 -0.0449844 0)
(0.365808 -0.14911 0)
(0.688608 -0.115885 0)
(0.905966 -0.0545805 0)
(0.989813 -0.0271214 0)
(1.02177 -0.0109863 0)
(1.05024 -0.00492458 0)
(1.08303 -0.00124865 0)
(-0.293292 0.142069 0)
(-0.253223 0.020176 0)
(0.125983 -0.0453854 0)
(0.55516 -0.207241 0)
(0.76208 -0.152535 0)
(0.914006 -0.0721079 0)
(0.990165 -0.0337361 0)
(1.02207 -0.0144412 0)
(1.05057 -0.0063397 0)
(1.08314 -0.00159267 0)
(-0.232815 0.153409 0)
(-0.0474023 -0.00748803 0)
(0.462162 -0.12596 0)
(0.783094 -0.212635 0)
(0.843265 -0.150902 0)
(0.929796 -0.0799656 0)
(0.990472 -0.0400258 0)
(1.02161 -0.0179593 0)
(1.05033 -0.00778599 0)
(1.08318 -0.00198492 0)
(-0.131287 0.176653 0)
(0.260915 -0.0456408 0)
(0.865769 -0.122948 0)
(0.984005 -0.241013 0)
(0.908355 -0.162521 0)
(0.944405 -0.0891047 0)
(0.990601 -0.0459645 0)
(1.02125 -0.0215831 0)
(1.05072 -0.00913624 0)
(1.08341 -0.0023297 0)
(0.0453918 0.103945 0)
(0.666809 -0.124343 0)
(1.20726 -0.239813 0)
(1.1211 -0.252674 0)
(0.955238 -0.159697 0)
(0.959607 -0.0951947 0)
(0.989125 -0.0519169 0)
(1.01981 -0.0249899 0)
(1.05113 -0.0105777 0)
(1.08375 -0.00259799 0)
(0.396509 0.127114 0)
(1.10415 -0.191942 0)
(1.4372 -0.252937 0)
(1.18708 -0.245023 0)
(0.988343 -0.15559 0)
(0.975854 -0.0989935 0)
(0.993249 -0.0569023 0)
(1.02061 -0.0285165 0)
(1.05096 -0.0121794 0)
(1.08398 -0.00288151 0)
(0.889076 -0.166335 0)
(1.42347 -0.234007 0)
(1.53078 -0.268315 0)
(1.21315 -0.23766 0)
(1.01151 -0.148391 0)
(0.991768 -0.099799 0)
(0.998397 -0.0611639 0)
(1.01995 -0.031746 0)
(1.0501 -0.0136398 0)
(1.08401 -0.00326189 0)
(1.34016 -0.069735 0)
(1.57268 -0.240598 0)
(1.5511 -0.307758 0)
(1.22408 -0.246427 0)
(1.03072 -0.148001 0)
(1.00639 -0.101945 0)
(1.00521 -0.0650845 0)
(1.02212 -0.034802 0)
(1.05083 -0.0154351 0)
(1.08426 -0.00359999 0)
(1.37556 0.039192 0)
(1.61733 -0.250233 0)
(1.54041 -0.33189 0)
(1.22657 -0.256121 0)
(1.04944 -0.149458 0)
(1.01951 -0.105061 0)
(1.0126 -0.0692001 0)
(1.02463 -0.0376619 0)
(1.05102 -0.017422 0)
(1.08439 -0.00407752 0)
(1.34032 0.0777642 0)
(1.59782 -0.204674 0)
(1.52978 -0.340701 0)
(1.24196 -0.254738 0)
(1.06897 -0.147469 0)
(1.0307 -0.107964 0)
(1.01907 -0.0726554 0)
(1.0276 -0.0403006 0)
(1.05217 -0.0191578 0)
(1.08471 -0.00450579 0)
(1.29428 0.12873 0)
(1.5587 -0.163187 0)
(1.51893 -0.337241 0)
(1.26342 -0.248135 0)
(1.08873 -0.143081 0)
(1.04088 -0.110915 0)
(1.02432 -0.0761372 0)
(1.03035 -0.0429954 0)
(1.05359 -0.0208045 0)
(1.08513 -0.00489756 0)
(1.26606 0.148989 0)
(1.5253 -0.123754 0)
(1.50194 -0.314585 0)
(1.28132 -0.237376 0)
(1.1067 -0.138049 0)
(1.04991 -0.11609 0)
(1.02836 -0.080346 0)
(1.03252 -0.0459346 0)
(1.055 -0.0223195 0)
(1.08564 -0.0052231 0)
(1.23481 0.174114 0)
(1.49562 -0.0910424 0)
(1.48385 -0.292507 0)
(1.29986 -0.232985 0)
(1.12211 -0.138038 0)
(1.05818 -0.119902 0)
(1.03208 -0.0844557 0)
(1.03488 -0.0485542 0)
(1.05643 -0.0236056 0)
(1.08619 -0.00550913 0)
(1.21048 0.18576 0)
(1.45985 -0.0617817 0)
(1.47036 -0.26037 0)
(1.31288 -0.219707 0)
(1.13259 -0.134055 0)
(1.06449 -0.119347 0)
(1.03607 -0.0863312 0)
(1.03728 -0.0506618 0)
(1.05785 -0.0248338 0)
(1.08679 -0.00576233 0)
(1.18471 0.197153 0)
(1.41875 -0.0321549 0)
(1.46713 -0.240551 0)
(1.32273 -0.209297 0)
(1.14098 -0.12771 0)
(1.0705 -0.115287 0)
(1.03936 -0.0863277 0)
(1.03973 -0.0523255 0)
(1.05938 -0.0259785 0)
(1.08744 -0.00598888 0)
(1.16339 0.203247 0)
(1.38218 -0.00934988 0)
(1.45844 -0.218052 0)
(1.32711 -0.20608 0)
(1.14982 -0.120005 0)
(1.0753 -0.109019 0)
(1.04168 -0.0853509 0)
(1.04211 -0.0540442 0)
(1.06102 -0.0271511 0)
(1.08814 -0.00618468 0)
(1.14336 0.207842 0)
(1.34865 0.0131128 0)
(1.44716 -0.20156 0)
(1.3287 -0.20847 0)
(1.15913 -0.115709 0)
(1.07885 -0.102629 0)
(1.04337 -0.085045 0)
(1.04443 -0.0561137 0)
(1.06273 -0.0285667 0)
(1.08891 -0.00636488 0)
(1.12686 0.209396 0)
(1.31692 0.0358737 0)
(1.42921 -0.180515 0)
(1.32991 -0.217669 0)
(1.1744 -0.121324 0)
(1.08269 -0.0983832 0)
(1.0448 -0.0856234 0)
(1.04651 -0.0588081 0)
(1.06456 -0.0301967 0)
(1.08977 -0.00645333 0)
(1.11201 0.210202 0)
(1.29097 0.0540131 0)
(1.41405 -0.155946 0)
(1.32658 -0.240115 0)
(1.19057 -0.140616 0)
(1.08747 -0.101332 0)
(1.04679 -0.088366 0)
(1.04846 -0.0623896 0)
(1.06677 -0.0317303 0)
(1.0907 -0.00637413 0)
(1.09884 0.209687 0)
(1.26415 0.073166 0)
(1.39552 -0.128166 0)
(1.32184 -0.246346 0)
(1.20019 -0.180395 0)
(1.09344 -0.115214 0)
(1.04831 -0.0946298 0)
(1.05011 -0.0666687 0)
(1.06932 -0.0325197 0)
(1.09165 -0.0060499 0)
(1.08652 0.209429 0)
(1.24404 0.0858069 0)
(1.36244 -0.0909293 0)
(1.32464 -0.238056 0)
(1.20086 -0.225651 0)
(1.10259 -0.146536 0)
(1.05245 -0.106609 0)
(1.05228 -0.0700836 0)
(1.07197 -0.0320201 0)
(1.09257 -0.00553117 0)
(1.07354 0.209507 0)
(1.22342 0.0985574 0)
(1.33663 -0.0642279 0)
(1.32366 -0.223247 0)
(1.19902 -0.235407 0)
(1.11374 -0.177714 0)
(1.05783 -0.120166 0)
(1.05521 -0.0717257 0)
(1.07454 -0.0303238 0)
(1.09339 -0.00491454 0)
(1.06192 0.209669 0)
(1.20486 0.108668 0)
(1.3116 -0.0389463 0)
(1.31439 -0.194827 0)
(1.19659 -0.231487 0)
(1.12232 -0.18833 0)
(1.0651 -0.127097 0)
(1.05906 -0.0719095 0)
(1.07705 -0.0284008 0)
(1.09411 -0.00434831 0)
(1.05031 0.209242 0)
(1.18834 0.116955 0)
(1.29052 -0.0187207 0)
(1.30311 -0.16514 0)
(1.19348 -0.222122 0)
(1.12856 -0.186324 0)
(1.07238 -0.1288 0)
(1.06321 -0.0706312 0)
(1.07952 -0.0265223 0)
(1.09474 -0.00386951 0)
(1.0402 0.208681 0)
(1.172 0.125002 0)
(1.27163 -0.00118845 0)
(1.29299 -0.139412 0)
(1.1928 -0.207214 0)
(1.13074 -0.176967 0)
(1.07885 -0.125294 0)
(1.06762 -0.0687765 0)
(1.08197 -0.0249999 0)
(1.09531 -0.00347585 0)
(1.03175 0.208422 0)
(1.15856 0.131678 0)
(1.25388 0.0137491 0)
(1.2793 -0.115819 0)
(1.1915 -0.187466 0)
(1.13474 -0.16842 0)
(1.0863 -0.124828 0)
(1.07223 -0.0672109 0)
(1.08439 -0.0235517 0)
(1.09585 -0.0031133 0)
(1.02468 0.208598 0)
(1.14736 0.137548 0)
(1.2367 0.0272222 0)
(1.26534 -0.0958659 0)
(1.18788 -0.166994 0)
(1.13359 -0.154705 0)
(1.09078 -0.117631 0)
(1.07671 -0.065035 0)
(1.08673 -0.0222299 0)
(1.09633 -0.0027704 0)
(0.342984 0.135121 0)
(0.394924 0.158559 0)
(0.423438 0.197039 0)
(0.456353 0.225254 0)
(0.487578 0.249458 0)
(0.522651 0.270066 0)
(0.565504 0.293656 0)
(0.624359 0.320516 0)
(0.706923 0.360753 0)
(0.855174 0.401705 0)
(0.363182 0.155945 0)
(0.401623 0.17134 0)
(0.422025 0.201777 0)
(0.453792 0.226167 0)
(0.48561 0.249543 0)
(0.521928 0.270342 0)
(0.564469 0.291186 0)
(0.62336 0.315374 0)
(0.706651 0.352832 0)
(0.849839 0.385539 0)
(0.405254 0.154717 0)
(0.433999 0.164638 0)
(0.447733 0.187997 0)
(0.475083 0.20885 0)
(0.504012 0.232343 0)
(0.540124 0.253767 0)
(0.585071 0.274848 0)
(0.647237 0.296548 0)
(0.73333 0.331309 0)
(0.877308 0.352155 0)
(0.453968 0.173 0)
(0.47778 0.183257 0)
(0.489009 0.203044 0)
(0.514526 0.217984 0)
(0.541365 0.238104 0)
(0.577415 0.257298 0)
(0.624609 0.275963 0)
(0.688305 0.296146 0)
(0.774351 0.326192 0)
(0.907093 0.335015 0)
(0.50163 0.180656 0)
(0.523726 0.188758 0)
(0.535889 0.206276 0)
(0.561241 0.218116 0)
(0.586568 0.236567 0)
(0.622293 0.253623 0)
(0.669514 0.269311 0)
(0.730479 0.286068 0)
(0.810802 0.316253 0)
(0.930111 0.320988 0)
(0.542858 0.18761 0)
(0.563317 0.194838 0)
(0.57628 0.211408 0)
(0.601471 0.22351 0)
(0.626658 0.241716 0)
(0.663318 0.254969 0)
(0.709627 0.267655 0)
(0.765673 0.28404 0)
(0.83751 0.309546 0)
(0.946451 0.314095 0)
(0.579137 0.189232 0)
(0.597962 0.195098 0)
(0.611514 0.209383 0)
(0.635785 0.219649 0)
(0.660941 0.235895 0)
(0.697543 0.246345 0)
(0.741091 0.259152 0)
(0.790752 0.276858 0)
(0.854616 0.301424 0)
(0.953263 0.305545 0)
(0.611548 0.189719 0)
(0.628811 0.194785 0)
(0.642995 0.207113 0)
(0.666183 0.216978 0)
(0.691223 0.231619 0)
(0.726814 0.240082 0)
(0.765516 0.254047 0)
(0.808099 0.272936 0)
(0.865239 0.295074 0)
(0.954522 0.298415 0)
(0.640743 0.187739 0)
(0.656314 0.192181 0)
(0.671027 0.202752 0)
(0.692979 0.212023 0)
(0.717454 0.223939 0)
(0.750319 0.232548 0)
(0.782521 0.2491 0)
(0.819132 0.268928 0)
(0.87158 0.288884 0)
(0.952917 0.291665 0)
(0.667345 0.184836 0)
(0.681097 0.189202 0)
(0.696244 0.198343 0)
(0.716464 0.206978 0)
(0.739677 0.21699 0)
(0.767568 0.228636 0)
(0.793519 0.246862 0)
(0.82598 0.265978 0)
(0.874617 0.283039 0)
(0.949928 0.284734 0)
(0.691998 0.18009 0)
(0.703266 0.184261 0)
(0.718576 0.192096 0)
(0.735876 0.201655 0)
(0.756981 0.212463 0)
(0.778176 0.226802 0)
(0.799666 0.245538 0)
(0.830133 0.263399 0)
(0.876459 0.277106 0)
(0.947171 0.277194 0)
(0.715085 0.172234 0)
(0.722392 0.179711 0)
(0.738634 0.187235 0)
(0.751363 0.197731 0)
(0.768239 0.209813 0)
(0.784087 0.226289 0)
(0.803646 0.245332 0)
(0.833957 0.260706 0)
(0.878687 0.270573 0)
(0.946434 0.26945 0)
(0.737695 0.166547 0)
(0.738549 0.176744 0)
(0.754377 0.184327 0)
(0.762055 0.196002 0)
(0.775209 0.210491 0)
(0.788454 0.227651 0)
(0.807797 0.245186 0)
(0.83843 0.257166 0)
(0.88199 0.263219 0)
(0.946491 0.261506 0)
(0.759107 0.163369 0)
(0.753264 0.173896 0)
(0.764107 0.184595 0)
(0.769568 0.198149 0)
(0.779636 0.213351 0)
(0.791565 0.229026 0)
(0.812519 0.243758 0)
(0.844499 0.252245 0)
(0.887265 0.255219 0)
(0.947665 0.254051 0)
(0.780284 0.161138 0)
(0.766672 0.173113 0)
(0.770162 0.187149 0)
(0.774141 0.201826 0)
(0.782946 0.216515 0)
(0.796374 0.229508 0)
(0.819763 0.2396 0)
(0.852654 0.245481 0)
(0.894193 0.248382 0)
(0.948812 0.247833 0)
(0.80463 0.163451 0)
(0.777864 0.176151 0)
(0.775193 0.19153 0)
(0.779163 0.205452 0)
(0.789253 0.218263 0)
(0.80519 0.226911 0)
(0.829794 0.233561 0)
(0.862177 0.239165 0)
(0.900238 0.242743 0)
(0.947989 0.242663 0)
(0.835336 0.169118 0)
(0.789152 0.182341 0)
(0.783896 0.19627 0)
(0.787652 0.207269 0)
(0.800849 0.215836 0)
(0.818331 0.222148 0)
(0.840438 0.228969 0)
(0.869351 0.233827 0)
(0.902287 0.237659 0)
(0.944996 0.238236 0)
(0.881463 0.172519 0)
(0.80912 0.18886 0)
(0.798832 0.198343 0)
(0.801651 0.204877 0)
(0.815322 0.209381 0)
(0.83149 0.21688 0)
(0.849687 0.226293 0)
(0.873469 0.230283 0)
(0.90202 0.233887 0)
(0.941959 0.233986 0)
(0.951438 0.160835 0)
(0.849686 0.190585 0)
(0.814526 0.202278 0)
(0.815223 0.208259 0)
(0.827876 0.209885 0)
(0.842383 0.216524 0)
(0.856817 0.224159 0)
(0.876551 0.227479 0)
(0.902764 0.230433 0)
(0.940248 0.230768 0)
(1.02655 0.121044 0)
(0.920592 0.172552 0)
(0.834418 0.202008 0)
(0.824947 0.210673 0)
(0.833542 0.215252 0)
(0.84774 0.218807 0)
(0.861271 0.222667 0)
(0.87918 0.225818 0)
(0.904104 0.228714 0)
(0.939141 0.229752 0)
(1.16411 2.81293e-11 0)
(1.14372 -6.78583e-10 0)
(1.13787 5.87609e-09 0)
(1.13355 -4.30658e-08 0)
(1.12902 3.13728e-07 0)
(1.12395 -2.35139e-06 0)
(1.11828 1.83756e-05 0)
(1.1118 -0.000151888 0)
(1.09076 0.00106345 0)
(0.564369 0.0153278 0)
(1.16411 8.46998e-11 0)
(1.14372 -2.05069e-09 0)
(1.13787 1.79255e-08 0)
(1.13355 -1.28655e-07 0)
(1.12902 8.69707e-07 0)
(1.12395 -5.76481e-06 0)
(1.1183 3.97375e-05 0)
(1.11158 -0.000338663 0)
(1.09201 0.00331696 0)
(0.585779 0.0485027 0)
(1.16411 1.38069e-10 0)
(1.14372 -3.41396e-09 0)
(1.13787 3.01663e-08 0)
(1.13355 -2.18022e-07 0)
(1.12902 1.47117e-06 0)
(1.12395 -9.73966e-06 0)
(1.11834 6.58981e-05 0)
(1.11129 -0.000510873 0)
(1.0945 0.00467597 0)
(0.622144 0.0732217 0)
(1.16411 1.82216e-10 0)
(1.14372 -4.60814e-09 0)
(1.13787 4.13168e-08 0)
(1.13354 -3.01679e-07 0)
(1.12902 2.04012e-06 0)
(1.12394 -1.35645e-05 0)
(1.11837 9.26968e-05 0)
(1.11111 -0.000705833 0)
(1.09678 0.0053049 0)
(0.660595 0.0968408 0)
(1.16411 2.1882e-10 0)
(1.14372 -5.64986e-09 0)
(1.13787 5.18541e-08 0)
(1.13354 -3.92751e-07 0)
(1.12902 2.7642e-06 0)
(1.12394 -1.86066e-05 0)
(1.11838 0.00012334 0)
(1.11114 -0.000888257 0)
(1.09878 0.00543101 0)
(0.70053 0.114008 0)
(1.16411 2.48573e-10 0)
(1.14372 -6.41005e-09 0)
(1.13787 5.88501e-08 0)
(1.13354 -4.46365e-07 0)
(1.12902 3.16804e-06 0)
(1.12394 -2.17687e-05 0)
(1.11836 0.00014841 0)
(1.11128 -0.00106713 0)
(1.10064 0.00493767 0)
(0.739316 0.12829 0)
(1.16411 2.78052e-10 0)
(1.14372 -7.48219e-09 0)
(1.13787 6.95398e-08 0)
(1.13354 -5.28178e-07 0)
(1.12902 3.7235e-06 0)
(1.12394 -2.53425e-05 0)
(1.11833 0.000170647 0)
(1.11146 -0.0011479 0)
(1.10178 0.00430421 0)
(0.776696 0.138502 0)
(1.16411 2.97667e-10 0)
(1.14372 -7.82421e-09 0)
(1.13787 7.35e-08 0)
(1.13354 -5.689e-07 0)
(1.12902 4.08238e-06 0)
(1.12395 -2.79109e-05 0)
(1.1183 0.000178825 0)
(1.11171 -0.00106655 0)
(1.10251 0.00336362 0)
(0.811957 0.145945 0)
(1.16411 3.15425e-10 0)
(1.14372 -8.50064e-09 0)
(1.13787 8.05499e-08 0)
(1.13354 -6.20083e-07 0)
(1.12902 4.34171e-06 0)
(1.12395 -2.83462e-05 0)
(1.11829 0.000172405 0)
(1.11186 -0.000916449 0)
(1.10307 0.0022685 0)
(0.845084 0.150433 0)
(1.16411 3.09725e-10 0)
(1.14372 -8.25442e-09 0)
(1.13787 7.873e-08 0)
(1.13354 -6.04844e-07 0)
(1.12902 4.17426e-06 0)
(1.12395 -2.65206e-05 0)
(1.11828 0.000149674 0)
(1.1119 -0.000713454 0)
(1.10346 0.00126187 0)
(0.876337 0.152242 0)
(1.16411 2.74362e-10 0)
(1.14372 -7.29326e-09 0)
(1.13787 6.98708e-08 0)
(1.13354 -5.33886e-07 0)
(1.12902 3.6148e-06 0)
(1.12395 -2.22379e-05 0)
(1.11827 0.000119675 0)
(1.11187 -0.000478211 0)
(1.10361 0.000598612 0)
(0.906147 0.151766 0)
(1.16411 2.17227e-10 0)
(1.14372 -5.77745e-09 0)
(1.13787 5.59492e-08 0)
(1.13354 -4.29232e-07 0)
(1.12902 2.86763e-06 0)
(1.12395 -1.68974e-05 0)
(1.11827 8.23886e-05 0)
(1.11184 -0.000269225 0)
(1.10366 0.000198083 0)
(0.934671 0.149095 0)
(1.16411 1.48589e-10 0)
(1.14372 -4.0313e-09 0)
(1.13787 3.89474e-08 0)
(1.13355 -2.91714e-07 0)
(1.12902 1.85785e-06 0)
(1.12395 -1.00638e-05 0)
(1.11828 4.28717e-05 0)
(1.11182 -0.000106548 0)
(1.10369 2.73302e-05 0)
(0.961841 0.144051 0)
(1.16411 7.56131e-11 0)
(1.14372 -2.07849e-09 0)
(1.13787 1.9481e-08 0)
(1.13355 -1.37771e-07 0)
(1.12902 8.01253e-07 0)
(1.12395 -3.7748e-06 0)
(1.11828 1.2961e-05 0)
(1.11181 -2.05083e-05 0)
(1.1037 -9.62466e-07 0)
(0.98731 0.136928 0)
(1.16411 2.07881e-11 0)
(1.14372 -5.49931e-10 0)
(1.13787 4.61656e-09 0)
(1.13355 -2.7986e-08 0)
(1.12902 1.30682e-07 0)
(1.12395 -4.32639e-07 0)
(1.11828 6.84358e-07 0)
(1.11181 1.20442e-06 0)
(1.1037 -2.96497e-06 0)
(1.01056 0.127848 0)
(1.16411 -2.78172e-12 0)
(1.14372 8.97371e-11 0)
(1.13787 -9.99917e-10 0)
(1.13355 8.34867e-09 0)
(1.12902 -5.73854e-08 0)
(1.12395 3.28882e-07 0)
(1.11828 -1.5408e-06 0)
(1.11181 4.92902e-06 0)
(1.1037 -5.56002e-06 0)
(1.0309 0.116739 0)
(1.16411 -8.0737e-12 0)
(1.14372 2.22742e-10 0)
(1.13787 -2.06924e-09 0)
(1.13355 1.51074e-08 0)
(1.12902 -9.65859e-08 0)
(1.12395 5.45981e-07 0)
(1.11828 -2.62182e-06 0)
(1.11181 8.93499e-06 0)
(1.1037 -1.21524e-05 0)
(1.04773 0.103932 0)
(1.16411 -9.55622e-12 0)
(1.14372 2.61739e-10 0)
(1.13787 -2.5028e-09 0)
(1.13355 1.9035e-08 0)
(1.12902 -1.26964e-07 0)
(1.12395 7.53864e-07 0)
(1.11828 -3.91386e-06 0)
(1.11181 1.48759e-05 0)
(1.10369 -2.47253e-05 0)
(1.06107 0.0891784 0)
(1.16411 -1.06443e-11 0)
(1.14372 2.93402e-10 0)
(1.13787 -2.8455e-09 0)
(1.13355 2.23129e-08 0)
(1.12902 -1.56188e-07 0)
(1.12395 9.90668e-07 0)
(1.11828 -5.57497e-06 0)
(1.11181 2.26929e-05 0)
(1.10369 -4.11832e-05 0)
(1.07193 0.071931 0)
(1.16411 -1.13971e-11 0)
(1.14372 3.19075e-10 0)
(1.13787 -3.19275e-09 0)
(1.13355 2.57987e-08 0)
(1.12902 -1.85223e-07 0)
(1.12395 1.21118e-06 0)
(1.11828 -6.9334e-06 0)
(1.11181 2.91432e-05 0)
(1.10369 -5.74893e-05 0)
(1.081 0.0533223 0)
(1.16411 1.13275e-11 0)
(1.14372 -3.18768e-10 0)
(1.13787 3.1924e-09 0)
(1.13355 -2.57981e-08 0)
(1.12902 1.85221e-07 0)
(1.12395 -1.21118e-06 0)
(1.11828 6.93339e-06 0)
(1.11181 -2.91432e-05 0)
(1.10369 5.74893e-05 0)
(1.081 -0.0533223 0)
(1.16411 1.06265e-11 0)
(1.14372 -2.93144e-10 0)
(1.13787 2.84502e-09 0)
(1.13355 -2.23124e-08 0)
(1.12902 1.56186e-07 0)
(1.12395 -9.90661e-07 0)
(1.11828 5.57495e-06 0)
(1.11181 -2.26929e-05 0)
(1.10369 4.11832e-05 0)
(1.07193 -0.071931 0)
(1.16411 9.61208e-12 0)
(1.14372 -2.61352e-10 0)
(1.13787 2.50196e-09 0)
(1.13355 -1.90347e-08 0)
(1.12902 1.26962e-07 0)
(1.12395 -7.53855e-07 0)
(1.11828 3.91384e-06 0)
(1.11181 -1.48758e-05 0)
(1.10369 2.47252e-05 0)
(1.06107 -0.0891784 0)
(1.16411 8.06995e-12 0)
(1.14372 -2.22291e-10 0)
(1.13787 2.06836e-09 0)
(1.13355 -1.51066e-08 0)
(1.12902 9.65828e-08 0)
(1.12395 -5.45971e-07 0)
(1.11828 2.62179e-06 0)
(1.11181 -8.93493e-06 0)
(1.1037 1.21524e-05 0)
(1.04773 -0.103932 0)
(1.16411 2.89177e-12 0)
(1.14372 -8.89321e-11 0)
(1.13787 9.99594e-10 0)
(1.13355 -8.34724e-09 0)
(1.12902 5.73819e-08 0)
(1.12395 -3.28872e-07 0)
(1.11828 1.54078e-06 0)
(1.11181 -4.92896e-06 0)
(1.1037 5.55995e-06 0)
(1.0309 -0.116739 0)
(1.16411 -2.05023e-11 0)
(1.14372 5.5034e-10 0)
(1.13787 -4.61686e-09 0)
(1.13355 2.79882e-08 0)
(1.12902 -1.30685e-07 0)
(1.12395 4.32649e-07 0)
(1.11828 -6.84384e-07 0)
(1.11181 -1.20436e-06 0)
(1.1037 2.96492e-06 0)
(1.01056 -0.127848 0)
(1.16411 -7.53727e-11 0)
(1.14372 2.07865e-09 0)
(1.13787 -1.94816e-08 0)
(1.13355 1.37772e-07 0)
(1.12902 -8.01256e-07 0)
(1.12395 3.77481e-06 0)
(1.11828 -1.29611e-05 0)
(1.11181 2.05084e-05 0)
(1.1037 9.62421e-07 0)
(0.98731 -0.136928 0)
(1.16411 -1.48471e-10 0)
(1.14372 4.03137e-09 0)
(1.13787 -3.89477e-08 0)
(1.13355 2.91715e-07 0)
(1.12902 -1.85786e-06 0)
(1.12395 1.00638e-05 0)
(1.11828 -4.28717e-05 0)
(1.11182 0.000106548 0)
(1.10369 -2.73302e-05 0)
(0.961841 -0.144051 0)
(1.16411 -2.17221e-10 0)
(1.14372 5.77815e-09 0)
(1.13787 -5.59498e-08 0)
(1.13354 4.29233e-07 0)
(1.12902 -2.86763e-06 0)
(1.12395 1.68974e-05 0)
(1.11827 -8.23886e-05 0)
(1.11184 0.000269225 0)
(1.10366 -0.000198083 0)
(0.934671 -0.149095 0)
(1.16411 -2.74466e-10 0)
(1.14372 7.29375e-09 0)
(1.13787 -6.98711e-08 0)
(1.13354 5.33887e-07 0)
(1.12902 -3.6148e-06 0)
(1.12395 2.22379e-05 0)
(1.11827 -0.000119675 0)
(1.11187 0.000478211 0)
(1.10361 -0.000598612 0)
(0.906147 -0.151766 0)
(1.16411 -3.09857e-10 0)
(1.14372 8.25469e-09 0)
(1.13787 -7.873e-08 0)
(1.13354 6.04844e-07 0)
(1.12902 -4.17426e-06 0)
(1.12395 2.65207e-05 0)
(1.11828 -0.000149674 0)
(1.1119 0.000713454 0)
(1.10346 -0.00126187 0)
(0.876337 -0.152242 0)
(1.16411 -3.15617e-10 0)
(1.14372 8.50078e-09 0)
(1.13787 -8.05498e-08 0)
(1.13354 6.20083e-07 0)
(1.12902 -4.34171e-06 0)
(1.12395 2.83462e-05 0)
(1.11829 -0.000172405 0)
(1.11186 0.00091645 0)
(1.10307 -0.0022685 0)
(0.845084 -0.150433 0)
(1.16411 -2.97832e-10 0)
(1.14372 7.82434e-09 0)
(1.13787 -7.34999e-08 0)
(1.13354 5.68899e-07 0)
(1.12902 -4.08238e-06 0)
(1.12395 2.79109e-05 0)
(1.1183 -0.000178825 0)
(1.11171 0.00106655 0)
(1.10251 -0.00336362 0)
(0.811957 -0.145945 0)
(1.16411 -2.7805e-10 0)
(1.14372 7.48191e-09 0)
(1.13787 -6.95399e-08 0)
(1.13354 5.28178e-07 0)
(1.12902 -3.7235e-06 0)
(1.12394 2.53425e-05 0)
(1.11833 -0.000170647 0)
(1.11146 0.0011479 0)
(1.10178 -0.00430421 0)
(0.776696 -0.138502 0)
(1.16411 -2.48244e-10 0)
(1.14372 6.40987e-09 0)
(1.13787 -5.88496e-08 0)
(1.13354 4.46365e-07 0)
(1.12902 -3.16804e-06 0)
(1.12394 2.17687e-05 0)
(1.11836 -0.00014841 0)
(1.11128 0.00106713 0)
(1.10064 -0.00493767 0)
(0.739316 -0.12829 0)
(1.16411 -2.18584e-10 0)
(1.14372 5.64976e-09 0)
(1.13787 -5.18536e-08 0)
(1.13354 3.92751e-07 0)
(1.12902 -2.7642e-06 0)
(1.12394 1.86066e-05 0)
(1.11838 -0.00012334 0)
(1.11114 0.000888257 0)
(1.09878 -0.00543101 0)
(0.70053 -0.114008 0)
(1.16411 -1.8215e-10 0)
(1.14372 4.60818e-09 0)
(1.13787 -4.13162e-08 0)
(1.13354 3.01679e-07 0)
(1.12902 -2.04012e-06 0)
(1.12394 1.35645e-05 0)
(1.11837 -9.26968e-05 0)
(1.11111 0.000705833 0)
(1.09678 -0.0053049 0)
(0.660595 -0.0968408 0)
(1.16411 -1.38165e-10 0)
(1.14372 3.41391e-09 0)
(1.13787 -3.01657e-08 0)
(1.13355 2.18022e-07 0)
(1.12902 -1.47117e-06 0)
(1.12395 9.73966e-06 0)
(1.11834 -6.58981e-05 0)
(1.11129 0.000510873 0)
(1.0945 -0.00467597 0)
(0.622144 -0.0732217 0)
(1.16411 -8.48395e-11 0)
(1.14372 2.05027e-09 0)
(1.13787 -1.7925e-08 0)
(1.13355 1.28654e-07 0)
(1.12902 -8.69706e-07 0)
(1.12395 5.76481e-06 0)
(1.1183 -3.97375e-05 0)
(1.11158 0.000338663 0)
(1.09201 -0.00331696 0)
(0.585779 -0.0485027 0)
(1.16411 -2.83396e-11 0)
(1.14372 6.77874e-10 0)
(1.13787 -5.87568e-09 0)
(1.13355 4.30648e-08 0)
(1.12902 -3.13727e-07 0)
(1.12395 2.35138e-06 0)
(1.11828 -1.83756e-05 0)
(1.1118 0.000151888 0)
(1.09076 -0.00106345 0)
(0.564369 -0.0153278 0)
(1.02655 -0.121044 0)
(0.920592 -0.172552 0)
(0.834418 -0.202008 0)
(0.824947 -0.210673 0)
(0.833542 -0.215252 0)
(0.84774 -0.218807 0)
(0.861271 -0.222667 0)
(0.87918 -0.225818 0)
(0.904104 -0.228714 0)
(0.939141 -0.229752 0)
(0.951438 -0.160835 0)
(0.849686 -0.190585 0)
(0.814526 -0.202278 0)
(0.815223 -0.208259 0)
(0.827876 -0.209885 0)
(0.842383 -0.216524 0)
(0.856817 -0.224159 0)
(0.876551 -0.227479 0)
(0.902764 -0.230433 0)
(0.940248 -0.230768 0)
(0.881463 -0.172519 0)
(0.80912 -0.18886 0)
(0.798832 -0.198343 0)
(0.801651 -0.204877 0)
(0.815322 -0.209381 0)
(0.83149 -0.21688 0)
(0.849687 -0.226293 0)
(0.873469 -0.230283 0)
(0.90202 -0.233887 0)
(0.941959 -0.233986 0)
(0.835336 -0.169118 0)
(0.789152 -0.182341 0)
(0.783896 -0.19627 0)
(0.787652 -0.207269 0)
(0.800849 -0.215836 0)
(0.818331 -0.222148 0)
(0.840438 -0.228969 0)
(0.869351 -0.233827 0)
(0.902287 -0.237659 0)
(0.944996 -0.238236 0)
(0.80463 -0.163451 0)
(0.777864 -0.176151 0)
(0.775193 -0.19153 0)
(0.779163 -0.205452 0)
(0.789253 -0.218263 0)
(0.80519 -0.226911 0)
(0.829794 -0.233561 0)
(0.862177 -0.239165 0)
(0.900238 -0.242743 0)
(0.947989 -0.242663 0)
(0.780284 -0.161138 0)
(0.766672 -0.173113 0)
(0.770162 -0.187149 0)
(0.774141 -0.201826 0)
(0.782946 -0.216515 0)
(0.796374 -0.229508 0)
(0.819763 -0.2396 0)
(0.852654 -0.245481 0)
(0.894193 -0.248382 0)
(0.948812 -0.247833 0)
(0.759107 -0.163369 0)
(0.753264 -0.173896 0)
(0.764107 -0.184595 0)
(0.769568 -0.198149 0)
(0.779636 -0.213351 0)
(0.791565 -0.229026 0)
(0.812519 -0.243758 0)
(0.844499 -0.252245 0)
(0.887265 -0.255219 0)
(0.947665 -0.254051 0)
(0.737695 -0.166547 0)
(0.738549 -0.176744 0)
(0.754377 -0.184327 0)
(0.762055 -0.196002 0)
(0.775209 -0.210491 0)
(0.788454 -0.227651 0)
(0.807797 -0.245186 0)
(0.83843 -0.257166 0)
(0.88199 -0.263219 0)
(0.946491 -0.261506 0)
(0.715085 -0.172234 0)
(0.722392 -0.179711 0)
(0.738634 -0.187235 0)
(0.751363 -0.197731 0)
(0.768239 -0.209813 0)
(0.784087 -0.226289 0)
(0.803646 -0.245332 0)
(0.833957 -0.260706 0)
(0.878687 -0.270573 0)
(0.946434 -0.26945 0)
(0.691998 -0.18009 0)
(0.703266 -0.184261 0)
(0.718576 -0.192096 0)
(0.735876 -0.201655 0)
(0.756981 -0.212463 0)
(0.778176 -0.226802 0)
(0.799666 -0.245538 0)
(0.830133 -0.263399 0)
(0.876459 -0.277106 0)
(0.947171 -0.277194 0)
(0.667345 -0.184836 0)
(0.681097 -0.189202 0)
(0.696244 -0.198343 0)
(0.716464 -0.206978 0)
(0.739677 -0.21699 0)
(0.767568 -0.228636 0)
(0.793519 -0.246862 0)
(0.82598 -0.265978 0)
(0.874617 -0.283039 0)
(0.949928 -0.284734 0)
(0.640743 -0.187739 0)
(0.656314 -0.192181 0)
(0.671027 -0.202752 0)
(0.692979 -0.212023 0)
(0.717454 -0.223939 0)
(0.750319 -0.232548 0)
(0.782521 -0.2491 0)
(0.819132 -0.268928 0)
(0.87158 -0.288884 0)
(0.952917 -0.291665 0)
(0.611548 -0.189719 0)
(0.628811 -0.194785 0)
(0.642995 -0.207113 0)
(0.666183 -0.216978 0)
(0.691223 -0.231619 0)
(0.726814 -0.240082 0)
(0.765516 -0.254047 0)
(0.808099 -0.272936 0)
(0.865239 -0.295074 0)
(0.954522 -0.298415 0)
(0.579137 -0.189232 0)
(0.597962 -0.195098 0)
(0.611514 -0.209383 0)
(0.635785 -0.219649 0)
(0.660941 -0.235895 0)
(0.697543 -0.246345 0)
(0.741091 -0.259152 0)
(0.790752 -0.276858 0)
(0.854616 -0.301424 0)
(0.953263 -0.305545 0)
(0.542858 -0.18761 0)
(0.563317 -0.194838 0)
(0.57628 -0.211408 0)
(0.601471 -0.22351 0)
(0.626658 -0.241716 0)
(0.663318 -0.254969 0)
(0.709627 -0.267655 0)
(0.765673 -0.28404 0)
(0.83751 -0.309546 0)
(0.946451 -0.314095 0)
(0.50163 -0.180656 0)
(0.523726 -0.188758 0)
(0.535889 -0.206276 0)
(0.561241 -0.218116 0)
(0.586568 -0.236567 0)
(0.622293 -0.253623 0)
(0.669514 -0.269311 0)
(0.730479 -0.286068 0)
(0.810802 -0.316253 0)
(0.930111 -0.320988 0)
(0.453968 -0.173 0)
(0.47778 -0.183257 0)
(0.489009 -0.203044 0)
(0.514526 -0.217984 0)
(0.541365 -0.238104 0)
(0.577415 -0.257298 0)
(0.624609 -0.275963 0)
(0.688305 -0.296146 0)
(0.774351 -0.326192 0)
(0.907093 -0.335015 0)
(0.405254 -0.154717 0)
(0.433999 -0.164638 0)
(0.447733 -0.187997 0)
(0.475083 -0.20885 0)
(0.504012 -0.232343 0)
(0.540124 -0.253767 0)
(0.585071 -0.274848 0)
(0.647237 -0.296548 0)
(0.73333 -0.331309 0)
(0.877308 -0.352155 0)
(0.363182 -0.155945 0)
(0.401623 -0.17134 0)
(0.422025 -0.201777 0)
(0.453792 -0.226167 0)
(0.48561 -0.249543 0)
(0.521928 -0.270342 0)
(0.564469 -0.291186 0)
(0.62336 -0.315374 0)
(0.706651 -0.352832 0)
(0.849839 -0.385539 0)
(0.342984 -0.135121 0)
(0.394924 -0.158559 0)
(0.423438 -0.197039 0)
(0.456353 -0.225254 0)
(0.487578 -0.249458 0)
(0.522651 -0.270066 0)
(0.565504 -0.293656 0)
(0.624359 -0.320516 0)
(0.706923 -0.360753 0)
(0.855174 -0.401705 0)
(1.02468 -0.208598 0)
(1.14736 -0.137548 0)
(1.2367 -0.0272222 0)
(1.26534 0.0958659 0)
(1.18788 0.166994 0)
(1.13359 0.154705 0)
(1.09078 0.117631 0)
(1.07671 0.065035 0)
(1.08673 0.0222299 0)
(1.09633 0.0027704 0)
(1.03175 -0.208422 0)
(1.15856 -0.131678 0)
(1.25388 -0.0137491 0)
(1.2793 0.115819 0)
(1.1915 0.187466 0)
(1.13474 0.16842 0)
(1.0863 0.124828 0)
(1.07223 0.0672109 0)
(1.08439 0.0235517 0)
(1.09585 0.0031133 0)
(1.0402 -0.208681 0)
(1.172 -0.125002 0)
(1.27163 0.00118845 0)
(1.29299 0.139412 0)
(1.1928 0.207214 0)
(1.13074 0.176967 0)
(1.07885 0.125294 0)
(1.06762 0.0687765 0)
(1.08197 0.0249999 0)
(1.09531 0.00347585 0)
(1.05031 -0.209242 0)
(1.18834 -0.116955 0)
(1.29052 0.0187207 0)
(1.30311 0.16514 0)
(1.19348 0.222122 0)
(1.12856 0.186324 0)
(1.07238 0.1288 0)
(1.06321 0.0706312 0)
(1.07952 0.0265223 0)
(1.09474 0.00386951 0)
(1.06192 -0.209669 0)
(1.20486 -0.108668 0)
(1.3116 0.0389463 0)
(1.31439 0.194827 0)
(1.19659 0.231487 0)
(1.12232 0.18833 0)
(1.0651 0.127097 0)
(1.05906 0.0719095 0)
(1.07705 0.0284008 0)
(1.09411 0.00434831 0)
(1.07354 -0.209507 0)
(1.22342 -0.0985574 0)
(1.33663 0.0642279 0)
(1.32366 0.223247 0)
(1.19902 0.235407 0)
(1.11374 0.177714 0)
(1.05783 0.120166 0)
(1.05521 0.0717257 0)
(1.07454 0.0303238 0)
(1.09339 0.00491454 0)
(1.08652 -0.209429 0)
(1.24404 -0.0858069 0)
(1.36244 0.0909293 0)
(1.32464 0.238056 0)
(1.20086 0.225651 0)
(1.10259 0.146536 0)
(1.05245 0.106609 0)
(1.05228 0.0700836 0)
(1.07197 0.0320201 0)
(1.09257 0.00553117 0)
(1.09884 -0.209687 0)
(1.26415 -0.073166 0)
(1.39552 0.128166 0)
(1.32184 0.246346 0)
(1.20019 0.180395 0)
(1.09344 0.115214 0)
(1.04831 0.0946298 0)
(1.05011 0.0666687 0)
(1.06932 0.0325197 0)
(1.09165 0.0060499 0)
(1.11201 -0.210202 0)
(1.29097 -0.0540131 0)
(1.41405 0.155946 0)
(1.32658 0.240115 0)
(1.19057 0.140616 0)
(1.08747 0.101332 0)
(1.04679 0.088366 0)
(1.04846 0.0623896 0)
(1.06677 0.0317303 0)
(1.0907 0.00637413 0)
(1.12686 -0.209396 0)
(1.31692 -0.0358737 0)
(1.42921 0.180515 0)
(1.32991 0.217669 0)
(1.1744 0.121324 0)
(1.08269 0.0983832 0)
(1.0448 0.0856234 0)
(1.04651 0.0588081 0)
(1.06456 0.0301967 0)
(1.08977 0.00645333 0)
(1.14336 -0.207842 0)
(1.34865 -0.0131128 0)
(1.44716 0.20156 0)
(1.3287 0.20847 0)
(1.15913 0.115709 0)
(1.07885 0.102629 0)
(1.04337 0.085045 0)
(1.04443 0.0561137 0)
(1.06273 0.0285667 0)
(1.08891 0.00636488 0)
(1.16339 -0.203247 0)
(1.38218 0.00934988 0)
(1.45844 0.218052 0)
(1.32711 0.20608 0)
(1.14982 0.120005 0)
(1.0753 0.109019 0)
(1.04168 0.0853509 0)
(1.04211 0.0540442 0)
(1.06102 0.0271511 0)
(1.08814 0.00618468 0)
(1.18471 -0.197153 0)
(1.41875 0.0321549 0)
(1.46713 0.240551 0)
(1.32273 0.209297 0)
(1.14098 0.12771 0)
(1.0705 0.115287 0)
(1.03936 0.0863277 0)
(1.03973 0.0523255 0)
(1.05938 0.0259785 0)
(1.08744 0.00598888 0)
(1.21048 -0.18576 0)
(1.45985 0.0617817 0)
(1.47036 0.26037 0)
(1.31288 0.219707 0)
(1.13259 0.134055 0)
(1.06449 0.119347 0)
(1.03607 0.0863312 0)
(1.03728 0.0506618 0)
(1.05785 0.0248338 0)
(1.08679 0.00576233 0)
(1.23481 -0.174114 0)
(1.49562 0.0910424 0)
(1.48385 0.292507 0)
(1.29986 0.232985 0)
(1.12211 0.138038 0)
(1.05818 0.119902 0)
(1.03208 0.0844557 0)
(1.03488 0.0485542 0)
(1.05643 0.0236056 0)
(1.08619 0.00550913 0)
(1.26606 -0.148989 0)
(1.5253 0.123754 0)
(1.50194 0.314585 0)
(1.28132 0.237376 0)
(1.1067 0.138049 0)
(1.04991 0.11609 0)
(1.02836 0.080346 0)
(1.03252 0.0459346 0)
(1.055 0.0223195 0)
(1.08564 0.0052231 0)
(1.29428 -0.12873 0)
(1.5587 0.163187 0)
(1.51893 0.337241 0)
(1.26342 0.248135 0)
(1.08873 0.143081 0)
(1.04088 0.110915 0)
(1.02432 0.0761372 0)
(1.03035 0.0429954 0)
(1.05359 0.0208045 0)
(1.08513 0.00489756 0)
(1.34032 -0.0777642 0)
(1.59782 0.204674 0)
(1.52978 0.340701 0)
(1.24196 0.254738 0)
(1.06897 0.147469 0)
(1.0307 0.107964 0)
(1.01907 0.0726554 0)
(1.0276 0.0403006 0)
(1.05217 0.0191578 0)
(1.08471 0.00450579 0)
(1.37556 -0.039192 0)
(1.61733 0.250233 0)
(1.54041 0.33189 0)
(1.22657 0.256121 0)
(1.04944 0.149458 0)
(1.01951 0.105061 0)
(1.0126 0.0692001 0)
(1.02463 0.0376619 0)
(1.05102 0.017422 0)
(1.08439 0.00407752 0)
(1.34016 0.069735 0)
(1.57268 0.240598 0)
(1.5511 0.307758 0)
(1.22408 0.246427 0)
(1.03072 0.148001 0)
(1.00639 0.101945 0)
(1.00521 0.0650845 0)
(1.02212 0.034802 0)
(1.05083 0.0154351 0)
(1.08426 0.00359999 0)
(1.09992 5.18416e-11 0)
(1.09999 1.97395e-11 0)
(1.1 4.35043e-12 0)
(1.1 8.63915e-12 0)
(1.1 1.15618e-11 0)
(1.1 1.02377e-11 0)
(1.1 5.02048e-12 0)
(1.1 1.30754e-12 0)
(1.1 7.56314e-14 0)
(1.09849 -2.74185e-14 0)
(1.09992 -4.38575e-12 0)
(1.09999 7.13624e-11 0)
(1.1 3.08215e-11 0)
(1.1 2.30026e-11 0)
(1.1 3.11377e-11 0)
(1.1 3.32654e-11 0)
(1.1 2.50704e-11 0)
(1.1 1.22711e-11 0)
(1.1 2.40544e-12 0)
(1.09849 -2.36723e-13 0)
(1.09992 -6.81073e-10 0)
(1.09999 3.41604e-09 0)
(1.1 5.96883e-10 0)
(1.1 2.45777e-11 0)
(1.1 3.24353e-11 0)
(1.1 3.76515e-11 0)
(1.1 3.41127e-11 0)
(1.1 2.49839e-11 0)
(1.1 1.17204e-11 0)
(1.09849 1.93135e-12 0)
(1.09992 -3.09684e-09 0)
(1.09999 1.64343e-07 0)
(1.1 2.00658e-09 0)
(1.1 -3.13216e-08 0)
(1.1 -3.19766e-08 0)
(1.1 -6.71638e-09 0)
(1.1 -5.54839e-11 0)
(1.1 2.85832e-11 0)
(1.1 2.31823e-11 0)
(1.09849 1.75723e-11 0)
(1.09992 4.4635e-07 0)
(1.09999 1.45093e-06 0)
(1.1 -1.86878e-06 0)
(1.1 -2.46103e-05 0)
(1.1 -2.60848e-05 0)
(1.1 -7.88892e-06 0)
(1.1 -2.38876e-07 0)
(1.1 -6.46274e-10 0)
(1.1 2.67722e-11 0)
(1.09849 3.51118e-11 0)
(1.09992 5.41196e-06 0)
(1.09998 4.32779e-06 0)
(1.09995 -0.000343475 0)
(1.09989 -0.00185042 0)
(1.09999 -0.00191246 0)
(1.10009 -0.00078187 0)
(1.10002 -5.15051e-05 0)
(1.1 -3.64355e-07 0)
(1.1 -6.39703e-10 0)
(1.09849 2.55341e-11 0)
(1.09992 1.62068e-05 0)
(1.09992 -0.000307043 0)
(1.09855 -0.00771857 0)
(1.09872 -0.0221095 0)
(1.09997 -0.0215612 0)
(1.10145 -0.0111802 0)
(1.10046 -0.00153006 0)
(1.10002 -3.08979e-05 0)
(1.1 -1.10931e-07 0)
(1.09849 -5.73314e-09 0)
(1.09992 1.66513e-05 0)
(1.0985 -0.00609715 0)
(1.09025 -0.0434733 0)
(1.09596 -0.0722777 0)
(1.101 -0.0665351 0)
(1.10615 -0.0408806 0)
(1.10307 -0.0103754 0)
(1.10025 -0.000570735 0)
(1.1 -4.78774e-06 0)
(1.09849 -4.48862e-07 0)
(1.09971 -0.0007311 0)
(1.08895 -0.0351127 0)
(1.07565 -0.0992745 0)
(1.09375 -0.11296 0)
(1.10537 -0.0986928 0)
(1.1134 -0.067161 0)
(1.10863 -0.0263717 0)
(1.10145 -0.00326118 0)
(1.10004 -6.65385e-05 0)
(1.0985 -8.63018e-06 0)
(1.09651 -0.00976382 0)
(1.06438 -0.0910017 0)
(1.06857 -0.137375 0)
(1.09497 -0.127 0)
(1.1126 -0.107981 0)
(1.12271 -0.0757706 0)
(1.1156 -0.0380788 0)
(1.10407 -0.00833366 0)
(1.10022 -0.000388808 0)
(1.09852 -3.47926e-05 0)
(1.08033 -0.0457004 0)
(1.03777 -0.143825 0)
(1.07204 -0.14854 0)
(1.09682 -0.132992 0)
(1.11893 -0.105892 0)
(1.12987 -0.0752368 0)
(1.12324 -0.0408783 0)
(1.10765 -0.0130045 0)
(1.10073 -0.00116907 0)
(1.09854 -6.93373e-05 0)
(1.0423 -0.10825 0)
(1.0301 -0.169984 0)
(1.07228 -0.155449 0)
(1.10356 -0.121778 0)
(1.12699 -0.0814216 0)
(1.1353 -0.0574586 0)
(1.128 -0.0378795 0)
(1.1119 -0.0149813 0)
(1.10164 -0.00225144 0)
(1.09857 -0.000119005 0)
(0.994891 -0.168108 0)
(1.03307 -0.1757 0)
(1.07788 -0.153407 0)
(1.11567 -0.09975 0)
(1.13595 -0.0467279 0)
(1.13866 -0.0252982 0)
(1.12913 -0.0223074 0)
(1.11488 -0.0135418 0)
(1.10306 -0.00310282 0)
(1.09864 -0.000193827 0)
(0.971032 -0.199418 0)
(1.03189 -0.183204 0)
(1.08834 -0.140004 0)
(1.131 -0.0764035 0)
(1.14566 -0.0196752 0)
(1.1396 0.00224674 0)
(1.12832 -0.00118428 0)
(1.11528 -0.006114 0)
(1.10436 -0.00275321 0)
(1.0988 -0.000261693 0)
(0.970076 -0.207547 0)
(1.03837 -0.183646 0)
(1.1034 -0.125735 0)
(1.1463 -0.055674 0)
(1.15624 0.00332395 0)
(1.14049 0.0244609 0)
(1.12739 0.0193669 0)
(1.1137 0.00585433 0)
(1.10439 -0.000428402 0)
(1.09896 -0.000182879 0)
(0.973359 -0.212918 0)
(1.05081 -0.174416 0)
(1.12091 -0.109533 0)
(1.16403 -0.0343414 0)
(1.1654 0.0251839 0)
(1.13932 0.0423188 0)
(1.1238 0.0357015 0)
(1.11037 0.0173056 0)
(1.10317 0.003315 0)
(1.09886 0.000111311 0)
(0.980504 -0.210936 0)
(1.06706 -0.16573 0)
(1.14038 -0.0933117 0)
(1.18118 -0.0124814 0)
(1.17391 0.0494094 0)
(1.14152 0.0652349 0)
(1.12203 0.0556257 0)
(1.10656 0.0299454 0)
(1.10121 0.00742588 0)
(1.09864 0.000483898 0)
(0.991186 -0.208237 0)
(1.08571 -0.15884 0)
(1.16208 -0.0772332 0)
(1.20325 0.0139946 0)
(1.1799 0.0765948 0)
(1.13937 0.0861822 0)
(1.1149 0.0715527 0)
(1.09949 0.0397726 0)
(1.09809 0.0113549 0)
(1.09827 0.000945103 0)
(1.00337 -0.207594 0)
(1.1088 -0.152019 0)
(1.18698 -0.060349 0)
(1.22292 0.040064 0)
(1.18365 0.106772 0)
(1.14011 0.112874 0)
(1.11006 0.0927988 0)
(1.09291 0.0520285 0)
(1.09454 0.0159892 0)
(1.09772 0.00158049 0)
(1.0159 -0.207825 0)
(1.12963 -0.145274 0)
(1.2144 -0.0427025 0)
(1.24955 0.0724859 0)
(1.18794 0.142114 0)
(1.13723 0.138142 0)
(1.10002 0.109506 0)
(1.0836 0.0601672 0)
(1.09011 0.0197183 0)
(1.09696 0.00223961 0)
(1.0159 0.207825 0)
(1.12963 0.145274 0)
(1.2144 0.0427025 0)
(1.24955 -0.0724859 0)
(1.18794 -0.142114 0)
(1.13723 -0.138142 0)
(1.10002 -0.109506 0)
(1.0836 -0.0601672 0)
(1.09011 -0.0197183 0)
(1.09696 -0.00223961 0)
(1.00337 0.207594 0)
(1.1088 0.152019 0)
(1.18698 0.060349 0)
(1.22292 -0.040064 0)
(1.18365 -0.106772 0)
(1.14011 -0.112874 0)
(1.11006 -0.0927988 0)
(1.09291 -0.0520285 0)
(1.09454 -0.0159892 0)
(1.09772 -0.00158049 0)
(0.991186 0.208237 0)
(1.08571 0.15884 0)
(1.16208 0.0772332 0)
(1.20325 -0.0139946 0)
(1.1799 -0.0765948 0)
(1.13937 -0.0861822 0)
(1.1149 -0.0715527 0)
(1.09949 -0.0397726 0)
(1.09809 -0.0113549 0)
(1.09827 -0.000945103 0)
(0.980504 0.210936 0)
(1.06706 0.16573 0)
(1.14038 0.0933117 0)
(1.18118 0.0124814 0)
(1.17391 -0.0494094 0)
(1.14152 -0.0652349 0)
(1.12203 -0.0556257 0)
(1.10656 -0.0299454 0)
(1.10121 -0.00742588 0)
(1.09864 -0.000483898 0)
(0.973359 0.212918 0)
(1.05081 0.174416 0)
(1.12091 0.109533 0)
(1.16403 0.0343414 0)
(1.1654 -0.0251839 0)
(1.13932 -0.0423188 0)
(1.1238 -0.0357015 0)
(1.11037 -0.0173056 0)
(1.10317 -0.003315 0)
(1.09886 -0.000111311 0)
(0.970076 0.207547 0)
(1.03837 0.183646 0)
(1.1034 0.125735 0)
(1.1463 0.055674 0)
(1.15624 -0.00332395 0)
(1.14049 -0.0244609 0)
(1.12739 -0.0193669 0)
(1.1137 -0.00585433 0)
(1.10439 0.000428402 0)
(1.09896 0.000182879 0)
(0.971032 0.199418 0)
(1.03189 0.183204 0)
(1.08834 0.140004 0)
(1.131 0.0764035 0)
(1.14566 0.0196752 0)
(1.1396 -0.00224674 0)
(1.12832 0.00118428 0)
(1.11528 0.006114 0)
(1.10436 0.00275321 0)
(1.0988 0.000261693 0)
(0.994891 0.168108 0)
(1.03307 0.1757 0)
(1.07788 0.153407 0)
(1.11567 0.09975 0)
(1.13595 0.0467279 0)
(1.13866 0.0252982 0)
(1.12913 0.0223074 0)
(1.11488 0.0135418 0)
(1.10306 0.00310282 0)
(1.09864 0.000193827 0)
(1.0423 0.10825 0)
(1.0301 0.169984 0)
(1.07228 0.155449 0)
(1.10356 0.121778 0)
(1.12699 0.0814216 0)
(1.1353 0.0574586 0)
(1.128 0.0378795 0)
(1.1119 0.0149813 0)
(1.10164 0.00225144 0)
(1.09857 0.000119005 0)
(1.08033 0.0457004 0)
(1.03777 0.143825 0)
(1.07204 0.14854 0)
(1.09682 0.132992 0)
(1.11893 0.105892 0)
(1.12987 0.0752368 0)
(1.12324 0.0408783 0)
(1.10765 0.0130045 0)
(1.10073 0.00116907 0)
(1.09854 6.93373e-05 0)
(1.09651 0.00976382 0)
(1.06438 0.0910017 0)
(1.06857 0.137375 0)
(1.09497 0.127 0)
(1.1126 0.107981 0)
(1.12271 0.0757706 0)
(1.1156 0.0380788 0)
(1.10407 0.00833366 0)
(1.10022 0.000388808 0)
(1.09852 3.47926e-05 0)
(1.09971 0.0007311 0)
(1.08895 0.0351127 0)
(1.07565 0.0992745 0)
(1.09375 0.11296 0)
(1.10537 0.0986928 0)
(1.1134 0.067161 0)
(1.10863 0.0263717 0)
(1.10145 0.00326118 0)
(1.10004 6.65385e-05 0)
(1.0985 8.63018e-06 0)
(1.09992 -1.66512e-05 0)
(1.0985 0.00609715 0)
(1.09025 0.0434733 0)
(1.09596 0.0722777 0)
(1.101 0.0665351 0)
(1.10615 0.0408806 0)
(1.10307 0.0103754 0)
(1.10025 0.000570735 0)
(1.1 4.78774e-06 0)
(1.09849 4.48862e-07 0)
(1.09992 -1.62067e-05 0)
(1.09992 0.000307043 0)
(1.09855 0.00771857 0)
(1.09872 0.0221095 0)
(1.09997 0.0215612 0)
(1.10145 0.0111802 0)
(1.10046 0.00153006 0)
(1.10002 3.08979e-05 0)
(1.1 1.10931e-07 0)
(1.09849 5.73324e-09 0)
(1.09992 -5.41189e-06 0)
(1.09998 -4.3276e-06 0)
(1.09995 0.000343475 0)
(1.09989 0.00185042 0)
(1.09999 0.00191246 0)
(1.10009 0.00078187 0)
(1.10002 5.15051e-05 0)
(1.1 3.64354e-07 0)
(1.1 6.39576e-10 0)
(1.09849 -2.57273e-11 0)
(1.09992 -4.45976e-07 0)
(1.09999 -1.45062e-06 0)
(1.1 1.86884e-06 0)
(1.1 2.46103e-05 0)
(1.1 2.60848e-05 0)
(1.1 7.88892e-06 0)
(1.1 2.38876e-07 0)
(1.1 6.45551e-10 0)
(1.1 -2.65566e-11 0)
(1.09849 -3.50738e-11 0)
(1.09992 3.59035e-09 0)
(1.09999 -1.63933e-07 0)
(1.1 -1.9524e-09 0)
(1.1 3.13244e-08 0)
(1.1 3.1976e-08 0)
(1.1 6.71638e-09 0)
(1.1 5.53284e-11 0)
(1.1 -2.88533e-11 0)
(1.1 -2.31265e-11 0)
(1.09849 -1.76515e-11 0)
(1.09992 1.16453e-09 0)
(1.09999 -3.11407e-09 0)
(1.1 -5.30075e-10 0)
(1.1 -2.27992e-11 0)
(1.1 -3.33576e-11 0)
(1.1 -3.76536e-11 0)
(1.1 -3.45981e-11 0)
(1.1 -2.5126e-11 0)
(1.1 -1.16976e-11 0)
(1.09849 -1.52754e-12 0)
(1.09992 4.19204e-10 0)
(1.09999 1.31173e-10 0)
(1.1 8.20195e-12 0)
(1.1 -2.01253e-11 0)
(1.1 -3.22935e-11 0)
(1.1 -3.37271e-11 0)
(1.1 -2.5239e-11 0)
(1.1 -1.23009e-11 0)
(1.1 -2.34672e-12 0)
(1.09849 5.22114e-13 0)
(1.09992 9.92987e-11 0)
(1.09999 6.81449e-11 0)
(1.1 1.01185e-11 0)
(1.1 -8.13921e-12 0)
(1.1 -1.22501e-11 0)
(1.1 -1.02475e-11 0)
(1.1 -5.06731e-12 0)
(1.1 -1.23125e-12 0)
(1.1 -3.10664e-14 0)
(1.09849 1.76756e-13 0)
(1.07304 0.0670887 0)
(1.02505 0.103198 0)
(0.899061 0.167811 0)
(0.848714 0.207271 0)
(0.835961 0.222325 0)
(0.845691 0.222576 0)
(0.861144 0.223354 0)
(0.880467 0.224866 0)
(0.905541 0.227782 0)
(0.936981 0.228129 0)
(1.09163 0.0311391 0)
(1.08628 0.0391531 0)
(1.03145 0.0806866 0)
(0.926591 0.158532 0)
(0.851987 0.20624 0)
(0.847493 0.218617 0)
(0.860567 0.224402 0)
(0.880881 0.226696 0)
(0.903551 0.228175 0)
(0.931306 0.226616 0)
(1.09765 0.0145578 0)
(1.09777 0.0156953 0)
(1.0925 0.0222824 0)
(1.04888 0.0614782 0)
(0.948989 0.137965 0)
(0.873151 0.196588 0)
(0.865864 0.220583 0)
(0.878931 0.226622 0)
(0.898972 0.227176 0)
(0.923906 0.225303 0)
(1.09971 0.00684928 0)
(1.09947 0.0073388 0)
(1.09968 0.00777736 0)
(1.09611 0.0121314 0)
(1.06339 0.0426786 0)
(0.979298 0.116606 0)
(0.900869 0.188309 0)
(0.888069 0.216586 0)
(0.899337 0.223215 0)
(0.92079 0.224313 0)
(1.09963 0.00332805 0)
(1.09951 0.00346282 0)
(1.09966 0.00338752 0)
(1.09992 0.00317254 0)
(1.09775 0.00553722 0)
(1.07563 0.0282449 0)
(1.00787 0.0952071 0)
(0.93403 0.169208 0)
(0.906511 0.209364 0)
(0.923577 0.218149 0)
(1.09963 0.000898171 0)
(1.09962 0.000924335 0)
(1.09964 0.00091155 0)
(1.09976 0.000799906 0)
(1.09979 0.000617992 0)
(1.09863 0.00196223 0)
(1.08491 0.0172399 0)
(1.03362 0.0726723 0)
(0.960822 0.149533 0)
(0.935479 0.200364 0)
(1.09978 8.22144e-05 0)
(1.09968 9.30048e-05 0)
(1.09965 0.000103335 0)
(1.09966 9.29409e-05 0)
(1.09968 5.56559e-05 0)
(1.09968 4.29087e-05 0)
(1.09917 0.000718819 0)
(1.09104 0.0105435 0)
(1.05251 0.0549922 0)
(0.987479 0.134161 0)
(1.09979 2.02378e-06 0)
(1.09969 2.14651e-06 0)
(1.09966 2.74352e-06 0)
(1.09966 2.65963e-06 0)
(1.09966 1.84096e-06 0)
(1.09967 1.62057e-06 0)
(1.09969 -8.12955e-06 0)
(1.09949 0.000337863 0)
(1.09489 0.00646275 0)
(1.06174 0.0453239 0)
(1.09979 5.04349e-08 0)
(1.09969 -5.30277e-08 0)
(1.09966 3.79706e-08 0)
(1.09966 -3.91781e-08 0)
(1.09966 1.31866e-07 0)
(1.09967 -1.04805e-07 0)
(1.09969 -6.53893e-07 0)
(1.09973 -9.53621e-06 0)
(1.09969 0.000152243 0)
(1.0962 0.00480637 0)
(1.09979 4.17849e-08 0)
(1.09969 -5.73345e-08 0)
(1.09966 3.8853e-08 0)
(1.09966 -7.50671e-08 0)
(1.09966 2.05669e-07 0)
(1.09967 -7.26055e-07 0)
(1.09969 1.51634e-06 0)
(1.09973 -4.40545e-06 0)
(1.09978 -1.20463e-06 0)
(1.09977 8.75524e-05 0)
(1.09979 3.41054e-08 0)
(1.09969 -4.86517e-08 0)
(1.09966 3.47186e-08 0)
(1.09966 -7.2185e-08 0)
(1.09966 2.23979e-07 0)
(1.09967 -8.14508e-07 0)
(1.09969 2.14129e-06 0)
(1.09973 -4.65912e-06 0)
(1.09978 8.30161e-06 0)
(1.09984 -2.90795e-05 0)
(1.09979 2.02801e-08 0)
(1.09969 -3.50973e-08 0)
(1.09966 2.50731e-08 0)
(1.09966 -5.38751e-08 0)
(1.09966 1.80538e-07 0)
(1.09967 -6.40591e-07 0)
(1.09969 1.67588e-06 0)
(1.09973 -3.70545e-06 0)
(1.09978 8.65497e-06 0)
(1.09984 -2.35611e-05 0)
(1.09979 6.61338e-09 0)
(1.09969 -2.17128e-08 0)
(1.09966 1.12835e-08 0)
(1.09966 -3.27139e-08 0)
(1.09966 9.22617e-08 0)
(1.09967 -3.2842e-07 0)
(1.09969 8.15489e-07 0)
(1.09973 -1.63805e-06 0)
(1.09977 3.02354e-06 0)
(1.09983 -3.00448e-06 0)
(1.09979 -2.74341e-09 0)
(1.09969 -1.25429e-08 0)
(1.09966 -2.14275e-10 0)
(1.09966 -1.59739e-08 0)
(1.09966 2.46563e-08 0)
(1.09967 -9.42013e-08 0)
(1.09969 1.77272e-07 0)
(1.09973 -2.4305e-07 0)
(1.09978 -1.89081e-08 0)
(1.09983 1.80191e-06 0)
(1.09979 -7.04412e-09 0)
(1.09969 -9.22956e-09 0)
(1.09966 -6.27401e-09 0)
(1.09966 -8.57823e-09 0)
(1.09966 -3.48859e-09 0)
(1.09967 -1.11733e-08 0)
(1.09969 -1.03356e-08 0)
(1.09973 5.96411e-08 0)
(1.09978 -2.72041e-07 0)
(1.09983 9.59564e-07 0)
(1.09979 -8.43762e-09 0)
(1.09969 -8.20388e-09 0)
(1.09966 -7.41611e-09 0)
(1.09966 -7.77869e-09 0)
(1.09966 -7.32631e-09 0)
(1.09967 -5.1595e-09 0)
(1.09969 -1.33869e-08 0)
(1.09973 2.59257e-08 0)
(1.09978 -9.62078e-08 0)
(1.09983 1.94215e-07 0)
(1.09979 -7.83008e-09 0)
(1.09969 -7.11469e-09 0)
(1.09966 -6.89846e-09 0)
(1.09966 -6.61508e-09 0)
(1.09966 -6.64499e-09 0)
(1.09967 -5.28856e-09 0)
(1.09969 -7.57106e-09 0)
(1.09973 2.79071e-09 0)
(1.09978 -1.3519e-08 0)
(1.09983 6.33233e-09 0)
(1.09979 -6.157e-09 0)
(1.09969 -5.67356e-09 0)
(1.09966 -5.45144e-09 0)
(1.09966 -5.24042e-09 0)
(1.09966 -5.18684e-09 0)
(1.09967 -4.57651e-09 0)
(1.09969 -4.35208e-09 0)
(1.09973 -2.50825e-09 0)
(1.09978 -2.11155e-09 0)
(1.09983 -7.44354e-10 0)
(1.09979 -3.98345e-09 0)
(1.09969 -3.67101e-09 0)
(1.09966 -3.49806e-09 0)
(1.09966 -3.46792e-09 0)
(1.09966 -3.41133e-09 0)
(1.09967 -3.15996e-09 0)
(1.09969 -2.58284e-09 0)
(1.09973 -1.96321e-09 0)
(1.09978 -9.87439e-10 0)
(1.09983 -2.51176e-10 0)
(1.09979 -2.19001e-09 0)
(1.09969 -1.99374e-09 0)
(1.09966 -1.81436e-09 0)
(1.09966 -1.76954e-09 0)
(1.09966 -1.67679e-09 0)
(1.09967 -1.50278e-09 0)
(1.09969 -1.20976e-09 0)
(1.09973 -1.09868e-09 0)
(1.09978 -6.90928e-10 0)
(1.09983 -1.87027e-10 0)
(1.16411 -1.17788e-11 0)
(1.14372 3.41054e-10 0)
(1.13787 -3.49196e-09 0)
(1.13355 2.92171e-08 0)
(1.12902 -2.21532e-07 0)
(1.12395 1.54429e-06 0)
(1.11828 -9.59785e-06 0)
(1.11181 4.44194e-05 0)
(1.10367 -0.000104549 0)
(1.08936 0.0339439 0)
(1.16411 -1.17286e-11 0)
(1.14372 3.47229e-10 0)
(1.13787 -3.64826e-09 0)
(1.13355 3.12375e-08 0)
(1.12902 -2.44186e-07 0)
(1.12395 1.74969e-06 0)
(1.11828 -1.11298e-05 0)
(1.1118 6.25915e-05 0)
(1.10368 -0.000210777 0)
(1.0959 0.0181621 0)
(1.16411 -1.07384e-11 0)
(1.14372 3.25053e-10 0)
(1.13787 -3.5016e-09 0)
(1.13355 3.09473e-08 0)
(1.12902 -2.51605e-07 0)
(1.12395 1.94627e-06 0)
(1.11828 -1.44154e-05 0)
(1.11177 8.98999e-05 0)
(1.10385 -0.000387929 0)
(1.09928 0.00897348 0)
(1.16411 -8.7065e-12 0)
(1.14372 2.77285e-10 0)
(1.13787 -3.08763e-09 0)
(1.13355 2.83109e-08 0)
(1.12902 -2.4008e-07 0)
(1.12395 1.96331e-06 0)
(1.11829 -1.57353e-05 0)
(1.11173 0.00011925 0)
(1.10423 -0.000810144 0)
(1.10044 0.0043352 0)
(1.16411 -6.45529e-12 0)
(1.14372 2.09142e-10 0)
(1.13787 -2.40534e-09 0)
(1.13355 2.271e-08 0)
(1.12902 -1.96158e-07 0)
(1.12395 1.59565e-06 0)
(1.11829 -1.23368e-05 0)
(1.1117 8.8196e-05 0)
(1.10463 -0.000538186 0)
(1.10114 0.00142374 0)
(1.16411 -3.93045e-12 0)
(1.14372 1.29317e-10 0)
(1.13787 -1.52651e-09 0)
(1.13355 1.46472e-08 0)
(1.12902 -1.27952e-07 0)
(1.12395 1.05686e-06 0)
(1.11829 -8.33939e-06 0)
(1.11168 5.78686e-05 0)
(1.10479 -0.000266432 0)
(1.10138 0.000257125 0)
(1.16411 -1.59934e-12 0)
(1.14372 5.50237e-11 0)
(1.13787 -6.70461e-10 0)
(1.13355 6.50527e-09 0)
(1.12902 -5.6269e-08 0)
(1.12395 4.44627e-07 0)
(1.11829 -3.17541e-06 0)
(1.11168 1.84043e-05 0)
(1.10478 -5.9764e-05 0)
(1.10143 1.39668e-05 0)
(1.16411 -4.11225e-13 0)
(1.14372 1.11585e-11 0)
(1.13787 -1.35381e-10 0)
(1.13355 1.29773e-09 0)
(1.12902 -1.08377e-08 0)
(1.12395 8.00536e-08 0)
(1.11829 -5.0397e-07 0)
(1.11168 2.3177e-06 0)
(1.10477 -4.79165e-06 0)
(1.10144 1.7737e-08 0)
(1.16411 -1.26679e-13 0)
(1.14372 4.73801e-13 0)
(1.13787 -7.58247e-12 0)
(1.13355 7.27717e-11 0)
(1.12902 -5.72527e-10 0)
(1.12395 3.7975e-09 0)
(1.11829 -1.99597e-08 0)
(1.11168 6.84198e-08 0)
(1.10477 -8.61932e-08 0)
(1.10144 4.59288e-09 0)
(1.16411 -3.94035e-14 0)
(1.14372 -1.69747e-13 0)
(1.13787 -5.62988e-14 0)
(1.13355 1.27957e-12 0)
(1.12902 -9.0854e-12 0)
(1.12395 4.92222e-11 0)
(1.11829 -2.24709e-10 0)
(1.11168 9.09734e-10 0)
(1.10477 -3.85744e-09 0)
(1.10144 8.77141e-09 0)
(1.16411 8.2607e-14 0)
(1.14372 -6.11097e-14 0)
(1.13787 -1.03964e-14 0)
(1.13355 9.13198e-13 0)
(1.12902 -4.9111e-12 0)
(1.12395 2.19968e-11 0)
(1.11829 -1.03355e-10 0)
(1.11168 5.08088e-10 0)
(1.10477 -2.46594e-09 0)
(1.10144 7.59897e-09 0)
(1.16411 2.25619e-13 0)
(1.14372 5.58989e-14 0)
(1.13787 -1.79139e-13 0)
(1.13355 1.15113e-12 0)
(1.12902 -5.35972e-12 0)
(1.12395 2.21443e-11 0)
(1.11829 -1.0022e-10 0)
(1.11168 4.81009e-10 0)
(1.10477 -2.15184e-09 0)
(1.10144 5.91788e-09 0)
(1.16411 1.66566e-13 0)
(1.14372 5.76537e-14 0)
(1.13787 -3.84795e-13 0)
(1.13355 1.36444e-12 0)
(1.12902 -6.03352e-12 0)
(1.12395 2.29016e-11 0)
(1.11829 -1.00892e-10 0)
(1.11168 4.7148e-10 0)
(1.10477 -2.17308e-09 0)
(1.10144 6.01742e-09 0)
(1.16411 -8.92536e-14 0)
(1.14372 4.70208e-14 0)
(1.13787 -5.42136e-13 0)
(1.13355 1.58973e-12 0)
(1.12902 -6.31386e-12 0)
(1.12395 2.21062e-11 0)
(1.11829 -9.22059e-11 0)
(1.11168 4.24284e-10 0)
(1.10477 -2.03916e-09 0)
(1.10144 6.49565e-09 0)
(1.16411 -2.04769e-13 0)
(1.14372 -2.01202e-14 0)
(1.13787 -6.75882e-13 0)
(1.13355 1.60817e-12 0)
(1.12902 -5.5464e-12 0)
(1.12395 1.71954e-11 0)
(1.11829 -6.69574e-11 0)
(1.11168 3.28274e-10 0)
(1.10477 -1.80579e-09 0)
(1.10144 6.62679e-09 0)
(1.16411 -2.30743e-13 0)
(1.14372 5.90961e-14 0)
(1.13787 -6.55098e-13 0)
(1.13355 1.46494e-12 0)
(1.12902 -4.41007e-12 0)
(1.12395 1.13481e-11 0)
(1.11829 -3.85343e-11 0)
(1.11168 2.13633e-10 0)
(1.10477 -1.50469e-09 0)
(1.10144 6.38655e-09 0)
(1.16411 -2.59204e-13 0)
(1.14372 2.10608e-13 0)
(1.13787 -4.51614e-13 0)
(1.13355 1.2253e-12 0)
(1.12902 -2.95296e-12 0)
(1.12395 4.96141e-12 0)
(1.11829 -7.14454e-12 0)
(1.11168 7.80768e-11 0)
(1.10477 -1.07426e-09 0)
(1.10144 5.54963e-09 0)
(1.16411 -2.885e-13 0)
(1.14372 2.6056e-13 0)
(1.13787 -3.00132e-13 0)
(1.13355 1.11456e-12 0)
(1.12902 -2.29405e-12 0)
(1.12395 3.96942e-12 0)
(1.11829 -5.25309e-12 0)
(1.11168 7.47981e-11 0)
(1.10477 -9.28077e-10 0)
(1.10144 4.35992e-09 0)
(1.16411 -4.18189e-13 0)
(1.14372 -9.76169e-15 0)
(1.13787 -1.90596e-13 0)
(1.13355 6.25893e-13 0)
(1.12902 -1.17806e-12 0)
(1.12395 1.38732e-12 0)
(1.11829 4.3233e-12 0)
(1.11168 1.86288e-12 0)
(1.10477 -3.74452e-10 0)
(1.10144 2.53383e-09 0)
(1.16411 -1.38702e-13 0)
(1.14372 -4.19235e-14 0)
(1.13787 -8.83517e-14 0)
(1.13355 5.10673e-13 0)
(1.12902 -1.40504e-12 0)
(1.12395 2.7682e-12 0)
(1.11829 -6.36895e-12 0)
(1.11168 4.95287e-11 0)
(1.10477 -4.64595e-10 0)
(1.10144 1.8964e-09 0)
(1.16411 7.92921e-14 0)
(1.14372 -9.87377e-14 0)
(1.13787 -9.89741e-14 0)
(1.13355 -6.16305e-13 0)
(1.12902 1.93632e-12 0)
(1.12395 -6.88805e-12 0)
(1.11829 2.55352e-11 0)
(1.11168 -8.23209e-11 0)
(1.10477 2.42162e-10 0)
(1.10144 -5.07411e-10 0)
(1.16411 1.60028e-13 0)
(1.14372 -1.45071e-13 0)
(1.13787 -1.84627e-13 0)
(1.13355 -9.52455e-13 0)
(1.12902 3.38516e-12 0)
(1.12395 -1.42308e-11 0)
(1.11829 5.03428e-11 0)
(1.11168 -1.81931e-10 0)
(1.10477 6.23618e-10 0)
(1.10144 -1.56799e-09 0)
(1.16411 9.4685e-14 0)
(1.14372 -3.49832e-14 0)
(1.13787 -1.35214e-13 0)
(1.13355 -1.39633e-12 0)
(1.12902 5.55128e-12 0)
(1.12395 -2.30369e-11 0)
(1.11829 8.19179e-11 0)
(1.11168 -2.88241e-10 0)
(1.10477 9.7847e-10 0)
(1.10144 -2.46904e-09 0)
(1.16411 2.2292e-13 0)
(1.14372 2.42906e-14 0)
(1.13787 -1.17271e-13 0)
(1.13355 -1.54633e-12 0)
(1.12902 7.04939e-12 0)
(1.12395 -2.89331e-11 0)
(1.11829 1.05037e-10 0)
(1.11168 -3.70955e-10 0)
(1.10477 1.26653e-09 0)
(1.10144 -3.24337e-09 0)
(1.16411 2.69878e-13 0)
(1.14372 1.18762e-13 0)
(1.13787 -1.41372e-13 0)
(1.13355 -1.57448e-12 0)
(1.12902 7.8953e-12 0)
(1.12395 -3.22966e-11 0)
(1.11829 1.17829e-10 0)
(1.11168 -4.15412e-10 0)
(1.10477 1.45493e-09 0)
(1.10144 -3.85676e-09 0)
(1.16411 4.99105e-14 0)
(1.14372 1.49462e-13 0)
(1.13787 -2.54847e-13 0)
(1.13355 -1.40086e-12 0)
(1.12902 8.04044e-12 0)
(1.12395 -3.23926e-11 0)
(1.11829 1.1809e-10 0)
(1.11168 -4.1506e-10 0)
(1.10477 1.51578e-09 0)
(1.10144 -4.23753e-09 0)
(1.16411 2.10461e-14 0)
(1.14372 9.1798e-14 0)
(1.13787 -3.21504e-13 0)
(1.13355 -1.04665e-12 0)
(1.12902 7.64506e-12 0)
(1.12395 -3.07743e-11 0)
(1.11829 1.1347e-10 0)
(1.11168 -4.10937e-10 0)
(1.10477 1.51662e-09 0)
(1.10144 -4.40286e-09 0)
(1.16411 9.50777e-14 0)
(1.14372 1.55631e-13 0)
(1.13787 -1.92423e-13 0)
(1.13355 -9.85263e-13 0)
(1.12902 6.75598e-12 0)
(1.12395 -2.70094e-11 0)
(1.11829 9.98764e-11 0)
(1.11168 -3.81872e-10 0)
(1.10477 1.62627e-09 0)
(1.10144 -4.71464e-09 0)
(1.16411 -5.88245e-14 0)
(1.14372 1.53722e-13 0)
(1.13787 -3.44723e-13 0)
(1.13355 -7.77141e-13 0)
(1.12902 5.84432e-12 0)
(1.12395 -2.40059e-11 0)
(1.11829 9.08621e-11 0)
(1.11168 -3.82279e-10 0)
(1.10477 1.81565e-09 0)
(1.10144 -5.60816e-09 0)
(1.16411 -5.32862e-14 0)
(1.14372 9.05242e-14 0)
(1.13787 -3.67271e-13 0)
(1.13355 -6.95646e-13 0)
(1.12902 5.40345e-12 0)
(1.12395 -2.25166e-11 0)
(1.11829 8.83485e-11 0)
(1.11168 -4.16987e-10 0)
(1.10477 2.30999e-09 0)
(1.10144 -7.80585e-09 0)
(1.16411 3.8476e-14 0)
(1.14372 2.23274e-13 0)
(1.13787 -2.15714e-14 0)
(1.13355 -1.48876e-12 0)
(1.12902 9.89896e-12 0)
(1.12395 -5.231e-11 0)
(1.11829 2.25133e-10 0)
(1.11168 -8.51833e-10 0)
(1.10477 3.55957e-09 0)
(1.10144 -9.56651e-09 0)
(1.16411 -5.36271e-14 0)
(1.14372 -3.0335e-13 0)
(1.13787 7.7222e-12 0)
(1.13355 -7.32056e-11 0)
(1.12902 5.74728e-10 0)
(1.12395 -3.79757e-09 0)
(1.11829 1.99096e-08 0)
(1.11168 -6.81102e-08 0)
(1.10477 8.60204e-08 0)
(1.10144 -5.86373e-09 0)
(1.16411 2.41575e-13 0)
(1.14372 -1.11082e-11 0)
(1.13787 1.34916e-10 0)
(1.13355 -1.29851e-09 0)
(1.12902 1.08392e-08 0)
(1.12395 -8.00615e-08 0)
(1.11829 5.04005e-07 0)
(1.11168 -2.31787e-06 0)
(1.10477 4.79171e-06 0)
(1.10144 -1.89618e-08 0)
(1.16411 1.61969e-12 0)
(1.14372 -5.52975e-11 0)
(1.13787 6.69915e-10 0)
(1.13355 -6.50491e-09 0)
(1.12902 5.6269e-08 0)
(1.12395 -4.44621e-07 0)
(1.11829 3.17533e-06 0)
(1.11168 -1.84038e-05 0)
(1.10478 5.97621e-05 0)
(1.10143 -1.39647e-05 0)
(1.16411 3.8287e-12 0)
(1.14372 -1.29455e-10 0)
(1.13787 1.52643e-09 0)
(1.13355 -1.4647e-08 0)
(1.12902 1.27952e-07 0)
(1.12395 -1.05686e-06 0)
(1.11829 8.33937e-06 0)
(1.11168 -5.78685e-05 0)
(1.10479 0.000266432 0)
(1.10138 -0.000257123 0)
(1.16411 6.43421e-12 0)
(1.14372 -2.09466e-10 0)
(1.13787 2.40513e-09 0)
(1.13355 -2.27099e-08 0)
(1.12902 1.96159e-07 0)
(1.12395 -1.59565e-06 0)
(1.11829 1.23368e-05 0)
(1.1117 -8.8196e-05 0)
(1.10463 0.000538186 0)
(1.10114 -0.00142374 0)
(1.16411 8.8456e-12 0)
(1.14372 -2.77507e-10 0)
(1.13787 3.08729e-09 0)
(1.13355 -2.83105e-08 0)
(1.12902 2.4008e-07 0)
(1.12395 -1.96331e-06 0)
(1.11829 1.57354e-05 0)
(1.11173 -0.00011925 0)
(1.10423 0.000810144 0)
(1.10044 -0.0043352 0)
(1.16411 1.06038e-11 0)
(1.14372 -3.25197e-10 0)
(1.13787 3.50118e-09 0)
(1.13355 -3.09468e-08 0)
(1.12902 2.51605e-07 0)
(1.12395 -1.94627e-06 0)
(1.11828 1.44154e-05 0)
(1.11177 -8.99e-05 0)
(1.10385 0.000387929 0)
(1.09928 -0.00897348 0)
(1.16411 1.16627e-11 0)
(1.14372 -3.46997e-10 0)
(1.13787 3.64784e-09 0)
(1.13355 -3.12371e-08 0)
(1.12902 2.44185e-07 0)
(1.12395 -1.74969e-06 0)
(1.11828 1.11299e-05 0)
(1.1118 -6.25915e-05 0)
(1.10368 0.000210777 0)
(1.0959 -0.0181621 0)
(1.16411 1.18247e-11 0)
(1.14372 -3.4085e-10 0)
(1.13787 3.49151e-09 0)
(1.13355 -2.92165e-08 0)
(1.12902 2.2153e-07 0)
(1.12395 -1.54429e-06 0)
(1.11828 9.59784e-06 0)
(1.11181 -4.44194e-05 0)
(1.10367 0.000104549 0)
(1.08936 -0.0339439 0)
(1.09979 3.91964e-10 0)
(1.09969 4.60461e-10 0)
(1.09966 4.59733e-10 0)
(1.09966 4.44095e-10 0)
(1.09966 4.14514e-10 0)
(1.09967 3.81095e-10 0)
(1.09969 2.83475e-10 0)
(1.09973 2.72979e-10 0)
(1.09978 1.47597e-10 0)
(1.09983 6.41451e-11 0)
(1.09979 1.49522e-09 0)
(1.09969 1.68746e-09 0)
(1.09966 1.73711e-09 0)
(1.09966 1.63986e-09 0)
(1.09966 1.53552e-09 0)
(1.09967 1.31709e-09 0)
(1.09969 9.4159e-10 0)
(1.09973 6.65371e-10 0)
(1.09978 3.54527e-10 0)
(1.09983 1.29833e-10 0)
(1.09979 2.42537e-09 0)
(1.09969 2.56387e-09 0)
(1.09966 2.69019e-09 0)
(1.09966 2.51434e-09 0)
(1.09966 2.42622e-09 0)
(1.09967 1.95575e-09 0)
(1.09969 1.83601e-09 0)
(1.09973 6.65047e-10 0)
(1.09978 7.5e-10 0)
(1.09983 1.95624e-10 0)
(1.09979 3.22283e-09 0)
(1.09969 3.24787e-09 0)
(1.09966 3.37272e-09 0)
(1.09966 3.15486e-09 0)
(1.09966 3.1489e-09 0)
(1.09967 2.02711e-09 0)
(1.09969 4.65233e-09 0)
(1.09973 -5.02107e-09 0)
(1.09978 1.1931e-08 0)
(1.09983 -6.70232e-09 0)
(1.09979 3.79568e-09 0)
(1.09969 4.03371e-09 0)
(1.09966 3.81715e-09 0)
(1.09966 3.86685e-09 0)
(1.09966 3.69801e-09 0)
(1.09967 1.56281e-09 0)
(1.09969 1.0223e-08 0)
(1.09973 -2.83776e-08 0)
(1.09978 9.45604e-08 0)
(1.09983 -1.95008e-07 0)
(1.09979 3.70319e-09 0)
(1.09969 5.69094e-09 0)
(1.09966 3.22952e-09 0)
(1.09966 5.81141e-09 0)
(1.09966 7.63609e-10 0)
(1.09967 8.85953e-09 0)
(1.09969 8.23448e-09 0)
(1.09973 -6.1554e-08 0)
(1.09978 2.706e-07 0)
(1.09983 -9.60098e-07 0)
(1.09979 5.23571e-10 0)
(1.09969 1.04239e-08 0)
(1.09966 -1.90863e-09 0)
(1.09966 1.39709e-08 0)
(1.09966 -2.65722e-08 0)
(1.09967 9.25769e-08 0)
(1.09969 -1.78316e-07 0)
(1.09973 2.42368e-07 0)
(1.09978 1.8608e-08 0)
(1.09983 -1.80218e-06 0)
(1.09979 -7.76072e-09 0)
(1.09969 2.08286e-08 0)
(1.09966 -1.25844e-08 0)
(1.09966 3.14294e-08 0)
(1.09966 -9.345e-08 0)
(1.09967 3.2738e-07 0)
(1.09969 -8.1628e-07 0)
(1.09973 1.63772e-06 0)
(1.09977 -3.02373e-06 0)
(1.09983 3.00427e-06 0)
(1.09979 -1.9867e-08 0)
(1.09969 3.49411e-08 0)
(1.09966 -2.50783e-08 0)
(1.09966 5.38979e-08 0)
(1.09966 -1.80431e-07 0)
(1.09967 6.40707e-07 0)
(1.09969 -1.6757e-06 0)
(1.09973 3.70571e-06 0)
(1.09978 -8.65483e-06 0)
(1.09984 2.3561e-05 0)
(1.09979 -3.27381e-08 0)
(1.09969 4.94846e-08 0)
(1.09966 -3.41592e-08 0)
(1.09966 7.28385e-08 0)
(1.09966 -2.23322e-07 0)
(1.09967 8.15205e-07 0)
(1.09969 -2.14068e-06 0)
(1.09973 4.65969e-06 0)
(1.09978 -8.30137e-06 0)
(1.09984 2.90795e-05 0)
(1.09979 -3.95744e-08 0)
(1.09969 5.89984e-08 0)
(1.09966 -3.72649e-08 0)
(1.09966 7.66149e-08 0)
(1.09966 -2.04269e-07 0)
(1.09967 7.27444e-07 0)
(1.09969 -1.51516e-06 0)
(1.09973 4.40641e-06 0)
(1.09978 1.20504e-06 0)
(1.09977 -8.75522e-05 0)
(1.09979 -4.72785e-08 0)
(1.09969 5.51828e-08 0)
(1.09966 -3.57704e-08 0)
(1.09966 4.13406e-08 0)
(1.09966 -1.29686e-07 0)
(1.09967 1.06823e-07 0)
(1.09969 6.55479e-07 0)
(1.09973 9.53721e-06 0)
(1.09969 -0.000152242 0)
(1.0962 -0.00480637 0)
(1.09979 -2.02185e-06 0)
(1.09969 -2.14463e-06 0)
(1.09966 -2.74196e-06 0)
(1.09966 -2.65807e-06 0)
(1.09966 -1.83908e-06 0)
(1.09967 -1.61857e-06 0)
(1.09969 8.13114e-06 0)
(1.09949 -0.000337862 0)
(1.09489 -0.00646275 0)
(1.06174 -0.0453239 0)
(1.09978 -8.22132e-05 0)
(1.09968 -9.30034e-05 0)
(1.09965 -0.000103335 0)
(1.09966 -9.29407e-05 0)
(1.09968 -5.56561e-05 0)
(1.09968 -4.29084e-05 0)
(1.09917 -0.000718818 0)
(1.09104 -0.0105435 0)
(1.05251 -0.0549922 0)
(0.987479 -0.134161 0)
(1.09963 -0.000898173 0)
(1.09962 -0.000924338 0)
(1.09964 -0.000911552 0)
(1.09976 -0.000799908 0)
(1.09979 -0.000617994 0)
(1.09863 -0.00196223 0)
(1.08491 -0.0172399 0)
(1.03362 -0.0726723 0)
(0.960822 -0.149533 0)
(0.935479 -0.200364 0)
(1.09963 -0.00332805 0)
(1.09951 -0.00346282 0)
(1.09966 -0.00338753 0)
(1.09992 -0.00317254 0)
(1.09775 -0.00553722 0)
(1.07563 -0.0282449 0)
(1.00787 -0.0952071 0)
(0.93403 -0.169208 0)
(0.906511 -0.209364 0)
(0.923577 -0.218149 0)
(1.09971 -0.00684928 0)
(1.09947 -0.0073388 0)
(1.09968 -0.00777736 0)
(1.09611 -0.0121314 0)
(1.06339 -0.0426786 0)
(0.979298 -0.116606 0)
(0.900869 -0.188309 0)
(0.888069 -0.216586 0)
(0.899337 -0.223215 0)
(0.92079 -0.224313 0)
(1.09765 -0.0145578 0)
(1.09777 -0.0156953 0)
(1.0925 -0.0222824 0)
(1.04888 -0.0614782 0)
(0.948989 -0.137965 0)
(0.873151 -0.196588 0)
(0.865864 -0.220583 0)
(0.878931 -0.226622 0)
(0.898972 -0.227176 0)
(0.923906 -0.225303 0)
(1.09163 -0.0311391 0)
(1.08628 -0.0391531 0)
(1.03145 -0.0806866 0)
(0.926591 -0.158532 0)
(0.851987 -0.20624 0)
(0.847493 -0.218617 0)
(0.860567 -0.224402 0)
(0.880881 -0.226696 0)
(0.903551 -0.228175 0)
(0.931306 -0.226616 0)
(1.07304 -0.0670887 0)
(1.02505 -0.103198 0)
(0.899061 -0.167811 0)
(0.848714 -0.207271 0)
(0.835961 -0.222325 0)
(0.845691 -0.222576 0)
(0.861144 -0.223354 0)
(0.880467 -0.224866 0)
(0.905541 -0.227782 0)
(0.936981 -0.228129 0)
)
;

boundaryField
{
    inlet
    {
        type            uniformFixedValue;
        uniformValue    table;
        uniformValueCoeffs
        {
            values
2
(
(0 (1.1 0 0))
(6 (3 0 0))
)
;
        }
        value           uniform (1.195 0 0);
    }
    outlet
    {
        type            inletOutlet;
        inletValue      uniform (3 0 0);
        value           nonuniform List<vector> 
100
(
(1.09696 -0.00223961 0)
(1.09772 -0.00158049 0)
(1.09827 -0.000945103 0)
(1.09864 -0.000483898 0)
(1.09886 -0.000111311 0)
(1.09896 0.000182879 0)
(1.0988 0.000261693 0)
(1.09864 0.000193827 0)
(1.09857 0.000119005 0)
(1.09854 6.93373e-05 0)
(1.09852 3.47926e-05 0)
(1.0985 8.63018e-06 0)
(1.09849 4.48862e-07 0)
(1.09849 5.73324e-09 0)
(1.09849 -2.57273e-11 0)
(1.09849 -3.50738e-11 0)
(1.09849 -1.76515e-11 0)
(1.09849 -1.52754e-12 0)
(1.09849 5.22114e-13 0)
(1.09849 1.76756e-13 0)
(1.08426 -0.00359999 0)
(1.08439 -0.00407752 0)
(1.08471 -0.00450579 0)
(1.08513 -0.00489756 0)
(1.08564 -0.0052231 0)
(1.08619 -0.00550913 0)
(1.08679 -0.00576233 0)
(1.08744 -0.00598888 0)
(1.08814 -0.00618468 0)
(1.08891 -0.00636488 0)
(1.08977 -0.00645333 0)
(1.0907 -0.00637413 0)
(1.09165 -0.0060499 0)
(1.09257 -0.00553117 0)
(1.09339 -0.00491454 0)
(1.09411 -0.00434831 0)
(1.09474 -0.00386951 0)
(1.09531 -0.00347585 0)
(1.09585 -0.0031133 0)
(1.09633 -0.0027704 0)
(1.08401 0.00326189 0)
(1.08398 0.00288151 0)
(1.08375 0.00259799 0)
(1.08341 0.0023297 0)
(1.08318 0.00198492 0)
(1.08314 0.00159267 0)
(1.08303 0.00124865 0)
(1.0832 0.000858737 0)
(1.08319 0.000519501 0)
(1.08305 0.000185589 0)
(1.08305 -0.000185589 0)
(1.08319 -0.000519501 0)
(1.0832 -0.000858737 0)
(1.08303 -0.00124865 0)
(1.08314 -0.00159267 0)
(1.08318 -0.00198492 0)
(1.08341 -0.0023297 0)
(1.08375 -0.00259799 0)
(1.08398 -0.00288151 0)
(1.08401 -0.00326189 0)
(1.09633 0.0027704 0)
(1.09585 0.0031133 0)
(1.09531 0.00347585 0)
(1.09474 0.00386951 0)
(1.09411 0.00434831 0)
(1.09339 0.00491454 0)
(1.09257 0.00553117 0)
(1.09165 0.0060499 0)
(1.0907 0.00637413 0)
(1.08977 0.00645333 0)
(1.08891 0.00636488 0)
(1.08814 0.00618468 0)
(1.08744 0.00598888 0)
(1.08679 0.00576233 0)
(1.08619 0.00550913 0)
(1.08564 0.0052231 0)
(1.08513 0.00489756 0)
(1.08471 0.00450579 0)
(1.08439 0.00407752 0)
(1.08426 0.00359999 0)
(1.09849 -2.74185e-14 0)
(1.09849 -2.36723e-13 0)
(1.09849 1.93135e-12 0)
(1.09849 1.75723e-11 0)
(1.09849 3.51118e-11 0)
(1.09849 2.55341e-11 0)
(1.09849 -5.73314e-09 0)
(1.09849 -4.48862e-07 0)
(1.0985 -8.63018e-06 0)
(1.09852 -3.47926e-05 0)
(1.09854 -6.93373e-05 0)
(1.09857 -0.000119005 0)
(1.09864 -0.000193827 0)
(1.0988 -0.000261693 0)
(1.09896 -0.000182879 0)
(1.09886 0.000111311 0)
(1.09864 0.000483898 0)
(1.09827 0.000945103 0)
(1.09772 0.00158049 0)
(1.09696 0.00223961 0)
)
;
    }
    triangle
    {
        type            slip;
    }
    top
    {
        type            symmetryPlane;
    }
    bottom
    {
        type            symmetryPlane;
    }
    defaultFaces
    {
        type            empty;
    }
}


// ************************************************************************* //
