/*--------------------------------*- C++ -*----------------------------------*\
  =========                 |
  \\      /  F ield         | OpenFOAM: The Open Source CFD Toolbox
   \\    /   O peration     | Website:  https://openfoam.org
    \\  /    A nd           | Version:  8
     \\/     M anipulation  |
\*---------------------------------------------------------------------------*/
FoamFile
{
    version     2.0;
    format      ascii;
    class       vectorField;
    location    "constant/polyMesh";
    object      points;
}
// * * * * * * * * * * * * * * * * * * * * * * * * * * * * * * * * * * * * * //


760
(
(0.2068327559 -0.05773502692 -0.005)
(0.2676956813 -0.05773502692 -0.005)
(0.3334312766 -0.05773502692 -0.005)
(0.4044296465 -0.05773502692 -0.005)
(0.4811121273 -0.05773502692 -0.005)
(0.5639337875 -0.05773502692 -0.005)
(0.6533861282 -0.05773502692 -0.005)
(0.75 -0.05773502692 -0.005)
(0.2068327559 -0.05196152423 -0.005)
(0.2676956813 -0.05196152423 -0.005)
(0.3334312766 -0.05196152423 -0.005)
(0.4044296465 -0.05196152423 -0.005)
(0.4811121273 -0.05196152423 -0.005)
(0.5639337875 -0.05196152423 -0.005)
(0.6533861282 -0.05196152423 -0.005)
(0.75 -0.05196152423 -0.005)
(0.2068327559 -0.04618802154 -0.005)
(0.2676956813 -0.04618802154 -0.005)
(0.3334312766 -0.04618802154 -0.005)
(0.4044296465 -0.04618802154 -0.005)
(0.4811121273 -0.04618802154 -0.005)
(0.5639337875 -0.04618802154 -0.005)
(0.6533861282 -0.04618802154 -0.005)
(0.75 -0.04618802154 -0.005)
(0.2068327559 -0.04041451884 -0.005)
(0.2676956813 -0.04041451884 -0.005)
(0.3334312766 -0.04041451884 -0.005)
(0.4044296465 -0.04041451884 -0.005)
(0.4811121273 -0.04041451884 -0.005)
(0.5639337875 -0.04041451884 -0.005)
(0.6533861282 -0.04041451884 -0.005)
(0.75 -0.04041451884 -0.005)
(0.2068327559 -0.03464101615 -0.005)
(0.2676956813 -0.03464101615 -0.005)
(0.3334312766 -0.03464101615 -0.005)
(0.4044296465 -0.03464101615 -0.005)
(0.4811121273 -0.03464101615 -0.005)
(0.5639337875 -0.03464101615 -0.005)
(0.6533861282 -0.03464101615 -0.005)
(0.75 -0.03464101615 -0.005)
(0.2068327559 -0.02886751346 -0.005)
(0.2676956813 -0.02886751346 -0.005)
(0.3334312766 -0.02886751346 -0.005)
(0.4044296465 -0.02886751346 -0.005)
(0.4811121273 -0.02886751346 -0.005)
(0.5639337875 -0.02886751346 -0.005)
(0.6533861282 -0.02886751346 -0.005)
(0.75 -0.02886751346 -0.005)
(0.2068327559 -0.02309401077 -0.005)
(0.2676956813 -0.02309401077 -0.005)
(0.3334312766 -0.02309401077 -0.005)
(0.4044296465 -0.02309401077 -0.005)
(0.4811121273 -0.02309401077 -0.005)
(0.5639337875 -0.02309401077 -0.005)
(0.6533861282 -0.02309401077 -0.005)
(0.75 -0.02309401077 -0.005)
(0.2068327559 -0.01732050808 -0.005)
(0.2676956813 -0.01732050808 -0.005)
(0.3334312766 -0.01732050808 -0.005)
(0.4044296465 -0.01732050808 -0.005)
(0.2068327559 -0.05773502692 0.005)
(0.2676956813 -0.05773502692 0.005)
(0.3334312766 -0.05773502692 0.005)
(0.4044296465 -0.05773502692 0.005)
(0.4811121273 -0.05773502692 0.005)
(0.5639337875 -0.05773502692 0.005)
(0.6533861282 -0.05773502692 0.005)
(0.75 -0.05773502692 0.005)
(0.2068327559 -0.05196152423 0.005)
(0.2676956813 -0.05196152423 0.005)
(0.3334312766 -0.05196152423 0.005)
(0.4044296465 -0.05196152423 0.005)
(0.4811121273 -0.05196152423 0.005)
(0.5639337875 -0.05196152423 0.005)
(0.6533861282 -0.05196152423 0.005)
(0.75 -0.05196152423 0.005)
(0.2068327559 -0.04618802154 0.005)
(0.2676956813 -0.04618802154 0.005)
(0.3334312766 -0.04618802154 0.005)
(0.4044296465 -0.04618802154 0.005)
(0.4811121273 -0.04618802154 0.005)
(0.5639337875 -0.04618802154 0.005)
(0.6533861282 -0.04618802154 0.005)
(0.75 -0.04618802154 0.005)
(0.2068327559 -0.04041451884 0.005)
(0.2676956813 -0.04041451884 0.005)
(0.3334312766 -0.04041451884 0.005)
(0.4044296465 -0.04041451884 0.005)
(0.4811121273 -0.04041451884 0.005)
(0.5639337875 -0.04041451884 0.005)
(0.6533861282 -0.04041451884 0.005)
(0.75 -0.04041451884 0.005)
(0.2068327559 -0.03464101615 0.005)
(0.2676956813 -0.03464101615 0.005)
(0.3334312766 -0.03464101615 0.005)
(0.4044296465 -0.03464101615 0.005)
(0.4811121273 -0.03464101615 0.005)
(0.5639337875 -0.03464101615 0.005)
(0.6533861282 -0.03464101615 0.005)
(0.75 -0.03464101615 0.005)
(0.2068327559 -0.02886751346 0.005)
(0.2676956813 -0.02886751346 0.005)
(0.3334312766 -0.02886751346 0.005)
(0.4044296465 -0.02886751346 0.005)
(0.4811121273 -0.02886751346 0.005)
(0.5639337875 -0.02886751346 0.005)
(0.6533861282 -0.02886751346 0.005)
(0.75 -0.02886751346 0.005)
(0.2068327559 -0.02309401077 0.005)
(0.2676956813 -0.02309401077 0.005)
(0.3334312766 -0.02309401077 0.005)
(0.4044296465 -0.02309401077 0.005)
(0.4811121273 -0.02309401077 0.005)
(0.5639337875 -0.02309401077 0.005)
(0.6533861282 -0.02309401077 0.005)
(0.75 -0.02309401077 0.005)
(0.2068327559 -0.01732050808 0.005)
(0.2676956813 -0.01732050808 0.005)
(0.3334312766 -0.01732050808 0.005)
(0.4044296465 -0.01732050808 0.005)
(0.2068327559 -0.2 -0.005)
(0.2676956813 -0.2 -0.005)
(0.3334312766 -0.2 -0.005)
(0.4044296465 -0.2 -0.005)
(0.4811121273 -0.2 -0.005)
(0.5639337875 -0.2 -0.005)
(0.6533861282 -0.2 -0.005)
(0.75 -0.2 -0.005)
(0.2068327559 -0.1928867513 -0.005)
(0.2676956813 -0.1928867513 -0.005)
(0.3334312766 -0.1928867513 -0.005)
(0.4044296465 -0.1928867513 -0.005)
(0.4811121273 -0.1928867513 -0.005)
(0.5639337875 -0.1928867513 -0.005)
(0.6533861282 -0.1928867513 -0.005)
(0.75 -0.1928867513 -0.005)
(0.2068327559 -0.1857735027 -0.005)
(0.2676956813 -0.1857735027 -0.005)
(0.3334312766 -0.1857735027 -0.005)
(0.4044296465 -0.1857735027 -0.005)
(0.4811121273 -0.1857735027 -0.005)
(0.5639337875 -0.1857735027 -0.005)
(0.6533861282 -0.1857735027 -0.005)
(0.75 -0.1857735027 -0.005)
(0.2068327559 -0.178660254 -0.005)
(0.2676956813 -0.178660254 -0.005)
(0.3334312766 -0.178660254 -0.005)
(0.4044296465 -0.178660254 -0.005)
(0.4811121273 -0.178660254 -0.005)
(0.5639337875 -0.178660254 -0.005)
(0.6533861282 -0.178660254 -0.005)
(0.75 -0.178660254 -0.005)
(0.2068327559 -0.1715470054 -0.005)
(0.2676956813 -0.1715470054 -0.005)
(0.3334312766 -0.1715470054 -0.005)
(0.4044296465 -0.1715470054 -0.005)
(0.4811121273 -0.1715470054 -0.005)
(0.5639337875 -0.1715470054 -0.005)
(0.6533861282 -0.1715470054 -0.005)
(0.75 -0.1715470054 -0.005)
(0.2068327559 -0.1644337567 -0.005)
(0.2676956813 -0.1644337567 -0.005)
(0.3334312766 -0.1644337567 -0.005)
(0.4044296465 -0.1644337567 -0.005)
(0.4811121273 -0.1644337567 -0.005)
(0.5639337875 -0.1644337567 -0.005)
(0.6533861282 -0.1644337567 -0.005)
(0.75 -0.1644337567 -0.005)
(0.2068327559 -0.1573205081 -0.005)
(0.2676956813 -0.1573205081 -0.005)
(0.3334312766 -0.1573205081 -0.005)
(0.4044296465 -0.1573205081 -0.005)
(0.4811121273 -0.1573205081 -0.005)
(0.5639337875 -0.1573205081 -0.005)
(0.6533861282 -0.1573205081 -0.005)
(0.75 -0.1573205081 -0.005)
(0.2068327559 -0.1502072594 -0.005)
(0.2676956813 -0.1502072594 -0.005)
(0.3334312766 -0.1502072594 -0.005)
(0.4044296465 -0.1502072594 -0.005)
(0.4811121273 -0.1502072594 -0.005)
(0.5639337875 -0.1502072594 -0.005)
(0.6533861282 -0.1502072594 -0.005)
(0.75 -0.1502072594 -0.005)
(0.2068327559 -0.1430940108 -0.005)
(0.2676956813 -0.1430940108 -0.005)
(0.3334312766 -0.1430940108 -0.005)
(0.4044296465 -0.1430940108 -0.005)
(0.4811121273 -0.1430940108 -0.005)
(0.5639337875 -0.1430940108 -0.005)
(0.6533861282 -0.1430940108 -0.005)
(0.75 -0.1430940108 -0.005)
(0.2068327559 -0.1359807621 -0.005)
(0.2676956813 -0.1359807621 -0.005)
(0.3334312766 -0.1359807621 -0.005)
(0.4044296465 -0.1359807621 -0.005)
(0.4811121273 -0.1359807621 -0.005)
(0.5639337875 -0.1359807621 -0.005)
(0.6533861282 -0.1359807621 -0.005)
(0.75 -0.1359807621 -0.005)
(0.2068327559 -0.1288675135 -0.005)
(0.2676956813 -0.1288675135 -0.005)
(0.3334312766 -0.1288675135 -0.005)
(0.4044296465 -0.1288675135 -0.005)
(0.4811121273 -0.1288675135 -0.005)
(0.5639337875 -0.1288675135 -0.005)
(0.6533861282 -0.1288675135 -0.005)
(0.75 -0.1288675135 -0.005)
(0.2068327559 -0.1217542648 -0.005)
(0.2676956813 -0.1217542648 -0.005)
(0.3334312766 -0.1217542648 -0.005)
(0.4044296465 -0.1217542648 -0.005)
(0.4811121273 -0.1217542648 -0.005)
(0.5639337875 -0.1217542648 -0.005)
(0.6533861282 -0.1217542648 -0.005)
(0.75 -0.1217542648 -0.005)
(0.2068327559 -0.1146410162 -0.005)
(0.2676956813 -0.1146410162 -0.005)
(0.3334312766 -0.1146410162 -0.005)
(0.4044296465 -0.1146410162 -0.005)
(0.4811121273 -0.1146410162 -0.005)
(0.5639337875 -0.1146410162 -0.005)
(0.6533861282 -0.1146410162 -0.005)
(0.75 -0.1146410162 -0.005)
(0.2068327559 -0.1075277675 -0.005)
(0.2676956813 -0.1075277675 -0.005)
(0.3334312766 -0.1075277675 -0.005)
(0.4044296465 -0.1075277675 -0.005)
(0.4811121273 -0.1075277675 -0.005)
(0.5639337875 -0.1075277675 -0.005)
(0.6533861282 -0.1075277675 -0.005)
(0.75 -0.1075277675 -0.005)
(0.2068327559 -0.1004145188 -0.005)
(0.2676956813 -0.1004145188 -0.005)
(0.3334312766 -0.1004145188 -0.005)
(0.4044296465 -0.1004145188 -0.005)
(0.4811121273 -0.1004145188 -0.005)
(0.5639337875 -0.1004145188 -0.005)
(0.6533861282 -0.1004145188 -0.005)
(0.75 -0.1004145188 -0.005)
(0.2068327559 -0.09330127019 -0.005)
(0.2676956813 -0.09330127019 -0.005)
(0.3334312766 -0.09330127019 -0.005)
(0.4044296465 -0.09330127019 -0.005)
(0.4811121273 -0.09330127019 -0.005)
(0.5639337875 -0.09330127019 -0.005)
(0.6533861282 -0.09330127019 -0.005)
(0.75 -0.09330127019 -0.005)
(0.2068327559 -0.08618802154 -0.005)
(0.2676956813 -0.08618802154 -0.005)
(0.3334312766 -0.08618802154 -0.005)
(0.4044296465 -0.08618802154 -0.005)
(0.4811121273 -0.08618802154 -0.005)
(0.5639337875 -0.08618802154 -0.005)
(0.6533861282 -0.08618802154 -0.005)
(0.75 -0.08618802154 -0.005)
(0.2068327559 -0.07907477288 -0.005)
(0.2676956813 -0.07907477288 -0.005)
(0.3334312766 -0.07907477288 -0.005)
(0.4044296465 -0.07907477288 -0.005)
(0.4811121273 -0.07907477288 -0.005)
(0.5639337875 -0.07907477288 -0.005)
(0.6533861282 -0.07907477288 -0.005)
(0.75 -0.07907477288 -0.005)
(0.2068327559 -0.07196152423 -0.005)
(0.2676956813 -0.07196152423 -0.005)
(0.3334312766 -0.07196152423 -0.005)
(0.4044296465 -0.07196152423 -0.005)
(0.4811121273 -0.07196152423 -0.005)
(0.5639337875 -0.07196152423 -0.005)
(0.6533861282 -0.07196152423 -0.005)
(0.75 -0.07196152423 -0.005)
(0.2068327559 -0.06484827557 -0.005)
(0.2676956813 -0.06484827557 -0.005)
(0.3334312766 -0.06484827557 -0.005)
(0.4044296465 -0.06484827557 -0.005)
(0.4811121273 -0.06484827557 -0.005)
(0.5639337875 -0.06484827557 -0.005)
(0.6533861282 -0.06484827557 -0.005)
(0.75 -0.06484827557 -0.005)
(0.2068327559 -0.2 0.005)
(0.2676956813 -0.2 0.005)
(0.3334312766 -0.2 0.005)
(0.4044296465 -0.2 0.005)
(0.4811121273 -0.2 0.005)
(0.5639337875 -0.2 0.005)
(0.6533861282 -0.2 0.005)
(0.75 -0.2 0.005)
(0.2068327559 -0.1928867513 0.005)
(0.2676956813 -0.1928867513 0.005)
(0.3334312766 -0.1928867513 0.005)
(0.4044296465 -0.1928867513 0.005)
(0.4811121273 -0.1928867513 0.005)
(0.5639337875 -0.1928867513 0.005)
(0.6533861282 -0.1928867513 0.005)
(0.75 -0.1928867513 0.005)
(0.2068327559 -0.1857735027 0.005)
(0.2676956813 -0.1857735027 0.005)
(0.3334312766 -0.1857735027 0.005)
(0.4044296465 -0.1857735027 0.005)
(0.4811121273 -0.1857735027 0.005)
(0.5639337875 -0.1857735027 0.005)
(0.6533861282 -0.1857735027 0.005)
(0.75 -0.1857735027 0.005)
(0.2068327559 -0.178660254 0.005)
(0.2676956813 -0.178660254 0.005)
(0.3334312766 -0.178660254 0.005)
(0.4044296465 -0.178660254 0.005)
(0.4811121273 -0.178660254 0.005)
(0.5639337875 -0.178660254 0.005)
(0.6533861282 -0.178660254 0.005)
(0.75 -0.178660254 0.005)
(0.2068327559 -0.1715470054 0.005)
(0.2676956813 -0.1715470054 0.005)
(0.3334312766 -0.1715470054 0.005)
(0.4044296465 -0.1715470054 0.005)
(0.4811121273 -0.1715470054 0.005)
(0.5639337875 -0.1715470054 0.005)
(0.6533861282 -0.1715470054 0.005)
(0.75 -0.1715470054 0.005)
(0.2068327559 -0.1644337567 0.005)
(0.2676956813 -0.1644337567 0.005)
(0.3334312766 -0.1644337567 0.005)
(0.4044296465 -0.1644337567 0.005)
(0.4811121273 -0.1644337567 0.005)
(0.5639337875 -0.1644337567 0.005)
(0.6533861282 -0.1644337567 0.005)
(0.75 -0.1644337567 0.005)
(0.2068327559 -0.1573205081 0.005)
(0.2676956813 -0.1573205081 0.005)
(0.3334312766 -0.1573205081 0.005)
(0.4044296465 -0.1573205081 0.005)
(0.4811121273 -0.1573205081 0.005)
(0.5639337875 -0.1573205081 0.005)
(0.6533861282 -0.1573205081 0.005)
(0.75 -0.1573205081 0.005)
(0.2068327559 -0.1502072594 0.005)
(0.2676956813 -0.1502072594 0.005)
(0.3334312766 -0.1502072594 0.005)
(0.4044296465 -0.1502072594 0.005)
(0.4811121273 -0.1502072594 0.005)
(0.5639337875 -0.1502072594 0.005)
(0.6533861282 -0.1502072594 0.005)
(0.75 -0.1502072594 0.005)
(0.2068327559 -0.1430940108 0.005)
(0.2676956813 -0.1430940108 0.005)
(0.3334312766 -0.1430940108 0.005)
(0.4044296465 -0.1430940108 0.005)
(0.4811121273 -0.1430940108 0.005)
(0.5639337875 -0.1430940108 0.005)
(0.6533861282 -0.1430940108 0.005)
(0.75 -0.1430940108 0.005)
(0.2068327559 -0.1359807621 0.005)
(0.2676956813 -0.1359807621 0.005)
(0.3334312766 -0.1359807621 0.005)
(0.4044296465 -0.1359807621 0.005)
(0.4811121273 -0.1359807621 0.005)
(0.5639337875 -0.1359807621 0.005)
(0.6533861282 -0.1359807621 0.005)
(0.75 -0.1359807621 0.005)
(0.2068327559 -0.1288675135 0.005)
(0.2676956813 -0.1288675135 0.005)
(0.3334312766 -0.1288675135 0.005)
(0.4044296465 -0.1288675135 0.005)
(0.4811121273 -0.1288675135 0.005)
(0.5639337875 -0.1288675135 0.005)
(0.6533861282 -0.1288675135 0.005)
(0.75 -0.1288675135 0.005)
(0.2068327559 -0.1217542648 0.005)
(0.2676956813 -0.1217542648 0.005)
(0.3334312766 -0.1217542648 0.005)
(0.4044296465 -0.1217542648 0.005)
(0.4811121273 -0.1217542648 0.005)
(0.5639337875 -0.1217542648 0.005)
(0.6533861282 -0.1217542648 0.005)
(0.75 -0.1217542648 0.005)
(0.2068327559 -0.1146410162 0.005)
(0.2676956813 -0.1146410162 0.005)
(0.3334312766 -0.1146410162 0.005)
(0.4044296465 -0.1146410162 0.005)
(0.4811121273 -0.1146410162 0.005)
(0.5639337875 -0.1146410162 0.005)
(0.6533861282 -0.1146410162 0.005)
(0.75 -0.1146410162 0.005)
(0.2068327559 -0.1075277675 0.005)
(0.2676956813 -0.1075277675 0.005)
(0.3334312766 -0.1075277675 0.005)
(0.4044296465 -0.1075277675 0.005)
(0.4811121273 -0.1075277675 0.005)
(0.5639337875 -0.1075277675 0.005)
(0.6533861282 -0.1075277675 0.005)
(0.75 -0.1075277675 0.005)
(0.2068327559 -0.1004145188 0.005)
(0.2676956813 -0.1004145188 0.005)
(0.3334312766 -0.1004145188 0.005)
(0.4044296465 -0.1004145188 0.005)
(0.4811121273 -0.1004145188 0.005)
(0.5639337875 -0.1004145188 0.005)
(0.6533861282 -0.1004145188 0.005)
(0.75 -0.1004145188 0.005)
(0.2068327559 -0.09330127019 0.005)
(0.2676956813 -0.09330127019 0.005)
(0.3334312766 -0.09330127019 0.005)
(0.4044296465 -0.09330127019 0.005)
(0.4811121273 -0.09330127019 0.005)
(0.5639337875 -0.09330127019 0.005)
(0.6533861282 -0.09330127019 0.005)
(0.75 -0.09330127019 0.005)
(0.2068327559 -0.08618802154 0.005)
(0.2676956813 -0.08618802154 0.005)
(0.3334312766 -0.08618802154 0.005)
(0.4044296465 -0.08618802154 0.005)
(0.4811121273 -0.08618802154 0.005)
(0.5639337875 -0.08618802154 0.005)
(0.6533861282 -0.08618802154 0.005)
(0.75 -0.08618802154 0.005)
(0.2068327559 -0.07907477288 0.005)
(0.2676956813 -0.07907477288 0.005)
(0.3334312766 -0.07907477288 0.005)
(0.4044296465 -0.07907477288 0.005)
(0.4811121273 -0.07907477288 0.005)
(0.5639337875 -0.07907477288 0.005)
(0.6533861282 -0.07907477288 0.005)
(0.75 -0.07907477288 0.005)
(0.2068327559 -0.07196152423 0.005)
(0.2676956813 -0.07196152423 0.005)
(0.3334312766 -0.07196152423 0.005)
(0.4044296465 -0.07196152423 0.005)
(0.4811121273 -0.07196152423 0.005)
(0.5639337875 -0.07196152423 0.005)
(0.6533861282 -0.07196152423 0.005)
(0.75 -0.07196152423 0.005)
(0.2068327559 -0.06484827557 0.005)
(0.2676956813 -0.06484827557 0.005)
(0.3334312766 -0.06484827557 0.005)
(0.4044296465 -0.06484827557 0.005)
(0.4811121273 -0.06484827557 0.005)
(0.5639337875 -0.06484827557 0.005)
(0.6533861282 -0.06484827557 0.005)
(0.75 -0.06484827557 0.005)
(0.2068327559 -0.5 -0.005)
(0.2676956813 -0.5 -0.005)
(0.3334312766 -0.5 -0.005)
(0.4044296465 -0.5 -0.005)
(0.4811121273 -0.5 -0.005)
(0.5639337875 -0.5 -0.005)
(0.6533861282 -0.5 -0.005)
(0.75 -0.5 -0.005)
(0.2068327559 -0.485 -0.005)
(0.2676956813 -0.485 -0.005)
(0.3334312766 -0.485 -0.005)
(0.4044296465 -0.485 -0.005)
(0.4811121273 -0.485 -0.005)
(0.5639337875 -0.485 -0.005)
(0.6533861282 -0.485 -0.005)
(0.75 -0.485 -0.005)
(0.2068327559 -0.47 -0.005)
(0.2676956813 -0.47 -0.005)
(0.3334312766 -0.47 -0.005)
(0.4044296465 -0.47 -0.005)
(0.4811121273 -0.47 -0.005)
(0.5639337875 -0.47 -0.005)
(0.6533861282 -0.47 -0.005)
(0.75 -0.47 -0.005)
(0.2068327559 -0.455 -0.005)
(0.2676956813 -0.455 -0.005)
(0.3334312766 -0.455 -0.005)
(0.4044296465 -0.455 -0.005)
(0.4811121273 -0.455 -0.005)
(0.5639337875 -0.455 -0.005)
(0.6533861282 -0.455 -0.005)
(0.75 -0.455 -0.005)
(0.2068327559 -0.44 -0.005)
(0.2676956813 -0.44 -0.005)
(0.3334312766 -0.44 -0.005)
(0.4044296465 -0.44 -0.005)
(0.4811121273 -0.44 -0.005)
(0.5639337875 -0.44 -0.005)
(0.6533861282 -0.44 -0.005)
(0.75 -0.44 -0.005)
(0.2068327559 -0.425 -0.005)
(0.2676956813 -0.425 -0.005)
(0.3334312766 -0.425 -0.005)
(0.4044296465 -0.425 -0.005)
(0.4811121273 -0.425 -0.005)
(0.5639337875 -0.425 -0.005)
(0.6533861282 -0.425 -0.005)
(0.75 -0.425 -0.005)
(0.2068327559 -0.41 -0.005)
(0.2676956813 -0.41 -0.005)
(0.3334312766 -0.41 -0.005)
(0.4044296465 -0.41 -0.005)
(0.4811121273 -0.41 -0.005)
(0.5639337875 -0.41 -0.005)
(0.6533861282 -0.41 -0.005)
(0.75 -0.41 -0.005)
(0.2068327559 -0.395 -0.005)
(0.2676956813 -0.395 -0.005)
(0.3334312766 -0.395 -0.005)
(0.4044296465 -0.395 -0.005)
(0.4811121273 -0.395 -0.005)
(0.5639337875 -0.395 -0.005)
(0.6533861282 -0.395 -0.005)
(0.75 -0.395 -0.005)
(0.2068327559 -0.38 -0.005)
(0.2676956813 -0.38 -0.005)
(0.3334312766 -0.38 -0.005)
(0.4044296465 -0.38 -0.005)
(0.4811121273 -0.38 -0.005)
(0.5639337875 -0.38 -0.005)
(0.6533861282 -0.38 -0.005)
(0.75 -0.38 -0.005)
(0.2068327559 -0.365 -0.005)
(0.2676956813 -0.365 -0.005)
(0.3334312766 -0.365 -0.005)
(0.4044296465 -0.365 -0.005)
(0.4811121273 -0.365 -0.005)
(0.5639337875 -0.365 -0.005)
(0.6533861282 -0.365 -0.005)
(0.75 -0.365 -0.005)
(0.2068327559 -0.35 -0.005)
(0.2676956813 -0.35 -0.005)
(0.3334312766 -0.35 -0.005)
(0.4044296465 -0.35 -0.005)
(0.4811121273 -0.35 -0.005)
(0.5639337875 -0.35 -0.005)
(0.6533861282 -0.35 -0.005)
(0.75 -0.35 -0.005)
(0.2068327559 -0.335 -0.005)
(0.2676956813 -0.335 -0.005)
(0.3334312766 -0.335 -0.005)
(0.4044296465 -0.335 -0.005)
(0.4811121273 -0.335 -0.005)
(0.5639337875 -0.335 -0.005)
(0.6533861282 -0.335 -0.005)
(0.75 -0.335 -0.005)
(0.2068327559 -0.32 -0.005)
(0.2676956813 -0.32 -0.005)
(0.3334312766 -0.32 -0.005)
(0.4044296465 -0.32 -0.005)
(0.4811121273 -0.32 -0.005)
(0.5639337875 -0.32 -0.005)
(0.6533861282 -0.32 -0.005)
(0.75 -0.32 -0.005)
(0.2068327559 -0.305 -0.005)
(0.2676956813 -0.305 -0.005)
(0.3334312766 -0.305 -0.005)
(0.4044296465 -0.305 -0.005)
(0.4811121273 -0.305 -0.005)
(0.5639337875 -0.305 -0.005)
(0.6533861282 -0.305 -0.005)
(0.75 -0.305 -0.005)
(0.2068327559 -0.29 -0.005)
(0.2676956813 -0.29 -0.005)
(0.3334312766 -0.29 -0.005)
(0.4044296465 -0.29 -0.005)
(0.4811121273 -0.29 -0.005)
(0.5639337875 -0.29 -0.005)
(0.6533861282 -0.29 -0.005)
(0.75 -0.29 -0.005)
(0.2068327559 -0.275 -0.005)
(0.2676956813 -0.275 -0.005)
(0.3334312766 -0.275 -0.005)
(0.4044296465 -0.275 -0.005)
(0.4811121273 -0.275 -0.005)
(0.5639337875 -0.275 -0.005)
(0.6533861282 -0.275 -0.005)
(0.75 -0.275 -0.005)
(0.2068327559 -0.26 -0.005)
(0.2676956813 -0.26 -0.005)
(0.3334312766 -0.26 -0.005)
(0.4044296465 -0.26 -0.005)
(0.4811121273 -0.26 -0.005)
(0.5639337875 -0.26 -0.005)
(0.6533861282 -0.26 -0.005)
(0.75 -0.26 -0.005)
(0.2068327559 -0.245 -0.005)
(0.2676956813 -0.245 -0.005)
(0.3334312766 -0.245 -0.005)
(0.4044296465 -0.245 -0.005)
(0.4811121273 -0.245 -0.005)
(0.5639337875 -0.245 -0.005)
(0.6533861282 -0.245 -0.005)
(0.75 -0.245 -0.005)
(0.2068327559 -0.23 -0.005)
(0.2676956813 -0.23 -0.005)
(0.3334312766 -0.23 -0.005)
(0.4044296465 -0.23 -0.005)
(0.4811121273 -0.23 -0.005)
(0.5639337875 -0.23 -0.005)
(0.6533861282 -0.23 -0.005)
(0.75 -0.23 -0.005)
(0.2068327559 -0.215 -0.005)
(0.2676956813 -0.215 -0.005)
(0.3334312766 -0.215 -0.005)
(0.4044296465 -0.215 -0.005)
(0.4811121273 -0.215 -0.005)
(0.5639337875 -0.215 -0.005)
(0.6533861282 -0.215 -0.005)
(0.75 -0.215 -0.005)
(0.2068327559 -0.5 0.005)
(0.2676956813 -0.5 0.005)
(0.3334312766 -0.5 0.005)
(0.4044296465 -0.5 0.005)
(0.4811121273 -0.5 0.005)
(0.5639337875 -0.5 0.005)
(0.6533861282 -0.5 0.005)
(0.75 -0.5 0.005)
(0.2068327559 -0.485 0.005)
(0.2676956813 -0.485 0.005)
(0.3334312766 -0.485 0.005)
(0.4044296465 -0.485 0.005)
(0.4811121273 -0.485 0.005)
(0.5639337875 -0.485 0.005)
(0.6533861282 -0.485 0.005)
(0.75 -0.485 0.005)
(0.2068327559 -0.47 0.005)
(0.2676956813 -0.47 0.005)
(0.3334312766 -0.47 0.005)
(0.4044296465 -0.47 0.005)
(0.4811121273 -0.47 0.005)
(0.5639337875 -0.47 0.005)
(0.6533861282 -0.47 0.005)
(0.75 -0.47 0.005)
(0.2068327559 -0.455 0.005)
(0.2676956813 -0.455 0.005)
(0.3334312766 -0.455 0.005)
(0.4044296465 -0.455 0.005)
(0.4811121273 -0.455 0.005)
(0.5639337875 -0.455 0.005)
(0.6533861282 -0.455 0.005)
(0.75 -0.455 0.005)
(0.2068327559 -0.44 0.005)
(0.2676956813 -0.44 0.005)
(0.3334312766 -0.44 0.005)
(0.4044296465 -0.44 0.005)
(0.4811121273 -0.44 0.005)
(0.5639337875 -0.44 0.005)
(0.6533861282 -0.44 0.005)
(0.75 -0.44 0.005)
(0.2068327559 -0.425 0.005)
(0.2676956813 -0.425 0.005)
(0.3334312766 -0.425 0.005)
(0.4044296465 -0.425 0.005)
(0.4811121273 -0.425 0.005)
(0.5639337875 -0.425 0.005)
(0.6533861282 -0.425 0.005)
(0.75 -0.425 0.005)
(0.2068327559 -0.41 0.005)
(0.2676956813 -0.41 0.005)
(0.3334312766 -0.41 0.005)
(0.4044296465 -0.41 0.005)
(0.4811121273 -0.41 0.005)
(0.5639337875 -0.41 0.005)
(0.6533861282 -0.41 0.005)
(0.75 -0.41 0.005)
(0.2068327559 -0.395 0.005)
(0.2676956813 -0.395 0.005)
(0.3334312766 -0.395 0.005)
(0.4044296465 -0.395 0.005)
(0.4811121273 -0.395 0.005)
(0.5639337875 -0.395 0.005)
(0.6533861282 -0.395 0.005)
(0.75 -0.395 0.005)
(0.2068327559 -0.38 0.005)
(0.2676956813 -0.38 0.005)
(0.3334312766 -0.38 0.005)
(0.4044296465 -0.38 0.005)
(0.4811121273 -0.38 0.005)
(0.5639337875 -0.38 0.005)
(0.6533861282 -0.38 0.005)
(0.75 -0.38 0.005)
(0.2068327559 -0.365 0.005)
(0.2676956813 -0.365 0.005)
(0.3334312766 -0.365 0.005)
(0.4044296465 -0.365 0.005)
(0.4811121273 -0.365 0.005)
(0.5639337875 -0.365 0.005)
(0.6533861282 -0.365 0.005)
(0.75 -0.365 0.005)
(0.2068327559 -0.35 0.005)
(0.2676956813 -0.35 0.005)
(0.3334312766 -0.35 0.005)
(0.4044296465 -0.35 0.005)
(0.4811121273 -0.35 0.005)
(0.5639337875 -0.35 0.005)
(0.6533861282 -0.35 0.005)
(0.75 -0.35 0.005)
(0.2068327559 -0.335 0.005)
(0.2676956813 -0.335 0.005)
(0.3334312766 -0.335 0.005)
(0.4044296465 -0.335 0.005)
(0.4811121273 -0.335 0.005)
(0.5639337875 -0.335 0.005)
(0.6533861282 -0.335 0.005)
(0.75 -0.335 0.005)
(0.2068327559 -0.32 0.005)
(0.2676956813 -0.32 0.005)
(0.3334312766 -0.32 0.005)
(0.4044296465 -0.32 0.005)
(0.4811121273 -0.32 0.005)
(0.5639337875 -0.32 0.005)
(0.6533861282 -0.32 0.005)
(0.75 -0.32 0.005)
(0.2068327559 -0.305 0.005)
(0.2676956813 -0.305 0.005)
(0.3334312766 -0.305 0.005)
(0.4044296465 -0.305 0.005)
(0.4811121273 -0.305 0.005)
(0.5639337875 -0.305 0.005)
(0.6533861282 -0.305 0.005)
(0.75 -0.305 0.005)
(0.2068327559 -0.29 0.005)
(0.2676956813 -0.29 0.005)
(0.3334312766 -0.29 0.005)
(0.4044296465 -0.29 0.005)
(0.4811121273 -0.29 0.005)
(0.5639337875 -0.29 0.005)
(0.6533861282 -0.29 0.005)
(0.75 -0.29 0.005)
(0.2068327559 -0.275 0.005)
(0.2676956813 -0.275 0.005)
(0.3334312766 -0.275 0.005)
(0.4044296465 -0.275 0.005)
(0.4811121273 -0.275 0.005)
(0.5639337875 -0.275 0.005)
(0.6533861282 -0.275 0.005)
(0.75 -0.275 0.005)
(0.2068327559 -0.26 0.005)
(0.2676956813 -0.26 0.005)
(0.3334312766 -0.26 0.005)
(0.4044296465 -0.26 0.005)
(0.4811121273 -0.26 0.005)
(0.5639337875 -0.26 0.005)
(0.6533861282 -0.26 0.005)
(0.75 -0.26 0.005)
(0.2068327559 -0.245 0.005)
(0.2676956813 -0.245 0.005)
(0.3334312766 -0.245 0.005)
(0.4044296465 -0.245 0.005)
(0.4811121273 -0.245 0.005)
(0.5639337875 -0.245 0.005)
(0.6533861282 -0.245 0.005)
(0.75 -0.245 0.005)
(0.2068327559 -0.23 0.005)
(0.2676956813 -0.23 0.005)
(0.3334312766 -0.23 0.005)
(0.4044296465 -0.23 0.005)
(0.4811121273 -0.23 0.005)
(0.5639337875 -0.23 0.005)
(0.6533861282 -0.23 0.005)
(0.75 -0.23 0.005)
(0.2068327559 -0.215 0.005)
(0.2676956813 -0.215 0.005)
(0.3334312766 -0.215 0.005)
(0.4044296465 -0.215 0.005)
(0.4811121273 -0.215 0.005)
(0.5639337875 -0.215 0.005)
(0.6533861282 -0.215 0.005)
(0.75 -0.215 0.005)
)


// ************************************************************************* //
