/*--------------------------------*- C++ -*----------------------------------*\
  =========                 |
  \\      /  F ield         | OpenFOAM: The Open Source CFD Toolbox
   \\    /   O peration     | Website:  https://openfoam.org
    \\  /    A nd           | Version:  7
     \\/     M anipulation  |
\*---------------------------------------------------------------------------*/
FoamFile
{
    version     2.0;
    format      ascii;
    class       volVectorField;
    location    "0.2";
    object      U;
}
// * * * * * * * * * * * * * * * * * * * * * * * * * * * * * * * * * * * * * //

dimensions      [0 1 -1 0 0 0 0];

internalField   nonuniform List<vector> 
3225
(
(1.03937 -0.234642 0)
(1.04712 -0.230085 0)
(1.05486 -0.224998 0)
(1.06322 -0.219569 0)
(1.07179 -0.213946 0)
(1.08016 -0.208308 0)
(1.08769 -0.203015 0)
(1.09498 -0.197672 0)
(1.10287 -0.191788 0)
(1.11087 -0.185117 0)
(1.11842 -0.177997 0)
(1.12532 -0.170724 0)
(1.13189 -0.163399 0)
(1.13861 -0.156036 0)
(1.14533 -0.148592 0)
(1.15173 -0.14107 0)
(1.15785 -0.133423 0)
(1.16367 -0.125703 0)
(1.16889 -0.118054 0)
(1.17368 -0.110227 0)
(1.17834 -0.102073 0)
(1.04121 -0.233806 0)
(1.04911 -0.229436 0)
(1.05686 -0.224534 0)
(1.0653 -0.219061 0)
(1.07401 -0.213152 0)
(1.08235 -0.207208 0)
(1.08989 -0.201597 0)
(1.09722 -0.196074 0)
(1.10536 -0.190188 0)
(1.11345 -0.183648 0)
(1.12107 -0.176699 0)
(1.12797 -0.169502 0)
(1.13451 -0.162096 0)
(1.14135 -0.154447 0)
(1.1481 -0.146717 0)
(1.15454 -0.138975 0)
(1.1605 -0.13123 0)
(1.16612 -0.12344 0)
(1.17153 -0.115594 0)
(1.17646 -0.107711 0)
(1.18093 -0.0996837 0)
(1.04296 -0.233053 0)
(1.051 -0.228688 0)
(1.05892 -0.223877 0)
(1.06737 -0.218447 0)
(1.07618 -0.212452 0)
(1.08447 -0.206412 0)
(1.09206 -0.200529 0)
(1.09939 -0.194696 0)
(1.10764 -0.188602 0)
(1.11586 -0.182053 0)
(1.12338 -0.17532 0)
(1.13059 -0.168117 0)
(1.13716 -0.160694 0)
(1.14392 -0.152967 0)
(1.15075 -0.145019 0)
(1.15727 -0.13701 0)
(1.16335 -0.128998 0)
(1.16867 -0.121163 0)
(1.17394 -0.113231 0)
(1.17918 -0.105128 0)
(1.18382 -0.0970379 0)
(1.04464 -0.232487 0)
(1.05278 -0.228008 0)
(1.06096 -0.2231 0)
(1.06944 -0.217663 0)
(1.07837 -0.211694 0)
(1.08666 -0.205716 0)
(1.09436 -0.199656 0)
(1.10185 -0.193434 0)
(1.11004 -0.187046 0)
(1.11842 -0.180344 0)
(1.1259 -0.173685 0)
(1.13303 -0.166657 0)
(1.13981 -0.159191 0)
(1.14673 -0.151328 0)
(1.15356 -0.143306 0)
(1.15989 -0.135233 0)
(1.16602 -0.126965 0)
(1.17151 -0.118761 0)
(1.17652 -0.110742 0)
(1.18163 -0.102632 0)
(1.18645 -0.0944194 0)
(1.04646 -0.232062 0)
(1.05467 -0.227437 0)
(1.06308 -0.222261 0)
(1.07165 -0.216684 0)
(1.08045 -0.210856 0)
(1.08884 -0.205048 0)
(1.09654 -0.19901 0)
(1.10436 -0.192393 0)
(1.11269 -0.185553 0)
(1.12099 -0.178678 0)
(1.12838 -0.172044 0)
(1.13559 -0.164987 0)
(1.1425 -0.157521 0)
(1.14927 -0.149748 0)
(1.15643 -0.141574 0)
(1.16292 -0.1333 0)
(1.16883 -0.124917 0)
(1.17413 -0.116592 0)
(1.17919 -0.108275 0)
(1.18434 -0.0999499 0)
(1.18906 -0.0917391 0)
(1.04826 -0.231788 0)
(1.05666 -0.226986 0)
(1.06517 -0.221488 0)
(1.07391 -0.215634 0)
(1.08258 -0.209892 0)
(1.09101 -0.204277 0)
(1.09883 -0.198272 0)
(1.10681 -0.191456 0)
(1.11526 -0.184241 0)
(1.12362 -0.177099 0)
(1.13102 -0.170362 0)
(1.13795 -0.163395 0)
(1.14509 -0.155802 0)
(1.15207 -0.147915 0)
(1.15908 -0.13983 0)
(1.16566 -0.131509 0)
(1.17167 -0.122927 0)
(1.17713 -0.114256 0)
(1.18191 -0.105851 0)
(1.18689 -0.0974367 0)
(1.19182 -0.0889766 0)
(1.05007 -0.231513 0)
(1.05868 -0.226575 0)
(1.06733 -0.220797 0)
(1.07619 -0.214659 0)
(1.08473 -0.208915 0)
(1.09317 -0.203389 0)
(1.10112 -0.197418 0)
(1.10938 -0.190454 0)
(1.11799 -0.182951 0)
(1.1262 -0.175657 0)
(1.13373 -0.168746 0)
(1.14058 -0.161689 0)
(1.14766 -0.15404 0)
(1.15466 -0.146124 0)
(1.16178 -0.137941 0)
(1.16865 -0.129478 0)
(1.17459 -0.12088 0)
(1.17976 -0.112236 0)
(1.18477 -0.103449 0)
(1.18976 -0.0947713 0)
(1.19448 -0.0862741 0)
(1.05197 -0.231072 0)
(1.0609 -0.226035 0)
(1.06967 -0.220117 0)
(1.07854 -0.213811 0)
(1.08699 -0.207991 0)
(1.09534 -0.202438 0)
(1.10348 -0.196387 0)
(1.11187 -0.189366 0)
(1.12071 -0.181678 0)
(1.12879 -0.1743 0)
(1.13643 -0.167208 0)
(1.14332 -0.160016 0)
(1.15023 -0.152308 0)
(1.15753 -0.144135 0)
(1.16446 -0.135945 0)
(1.17125 -0.127543 0)
(1.17751 -0.118787 0)
(1.18288 -0.109937 0)
(1.18755 -0.101172 0)
(1.19244 -0.0923046 0)
(1.19734 -0.0834766 0)
(1.05396 -0.230396 0)
(1.06313 -0.225319 0)
(1.072 -0.219444 0)
(1.0808 -0.213166 0)
(1.0893 -0.207173 0)
(1.09762 -0.201424 0)
(1.10589 -0.195246 0)
(1.1144 -0.188142 0)
(1.12346 -0.180321 0)
(1.13148 -0.172913 0)
(1.13904 -0.165787 0)
(1.14623 -0.158356 0)
(1.15305 -0.150515 0)
(1.16023 -0.142232 0)
(1.16731 -0.133814 0)
(1.1741 -0.125339 0)
(1.18031 -0.116664 0)
(1.18557 -0.107898 0)
(1.19058 -0.098785 0)
(1.19538 -0.0896868 0)
(1.20011 -0.0807322 0)
(1.05592 -0.229608 0)
(1.06528 -0.224477 0)
(1.07433 -0.218732 0)
(1.08304 -0.212594 0)
(1.09159 -0.206474 0)
(1.09998 -0.200463 0)
(1.10844 -0.194041 0)
(1.11697 -0.186839 0)
(1.12604 -0.178957 0)
(1.1342 -0.171504 0)
(1.14173 -0.164333 0)
(1.14914 -0.156746 0)
(1.15595 -0.148766 0)
(1.16318 -0.140216 0)
(1.17023 -0.131614 0)
(1.17682 -0.123154 0)
(1.18309 -0.114467 0)
(1.18856 -0.105587 0)
(1.1934 -0.0964942 0)
(1.19824 -0.0871521 0)
(1.20297 -0.0779128 0)
(1.05795 -0.228814 0)
(1.06741 -0.223634 0)
(1.07656 -0.218023 0)
(1.0853 -0.211999 0)
(1.09399 -0.205756 0)
(1.10256 -0.199489 0)
(1.11118 -0.192816 0)
(1.11973 -0.185481 0)
(1.12859 -0.17759 0)
(1.13691 -0.170042 0)
(1.14443 -0.162877 0)
(1.15205 -0.155153 0)
(1.15912 -0.146941 0)
(1.16608 -0.138282 0)
(1.17317 -0.129431 0)
(1.1798 -0.120783 0)
(1.18595 -0.112163 0)
(1.19128 -0.103397 0)
(1.19642 -0.0940372 0)
(1.20128 -0.0844861 0)
(1.20581 -0.0751138 0)
(1.06006 -0.228105 0)
(1.0697 -0.222734 0)
(1.07898 -0.217114 0)
(1.08769 -0.211219 0)
(1.09645 -0.204974 0)
(1.1052 -0.198549 0)
(1.11394 -0.191641 0)
(1.1227 -0.184079 0)
(1.13118 -0.17623 0)
(1.13942 -0.168654 0)
(1.14731 -0.161257 0)
(1.15505 -0.153479 0)
(1.16228 -0.145137 0)
(1.16931 -0.136246 0)
(1.17623 -0.127216 0)
(1.18263 -0.118525 0)
(1.18885 -0.109805 0)
(1.19432 -0.100932 0)
(1.19927 -0.0916106 0)
(1.2043 -0.0818246 0)
(1.2088 -0.0722389 0)
(1.06216 -0.227387 0)
(1.07192 -0.221799 0)
(1.08126 -0.216175 0)
(1.09 -0.210424 0)
(1.09875 -0.204271 0)
(1.1078 -0.19765 0)
(1.11673 -0.19044 0)
(1.12559 -0.182683 0)
(1.13397 -0.174845 0)
(1.14195 -0.167281 0)
(1.14992 -0.159783 0)
(1.15807 -0.151755 0)
(1.16566 -0.143199 0)
(1.17253 -0.134237 0)
(1.17934 -0.125042 0)
(1.1857 -0.116152 0)
(1.19172 -0.107461 0)
(1.19724 -0.0985277 0)
(1.20233 -0.089009 0)
(1.20732 -0.0791195 0)
(1.21177 -0.0694268 0)
(1.06446 -0.226477 0)
(1.07424 -0.220774 0)
(1.08356 -0.215307 0)
(1.09234 -0.209715 0)
(1.10118 -0.203524 0)
(1.11042 -0.196651 0)
(1.11961 -0.189118 0)
(1.12865 -0.181223 0)
(1.13683 -0.173556 0)
(1.1446 -0.165975 0)
(1.15273 -0.158199 0)
(1.16094 -0.150057 0)
(1.16888 -0.141271 0)
(1.17608 -0.132058 0)
(1.18262 -0.122833 0)
(1.18867 -0.113955 0)
(1.19471 -0.105057 0)
(1.20038 -0.0959404 0)
(1.20533 -0.0864348 0)
(1.21034 -0.0764107 0)
(1.21494 -0.0664793 0)
(1.06689 -0.22545 0)
(1.07646 -0.219911 0)
(1.08579 -0.214706 0)
(1.09473 -0.20913 0)
(1.10372 -0.202712 0)
(1.1133 -0.195365 0)
(1.12277 -0.187519 0)
(1.13175 -0.179754 0)
(1.13984 -0.17233 0)
(1.14734 -0.164783 0)
(1.15547 -0.156734 0)
(1.16406 -0.148156 0)
(1.17219 -0.139176 0)
(1.17934 -0.129962 0)
(1.18595 -0.120633 0)
(1.19201 -0.111601 0)
(1.19762 -0.10278 0)
(1.20337 -0.0934471 0)
(1.20869 -0.0835844 0)
(1.21341 -0.0736281 0)
(1.21782 -0.0637576 0)
(1.06915 -0.224602 0)
(1.07859 -0.219403 0)
(1.08799 -0.214334 0)
(1.0972 -0.208538 0)
(1.10654 -0.201595 0)
(1.11622 -0.193675 0)
(1.1256 -0.185813 0)
(1.13463 -0.178473 0)
(1.14275 -0.171296 0)
(1.15025 -0.163566 0)
(1.15843 -0.155099 0)
(1.16692 -0.146267 0)
(1.17537 -0.137021 0)
(1.18289 -0.127672 0)
(1.18915 -0.118575 0)
(1.19515 -0.109471 0)
(1.20103 -0.100195 0)
(1.20653 -0.0907598 0)
(1.21165 -0.0809487 0)
(1.21655 -0.0708023 0)
(1.22109 -0.0607137 0)
(1.07134 -0.224202 0)
(1.08071 -0.219119 0)
(1.0903 -0.213867 0)
(1.09987 -0.207609 0)
(1.10959 -0.199972 0)
(1.11916 -0.191771 0)
(1.12823 -0.184464 0)
(1.13733 -0.177564 0)
(1.14579 -0.170205 0)
(1.15335 -0.162176 0)
(1.16151 -0.153317 0)
(1.17015 -0.144105 0)
(1.17842 -0.134906 0)
(1.18599 -0.12567 0)
(1.19261 -0.116375 0)
(1.1986 -0.107103 0)
(1.2041 -0.0978277 0)
(1.20971 -0.0880739 0)
(1.21521 -0.0778759 0)
(1.21972 -0.0679415 0)
(1.22385 -0.0580872 0)
(1.07359 -0.224004 0)
(1.08295 -0.21872 0)
(1.09278 -0.213034 0)
(1.10293 -0.206054 0)
(1.1128 -0.197961 0)
(1.12194 -0.190293 0)
(1.13083 -0.183636 0)
(1.14005 -0.176767 0)
(1.14884 -0.168986 0)
(1.15684 -0.160458 0)
(1.16492 -0.151347 0)
(1.17318 -0.142156 0)
(1.18155 -0.132861 0)
(1.18936 -0.123462 0)
(1.19577 -0.114312 0)
(1.20184 -0.104852 0)
(1.20787 -0.0950253 0)
(1.21307 -0.085241 0)
(1.21811 -0.0752455 0)
(1.22304 -0.0650209 0)
(1.22734 -0.0549105 0)
(1.07589 -0.223753 0)
(1.0854 -0.21798 0)
(1.09566 -0.211512 0)
(1.10608 -0.203877 0)
(1.1157 -0.196214 0)
(1.12461 -0.189603 0)
(1.13345 -0.183171 0)
(1.1429 -0.175782 0)
(1.15216 -0.167292 0)
(1.16038 -0.158503 0)
(1.16837 -0.149469 0)
(1.17651 -0.140302 0)
(1.18455 -0.131018 0)
(1.19234 -0.121474 0)
(1.19934 -0.111868 0)
(1.20547 -0.102264 0)
(1.21108 -0.0925069 0)
(1.21645 -0.0824571 0)
(1.2217 -0.0721767 0)
(1.22621 -0.0621807 0)
(1.2302 -0.0521571 0)
(1.07834 -0.223171 0)
(1.08821 -0.216677 0)
(1.09865 -0.209399 0)
(1.10885 -0.201898 0)
(1.11832 -0.195482 0)
(1.12724 -0.189355 0)
(1.13625 -0.182445 0)
(1.14592 -0.174237 0)
(1.15533 -0.165239 0)
(1.16375 -0.15659 0)
(1.17184 -0.147828 0)
(1.17983 -0.138652 0)
(1.18788 -0.12899 0)
(1.19566 -0.119116 0)
(1.20249 -0.10957 0)
(1.20882 -0.0998142 0)
(1.21489 -0.0896554 0)
(1.21997 -0.0796169 0)
(1.22474 -0.0695455 0)
(1.22958 -0.0592093 0)
(1.23382 -0.0487679 0)
(1.08115 -0.222171 0)
(1.0913 -0.214969 0)
(1.1015 -0.207551 0)
(1.1114 -0.201066 0)
(1.12089 -0.195219 0)
(1.13 -0.188791 0)
(1.13939 -0.181045 0)
(1.14925 -0.172035 0)
(1.15838 -0.16322 0)
(1.16696 -0.15506 0)
(1.17535 -0.146306 0)
(1.1835 -0.136715 0)
(1.19138 -0.126745 0)
(1.19884 -0.116878 0)
(1.20588 -0.107152 0)
(1.21247 -0.0971656 0)
(1.21832 -0.0869651 0)
(1.22345 -0.0768253 0)
(1.22834 -0.0665558 0)
(1.23287 -0.0561934 0)
(1.23683 -0.0456698 0)
(1.08416 -0.220975 0)
(1.09433 -0.21354 0)
(1.10422 -0.206772 0)
(1.11395 -0.200904 0)
(1.12356 -0.194833 0)
(1.1331 -0.187563 0)
(1.14298 -0.178829 0)
(1.15253 -0.169695 0)
(1.16135 -0.161717 0)
(1.17013 -0.153801 0)
(1.1791 -0.144484 0)
(1.18735 -0.134335 0)
(1.19488 -0.124432 0)
(1.20218 -0.114713 0)
(1.20918 -0.10492 0)
(1.21585 -0.0946623 0)
(1.22194 -0.0841395 0)
(1.22702 -0.0739711 0)
(1.23173 -0.0636759 0)
(1.23633 -0.0529664 0)
(1.2403 -0.0421654 0)
(1.08708 -0.220147 0)
(1.09714 -0.21307 0)
(1.10692 -0.206827 0)
(1.11661 -0.200804 0)
(1.1265 -0.193917 0)
(1.13664 -0.185472 0)
(1.14656 -0.17615 0)
(1.15567 -0.167952 0)
(1.16437 -0.160678 0)
(1.17352 -0.152284 0)
(1.18289 -0.142052 0)
(1.1912 -0.131615 0)
(1.19847 -0.122217 0)
(1.20542 -0.112901 0)
(1.21251 -0.102795 0)
(1.21962 -0.0918741 0)
(1.22571 -0.0811436 0)
(1.23064 -0.0710347 0)
(1.23531 -0.0606284 0)
(1.23975 -0.0497498 0)
(1.24343 -0.0389726 0)
(1.08995 -0.220254 0)
(1.09993 -0.213487 0)
(1.10971 -0.20699 0)
(1.11957 -0.200219 0)
(1.12994 -0.192203 0)
(1.14028 -0.182782 0)
(1.14981 -0.174047 0)
(1.1588 -0.166934 0)
(1.16765 -0.15945 0)
(1.17708 -0.150093 0)
(1.18669 -0.139044 0)
(1.19482 -0.129119 0)
(1.2019 -0.120474 0)
(1.20892 -0.111025 0)
(1.21623 -0.100295 0)
(1.22314 -0.0891178 0)
(1.22914 -0.078405 0)
(1.23428 -0.0681046 0)
(1.23913 -0.0573863 0)
(1.24336 -0.0464248 0)
(1.24675 -0.0357672 0)
(1.09285 -0.22078 0)
(1.10283 -0.213856 0)
(1.11269 -0.206831 0)
(1.12309 -0.199092 0)
(1.13378 -0.189925 0)
(1.14366 -0.180613 0)
(1.15297 -0.173063 0)
(1.16208 -0.165975 0)
(1.1713 -0.157526 0)
(1.18115 -0.147055 0)
(1.19014 -0.136347 0)
(1.19813 -0.127435 0)
(1.20564 -0.118597 0)
(1.21265 -0.10874 0)
(1.21971 -0.0977467 0)
(1.22685 -0.0863014 0)
(1.23308 -0.075352 0)
(1.23815 -0.0649434 0)
(1.24273 -0.0542707 0)
(1.2468 -0.0434313 0)
(1.25004 -0.0327343 0)
(1.09578 -0.221003 0)
(1.10584 -0.213947 0)
(1.11613 -0.206311 0)
(1.12698 -0.197536 0)
(1.1374 -0.187999 0)
(1.14687 -0.179939 0)
(1.15623 -0.17261 0)
(1.16572 -0.164462 0)
(1.1756 -0.154633 0)
(1.18503 -0.143882 0)
(1.19355 -0.134566 0)
(1.2015 -0.126029 0)
(1.20908 -0.116653 0)
(1.2165 -0.10602 0)
(1.22371 -0.094818 0)
(1.23044 -0.083688 0)
(1.23642 -0.0727865 0)
(1.24179 -0.0619054 0)
(1.2468 -0.0508863 0)
(1.25079 -0.0400512 0)
(1.25358 -0.0293989 0)
(1.09884 -0.220799 0)
(1.10918 -0.213623 0)
(1.11979 -0.205366 0)
(1.1307 -0.196058 0)
(1.14088 -0.187588 0)
(1.1502 -0.180105 0)
(1.15981 -0.171852 0)
(1.16996 -0.162053 0)
(1.17977 -0.151227 0)
(1.18866 -0.141695 0)
(1.1969 -0.13351 0)
(1.20505 -0.124357 0)
(1.21316 -0.11382 0)
(1.22043 -0.102958 0)
(1.2273 -0.0922609 0)
(1.23416 -0.0810866 0)
(1.24045 -0.069599 0)
(1.24573 -0.0585843 0)
(1.25037 -0.0477936 0)
(1.25428 -0.036892 0)
(1.25724 -0.0257734 0)
(1.10191 -0.220068 0)
(1.11271 -0.212698 0)
(1.12347 -0.204213 0)
(1.13425 -0.195642 0)
(1.14437 -0.187968 0)
(1.15375 -0.179998 0)
(1.16396 -0.170388 0)
(1.17431 -0.159052 0)
(1.18354 -0.148729 0)
(1.19227 -0.14055 0)
(1.2005 -0.132134 0)
(1.20902 -0.121841 0)
(1.21706 -0.110655 0)
(1.22423 -0.100107 0)
(1.23138 -0.0894902 0)
(1.238 -0.0782273 0)
(1.24385 -0.0667605 0)
(1.24944 -0.0554574 0)
(1.25476 -0.0441188 0)
(1.25876 -0.0328143 0)
(1.26114 -0.0217609 0)
(1.10519 -0.218837 0)
(1.11617 -0.211319 0)
(1.12688 -0.203271 0)
(1.13766 -0.195516 0)
(1.14788 -0.187905 0)
(1.15766 -0.179246 0)
(1.16847 -0.168238 0)
(1.17835 -0.156699 0)
(1.18729 -0.147742 0)
(1.19606 -0.139498 0)
(1.20457 -0.129845 0)
(1.21317 -0.118597 0)
(1.22108 -0.10754 0)
(1.22831 -0.0973501 0)
(1.23527 -0.0866395 0)
(1.24182 -0.0750624 0)
(1.24778 -0.0634378 0)
(1.25335 -0.0521708 0)
(1.25848 -0.040587 0)
(1.26248 -0.0288508 0)
(1.26483 -0.017874 0)
(1.10825 -0.217626 0)
(1.11949 -0.210037 0)
(1.13023 -0.20241 0)
(1.141 -0.195018 0)
(1.15151 -0.187175 0)
(1.16221 -0.177645 0)
(1.17285 -0.165998 0)
(1.18215 -0.156077 0)
(1.19106 -0.147434 0)
(1.20026 -0.137735 0)
(1.20885 -0.126678 0)
(1.21726 -0.115259 0)
(1.22513 -0.104819 0)
(1.23243 -0.0945348 0)
(1.2396 -0.0831243 0)
(1.24566 -0.0717051 0)
(1.25125 -0.06059 0)
(1.25729 -0.0488277 0)
(1.26287 -0.0363393 0)
(1.26654 -0.0246536 0)
(1.26848 -0.0144556 0)
(1.11166 -0.216623 0)
(1.12284 -0.20903 0)
(1.13343 -0.201657 0)
(1.14449 -0.194056 0)
(1.15563 -0.18547 0)
(1.1663 -0.175166 0)
(1.17663 -0.164812 0)
(1.1859 -0.155976 0)
(1.19496 -0.146545 0)
(1.20466 -0.135092 0)
(1.21327 -0.123238 0)
(1.22123 -0.112662 0)
(1.22899 -0.102555 0)
(1.23696 -0.0912176 0)
(1.24396 -0.0793106 0)
(1.24948 -0.0685787 0)
(1.25509 -0.05761 0)
(1.26127 -0.0452843 0)
(1.26663 -0.032366 0)
(1.27014 -0.0212136 0)
(1.27218 -0.0113542 0)
(1.11468 -0.216123 0)
(1.12631 -0.208265 0)
(1.13699 -0.200638 0)
(1.14806 -0.192529 0)
(1.15952 -0.183005 0)
(1.17021 -0.173114 0)
(1.18037 -0.164218 0)
(1.18963 -0.155479 0)
(1.19979 -0.144584 0)
(1.20954 -0.131819 0)
(1.21723 -0.120877 0)
(1.22542 -0.110717 0)
(1.23386 -0.099604 0)
(1.24148 -0.0875084 0)
(1.24822 -0.0758307 0)
(1.25356 -0.0656716 0)
(1.2591 -0.0545138 0)
(1.26538 -0.0413805 0)
(1.27041 -0.0285817 0)
(1.27368 -0.0182347 0)
(1.27591 -0.00824607 0)
(1.11824 -0.215545 0)
(1.12952 -0.207726 0)
(1.14046 -0.199601 0)
(1.15215 -0.190601 0)
(1.16335 -0.18077 0)
(1.17385 -0.17197 0)
(1.18411 -0.163506 0)
(1.19396 -0.15388 0)
(1.2043 -0.141602 0)
(1.21357 -0.129166 0)
(1.22143 -0.119241 0)
(1.22966 -0.108795 0)
(1.23796 -0.0966262 0)
(1.24586 -0.0840043 0)
(1.25267 -0.0728236 0)
(1.25792 -0.0627542 0)
(1.26348 -0.0509525 0)
(1.26934 -0.0374603 0)
(1.27383 -0.0256626 0)
(1.27715 -0.0155821 0)
(1.28008 -0.00447662 0)
(1.12149 -0.215107 0)
(1.13311 -0.207024 0)
(1.14455 -0.198342 0)
(1.156 -0.18881 0)
(1.16682 -0.179592 0)
(1.17747 -0.171126 0)
(1.188 -0.162092 0)
(1.19826 -0.151178 0)
(1.20872 -0.138537 0)
(1.2178 -0.127573 0)
(1.22561 -0.117903 0)
(1.23446 -0.106154 0)
(1.1 -5.76275e-16 0)
(1.1 -5.17017e-16 0)
(1.1 -3.93128e-16 0)
(1.1 4.43411e-17 0)
(1.1 -1.36739e-18 0)
(1.1 2.56565e-16 0)
(1.1 2.9027e-16 0)
(1.1 6.59786e-16 0)
(1.1 5.72519e-16 0)
(1.1 8.38756e-16 0)
(1.1 5.72071e-16 0)
(1.1 5.07279e-16 0)
(1.1 5.99402e-16 0)
(1.1 5.83953e-16 0)
(1.1 -2.1957e-18 0)
(1.1 -1.42279e-15 0)
(1.1 -3.79908e-16 0)
(1.1 1.96778e-16 0)
(1.1 -2.99784e-16 0)
(1.1 2.50931e-16 0)
(1.1 -1.12895e-16 0)
(1.1 -4.7201e-16 0)
(1.1 -5.65741e-16 0)
(1.1 -2.56096e-16 0)
(1.1 -2.1791e-16 0)
(1.1 -3.59544e-16 0)
(1.1 2.79331e-16 0)
(1.1 4.85516e-16 0)
(1.1 1.49501e-15 0)
(1.1 1.40507e-15 0)
(1.1 5.9797e-16 0)
(1.1 8.74077e-16 0)
(1.1 1.22274e-15 0)
(1.1 1.78009e-15 0)
(1.1 1.13856e-15 0)
(1.1 1.4261e-16 0)
(1.1 -1.37429e-15 0)
(1.1 -6.7674e-16 0)
(1.1 -1.23111e-16 0)
(1.1 -7.31984e-17 0)
(1.1 1.46637e-16 0)
(1.1 -5.90283e-16 0)
(1.1 6.10581e-16 0)
(1.1 1.93277e-16 0)
(1.1 -3.00313e-16 0)
(1.1 -7.09249e-16 0)
(1.1 -4.40816e-16 0)
(1.1 -3.85285e-19 0)
(1.1 4.26837e-16 0)
(1.1 7.69908e-16 0)
(1.1 7.90489e-16 0)
(1.1 1.35508e-16 0)
(1.1 7.22235e-16 0)
(1.1 1.55798e-15 0)
(1.1 2.69066e-15 0)
(1.1 2.05733e-15 0)
(1.1 8.94007e-16 0)
(1.1 -8.27103e-16 0)
(1.1 -1.9616e-15 0)
(1.1 -5.64916e-16 0)
(1.1 8.03447e-16 0)
(1.1 1.74001e-16 0)
(1.1 -1.08337e-15 0)
(1.1 1.00222e-16 0)
(1.1 -2.59512e-16 0)
(1.1 -6.10509e-16 0)
(1.1 -3.34574e-16 0)
(1.1 2.53043e-17 0)
(1.1 4.22526e-16 0)
(1.1 6.43388e-16 0)
(1.1 5.30485e-16 0)
(1.1 2.84996e-16 0)
(1.1 8.05739e-17 0)
(1.1 4.18088e-16 0)
(1.1 9.12626e-16 0)
(1.1 1.97952e-15 0)
(1.1 1.29483e-15 0)
(1.1 -2.36404e-16 0)
(1.1 -1.20615e-15 0)
(1.1 -2.37524e-15 0)
(1.1 -1.48609e-15 0)
(1.1 -3.7798e-16 0)
(1.1 5.75951e-16 0)
(1.1 -6.58205e-16 0)
(1.1 -9.98867e-16 0)
(1.1 -9.01073e-16 0)
(1.1 -3.81898e-16 0)
(1.1 4.63067e-16 0)
(1.1 7.36845e-16 0)
(1.1 4.50824e-16 0)
(1.1 5.63864e-16 0)
(1.1 4.64473e-16 0)
(1.1 7.84184e-16 0)
(1.1 9.01539e-17 0)
(1.1 3.70256e-16 0)
(1.1 7.10701e-16 0)
(1.1 8.6715e-16 0)
(1.1 5.79686e-16 0)
(1.1 -3.9535e-16 0)
(1.1 -3.60183e-16 0)
(1.1 -1.55921e-16 0)
(1.1 -9.64882e-16 0)
(1.1 -1.1298e-15 0)
(1.1 -1.12198e-15 0)
(1.1 -1.18292e-15 0)
(1.1 -4.52534e-16 0)
(1.1 -4.20306e-16 0)
(1.1 -1.64922e-16 0)
(1.1 -1.09024e-16 0)
(1.1 6.19815e-16 0)
(1.1 3.55283e-16 0)
(1.1 3.80199e-16 0)
(1.1 9.28125e-16 0)
(1.1 9.67787e-16 0)
(1.1 9.36034e-16 0)
(1.1 8.86972e-16 0)
(1.1 8.9631e-17 0)
(1.1 -2.19164e-16 0)
(1.1 4.93392e-16 0)
(1.1 -2.1968e-16 0)
(1.1 1.77042e-17 0)
(1.1 7.42738e-16 0)
(1.1 -4.76662e-17 0)
(1.1 -1.48876e-15 0)
(1.1 -2.65904e-15 0)
(1.1 -2.31837e-15 0)
(1.1 2.24878e-16 0)
(1.1 2.10294e-16 0)
(1.1 3.07388e-16 0)
(1.1 -1.9062e-16 0)
(1.1 -5.80184e-17 0)
(1.1 1.07527e-16 0)
(1.1 1.0834e-15 0)
(1.1 6.73178e-16 0)
(1.1 1.14467e-15 0)
(1.1 1.28988e-15 0)
(1.1 5.65543e-16 0)
(1.1 2.76636e-16 0)
(1.1 8.93732e-17 0)
(1.1 2.68756e-16 0)
(1.1 2.04865e-16 0)
(1.1 1.5772e-16 0)
(1.1 5.83696e-16 0)
(1.1 -1.92705e-16 0)
(1.1 -1.72153e-15 0)
(1.1 -2.05311e-15 0)
(1.1 -2.9306e-15 0)
(1.1 4.84351e-16 0)
(1.1 5.37646e-16 0)
(1.1 5.55525e-16 0)
(1.1 -9.95218e-17 0)
(1.1 -2.86331e-16 0)
(1.1 2.68063e-16 0)
(1.1 1.19136e-15 0)
(1.1 7.93853e-16 0)
(1.1 7.09852e-16 0)
(1.1 8.85414e-16 0)
(1.1 5.22984e-16 0)
(1.1 5.63998e-16 0)
(1.1 5.02661e-16 0)
(1.1 1.83328e-16 0)
(1.1 1.92252e-16 0)
(1.1 4.19368e-16 0)
(1.1 -2.74993e-16 0)
(1.1 -9.93119e-16 0)
(1.1 -1.97722e-15 0)
(1.1 -1.69142e-15 0)
(1.1 -2.56784e-15 0)
(1.1 8.18484e-16 0)
(1.1 8.37986e-16 0)
(1.1 2.55375e-16 0)
(1.1 -2.21009e-17 0)
(1.1 1.1833e-16 0)
(1.1 8.74246e-16 0)
(1.1 7.64572e-16 0)
(1.1 1.00011e-15 0)
(1.1 4.40636e-16 0)
(1.1 1.07151e-15 0)
(1.1 1.30067e-15 0)
(1.1 9.59394e-16 0)
(1.1 3.91786e-16 0)
(1.1 4.15815e-16 0)
(1.1 3.19813e-16 0)
(1.1 -1.98838e-16 0)
(1.1 -1.98218e-15 0)
(1.1 -1.7724e-15 0)
(1.1 -1.407e-15 0)
(1.1 -1.86052e-15 0)
(1.1 -2.0498e-15 0)
(1.1 4.57291e-16 0)
(1.1 1.87594e-16 0)
(1.1 -1.81879e-16 0)
(1.1 4.72932e-18 0)
(1.1 3.44496e-16 0)
(1.1 2.62601e-16 0)
(1.1 3.15801e-16 0)
(1.1 7.89304e-16 0)
(1.1 2.95731e-16 0)
(1.1 7.90625e-16 0)
(1.1 5.55681e-16 0)
(1.1 4.71743e-16 0)
(1.1 -4.30664e-16 0)
(1.1 1.06317e-16 0)
(1.1 7.01914e-17 0)
(1.1 -5.7582e-16 0)
(1.1 -1.54241e-15 0)
(1.1 -1.33861e-15 0)
(1.1 -6.15335e-16 0)
(1.1 -1.48995e-15 0)
(1.1 -1.26799e-15 0)
(1.1 2.42133e-16 0)
(1.1 3.14714e-16 0)
(1.1 1.14734e-16 0)
(1.1 -7.47768e-17 0)
(1.1 1.2385e-16 0)
(1.1 -6.83538e-17 0)
(1.1 -1.26848e-16 0)
(1.1 1.05495e-15 0)
(1.1 7.61564e-16 0)
(1.1 9.27663e-16 0)
(1.1 1.28575e-16 0)
(1.1 -2.14879e-16 0)
(1.1 -9.18288e-16 0)
(1.1 -4.58607e-16 0)
(1.1 -4.77672e-16 0)
(1.1 -2.5641e-16 0)
(1.1 -5.77399e-16 0)
(1.1 -7.69071e-16 0)
(1.1 -9.68155e-16 0)
(1.1 -1.8369e-15 0)
(1.1 -1.0838e-15 0)
(1.1 1.78607e-16 0)
(1.1 5.64637e-16 0)
(1.1 2.80563e-17 0)
(1.1 -4.02937e-16 0)
(1.1 -3.05776e-16 0)
(1.1 2.75562e-16 0)
(1.1 2.44921e-16 0)
(1.1 4.73552e-16 0)
(1.1 1.02178e-15 0)
(1.1 6.99543e-16 0)
(1.1 -1.76602e-16 0)
(1.1 -3.77312e-16 0)
(1.1 -9.62015e-16 0)
(1.1 -1.10089e-15 0)
(1.1 -6.65636e-16 0)
(1.1 2.36202e-16 0)
(1.1 5.40812e-17 0)
(1.1 -2.23975e-16 0)
(1.1 -1.20411e-15 0)
(1.1 -2.19819e-15 0)
(1.1 -1.77828e-15 0)
(1.1 4.14964e-16 0)
(1.1 4.23429e-16 0)
(1.1 -1.31623e-16 0)
(1.1 -3.34883e-16 0)
(1.1 -3.31796e-16 0)
(1.1 1.8768e-16 0)
(1.1 6.30386e-16 0)
(1.1 -1.56993e-17 0)
(1.1 1.11957e-16 0)
(1.1 -1.37937e-16 0)
(1.1 -3.90562e-16 0)
(1.1 -1.07342e-15 0)
(1.1 -7.32911e-16 0)
(1.1 -1.0208e-15 0)
(1.1 -2.79851e-17 0)
(1.1 -5.48728e-17 0)
(1.1 -2.7448e-16 0)
(1.1 -4.34664e-16 0)
(1.1 -1.3166e-15 0)
(1.1 -1.04888e-15 0)
(1.1 -1.30007e-15 0)
(1.1 -5.04056e-17 0)
(1.1 3.73753e-16 0)
(1.1 2.36556e-17 0)
(1.1 -3.21398e-16 0)
(1.1 -2.334e-16 0)
(1.1 -1.03534e-16 0)
(1.1 3.62694e-17 0)
(1.1 -1.31115e-16 0)
(1.1 7.11097e-17 0)
(1.1 7.91112e-18 0)
(1.1 3.24875e-16 0)
(1.1 -7.41684e-16 0)
(1.1 -8.65627e-16 0)
(1.1 -1.24117e-15 0)
(1.1 -7.50154e-16 0)
(1.1 -9.19621e-16 0)
(1.1 -9.13456e-16 0)
(1.1 -6.64351e-16 0)
(1.1 -9.50184e-16 0)
(1.1 -5.97515e-16 0)
(1.1 -1.06754e-15 0)
(1.1 -1.54031e-16 0)
(1.1 1.03333e-16 0)
(1.1 -1.87732e-16 0)
(1.1 -4.76952e-16 0)
(1.1 -1.82687e-16 0)
(1.1 -1.17745e-16 0)
(1.1 -4.91823e-17 0)
(1.1 8.44267e-17 0)
(1.1 2.43326e-16 0)
(1.1 -5.14292e-16 0)
(1.1 4.33605e-17 0)
(1.1 -5.7642e-16 0)
(1.1 -1.21757e-15 0)
(1.1 -1.36313e-15 0)
(1.1 -6.85011e-16 0)
(1.1 -9.78178e-16 0)
(1.1 -7.7645e-16 0)
(1.1 -5.35983e-16 0)
(1.1 -4.38564e-16 0)
(1.1 -5.30301e-16 0)
(1.1 -1.10408e-15 0)
(1.1 -6.50024e-17 0)
(1.1 -4.41762e-17 0)
(1.1 -5.06735e-16 0)
(1.1 -3.18017e-16 0)
(1.1 1.48542e-16 0)
(1.1 3.25411e-16 0)
(1.1 1.5099e-16 0)
(1.1 2.269e-16 0)
(1.1 -4.39854e-16 0)
(1.1 -7.8763e-16 0)
(1.1 -1.25859e-15 0)
(1.1 -9.21339e-16 0)
(1.1 -1.16676e-15 0)
(1.1 -1.57516e-15 0)
(1.1 -1.72284e-15 0)
(1.1 -1.34661e-15 0)
(1.1 -6.28678e-16 0)
(1.1 -4.22779e-16 0)
(1.1 -2.66197e-16 0)
(1.1 4.0545e-17 0)
(1.1 -3.45409e-16 0)
(1.1 -2.1656e-16 0)
(1.1 -2.96991e-16 0)
(1.1 -3.25224e-16 0)
(1.1 2.63226e-16 0)
(1.1 3.66696e-16 0)
(1.1 4.42158e-16 0)
(1.1 3.40982e-16 0)
(1.1 6.64709e-16 0)
(1.1 7.76866e-17 0)
(1.1 -4.11037e-16 0)
(1.1 -1.00803e-15 0)
(1.1 -7.78481e-16 0)
(1.1 -9.10972e-16 0)
(1.1 -1.88008e-15 0)
(1.1 -2.21411e-15 0)
(1.1 -1.90986e-15 0)
(1.1 -7.56702e-16 0)
(1.1 -4.34277e-16 0)
(1.1 -5.23713e-17 0)
(1.1 2.40832e-16 0)
(1.1 1.84739e-17 0)
(1.1 -3.14603e-16 0)
(1.1 -7.29159e-16 0)
(1.1 -6.69482e-17 0)
(1.1 6.78452e-16 0)
(1.1 7.46951e-16 0)
(1.1 4.10184e-16 0)
(1.1 5.16909e-16 0)
(1.1 4.20676e-16 0)
(1.1 -3.64957e-16 0)
(1.1 -5.87746e-16 0)
(1.1 -6.35656e-16 0)
(1.1 -1.19594e-15 0)
(1.1 -6.24591e-16 0)
(1.1 -1.39151e-15 0)
(1.1 -1.24234e-15 0)
(1.1 -8.86409e-16 0)
(1.1 2.0017e-16 0)
(1.1 -8.93414e-17 0)
(1.1 1.41655e-16 0)
(1.1 1.07491e-16 0)
(1.1 2.90675e-16 0)
(1.1 -2.43824e-16 0)
(1.1 -2.04355e-16 0)
(1.1 5.46043e-16 0)
(1.1 1.30031e-15 0)
(1.1 8.72315e-16 0)
(1.1 5.22504e-16 0)
(1.1 4.32576e-16 0)
(1.1 -6.47745e-16 0)
(1.1 -1.51391e-15 0)
(1.1 -1.19234e-15 0)
(1.1 -5.35779e-16 0)
(1.1 -9.91077e-16 0)
(1.1 -4.49529e-16 0)
(1.1 -7.65887e-16 0)
(1.1 -7.02937e-16 0)
(1.1 -4.38169e-16 0)
(1.1 3.53549e-16 0)
(1.1 4.42741e-16 0)
(1.1 4.02404e-16 0)
(1.1 -1.27751e-16 0)
(1.1 3.606e-16 0)
(1.1 2.57608e-16 0)
(1.1 5.28092e-16 0)
(1.1 1.428e-15 0)
(1.1 1.48855e-15 0)
(1.1 9.4157e-16 0)
(1.1 6.4124e-16 0)
(1.1 2.30963e-17 0)
(1.1 -3.48617e-16 0)
(1.1 -1.85384e-15 0)
(1.1 -1.4676e-15 0)
(1.1 -9.42582e-16 0)
(1.1 -6.0879e-16 0)
(1.1 -2.50534e-16 0)
(1.1 -6.32843e-16 0)
(1.1 -1.0213e-15 0)
(1.1 -1.47783e-15 0)
(1.1 -7.13418e-16 0)
(1.1 -9.50601e-17 0)
(1.1 -7.74758e-16 0)
(1.1 -6.14753e-16 0)
(1.1 3.5194e-16 0)
(1.1 2.49222e-16 0)
(1.1 1.09528e-16 0)
(1.1 9.88039e-16 0)
(1.1 9.87581e-16 0)
(1.1 5.53481e-16 0)
(1.1 2.33017e-16 0)
(1.1 8.22108e-17 0)
(1.1 -4.63197e-16 0)
(1.1 -3.90992e-16 0)
(1.1 -8.69452e-16 0)
(1.1 -2.35554e-16 0)
(1.1 -7.8764e-16 0)
(1.1 -7.16464e-16 0)
(1.1 -1.41066e-15 0)
(1.1 -1.6373e-15 0)
(1.1 -9.69203e-16 0)
(1.1 -1.1454e-15 0)
(1.1 -1.51664e-15 0)
(1.1 -1.32531e-15 0)
(1.1 -3.09383e-18 0)
(1.1 5.02343e-16 0)
(1.1 2.81036e-16 0)
(1.1 3.49051e-16 0)
(1.1 8.64503e-16 0)
(1.1 7.1734e-16 0)
(1.1 3.14409e-16 0)
(1.1 1.8365e-16 0)
(1.1 -1.08395e-16 0)
(1.1 -6.95105e-16 0)
(1.1 -3.50887e-16 0)
(1.1 -6.53305e-16 0)
(1.1 -5.55128e-16 0)
(1.1 -6.01718e-16 0)
(1.1 -5.79607e-16 0)
(1.1 -9.86387e-16 0)
(1.1 -1.63082e-15 0)
(1.1 -1.14876e-15 0)
(1.1 -5.82087e-16 0)
(1.1 -4.46803e-16 0)
(1.1 -2.6584e-16 0)
(1.1 8.30182e-16 0)
(1.1 -3.40746e-16 0)
(1.1 5.57701e-16 0)
(1.1 5.9532e-16 0)
(1.1 9.65278e-16 0)
(1.1 7.07144e-16 0)
(1.1 5.16781e-16 0)
(1.1 -7.96646e-17 0)
(1.1 -6.08208e-16 0)
(1.1 -9.73519e-16 0)
(1.1 -9.37359e-16 0)
(1.1 -2.23886e-16 0)
(1.1 -7.58272e-16 0)
(1.1 -3.05449e-16 0)
(1.1 1.734e-16 0)
(1.1 -1.16901e-16 0)
(1.1 -5.28246e-16 0)
(1.1 -6.17111e-16 0)
(1.1 -2.6795e-16 0)
(1.1 2.33807e-16 0)
(1.1 2.77317e-16 0)
(1.1 2.23732e-16 0)
(1.1 -1.64342e-16 0)
(1.1 6.35988e-16 0)
(1.1 8.84006e-18 0)
(1.1 5.13681e-16 0)
(1.1 6.72771e-16 0)
(1.1 7.79297e-16 0)
(1.1 4.49942e-17 0)
(1.1 -5.26692e-16 0)
(1.1 -5.81773e-16 0)
(1.1 -5.01209e-16 0)
(1.1 -5.91239e-17 0)
(1.1 -2.38192e-16 0)
(1.1 -1.76931e-16 0)
(1.1 3.46557e-17 0)
(1.1 7.11284e-17 0)
(1.1 5.6767e-17 0)
(1.1 -9.47247e-18 0)
(1.1 -6.14403e-16 0)
(1.1 -2.59884e-16 0)
(1.1 -1.6082e-16 0)
(1.1 -6.69707e-16 0)
(1.1 4.79805e-16 0)
(1.1 -4.41774e-17 0)
(1.1 7.89535e-17 0)
(1.1 1.68783e-16 0)
(1.1 6.31591e-16 0)
(1.1 8.57721e-16 0)
(1.1 5.38346e-16 0)
(1.1 -2.50858e-16 0)
(1.1 -1.14336e-16 0)
(1.1 2.68657e-16 0)
(1.1 1.20269e-16 0)
(1.1 2.6131e-16 0)
(1.1 6.07519e-16 0)
(1.1 2.57811e-16 0)
(1.1 6.50744e-16 0)
(1.1 5.13766e-16 0)
(1.1 6.24148e-16 0)
(1.1 -9.09631e-17 0)
(1.1 -2.81599e-16 0)
(1.1 -9.10077e-17 0)
(1.1 -4.70687e-16 0)
(1.1 -2.68334e-16 0)
(1.1 1.04877e-16 0)
(1.1 5.05125e-16 0)
(1.1 -2.22311e-16 0)
(1.1 1.57281e-16 0)
(1.1 7.25298e-16 0)
(1.1 6.56939e-16 0)
(1.1 -1.34146e-16 0)
(1.1 3.41998e-17 0)
(1.1 1.0463e-16 0)
(1.1 2.68163e-16 0)
(1.1 6.26085e-16 0)
(1.1 1.03347e-15 0)
(1.1 7.69604e-16 0)
(1.1 1.25177e-15 0)
(1.1 6.11179e-16 0)
(1.1 6.14275e-16 0)
(1.1 6.33875e-16 0)
(1.1 8.17604e-17 0)
(1.1 -3.87021e-16 0)
(1.1 -6.41711e-16 0)
(1.1 -1.06716e-15 0)
(1.1 4.31072e-16 0)
(1.1 1.66308e-16 0)
(1.1 -6.28188e-17 0)
(1.1 4.22032e-16 0)
(1.1 4.80876e-16 0)
(1.1 7.26498e-16 0)
(1.1 7.80185e-16 0)
(1.1 2.31866e-16 0)
(1.1 5.20756e-17 0)
(1.1 -8.91173e-17 0)
(1.1 3.0044e-16 0)
(1.1 7.68987e-16 0)
(1.1 5.72667e-16 0)
(1.1 8.47514e-16 0)
(1.1 8.91013e-16 0)
(1.1 -2.40532e-18 0)
(1.1 4.90292e-16 0)
(1.1 3.95023e-16 0)
(1.1 -1.6354e-16 0)
(1.1 -6.7987e-16 0)
(1.1 -5.66351e-16 0)
(1.1 6.60935e-17 0)
(1.1 -1.39113e-16 0)
(1.1 -5.69893e-16 0)
(1.1 2.14027e-16 0)
(1.1 2.45174e-16 0)
(1.1 4.15478e-16 0)
(1.1 1.2329e-15 0)
(1.1 6.90895e-16 0)
(1.1 4.27786e-16 0)
(1.1 2.77201e-16 0)
(1.1 -1.15836e-17 0)
(1.1 2.5691e-16 0)
(1.1 4.28937e-16 0)
(1.1 1.09807e-15 0)
(1.1 1.83061e-15 0)
(1.1 1.05011e-15 0)
(1.1 9.05054e-16 0)
(1.1 7.84369e-16 0)
(1.1 -3.34276e-16 0)
(1.1 -1.72788e-16 0)
(1.1 -4.71225e-16 0)
(1.1 -8.56243e-17 0)
(1.1 -2.84683e-16 0)
(1.1 -1.01325e-15 0)
(1.1 -8.31496e-16 0)
(1.1 -1.09934e-16 0)
(1.1 1.74188e-16 0)
(1.1 1.01972e-15 0)
(1.1 8.90401e-16 0)
(1.1 4.69716e-16 0)
(1.1 1.2613e-16 0)
(1.1 -2.85061e-16 0)
(1.1 -2.16865e-16 0)
(1.1 -1.0044e-16 0)
(1.1 5.06204e-16 0)
(1.1 1.22388e-15 0)
(1.1 1.26151e-15 0)
(1.1 6.03793e-16 0)
(1.1 3.99015e-16 0)
(1.1 8.96624e-17 0)
(1.1 1.82735e-16 0)
(1.1 -4.65017e-16 0)
(1.1 7.26983e-17 0)
(1.1 -6.95899e-17 0)
(1.1 -3.89708e-16 0)
(1.1 -7.52706e-16 0)
(1.1 -7.66821e-16 0)
(1.1 -6.04848e-16 0)
(1.1 1.25964e-16 0)
(1.1 2.35589e-16 0)
(1.1 -8.96567e-17 0)
(1.1 -5.89238e-16 0)
(1.1 2.40735e-16 0)
(1.1 1.24091e-17 0)
(1.1 4.10504e-17 0)
(1.1 4.19864e-16 0)
(1.1 8.91171e-16 0)
(1.1 9.51738e-16 0)
(1.1 1.13981e-16 0)
(1.1 9.2398e-17 0)
(1.1 2.46027e-16 0)
(1.1 5.51147e-16 0)
(1.1 2.98596e-17 0)
(1.1 1.3546e-16 0)
(1.1 -4.16069e-17 0)
(1.1 1.524e-16 0)
(1.1 -4.37951e-16 0)
(1.1 -1.00386e-15 0)
(1.1 -8.6464e-16 0)
(1.1 -6.3635e-16 0)
(1.1 -4.19947e-16 0)
(1.1 -8.3166e-16 0)
(1.1 -5.3085e-16 0)
(1.1 -2.68806e-16 0)
(1.1 -2.39079e-16 0)
(1.1 5.07195e-16 0)
(1.1 1.44534e-15 0)
(1.1 1.02604e-15 0)
(1.1 6.29742e-16 0)
(1.1 -1.8222e-16 0)
(1.1 1.8222e-16 0)
(1.1 8.21452e-16 0)
(1.1 5.52437e-16 0)
(1.1 5.35123e-16 0)
(1.1 -2.19813e-16 0)
(1.1 2.146e-16 0)
(1.1 5.13103e-17 0)
(1.1 -5.51102e-16 0)
(1.1 -6.25926e-16 0)
(1.1 -9.36397e-16 0)
(1.1 -8.30216e-16 0)
(1.1 -6.43399e-16 0)
(1.1 -1.06619e-15 0)
(1.1 -3.22718e-16 0)
(1.1 -7.89559e-16 0)
(1.1 -4.10129e-16 0)
(1.1 9.86406e-17 0)
(1.1 8.88528e-16 0)
(1.1 4.56973e-16 0)
(1.1 4.07511e-16 0)
(1.1 8.20408e-17 0)
(1.1 6.36742e-16 0)
(1.1 7.56803e-16 0)
(1.1 3.43729e-16 0)
(1.1 7.29189e-16 0)
(1.1 3.95355e-16 0)
(1.1 4.89144e-16 0)
(1.1 -2.99093e-16 0)
(1.1 -3.15603e-16 0)
(1.1 -4.33574e-16 0)
(1.1 -5.94372e-16 0)
(1.1 -8.86082e-16 0)
(1.1 -9.23811e-16 0)
(1.1 -7.74328e-16 0)
(1.1 -7.24597e-16 0)
(1.1 -1.42989e-15 0)
(1.1 -1.38984e-15 0)
(1.1 -1.21364e-15 0)
(1.1 -4.37962e-16 0)
(1.1 -3.77674e-16 0)
(1.1 1.4711e-16 0)
(1.1 4.84562e-16 0)
(1.1 1.9877e-16 0)
(1.1 9.20466e-18 0)
(1.1 7.81103e-17 0)
(1.1 -1.75482e-16 0)
(1.1 8.34041e-16 0)
(1.1 6.32362e-16 0)
(1.1 3.6294e-16 0)
(1.1 2.94829e-17 0)
(1.1 -5.17025e-16 0)
(1.1 -5.3753e-16 0)
(1.1 -9.21918e-16 0)
(1.1 -8.84687e-16 0)
(1.1 -4.39459e-16 0)
(1.1 -1.3279e-15 0)
(1.1 -1.31695e-15 0)
(1.1 -1.64518e-15 0)
(1.1 -1.55369e-15 0)
(1.1 -8.32762e-16 0)
(1.1 -5.13184e-16 0)
(1.1 -4.77887e-16 0)
(1.1 -1.94645e-16 0)
(1.1 -3.98756e-16 0)
(1.1 -4.37352e-16 0)
(1.1 -6.07118e-17 0)
(1.1 6.35716e-17 0)
(1.1 1.0199e-15 0)
(1.1 1.0906e-15 0)
(1.1 1.03768e-15 0)
(1.1 4.77958e-16 0)
(1.1 -3.9895e-16 0)
(1.1 -1.2238e-16 0)
(1.1 -3.62682e-16 0)
(1.1 -3.7112e-16 0)
(1.1 -1.62276e-16 0)
(1.1 -9.60314e-16 0)
(1.1 -6.03211e-16 0)
(1.1 -7.57957e-16 0)
(1.1 -9.70099e-16 0)
(1.1 -1.00839e-15 0)
(1.1 -3.73382e-16 0)
(1.1 -4.78863e-16 0)
(1.1 -4.94548e-17 0)
(1.1 -5.2137e-17 0)
(1.1 2.60395e-17 0)
(1.1 3.64499e-16 0)
(1.1 6.0625e-16 0)
(1.1 4.22846e-16 0)
(1.1 2.44845e-16 0)
(1.1 3.87829e-16 0)
(1.1 -5.46051e-17 0)
(1.1 6.36607e-17 0)
(1.1 6.72268e-16 0)
(1.1 6.40645e-16 0)
(1.1 5.24846e-16 0)
(1.1 6.54183e-16 0)
(1.1 -4.007e-16 0)
(1.1 -1.13741e-15 0)
(1.1 -8.54697e-16 0)
(1.1 -4.81249e-16 0)
(1.1 -3.72622e-16 0)
(1.1 1.12416e-16 0)
(1.1 -6.87932e-17 0)
(1.1 -7.62655e-17 0)
(1.1 6.6446e-16 0)
(1.1 5.27926e-16 0)
(1.1 4.97127e-16 0)
(1.1 6.96773e-16 0)
(1.1 -3.39921e-16 0)
(1.1 -5.729e-16 0)
(1.1 -9.98051e-17 0)
(1.1 3.06185e-17 0)
(1.1 6.2498e-16 0)
(1.1 1.05442e-15 0)
(1.1 1.01291e-15 0)
(1.1 1.10873e-15 0)
(1.1 1.03382e-15 0)
(1.1 5.49754e-16 0)
(1.1 -5.33443e-16 0)
(1.1 -1.81442e-16 0)
(1.1 1.71549e-16 0)
(1.1 1.9256e-17 0)
(1.1 3.65361e-16 0)
(1.1 4.20849e-16 0)
(1.1 1.71032e-16 0)
(1.1 7.80223e-16 0)
(1.1 1.40155e-15 0)
(1.1 9.72945e-16 0)
(1.1 1.23294e-15 0)
(1.1 -1.37935e-15 0)
(1.1 -7.55281e-16 0)
(1.1 1.02952e-17 0)
(1.1 9.47783e-16 0)
(1.1 7.51668e-16 0)
(1.1 1.05364e-15 0)
(1.1 1.03978e-15 0)
(1.1 8.83868e-16 0)
(1.1 2.68232e-16 0)
(1.1 8.19576e-16 0)
(1.1 5.78718e-16 0)
(1.1 2.34974e-16 0)
(1.1 4.45216e-16 0)
(1.1 1.2691e-16 0)
(1.1 5.30542e-16 0)
(1.1 1.19961e-15 0)
(1.1 1.18753e-15 0)
(1.1 4.89007e-16 0)
(1.1 1.27196e-15 0)
(1.1 9.96206e-16 0)
(1.1 1.09977e-15 0)
(1.1 -1.01287e-15 0)
(1.1 -7.01818e-16 0)
(1.1 -3.42309e-16 0)
(1.1 3.2028e-16 0)
(1.1 3.07678e-16 0)
(1.1 3.44684e-16 0)
(1.1 3.05125e-16 0)
(1.1 4.27313e-16 0)
(1.1 -3.26321e-16 0)
(1.1 4.77324e-16 0)
(1.1 4.40614e-16 0)
(1.1 4.11407e-16 0)
(1.1 2.95285e-16 0)
(1.1 1.56755e-16 0)
(1.1 2.14976e-16 0)
(1.1 1.43377e-15 0)
(1.1 1.02094e-15 0)
(1.1 5.28719e-16 0)
(1.1 1.68133e-16 0)
(1.1 8.05378e-16 0)
(1.1 6.28468e-16 0)
(1.1 8.75341e-17 0)
(1.1 -4.34214e-16 0)
(1.1 -3.07421e-16 0)
(1.1 -7.25338e-16 0)
(1.1 -3.38137e-16 0)
(1.1 -4.22986e-16 0)
(1.1 -1.14279e-16 0)
(1.1 6.26815e-16 0)
(1.1 4.84234e-16 0)
(1.1 3.06379e-16 0)
(1.1 2.80486e-16 0)
(1.1 3.36429e-16 0)
(1.1 1.74232e-16 0)
(1.1 -8.26202e-17 0)
(1.1 -1.34947e-17 0)
(1.1 2.46685e-16 0)
(1.1 3.78373e-16 0)
(1.1 3.95495e-16 0)
(1.1 -3.44061e-16 0)
(1.1 4.09558e-16 0)
(1.1 6.4195e-16 0)
(1.1 -5.35385e-17 0)
(1.1 -3.50971e-16 0)
(1.1 -1.75669e-16 0)
(1.1 -4.25111e-16 0)
(1.1 1.57396e-16 0)
(1.1 2.36624e-16 0)
(1.1 3.68198e-16 0)
(1.1 5.10054e-16 0)
(1.1 6.16234e-16 0)
(1.1 4.67075e-16 0)
(1.1 1.09757e-15 0)
(1.1 8.60275e-16 0)
(1.1 1.72552e-16 0)
(1.1 -3.47432e-16 0)
(1.1 -2.41391e-16 0)
(1.1 -1.04121e-15 0)
(1.1 1.72909e-16 0)
(1.1 3.58574e-16 0)
(1.1 -2.27867e-16 0)
(1.1 1.78229e-16 0)
(1.1 5.36259e-16 0)
(1.1 -5.18271e-17 0)
(1.1 7.07719e-16 0)
(1.1 7.29967e-16 0)
(1.1 3.75857e-16 0)
(1.1 8.13833e-16 0)
(1.1 9.74823e-16 0)
(1.1 8.06487e-16 0)
(1.1 6.97523e-16 0)
(1.1 4.16917e-16 0)
(1.1 7.5427e-16 0)
(1.1 1.1103e-15 0)
(1.1 1.32913e-15 0)
(1.1 8.01574e-16 0)
(1.1 1.06483e-16 0)
(1.1 8.30141e-17 0)
(1.1 -5.89526e-16 0)
(1.1 5.25893e-17 0)
(1.1 3.0274e-17 0)
(1.1 -1.48432e-16 0)
(1.1 -1.70552e-16 0)
(1.1 -3.52817e-16 0)
(1.1 8.25212e-17 0)
(1.1 9.50533e-16 0)
(1.1 7.00246e-16 0)
(1.1 8.29285e-16 0)
(1.1 3.49814e-16 0)
(1.1 7.05964e-16 0)
(1.1 4.86601e-16 0)
(1.1 2.50194e-16 0)
(1.1 1.34735e-16 0)
(1.1 5.87262e-16 0)
(1.1 4.52681e-16 0)
(1.1 3.58177e-16 0)
(1.1 1.66508e-16 0)
(1.1 3.63514e-16 0)
(1.1 4.19341e-16 0)
(1.1 -4.21288e-16 0)
(1.1 -1.28241e-16 0)
(1.1 -4.47233e-16 0)
(1.1 1.87912e-16 0)
(1.1 -3.31771e-17 0)
(1.1 -9.11381e-16 0)
(1.1 1.45098e-16 0)
(1.1 2.85909e-16 0)
(1.1 3.93968e-16 0)
(1.1 4.04533e-16 0)
(1.1 -3.24323e-16 0)
(1.1 -4.39795e-16 0)
(1.1 -8.38218e-17 0)
(1.1 -2.70693e-16 0)
(1.1 2.22506e-16 0)
(1.1 -2.54456e-17 0)
(1.1 -4.24613e-16 0)
(1.1 -1.04062e-15 0)
(1.1 -7.87309e-16 0)
(1.1 -4.93092e-16 0)
(1.1 2.68381e-16 0)
(1.1 8.34062e-17 0)
(1.1 -6.01881e-16 0)
(1.1 -6.59092e-16 0)
(1.1 -1.90683e-16 0)
(1.1 -3.47973e-16 0)
(1.1 -7.78966e-16 0)
(1.1 3.52379e-16 0)
(1.1 -2.34311e-16 0)
(1.1 -3.37291e-17 0)
(1.1 1.35819e-16 0)
(1.1 -1.46498e-16 0)
(1.1 -1.17071e-15 0)
(1.1 -8.42235e-16 0)
(1.1 -8.45454e-16 0)
(1.1 -2.75869e-16 0)
(1.1 -7.55837e-16 0)
(1.1 -1.45289e-15 0)
(1.1 -1.28973e-15 0)
(1.1 -7.01679e-16 0)
(1.1 -5.39756e-16 0)
(1.1 -2.86168e-16 0)
(1.1 -4.1361e-17 0)
(1.1 -4.33629e-16 0)
(1.1 -1.38821e-16 0)
(1.1 -5.01992e-18 0)
(1.1 8.84306e-17 0)
(1.1 -9.93792e-16 0)
(1.1 9.67121e-16 0)
(1.1 5.58e-16 0)
(1.1 4.91149e-16 0)
(1.1 6.52778e-18 0)
(1.1 -2.14883e-16 0)
(1.1 -1.18442e-15 0)
(1.1 -9.89421e-16 0)
(1.1 -6.3709e-16 0)
(1.1 -3.2757e-17 0)
(1.1 1.75051e-17 0)
(1.1 -2.80568e-16 0)
(1.1 8.79308e-17 0)
(1.1 3.01687e-16 0)
(1.1 -1.12394e-16 0)
(1.1 -1.47904e-16 0)
(1.1 3.64547e-18 0)
(1.1 -3.25876e-16 0)
(1.1 -6.12708e-16 0)
(1.1 2.66341e-16 0)
(1.1 1.45097e-16 0)
(1.1 -6.6961e-16 0)
(1.1 1.52293e-15 0)
(1.1 1.69171e-15 0)
(1.1 1.09042e-15 0)
(1.1 -5.22488e-17 0)
(1.1 7.34621e-18 0)
(1.1 -2.36577e-16 0)
(1.1 2.93452e-17 0)
(1.1 1.02361e-16 0)
(1.1 3.58074e-16 0)
(1.1 3.27643e-16 0)
(1.1 1.4727e-15 0)
(1.1 1.01845e-15 0)
(1.1 5.55097e-16 0)
(1.1 2.4625e-16 0)
(1.1 9.58569e-17 0)
(1.1 4.65941e-16 0)
(1.1 3.55158e-16 0)
(1.1 -1.72454e-16 0)
(1.1 -1.02703e-16 0)
(1.1 -1.28203e-16 0)
(1.1 -4.72853e-16 0)
(1.1 7.10361e-16 0)
(1.1 9.57099e-16 0)
(1.1 3.77851e-16 0)
(1.1 2.27705e-16 0)
(1.1 1.48567e-16 0)
(1.1 8.10027e-17 0)
(1.1 1.30218e-16 0)
(1.1 -2.64384e-16 0)
(1.1 2.12866e-16 0)
(1.1 -1.4497e-16 0)
(1.1 6.23718e-17 0)
(1.1 -1.46272e-16 0)
(1.1 3.84775e-17 0)
(1.1 3.96872e-16 0)
(1.1 -9.37599e-17 0)
(1.1 1.4957e-16 0)
(1.1 9.11091e-17 0)
(1.1 3.149e-16 0)
(1.1 -7.93416e-16 0)
(1.1 -6.20207e-16 0)
(1.1 -6.09608e-16 0)
(1.1 1.38822e-16 0)
(1.1 3.15829e-17 0)
(1.1 -2.67674e-17 0)
(1.1 9.90262e-17 0)
(1.1 -9.2748e-17 0)
(1.1 -1.92632e-16 0)
(1.1 -3.73102e-16 0)
(1.1 -5.58947e-16 0)
(1.1 3.97373e-16 0)
(1.1 -8.75079e-17 0)
(1.1 -9.39374e-16 0)
(1.1 -4.14273e-16 0)
(1.1 1.11962e-16 0)
(1.1 2.06368e-16 0)
(1.1 -1.11318e-17 0)
(1.1 -8.92614e-17 0)
(1.1 -8.96364e-17 0)
(1.1 -8.27945e-16 0)
(1.1 -1.50076e-15 0)
(1.1 -1.35101e-15 0)
(1.1 -4.65207e-16 0)
(1.1 1.67624e-16 0)
(1.1 -7.19558e-18 0)
(1.1 1.93653e-16 0)
(1.1 -2.39161e-16 0)
(1.1 -5.73132e-16 0)
(1.1 -4.00409e-16 0)
(1.1 -7.76142e-16 0)
(1.1 -4.80594e-16 0)
(1.1 -2.14664e-16 0)
(1.1 -2.37284e-17 0)
(1.1 -6.22772e-16 0)
(1.1 -3.72108e-16 0)
(1.1 -3.47109e-17 0)
(1.1 -2.23467e-16 0)
(1.1 -6.6621e-17 0)
(1.1 2.52208e-16 0)
(1.1 -2.41352e-16 0)
(1.1 -4.52467e-16 0)
(1.1 -8.34411e-16 0)
(1.1 -1.01413e-15 0)
(1.1 2.89503e-18 0)
(1.1 6.148e-16 0)
(1.1 -2.93823e-16 0)
(1.1 -2.27026e-16 0)
(1.1 -3.08192e-16 0)
(1.1 -6.41914e-16 0)
(1.1 -8.82072e-16 0)
(1.1 -1.06397e-15 0)
(1.1 -6.73079e-16 0)
(1.1 -3.90193e-16 0)
(1.1 7.54648e-17 0)
(1.1 3.80525e-16 0)
(1.1 -2.61397e-16 0)
(1.1 -5.63725e-16 0)
(1.1 -5.5722e-17 0)
(1.1 -2.24022e-16 0)
(1.1 -2.56675e-16 0)
(1.1 -1.92502e-16 0)
(1.1 1.37172e-16 0)
(1.1 -1.33148e-16 0)
(1.1 -8.29697e-17 0)
(1.1 -8.44995e-17 0)
(1.1 3.49646e-16 0)
(1.1 -5.47365e-16 0)
(1.1 -6.08662e-16 0)
(1.1 -5.09489e-16 0)
(1.1 -2.9069e-16 0)
(1.1 -5.65114e-16 0)
(1.1 -6.41184e-16 0)
(1.1 -4.93334e-16 0)
(1.1 -1.07128e-16 0)
(1.1 3.06861e-16 0)
(1.1 7.05743e-16 0)
(1.1 3.09658e-16 0)
(1.1 -2.41729e-16 0)
(1.1 -3.11923e-16 0)
(1.1 -5.21133e-16 0)
(1.1 -4.47339e-16 0)
(1.1 3.28331e-16 0)
(1.1 -2.26454e-16 0)
(1.1 -8.41211e-17 0)
(1.1 -7.75054e-17 0)
(1.1 -1.5057e-16 0)
(1.1 2.7595e-16 0)
(1.1 -2.26294e-16 0)
(1.1 -2.73853e-16 0)
(1.1 -6.53679e-17 0)
(1.1 4.8572e-16 0)
(1.1 3.71892e-16 0)
(1.1 3.17393e-16 0)
(1.1 4.89134e-16 0)
(1.1 2.56916e-16 0)
(1.1 7.08902e-17 0)
(1.1 9.41179e-17 0)
(1.1 9.71934e-16 0)
(1.1 4.52273e-16 0)
(1.1 -2.38203e-17 0)
(1.1 -7.41728e-16 0)
(1.1 -3.44684e-16 0)
(1.1 5.34945e-16 0)
(1.1 4.02141e-16 0)
(1.1 6.44424e-16 0)
(1.1 -2.49272e-17 0)
(1.1 -5.52917e-16 0)
(1.1 3.59807e-16 0)
(1.1 4.05302e-16 0)
(1.1 4.92035e-16 0)
(1.1 7.298e-16 0)
(1.1 6.35889e-16 0)
(1.1 8.16979e-16 0)
(1.1 1.17224e-15 0)
(1.1 1.08018e-15 0)
(1.1 2.54944e-16 0)
(1.1 -3.60422e-17 0)
(1.1 -1.23574e-16 0)
(1.1 1.26076e-16 0)
(1.1 2.80787e-16 0)
(1.1 3.36773e-17 0)
(1.1 -6.78384e-16 0)
(1.1 -4.53922e-16 0)
(1.1 4.66508e-16 0)
(1.1 7.95904e-16 0)
(1.1 3.47767e-16 0)
(1.1 -7.42397e-17 0)
(1.1 -3.21028e-16 0)
(1.1 4.33515e-16 0)
(1.1 7.8281e-16 0)
(1.1 6.30912e-16 0)
(1.1 1.01034e-15 0)
(1.1 6.9658e-16 0)
(1.1 7.89684e-16 0)
(1.1 1.16263e-15 0)
(1.1 1.01788e-15 0)
(1.1 4.08316e-16 0)
(1.1 3.64818e-16 0)
(1.1 4.16082e-16 0)
(1.1 -2.59632e-16 0)
(1.1 -1.70971e-16 0)
(1.1 -3.66433e-16 0)
(1.1 -5.46544e-16 0)
(1.1 -2.40996e-16 0)
(1.1 -1.0784e-16 0)
(1.1 7.12939e-16 0)
(1.1 2.53536e-16 0)
(1.1 -2.15153e-16 0)
(1.1 2.77819e-16 0)
(1.1 6.76811e-16 0)
(1.1 8.50928e-16 0)
(1.1 8.60123e-16 0)
(1.1 1.23988e-15 0)
(1.1 1.4367e-15 0)
(1.1 1.06651e-15 0)
(1.1 1.03953e-15 0)
(1.1 8.30284e-16 0)
(1.1 4.43578e-16 0)
(1.1 9.97067e-16 0)
(1.1 9.09529e-16 0)
(1.1 -3.80501e-16 0)
(1.1 -1.48885e-16 0)
(1.1 1.0822e-16 0)
(1.1 -2.76373e-16 0)
(1.1 -5.3673e-16 0)
(1.1 -2.20948e-16 0)
(1.1 1.80157e-16 0)
(1.1 4.70972e-16 0)
(1.1 9.59249e-17 0)
(1.1 1.31355e-16 0)
(1.1 7.93053e-16 0)
(1.1 5.78603e-16 0)
(1.1 1.04486e-15 0)
(1.1 1.2977e-15 0)
(1.1 1.89509e-15 0)
(1.1 1.67315e-15 0)
(1.1 1.12882e-15 0)
(1.1 5.75668e-16 0)
(1.1 1.2289e-16 0)
(1.1 3.5232e-16 0)
(1.1 -1.42092e-16 0)
(1.1 -5.7273e-16 0)
(1.1 1.29498e-16 0)
(1.1 1.01588e-16 0)
(1.1 8.14347e-17 0)
(1.1 -7.90008e-16 0)
(1.1 -6.66713e-17 0)
(1.1 4.73496e-16 0)
(1.1 6.21344e-16 0)
(1.1 5.11273e-16 0)
(1.1 7.07164e-17 0)
(1.1 -2.5346e-16 0)
(1.1 -1.12558e-16 0)
(1.1 9.13525e-16 0)
(1.1 1.14696e-15 0)
(1.1 1.55994e-15 0)
(1.1 1.06518e-15 0)
(1.1 -2.3316e-16 0)
(1.1 -2.50144e-16 0)
(1.1 -3.47597e-16 0)
(1.1 -7.92754e-16 0)
(1.1 -1.49107e-15 0)
(1.1 -8.83497e-16 0)
(1.1 -3.72607e-16 0)
(1.1 -1.10136e-15 0)
(1.1 -6.31425e-16 0)
(1.1 -4.47113e-16 0)
(1.1 -3.59573e-16 0)
(1.1 8.58209e-17 0)
(1.1 7.66347e-16 0)
(1.1 1.13842e-15 0)
(1.1 7.43249e-16 0)
(1.1 -2.87622e-16 0)
(1.1 -4.45482e-17 0)
(1.1 7.20557e-16 0)
(1.1 8.7948e-16 0)
(1.1 7.22578e-16 0)
(1.1 3.27278e-17 0)
(1.1 -1.2653e-15 0)
(1.1 -9.02454e-16 0)
(1.1 -6.02597e-16 0)
(1.1 -9.412e-16 0)
(1.1 -1.20511e-15 0)
(1.1 -6.866e-16 0)
(1.1 -9.14501e-16 0)
(1.1 -9.18846e-16 0)
(1.1 -9.34022e-16 0)
(1.1 1.866e-16 0)
(1.1 -4.44483e-16 0)
(1.1 -1.90087e-16 0)
(1.1 2.1558e-16 0)
(1.1 7.51138e-16 0)
(1.1 1.33905e-15 0)
(1.1 6.37023e-16 0)
(1.1 7.48923e-16 0)
(1.1 1.07092e-15 0)
(1.1 5.37021e-16 0)
(1.1 4.47087e-17 0)
(1.1 -4.8113e-16 0)
(1.1 -7.85601e-16 0)
(1.1 -6.15214e-16 0)
(1.1 -8.77997e-16 0)
(1.1 -4.92745e-16 0)
(1.1 1.87601e-17 0)
(1.1 1.72287e-16 0)
(1.1 -4.38255e-16 0)
(1.1 -3.09527e-17 0)
(1.1 2.37367e-16 0)
(1.1 4.88159e-16 0)
(1.1 -3.57554e-16 0)
(1.1 -3.0972e-16 0)
(1.1 -4.27716e-16 0)
(1.1 2.44774e-16 0)
(1.1 9.27686e-16 0)
(1.1 5.86033e-16 0)
(1.1 1.02557e-15 0)
(1.1 8.15298e-16 0)
(1.1 3.76715e-16 0)
(1.1 -3.24532e-16 0)
(1.1 -3.05823e-16 0)
(1.1 -4.33491e-16 0)
(1.1 -2.49661e-16 0)
(1.1 -7.0274e-16 0)
(1.1 -3.70122e-16 0)
(1.1 2.93221e-16 0)
(1.1 -2.67461e-16 0)
(1.1 -3.22328e-16 0)
(1.1 -2.56097e-16 0)
(1.1 5.31037e-16 0)
(1.1 8.35744e-16 0)
(1.1 -7.67074e-17 0)
(1.1 -3.02678e-16 0)
(1.1 -8.14233e-16 0)
(1.1 -6.33807e-16 0)
(1.1 1.99391e-16 0)
(1.1 2.11273e-16 0)
(1.1 5.56768e-16 0)
(1.1 4.36531e-17 0)
(1.1 3.2522e-16 0)
(1.1 5.80156e-17 0)
(1.1 -2.1488e-16 0)
(1.1 7.03389e-17 0)
(1.1 -9.31114e-17 0)
(1.1 -2.2089e-16 0)
(1.1 -2.66817e-16 0)
(1.1 -8.3436e-17 0)
(1.1 -4.32619e-16 0)
(1.1 1.42292e-16 0)
(1.1 -2.78403e-16 0)
(1.1 7.61748e-16 0)
(1.1 5.74181e-16 0)
(1.1 4.30672e-17 0)
(1.1 -6.15622e-16 0)
(1.1 -4.44992e-16 0)
(1.1 -8.05133e-16 0)
(1.1 -6.75256e-17 0)
(1.1 6.55983e-16 0)
(1.1 3.2777e-16 0)
(1.1 -7.41833e-16 0)
(1.1 -2.31884e-16 0)
(1.1 -1.59962e-18 0)
(1.1 -1.05749e-16 0)
(1.1 -1.12704e-16 0)
(1.1 -5.92156e-16 0)
(1.1 -3.56687e-16 0)
(1.1 -1.81687e-16 0)
(1.1 2.25042e-16 0)
(1.1 -4.34507e-16 0)
(1.1 3.06285e-16 0)
(1.1 -1.20858e-16 0)
(1.1 2.76848e-16 0)
(1.1 -3.273e-16 0)
(1.1 -1.91157e-16 0)
(1.1 -1.96068e-16 0)
(1.1 -3.07528e-16 0)
(1.1 -3.92343e-16 0)
(1.1 -1.1432e-16 0)
(1.1 9.24738e-16 0)
(1.1 4.32063e-16 0)
(1.1 -1.55095e-17 0)
(1.1 -9.11892e-16 0)
(1.1 -6.79763e-16 0)
(1.1 -2.21946e-16 0)
(1.1 -4.32308e-17 0)
(1.1 -4.19436e-16 0)
(1.1 4.19641e-16 0)
(1.1 2.46092e-16 0)
(1.1 -4.23125e-16 0)
(1.1 -3.79748e-16 0)
(1.1 -4.72652e-16 0)
(1.1 5.90713e-16 0)
(1.1 5.68683e-17 0)
(1.1 -5.1013e-16 0)
(1.1 -2.68823e-17 0)
(1.1 -1.6828e-16 0)
(1.1 -6.67572e-16 0)
(1.1 -9.43201e-16 0)
(1.1 -2.45662e-16 0)
(1.1 3.16039e-16 0)
(1.1 4.24043e-16 0)
(1.1 6.01866e-16 0)
(1.1 -5.70643e-16 0)
(1.1 -7.5122e-16 0)
(1.1 -2.19132e-16 0)
(1.1 -2.66474e-16 0)
(1.1 -2.92153e-16 0)
(1.1 1.9319e-16 0)
(1.1 2.92716e-16 0)
(1.1 -1.22563e-17 0)
(1.1 -2.04062e-16 0)
(1.1 -1.25439e-15 0)
(1.1 -7.2476e-16 0)
(1.1 -7.60067e-16 0)
(1.1 -2.4509e-16 0)
(1.1 -1.67933e-16 0)
(1.1 -8.71808e-16 0)
(1.1 -7.65095e-16 0)
(1.1 -4.95933e-16 0)
(1.1 3.33794e-17 0)
(1.1 -2.45534e-16 0)
(1.1 2.20838e-16 0)
(1.1 2.84659e-16 0)
(1.1 -3.07051e-16 0)
(1.1 -5.09304e-16 0)
(1.1 -3.05958e-16 0)
(1.1 -7.66795e-17 0)
(1.1 3.84851e-17 0)
(1.1 4.31407e-16 0)
(1.1 6.20955e-16 0)
(1.1 3.8305e-16 0)
(1.1 -3.23498e-16 0)
(1.1 -1.00459e-15 0)
(1.1 -1.50682e-15 0)
(1.1 -1.11522e-15 0)
(1.1 -1.03249e-15 0)
(1.1 -1.23027e-15 0)
(1.1 -7.17065e-16 0)
(1.1 -7.66708e-16 0)
(1.1 9.34924e-17 0)
(1.1 -1.1822e-16 0)
(1.1 -4.5676e-16 0)
(1.1 3.25907e-17 0)
(1.1 -3.02555e-16 0)
(1.1 -4.41541e-16 0)
(1.1 -5.35921e-16 0)
(1.1 -3.9246e-16 0)
(1.1 1.60219e-16 0)
(1.1 9.16122e-17 0)
(1.1 7.28235e-16 0)
(1.1 2.36574e-16 0)
(1.1 7.20521e-16 0)
(1.1 2.86727e-16 0)
(1.1 -2.69724e-16 0)
(1.1 -6.14129e-16 0)
(1.1 -7.98966e-16 0)
(1.1 -8.1938e-16 0)
(1.1 -1.70918e-15 0)
(1.1 -1.19207e-15 0)
(1.1 -4.8561e-16 0)
(1.1 -1.01307e-17 0)
(1.1 -4.20229e-16 0)
(1.1 -6.71879e-16 0)
(1.1 -7.38172e-16 0)
(1.1 -9.14862e-16 0)
(1.1 -9.26384e-16 0)
(1.1 -5.17992e-16 0)
(1.1 -2.20919e-16 0)
(1.1 -1.66717e-16 0)
(1.1 -1.32416e-16 0)
(1.1 4.68148e-16 0)
(1.1 4.43111e-16 0)
(1.1 4.13299e-16 0)
(1.1 7.39339e-16 0)
(1.1 -2.97872e-16 0)
(1.1 -4.18397e-16 0)
(1.1 -1.11241e-15 0)
(1.1 -8.33915e-16 0)
(1.1 -1.23997e-15 0)
(1.1 -7.08108e-16 0)
(1.1 8.66518e-16 0)
(1.1 1.84413e-16 0)
(1.1 -1.37746e-17 0)
(1.1 -5.07671e-17 0)
(1.1 -2.28554e-16 0)
(1.1 -5.20128e-16 0)
(1.1 -1.05674e-15 0)
(1.1 -7.52441e-16 0)
(1.1 -5.83551e-16 0)
(1.1 -5.95633e-16 0)
(1.1 -1.85603e-16 0)
(1.1 -1.17491e-16 0)
(1.1 1.81316e-16 0)
(1.1 1.3853e-17 0)
(1.1 5.45709e-16 0)
(1.1 -5.62106e-16 0)
(1.1 -1.31621e-15 0)
(1.1 -1.23465e-15 0)
(1.1 -9.89942e-16 0)
(1.1 -6.67566e-16 0)
(1.1 -4.45027e-16 0)
(1.1 -3.18394e-16 0)
(1.1 2.18527e-17 0)
(1.1 1.57312e-17 0)
(1.1 5.34165e-16 0)
(1.1 3.98436e-16 0)
(1.1 1.35518e-18 0)
(1.1 -4.91713e-16 0)
(1.1 -6.99259e-16 0)
(1.1 -6.47985e-16 0)
(1.1 -7.32974e-16 0)
(1.1 -3.65396e-16 0)
(1.1 -4.65363e-16 0)
(1.1 -4.37372e-16 0)
(1.1 -4.66644e-17 0)
(1.1 -4.49366e-16 0)
(1.1 -2.55723e-16 0)
(1.1 -1.11797e-15 0)
(1.1 -3.56981e-16 0)
(1.1 -4.86164e-16 0)
(1.1 -6.28392e-16 0)
(1.1 -7.20514e-16 0)
(1.1 -5.86542e-16 0)
(1.1 2.67937e-16 0)
(1.1 -6.8008e-16 0)
(1.1 3.53499e-16 0)
(1.1 2.33215e-18 0)
(1.1 -4.0452e-16 0)
(1.1 -2.18719e-16 0)
(1.1 -8.88199e-16 0)
(1.1 -4.00158e-16 0)
(1.1 -5.66906e-16 0)
(1.1 -4.93167e-16 0)
(1.1 -4.61768e-16 0)
(1.1 -4.92375e-16 0)
(1.1 -4.29014e-16 0)
(1.1 -9.30542e-16 0)
(1.1 -2.95392e-16 0)
(1.1 -2.19838e-16 0)
(1.1 -2.46276e-16 0)
(1.1 -1.9845e-16 0)
(1.1 4.82199e-16 0)
(1.1 4.48938e-16 0)
(1.1 6.20596e-16 0)
(1.1 9.23719e-16 0)
(1.1 -9.33577e-17 0)
(1.1 -3.0529e-16 0)
(1.1 -1.11892e-15 0)
(1.1 -9.68377e-16 0)
(1.1 -3.78326e-16 0)
(1.1 -8.36956e-16 0)
(1.1 -4.77985e-16 0)
(1.1 -3.35902e-16 0)
(1.1 -1.26614e-16 0)
(1.1 -3.14394e-16 0)
(1.1 -3.56561e-16 0)
(1.1 -6.60111e-16 0)
(1.1 -7.8043e-16 0)
(1.1 -9.99046e-17 0)
(1.1 1.67357e-16 0)
(1.1 -1.25711e-16 0)
(1.1 4.49881e-16 0)
(1.1 1.19521e-15 0)
(1.1 9.37624e-16 0)
(1.1 1.43624e-15 0)
(1.1 1.20531e-15 0)
(1.1 1.39706e-15 0)
(1.1 -7.51259e-16 0)
(1.1 -1.08303e-15 0)
(1.1 -9.10436e-16 0)
(1.1 -7.37279e-16 0)
(1.1 -3.55987e-16 0)
(1.1 -3.77678e-16 0)
(1.1 -3.5081e-16 0)
(1.1 -3.76814e-16 0)
(1.1 -1.08801e-15 0)
(1.1 -8.3451e-16 0)
(1.1 -5.98861e-16 0)
(1.1 -2.75477e-16 0)
(1.1 -1.88091e-17 0)
(1.1 1.70337e-16 0)
(1.1 5.93491e-16 0)
(1.1 5.3157e-16 0)
(1.1 7.49771e-16 0)
(1.1 8.84719e-16 0)
(1.1 1.7319e-15 0)
(1.1 1.73408e-15 0)
(1.1 1.85654e-15 0)
(1.1 -8.37446e-16 0)
(1.1 -7.83359e-16 0)
(1.1 -6.71641e-16 0)
(1.1 -6.49701e-16 0)
(1.1 4.27466e-17 0)
(1.1 -6.08009e-16 0)
(1.1 -4.5452e-16 0)
(1.1 -5.82234e-16 0)
(1.1 -9.87969e-16 0)
(1.1 -6.33627e-16 0)
(1.1 -8.94739e-16 0)
(1.1 -8.4319e-17 0)
(1.1 1.76212e-16 0)
(1.1 4.06664e-16 0)
(1.1 5.66273e-16 0)
(1.1 9.22086e-16 0)
(1.1 8.40896e-16 0)
(1.1 1.78341e-15 0)
(1.1 1.63193e-15 0)
(1.1 1.61618e-15 0)
(1.1 1.21155e-15 0)
(1.1 -6.02735e-16 0)
(1.1 -8.65502e-16 0)
(1.1 -7.3378e-16 0)
(1.1 -8.36234e-16 0)
(1.1 -8.84158e-16 0)
(1.1 -9.08479e-16 0)
(1.1 -7.30331e-16 0)
(1.1 -3.9936e-16 0)
(1.1 -5.7141e-16 0)
(1.1 -9.72541e-16 0)
(1.1 -1.80078e-15 0)
(1.1 -7.41377e-16 0)
(1.1 -3.60768e-16 0)
(1.1 2.20632e-16 0)
(1.1 -3.12604e-16 0)
(1.1 3.52917e-16 0)
(1.1 4.61402e-16 0)
(1.1 7.9147e-16 0)
(1.1 7.42688e-16 0)
(1.1 9.65109e-16 0)
(1.1 4.43309e-16 0)
(1.1 -4.94473e-16 0)
(1.1 -7.05965e-16 0)
(1.1 -5.84531e-16 0)
(1.1 -1.02954e-15 0)
(1.1 -1.36374e-15 0)
(1.1 -1.31863e-15 0)
(1.1 -7.92798e-16 0)
(1.1 -8.83199e-16 0)
(1.1 -7.33537e-16 0)
(1.1 -1.47415e-15 0)
(1.1 -1.23145e-15 0)
(1.1 -2.84419e-16 0)
(1.1 -2.53301e-16 0)
(1.1 -2.39471e-16 0)
(1.1 -4.46125e-16 0)
(1.1 -3.25501e-16 0)
(1.1 -1.82309e-16 0)
(1.1 -4.23312e-16 0)
(1.1 -2.74478e-16 0)
(1.1 -8.24395e-17 0)
(1.1 -2.15179e-16 0)
(1.1 -2.17663e-16 0)
(1.1 -5.08602e-17 0)
(1.1 -4.78484e-16 0)
(1.1 -7.54183e-16 0)
(1.1 -6.35479e-16 0)
(1.1 -7.44332e-16 0)
(1.1 -9.17803e-16 0)
(1.1 -7.95037e-16 0)
(1.1 -7.64017e-16 0)
(1.1 -3.65121e-16 0)
(1.1 3.07935e-16 0)
(1.1 4.28694e-16 0)
(1.1 7.30777e-17 0)
(1.1 4.64332e-16 0)
(1.1 -3.16188e-16 0)
(1.1 -8.99669e-16 0)
(1.1 -8.32952e-16 0)
(1.1 -8.36735e-16 0)
(1.1 -1.235e-15 0)
(1.1 -1.69341e-15 0)
(1.1 -8.62924e-16 0)
(1.1 -9.74921e-17 0)
(1.1 3.33095e-16 0)
(1.1 -1.39087e-16 0)
(1.1 -2.07205e-16 0)
(1.1 2.35049e-16 0)
(1.1 3.60971e-16 0)
(1.1 -2.23116e-16 0)
(1.1 -4.73049e-16 0)
(1.1 -3.81323e-16 0)
(1.1 -2.51526e-16 0)
(1.1 5.95157e-17 0)
(1.1 2.13192e-16 0)
(1.1 9.51463e-17 0)
(1.1 9.73e-16 0)
(1.1 -8.80442e-16 0)
(1.1 -9.46261e-16 0)
(1.1 -1.23589e-15 0)
(1.1 -1.14968e-15 0)
(1.1 -1.53693e-15 0)
(1.1 -2.52905e-15 0)
(1.1 -1.09303e-15 0)
(1.1 -4.08154e-16 0)
(1.1 -5.99801e-17 0)
(1.1 4.08783e-16 0)
(1.1 2.81247e-16 0)
(1.1 5.70845e-16 0)
(1.1 5.26703e-16 0)
(1.1 3.08243e-16 0)
(1.1 2.87393e-16 0)
(1.1 3.02498e-16 0)
(1.1 1.58694e-18 0)
(1.1 -2.56778e-16 0)
(1.1 3.13464e-16 0)
(1.1 2.88848e-16 0)
(1.1 2.27043e-16 0)
(1.1 -4.68e-16 0)
(1.1 -1.02928e-15 0)
(1.1 -1.48475e-15 0)
(1.1 -1.80762e-15 0)
(1.1 -2.1601e-15 0)
(1.1 -2.40188e-15 0)
(1.1 -1.80634e-15 0)
(1.1 -4.87844e-16 0)
(1.1 6.09963e-17 0)
(1.1 3.82436e-16 0)
(1.1 4.83395e-16 0)
(1.1 5.34048e-16 0)
(1.1 3.99281e-16 0)
(1.1 4.86125e-16 0)
(1.1 1.00884e-15 0)
(1.1 8.71282e-16 0)
(1.1 8.73353e-16 0)
(1.1 4.29866e-16 0)
(1.1 6.31722e-16 0)
(1.1 4.26441e-16 0)
(1.1 -4.06194e-16 0)
(1.1 -1.30826e-16 0)
(1.1 -1.27261e-15 0)
(1.1 -1.38611e-15 0)
(1.1 -2.0623e-15 0)
(1.1 -2.20579e-15 0)
(1.1 -2.02324e-15 0)
(1.1 -1.20666e-15 0)
(1.1 -6.81991e-17 0)
(1.1 1.76936e-16 0)
(1.1 8.44496e-16 0)
(1.1 6.6354e-16 0)
(1.1 4.58676e-16 0)
(1.1 1.0185e-15 0)
(1.1 9.01881e-16 0)
(1.1 1.1488e-15 0)
(1.1 9.14371e-16 0)
(1.1 1.07692e-15 0)
(1.1 5.90326e-16 0)
(1.1 7.41281e-17 0)
(1.1 -6.78735e-16 0)
(1.1 -7.72001e-16 0)
(1.1 -1.14372e-15 0)
(1.1 -1.28043e-15 0)
(1.1 -1.61981e-15 0)
(1.1 -2.5123e-15 0)
(1.1 -2.37454e-15 0)
(1.1 -1.24384e-15 0)
(1.1 -8.57184e-16 0)
(1.1 3.39428e-16 0)
(1.1 5.58125e-17 0)
(1.1 2.81311e-16 0)
(1.1 4.00046e-16 0)
(1.1 2.03572e-16 0)
(1.1 8.9017e-16 0)
(1.1 1.00467e-15 0)
(1.1 6.41416e-16 0)
(1.1 6.46175e-16 0)
(1.1 3.61883e-16 0)
(1.1 1.37124e-16 0)
(1.1 -4.72371e-16 0)
(1.1 -2.49861e-16 0)
(1.1 -1.05894e-15 0)
(1.1 -1.07161e-15 0)
(1.1 -9.43733e-16 0)
(1.1 -1.77199e-15 0)
(1.1 -2.33168e-15 0)
(1.1 -2.15809e-15 0)
(1.1 -9.31294e-16 0)
(1.1 -5.53302e-16 0)
(1.1 -4.85095e-16 0)
(1.1 -3.69544e-16 0)
(1.1 -4.63873e-16 0)
(1.1 2.6337e-16 0)
(1.1 1.73497e-16 0)
(1.1 4.30304e-16 0)
(1.1 8.24485e-16 0)
(1.1 -1.2007e-16 0)
(1.1 -2.94437e-16 0)
(1.1 -7.86387e-16 0)
(1.1 2.97493e-16 0)
(1.1 3.14354e-16 0)
(1.1 6.97741e-16 0)
(1.1 -8.12127e-16 0)
(1.1 -2.31912e-16 0)
(1.1 -6.38261e-16 0)
(1.1 -1.49877e-15 0)
(1.1 -1.71583e-15 0)
(1.1 -2.48709e-15 0)
(1.1 -2.05096e-14 0)
(1.1 -2.21937e-13 0)
(1.1 -4.30939e-16 0)
(1.1 -3.09601e-16 0)
(1.1 -1.91173e-16 0)
(1.1 4.90523e-16 0)
(1.1 9.82647e-16 0)
(1.1 7.40075e-16 0)
(1.1 7.4396e-16 0)
(1.1 6.70914e-16 0)
(1.1 -6.2851e-16 0)
(1.1 -6.01999e-16 0)
(1.1 5.52555e-16 0)
(1.1 5.06144e-16 0)
(1.1 7.67721e-17 0)
(1.1 -4.60512e-16 0)
(1.1 -1.17485e-15 0)
(1.1 -4.59991e-15 0)
(1.1 -8.14001e-14 0)
(1.1 -1.84958e-12 0)
(1.1 -3.66033e-11 0)
(1.1 -5.05042e-10 0)
(1.1 -4.89652e-09 0)
(1.1 -1.07721e-16 0)
(1.1 -2.17982e-16 0)
(1.1 -1.58703e-16 0)
(1.1 4.95623e-17 0)
(1.1 8.62157e-16 0)
(1.1 1.02513e-15 0)
(1.1 1.01186e-15 0)
(1.1 1.05322e-15 0)
(1.1 3.77706e-16 0)
(1.1 1.61638e-17 0)
(1.1 9.35411e-17 0)
(1.1 -1.31892e-17 0)
(1.1 -2.79029e-15 0)
(1.1 -8.08273e-14 0)
(1.1 -3.12607e-12 0)
(1.1 -9.35594e-11 0)
(1.1 -1.84603e-09 0)
(1.1 -2.4195e-08 0)
(1.1 -2.22631e-07 0)
(1.1 -1.5066e-06 0)
(1.1 -7.62275e-06 0)
(1.1 -7.01307e-16 0)
(1.1 -5.72949e-16 0)
(1.1 -2.48373e-16 0)
(1.1 -1.25241e-16 0)
(1.1 4.19968e-17 0)
(1.1 9.21697e-16 0)
(1.1 6.98099e-16 0)
(1.1 6.41387e-16 0)
(1.1 4.33925e-16 0)
(1.1 -7.30843e-16 0)
(1.1 -2.66648e-14 0)
(1.1 -1.24355e-12 0)
(1.1 -6.09063e-11 0)
(1.1 -1.77681e-09 0)
(1.1 -3.36869e-08 0)
(1.1 -4.19418e-07 0)
(1.1 -3.62181e-06 0)
(1.09999 -2.2526e-05 0)
(1.09998 -0.000104332 0)
(1.09992 -0.000377431 0)
(1.09978 -0.0010893 0)
(1.1 -7.74128e-16 0)
(1.1 -4.80415e-16 0)
(1.1 -4.32445e-16 0)
(1.1 -2.78596e-16 0)
(1.1 -2.22281e-16 0)
(1.1 5.91199e-16 0)
(1.1 1.05224e-16 0)
(1.1 -2.13738e-15 0)
(1.1 -1.38459e-13 0)
(1.1 -1.09074e-11 0)
(1.1 -5.5534e-10 0)
(1.1 -1.60173e-08 0)
(1.1 -2.92788e-07 0)
(1.1 -3.41891e-06 0)
(1.09999 -2.73575e-05 0)
(1.09996 -0.000156072 0)
(1.09983 -0.000658064 0)
(1.09948 -0.00214937 0)
(1.09874 -0.00557936 0)
(1.09751 -0.0119831 0)
(1.09588 -0.0218983 0)
(1.1 -1.11481e-16 0)
(1.1 -8.70773e-17 0)
(1.1 -5.74999e-17 0)
(1.1 1.07764e-18 0)
(1.1 -3.60096e-16 0)
(1.1 -6.12508e-15 0)
(1.1 -5.88754e-13 0)
(1.1 -5.30855e-11 0)
(1.1 -2.71939e-09 0)
(1.1 -7.87059e-08 0)
(1.1 -1.40557e-06 0)
(1.1 -1.58046e-05 0)
(1.09996 -0.000119202 0)
(1.09982 -0.000626604 0)
(1.09932 -0.00240378 0)
(1.09811 -0.00708793 0)
(1.09587 -0.0165655 0)
(1.09264 -0.0320314 0)
(1.08894 -0.0527509 0)
(1.08543 -0.0762865 0)
(1.08277 -0.0999379 0)
(1.1 6.73792e-16 0)
(1.1 1.46272e-16 0)
(1.1 -6.44892e-17 0)
(1.1 -1.18243e-14 0)
(1.1 -1.39506e-12 0)
(1.1 -1.51737e-10 0)
(1.1 -8.26901e-09 0)
(1.1 -2.47118e-07 0)
(1.1 -4.318e-06 0)
(1.09999 -4.71945e-05 0)
(1.09989 -0.00033762 0)
(1.09947 -0.00167731 0)
(1.09816 -0.00598265 0)
(1.09532 -0.0161713 0)
(1.09071 -0.0343307 0)
(1.0849 -0.0601089 0)
(1.07892 -0.0903355 0)
(1.07405 -0.120075 0)
(1.07124 -0.14609 0)
(1.07014 -0.166263 0)
(1.0695 -0.182081 0)
(1.1 5.22076e-16 0)
(1.1 -1.49281e-14 0)
(1.1 -2.21556e-12 0)
(1.1 -2.62214e-10 0)
(1.1 -1.54315e-08 0)
(1.1 -5.13332e-07 0)
(1.1 -9.2985e-06 0)
(1.09997 -0.000102253 0)
(1.09976 -0.000706928 0)
(1.09886 -0.00334747 0)
(1.0963 -0.0112009 0)
(1.09112 -0.0283245 0)
(1.08361 -0.0557758 0)
(1.07523 -0.0903592 0)
(1.06751 -0.126166 0)
(1.06189 -0.157127 0)
(1.06006 -0.180357 0)
(1.05902 -0.196925 0)
(1.0587 -0.209478 0)
(1.06055 -0.216668 0)
(1.06554 -0.217429 0)
(1.1 -2.36566e-12 0)
(1.1 -3.2859e-10 0)
(1.1 -2.17217e-08 0)
(1.1 -7.54584e-07 0)
(1.09999 -1.42994e-05 0)
(1.09994 -0.000164766 0)
(1.09957 -0.0011554 0)
(1.09803 -0.00538681 0)
(1.09389 -0.0173406 0)
(1.08603 -0.0415228 0)
(1.0757 -0.0769416 0)
(1.0648 -0.117418 0)
(1.05565 -0.155487 0)
(1.05006 -0.184802 0)
(1.04967 -0.203999 0)
(1.04949 -0.216293 0)
(1.04836 -0.227662 0)
(1.05203 -0.229777 0)
(1.05851 -0.227053 0)
(1.0626 -0.226785 0)
(1.06484 -0.228756 0)
(1.1 -2.16609e-08 0)
(1.1 -8.60533e-07 0)
(1.09999 -1.80247e-05 0)
(1.09992 -0.000213538 0)
(1.0994 -0.00153339 0)
(1.09719 -0.0071841 0)
(1.09132 -0.0229943 0)
(1.08065 -0.0534772 0)
(1.06746 -0.0956179 0)
(1.05512 -0.139073 0)
(1.04415 -0.178749 0)
(1.0393 -0.204316 0)
(1.03992 -0.21963 0)
(1.03986 -0.229179 0)
(1.03954 -0.238939 0)
(1.04368 -0.238691 0)
(1.05111 -0.234298 0)
(1.05423 -0.234242 0)
(1.05731 -0.235135 0)
(1.06107 -0.233803 0)
(1.06562 -0.230166 0)
(1.09999 -1.73627e-05 0)
(1.09991 -0.000228726 0)
(1.09927 -0.00176408 0)
(1.09652 -0.00846157 0)
(1.08915 -0.0272685 0)
(1.07583 -0.0625379 0)
(1.05972 -0.109651 0)
(1.04577 -0.155187 0)
(1.03401 -0.194579 0)
(1.02793 -0.219868 0)
(1.03188 -0.230104 0)
(1.03087 -0.238612 0)
(1.03109 -0.246359 0)
(1.03512 -0.244792 0)
(1.04211 -0.240925 0)
(1.04606 -0.240796 0)
(1.05008 -0.240525 0)
(1.0539 -0.238457 0)
(1.05778 -0.235371 0)
(1.06309 -0.23282 0)
(1.06807 -0.228864 0)
(1.09926 -0.00169557 0)
(1.09618 -0.00875771 0)
(1.08758 -0.0293284 0)
(1.07189 -0.0685912 0)
(1.05306 -0.119854 0)
(1.03788 -0.167039 0)
(1.02484 -0.20545 0)
(1.01771 -0.230603 0)
(1.02202 -0.238053 0)
(1.02341 -0.244481 0)
(1.02316 -0.251507 0)
(1.02689 -0.250654 0)
(1.03317 -0.246891 0)
(1.0376 -0.246139 0)
(1.0419 -0.24504 0)
(1.04608 -0.24303 0)
(1.05045 -0.240552 0)
(1.05616 -0.237304 0)
(1.06131 -0.231536 0)
(1.06575 -0.226702 0)
(1.07086 -0.222452 0)
(1.08714 -0.0287999 0)
(1.06971 -0.0696599 0)
(1.04702 -0.124786 0)
(1.03079 -0.174136 0)
(1.01741 -0.212384 0)
(1.00817 -0.240131 0)
(1.01254 -0.244731 0)
(1.01548 -0.24939 0)
(1.01499 -0.255199 0)
(1.0182 -0.25532 0)
(1.02421 -0.252323 0)
(1.02921 -0.250784 0)
(1.03414 -0.249212 0)
(1.03829 -0.247038 0)
(1.04273 -0.244253 0)
(1.04845 -0.240388 0)
(1.05425 -0.235026 0)
(1.05955 -0.230305 0)
(1.06458 -0.225345 0)
(1.06883 -0.220021 0)
(1.0741 -0.21516 0)
(1.04426 -0.125269 0)
(1.02327 -0.177851 0)
(1.01234 -0.214212 0)
(0.998531 -0.24521 0)
(1.00165 -0.251415 0)
(1.00782 -0.253916 0)
(1.00802 -0.257987 0)
(1.01005 -0.259223 0)
(1.01505 -0.257385 0)
(1.02019 -0.255281 0)
(1.02581 -0.25343 0)
(1.03044 -0.250687 0)
(1.03527 -0.247686 0)
(1.04112 -0.243434 0)
(1.04676 -0.237898 0)
(1.05208 -0.232558 0)
(1.05712 -0.228149 0)
(1.06273 -0.22408 0)
(1.06786 -0.220241 0)
(1.07262 -0.214929 0)
(1.07686 -0.209592 0)
(1.00728 -0.217142 0)
(0.993427 -0.244696 0)
(0.989836 -0.258797 0)
(0.997685 -0.25717 0)
(1.00018 -0.260396 0)
(1.00261 -0.26237 0)
(1.00674 -0.262134 0)
(1.01088 -0.25974 0)
(1.01711 -0.2574 0)
(1.02223 -0.253956 0)
(1.02718 -0.250637 0)
(1.03324 -0.246784 0)
(1.0391 -0.241959 0)
(1.0449 -0.236774 0)
(1.05011 -0.23167 0)
(1.05489 -0.227325 0)
(1.06014 -0.223403 0)
(1.06568 -0.219247 0)
(1.07124 -0.215235 0)
(1.07588 -0.21078 0)
(1.07979 -0.205865 0)
(0.981867 -0.263779 0)
(0.986924 -0.262596 0)
(0.99164 -0.263053 0)
(0.993483 -0.264511 0)
(0.997944 -0.265045 0)
(1.00188 -0.2637 0)
(1.00824 -0.261568 0)
(1.01434 -0.257498 0)
(1.01922 -0.253647 0)
(1.02479 -0.249844 0)
(1.03064 -0.245493 0)
(1.03682 -0.240837 0)
(1.04268 -0.236077 0)
(1.04793 -0.232325 0)
(1.05293 -0.228456 0)
(1.05803 -0.223735 0)
(1.06327 -0.218927 0)
(1.0686 -0.214731 0)
(1.07378 -0.210993 0)
(1.0788 -0.206916 0)
(1.08341 -0.202092 0)
(0.982695 -0.266017 0)
(0.985717 -0.26728 0)
(0.989941 -0.268074 0)
(0.993041 -0.267017 0)
(0.99817 -0.26533 0)
(1.00531 -0.26101 0)
(1.01128 -0.256666 0)
(1.01724 -0.253205 0)
(1.02235 -0.24947 0)
(1.0279 -0.24514 0)
(1.03422 -0.240331 0)
(1.04004 -0.236243 0)
(1.04507 -0.232869 0)
(1.05083 -0.229167 0)
(1.05675 -0.224859 0)
(1.06167 -0.220145 0)
(1.06601 -0.215368 0)
(1.07123 -0.210977 0)
(1.07687 -0.206632 0)
(1.08199 -0.202379 0)
(1.0866 -0.197933 0)
(0.981453 -0.27002 0)
(0.985401 -0.269761 0)
(0.989417 -0.2687 0)
(0.995674 -0.265642 0)
(1.00194 -0.260365 0)
(1.00828 -0.255763 0)
(1.01419 -0.252513 0)
(1.01979 -0.249587 0)
(1.02571 -0.245372 0)
(1.03136 -0.240941 0)
(1.0368 -0.23726 0)
(1.04239 -0.233712 0)
(1.04844 -0.22954 0)
(1.05407 -0.225225 0)
(1.05955 -0.221289 0)
(1.06472 -0.217116 0)
(1.06965 -0.21209 0)
(1.07464 -0.206945 0)
(1.07975 -0.20227 0)
(1.08478 -0.198009 0)
(1.08988 -0.193464 0)
(0.980579 -0.270639 0)
(0.986341 -0.268855 0)
(0.992877 -0.264638 0)
(0.999251 -0.259812 0)
(1.00509 -0.255802 0)
(1.01063 -0.253167 0)
(1.01693 -0.249713 0)
(1.02328 -0.245533 0)
(1.02855 -0.241772 0)
(1.03366 -0.238517 0)
(1.03991 -0.234829 0)
(1.046 -0.230357 0)
(1.05129 -0.225909 0)
(1.05671 -0.221643 0)
(1.06269 -0.217582 0)
(1.06834 -0.213466 0)
(1.07315 -0.208799 0)
(1.07798 -0.203397 0)
(1.08309 -0.198069 0)
(1.08813 -0.193452 0)
(1.09304 -0.188974 0)
(0.98303 -0.268306 0)
(0.98991 -0.263928 0)
(0.99647 -0.25928 0)
(1.00172 -0.25653 0)
(1.0073 -0.254046 0)
(1.01401 -0.250524 0)
(1.02041 -0.246272 0)
(1.02548 -0.24267 0)
(1.03097 -0.239366 0)
(1.03702 -0.235683 0)
(1.04325 -0.231596 0)
(1.04899 -0.227182 0)
(1.05451 -0.222518 0)
(1.06002 -0.217916 0)
(1.06563 -0.213716 0)
(1.07122 -0.209704 0)
(1.07664 -0.205218 0)
(1.08178 -0.199893 0)
(1.08636 -0.194421 0)
(1.09125 -0.189272 0)
(1.09636 -0.184445 0)
(0.986701 -0.263713 0)
(0.99303 -0.259853 0)
(0.998254 -0.257458 0)
(1.00386 -0.254697 0)
(1.01066 -0.251303 0)
(1.01685 -0.247524 0)
(1.02265 -0.244144 0)
(1.0284 -0.240384 0)
(1.03413 -0.236384 0)
(1.03995 -0.232398 0)
(1.04629 -0.228362 0)
(1.05243 -0.224091 0)
(1.05783 -0.219419 0)
(1.0631 -0.214512 0)
(1.06881 -0.209834 0)
(1.07455 -0.205559 0)
(1.07995 -0.201363 0)
(1.08525 -0.196415 0)
(1.0901 -0.190812 0)
(1.09475 -0.185174 0)
(1.09973 -0.179975 0)
(0.988981 -0.260721 0)
(0.994791 -0.258797 0)
(1.0009 -0.255784 0)
(1.00694 -0.251786 0)
(1.01303 -0.248314 0)
(1.01933 -0.245303 0)
(1.02569 -0.241912 0)
(1.03156 -0.23774 0)
(1.03715 -0.23331 0)
(1.0431 -0.229197 0)
(1.04942 -0.225269 0)
(1.05566 -0.221015 0)
(1.06134 -0.216299 0)
(1.06666 -0.211237 0)
(1.072 -0.206317 0)
(1.07753 -0.201738 0)
(1.08345 -0.197181 0)
(1.08897 -0.192387 0)
(1.0938 -0.187154 0)
(1.09833 -0.181398 0)
(1.10308 -0.175772 0)
(0.990852 -0.259619 0)
(0.997608 -0.256877 0)
(1.00402 -0.253052 0)
(1.00958 -0.249208 0)
(1.0155 -0.245999 0)
(1.02203 -0.24289 0)
(1.02869 -0.239086 0)
(1.03483 -0.234904 0)
(1.04029 -0.230664 0)
(1.04606 -0.226406 0)
(1.05254 -0.222111 0)
(1.059 -0.217674 0)
(1.06477 -0.213239 0)
(1.07006 -0.208342 0)
(1.07554 -0.202944 0)
(1.08097 -0.197834 0)
(1.08665 -0.193127 0)
(1.09241 -0.188325 0)
(1.09758 -0.183241 0)
(1.10223 -0.177585 0)
(1.10684 -0.171644 0)
(0.993466 -0.257639 0)
(1.00033 -0.254078 0)
(1.00655 -0.250737 0)
(1.01222 -0.247493 0)
(1.01815 -0.243768 0)
(1.02483 -0.239924 0)
(1.03159 -0.236131 0)
(1.03779 -0.232464 0)
(1.04348 -0.228264 0)
(1.04938 -0.223515 0)
(1.05576 -0.218891 0)
(1.06212 -0.214539 0)
(1.06827 -0.210117 0)
(1.074 -0.205128 0)
(1.07918 -0.19972 0)
(1.08443 -0.194311 0)
(1.09012 -0.189193 0)
(1.09592 -0.184202 0)
(1.10133 -0.179111 0)
(1.10618 -0.173625 0)
(1.11062 -0.167744 0)
(0.996053 -0.255153 0)
(1.00267 -0.252007 0)
(1.0091 -0.249115 0)
(1.01523 -0.245523 0)
(1.02129 -0.241228 0)
(1.02768 -0.237216 0)
(1.03442 -0.233637 0)
(1.04103 -0.229841 0)
(1.047 -0.225503 0)
(1.05277 -0.220734 0)
(1.05901 -0.21598 0)
(1.06558 -0.211335 0)
(1.07179 -0.20678 0)
(1.07763 -0.201905 0)
(1.083 -0.196582 0)
(1.08816 -0.191039 0)
(1.09375 -0.185486 0)
(1.09949 -0.180143 0)
(1.10486 -0.175005 0)
(1.10995 -0.169607 0)
(1.11476 -0.163692 0)
(0.998364 -0.253536 0)
(1.00495 -0.250616 0)
(1.01198 -0.247042 0)
(1.01838 -0.243109 0)
(1.02425 -0.239159 0)
(1.03053 -0.235217 0)
(1.03745 -0.231184 0)
(1.04412 -0.227036 0)
(1.05017 -0.222827 0)
(1.05624 -0.218161 0)
(1.06259 -0.213162 0)
(1.06901 -0.208208 0)
(1.07529 -0.203458 0)
(1.08121 -0.198693 0)
(1.08678 -0.193514 0)
(1.09216 -0.187838 0)
(1.09764 -0.181953 0)
(1.10329 -0.176204 0)
(1.10876 -0.170724 0)
(1.11384 -0.165341 0)
(1.11858 -0.159678 0)
(1.00091 -0.252183 0)
(1.00794 -0.248538 0)
(1.01484 -0.24464 0)
(1.02112 -0.24111 0)
(1.0273 -0.237405 0)
(1.03384 -0.233164 0)
(1.04067 -0.22869 0)
(1.04727 -0.224388 0)
(1.05351 -0.220179 0)
(1.05983 -0.215568 0)
(1.06632 -0.210438 0)
(1.07267 -0.205258 0)
(1.07886 -0.200304 0)
(1.08492 -0.195379 0)
(1.09064 -0.190242 0)
(1.09625 -0.184591 0)
(1.10191 -0.178482 0)
(1.10733 -0.172438 0)
(1.11251 -0.166704 0)
(1.11768 -0.161052 0)
(1.12271 -0.155284 0)
(1.00384 -0.250279 0)
(1.01083 -0.246516 0)
(1.01768 -0.242808 0)
(1.02418 -0.239195 0)
(1.03061 -0.235322 0)
(1.03727 -0.231029 0)
(1.04407 -0.226476 0)
(1.0506 -0.221939 0)
(1.05693 -0.21749 0)
(1.0635 -0.212883 0)
(1.0701 -0.207878 0)
(1.07648 -0.202599 0)
(1.08258 -0.1973 0)
(1.08858 -0.192035 0)
(1.09459 -0.186699 0)
(1.10043 -0.181139 0)
(1.10611 -0.17517 0)
(1.11159 -0.168908 0)
(1.11674 -0.162699 0)
(1.12165 -0.156764 0)
(1.12663 -0.150906 0)
(1.00667 -0.248398 0)
(1.01366 -0.245096 0)
(1.02066 -0.24133 0)
(1.02737 -0.237261 0)
(1.03391 -0.233204 0)
(1.04069 -0.229065 0)
(1.04759 -0.22451 0)
(1.05413 -0.219629 0)
(1.06049 -0.214829 0)
(1.06723 -0.210201 0)
(1.07402 -0.205336 0)
(1.08052 -0.200021 0)
(1.08675 -0.1943 0)
(1.09261 -0.188574 0)
(1.09843 -0.183126 0)
(1.10452 -0.177606 0)
(1.11054 -0.171693 0)
(1.116 -0.165473 0)
(1.12099 -0.159029 0)
(1.12589 -0.152529 0)
(1.13083 -0.146328 0)
(1.00953 -0.24694 0)
(1.01688 -0.243577 0)
(1.0241 -0.239579 0)
(1.03075 -0.235495 0)
(1.03734 -0.231441 0)
(1.04442 -0.227169 0)
(1.05162 -0.222377 0)
(1.05814 -0.217345 0)
(1.06433 -0.212357 0)
(1.0711 -0.207552 0)
(1.07823 -0.202579 0)
(1.08491 -0.197267 0)
(1.09103 -0.191525 0)
(1.09692 -0.18537 0)
(1.10279 -0.179411 0)
(1.10876 -0.17386 0)
(1.11483 -0.168107 0)
(1.12064 -0.161832 0)
(1.12568 -0.15525 0)
(1.13016 -0.148589 0)
(1.13503 -0.141976 0)
(1.0128 -0.245372 0)
(1.02041 -0.241728 0)
(1.0277 -0.237813 0)
(1.03437 -0.233895 0)
(1.04111 -0.229693 0)
(1.04835 -0.225196 0)
(1.05563 -0.220388 0)
(1.06237 -0.21536 0)
(1.0687 -0.21005 0)
(1.07533 -0.204868 0)
(1.08235 -0.199811 0)
(1.08947 -0.194388 0)
(1.09593 -0.188558 0)
(1.10143 -0.182453 0)
(1.10706 -0.176165 0)
(1.11337 -0.170004 0)
(1.11958 -0.164045 0)
(1.1252 -0.157998 0)
(1.13042 -0.151398 0)
(1.13511 -0.144402 0)
(1.13955 -0.137609 0)
(1.01636 -0.243764 0)
(1.02414 -0.239869 0)
(1.03155 -0.236005 0)
(1.03827 -0.232066 0)
(1.04502 -0.227736 0)
(1.05255 -0.223087 0)
(1.06018 -0.218272 0)
(1.06698 -0.213409 0)
(1.07337 -0.208011 0)
(1.08023 -0.202269 0)
(1.08715 -0.196809 0)
(1.0938 -0.191534 0)
(1.10051 -0.185796 0)
(1.1067 -0.179375 0)
(1.1121 -0.172825 0)
(1.11787 -0.166417 0)
(1.12433 -0.160018 0)
(1.13027 -0.153694 0)
(1.13504 -0.147378 0)
(1.1395 -0.140524 0)
(1.14433 -0.133256 0)
(1.02023 -0.24229 0)
(1.02792 -0.238299 0)
(1.03551 -0.23421 0)
(1.04251 -0.229921 0)
(1.04924 -0.225403 0)
(1.05643 -0.220874 0)
(1.06412 -0.216193 0)
(1.07153 -0.21126 0)
(1.07804 -0.205984 0)
(1.08459 -0.200251 0)
(1.09209 -0.19412 0)
(1.09937 -0.188165 0)
(1.10544 -0.182621 0)
(1.11118 -0.176591 0)
(1.11743 -0.169605 0)
(1.12348 -0.162596 0)
(1.12912 -0.156129 0)
(1.13505 -0.149621 0)
(1.14051 -0.142774 0)
(1.14485 -0.135909 0)
(1.14888 -0.128933 0)
(1.02378 -0.24108 0)
(1.03177 -0.23678 0)
(1.03939 -0.232429 0)
(1.04629 -0.228143 0)
(1.05341 -0.223334 0)
(1.0613 -0.218157 0)
(1.06906 -0.213076 0)
(1.07619 -0.208316 0)
(1.08325 -0.203224 0)
(1.08997 -0.197639 0)
(1.09622 -0.19179 0)
(1.10328 -0.185678 0)
(1.11057 -0.179252 0)
(1.11671 -0.173079 0)
(1.12219 -0.166481 0)
(1.12834 -0.159279 0)
(1.13451 -0.152196 0)
(1.13984 -0.145558 0)
(1.14464 -0.138913 0)
(1.14961 -0.131558 0)
(1.15457 -0.123941 0)
(1.02762 -0.23928 0)
(1.03533 -0.234993 0)
(1.04277 -0.230882 0)
(1.04983 -0.226777 0)
(1.05694 -0.222027 0)
(1.06447 -0.216583 0)
(1.07203 -0.210919 0)
(1.07932 -0.205662 0)
(1.0865 -0.200512 0)
(1.09411 -0.194683 0)
(1.10151 -0.188519 0)
(1.10798 -0.182503 0)
(1.11434 -0.176422 0)
(1.12114 -0.169763 0)
(1.12754 -0.162859 0)
(1.13324 -0.155921 0)
(1.13928 -0.14865 0)
(1.1453 -0.141268 0)
(1.15024 -0.134252 0)
(1.15437 -0.127192 0)
(1.15866 -0.119753 0)
(1.03031 -0.237666 0)
(1.03829 -0.233214 0)
(1.04611 -0.229142 0)
(1.05382 -0.225006 0)
(1.06151 -0.22024 0)
(1.06899 -0.214675 0)
(1.07607 -0.208777 0)
(1.08306 -0.203045 0)
(1.09031 -0.197523 0)
(1.09773 -0.191778 0)
(1.10519 -0.185463 0)
(1.11224 -0.179004 0)
(1.11871 -0.172872 0)
(1.12503 -0.166605 0)
(1.13166 -0.159677 0)
(1.1381 -0.152315 0)
(1.14396 -0.14496 0)
(1.14958 -0.137654 0)
(1.15495 -0.130165 0)
(1.15995 -0.122441 0)
(1.16421 -0.114722 0)
(1.03326 -0.23646 0)
(1.04094 -0.231874 0)
(1.04862 -0.227578 0)
(1.0564 -0.223333 0)
(1.06446 -0.218565 0)
(1.07242 -0.213105 0)
(1.07981 -0.207312 0)
(1.08685 -0.20136 0)
(1.09436 -0.195278 0)
(1.10204 -0.188963 0)
(1.10935 -0.18237 0)
(1.11655 -0.175602 0)
(1.12334 -0.169058 0)
(1.12969 -0.162729 0)
(1.13614 -0.155988 0)
(1.14276 -0.148554 0)
(1.14906 -0.140878 0)
(1.15464 -0.133467 0)
(1.15958 -0.126165 0)
(1.16448 -0.118371 0)
(1.16915 -0.110105 0)
(1.03674 -0.235456 0)
(1.04439 -0.230675 0)
(1.05206 -0.225745 0)
(1.06009 -0.22088 0)
(1.06845 -0.215865 0)
(1.0767 -0.210592 0)
(1.08416 -0.205295 0)
(1.09128 -0.199677 0)
(1.09892 -0.193528 0)
(1.10694 -0.18676 0)
(1.11438 -0.179698 0)
(1.12123 -0.172676 0)
(1.12803 -0.165647 0)
(1.13475 -0.158728 0)
(1.14127 -0.15174 0)
(1.1477 -0.144394 0)
(1.15403 -0.136741 0)
(1.15987 -0.129089 0)
(1.16489 -0.121608 0)
(1.16966 -0.113801 0)
(1.17421 -0.105622 0)
)
;

boundaryField
{
    inlet
    {
        type            uniformFixedValue;
        uniformValue    table
        
2
(
(0 (1.1 0 0))
(8 (3 0 0))
)
;
        value           nonuniform 0();
    }
    outlet
    {
        type            inletOutlet;
        inletValue      nonuniform 0();
        value           nonuniform 0();
    }
    triangle
    {
        type            slip;
    }
    top
    {
        type            symmetryPlane;
    }
    bottom
    {
        type            symmetryPlane;
    }
    defaultFaces
    {
        type            empty;
    }
    procBoundary6to5
    {
        type            processor;
        value           nonuniform List<vector> 
140
(
(1.03119 -0.238839 0)
(1.03293 -0.237905 0)
(1.03454 -0.237241 0)
(1.03614 -0.236793 0)
(1.03785 -0.236456 0)
(1.03959 -0.236188 0)
(1.04138 -0.235855 0)
(1.04318 -0.235386 0)
(1.045 -0.23473 0)
(1.04673 -0.234103 0)
(1.04862 -0.233535 0)
(1.05056 -0.233176 0)
(1.05257 -0.23286 0)
(1.05481 -0.23235 0)
(1.05737 -0.231585 0)
(1.05994 -0.230544 0)
(1.06232 -0.229656 0)
(1.06458 -0.229277 0)
(1.06678 -0.229155 0)
(1.06901 -0.228969 0)
(1.1 -5.49177e-16 0)
(1.1 -8.59374e-16 0)
(1.1 3.26979e-16 0)
(1.1 7.55769e-16 0)
(1.1 4.54647e-16 0)
(1.1 -7.71746e-17 0)
(1.1 1.17103e-16 0)
(1.1 5.0452e-16 0)
(1.1 -1.30327e-16 0)
(1.1 -1.5392e-16 0)
(1.1 4.88863e-16 0)
(1.1 -1.7732e-17 0)
(1.1 2.68741e-16 0)
(1.1 3.13473e-16 0)
(1.1 1.80506e-16 0)
(1.1 3.53356e-16 0)
(1.1 -2.92343e-17 0)
(1.1 -5.35649e-16 0)
(1.1 -4.52295e-16 0)
(1.1 3.76699e-16 0)
(1.1 1.98405e-16 0)
(1.1 -1.70214e-16 0)
(1.1 1.58048e-16 0)
(1.1 2.61586e-16 0)
(1.1 3.3976e-16 0)
(1.1 3.44861e-16 0)
(1.1 1.0293e-16 0)
(1.1 4.10032e-17 0)
(1.1 2.81218e-16 0)
(1.1 -1.30948e-16 0)
(1.1 1.57974e-16 0)
(1.1 2.43803e-16 0)
(1.1 3.09452e-16 0)
(1.1 3.7784e-16 0)
(1.1 4.43603e-16 0)
(1.1 -1.4394e-16 0)
(1.1 -5.61906e-17 0)
(1.1 -6.08635e-16 0)
(1.1 -1.29418e-15 0)
(1.1 -4.75273e-16 0)
(1.1 -3.01694e-16 0)
(1.1 -7.3194e-16 0)
(1.1 1.41117e-16 0)
(1.1 6.28404e-16 0)
(1.1 3.45839e-16 0)
(1.1 4.26435e-16 0)
(1.1 5.12447e-16 0)
(1.1 4.43114e-16 0)
(1.1 5.59324e-17 0)
(1.1 1.91692e-16 0)
(1.1 1.18138e-15 0)
(1.1 5.99788e-16 0)
(1.1 6.17821e-16 0)
(1.1 1.2276e-15 0)
(1.1 6.05624e-16 0)
(1.1 3.74102e-17 0)
(1.1 4.22425e-16 0)
(1.1 3.39378e-16 0)
(1.1 2.61108e-16 0)
(1.1 3.49211e-16 0)
(1.1 5.08995e-16 0)
(1.1 3.67875e-16 0)
(1.1 4.5894e-16 0)
(1.1 5.85453e-16 0)
(1.1 2.04256e-16 0)
(1.1 1.14642e-16 0)
(1.1 -1.45904e-16 0)
(1.1 -6.44251e-16 0)
(1.1 -1.59581e-16 0)
(1.1 5.85157e-16 0)
(1.1 6.1289e-16 0)
(1.1 -4.57267e-16 0)
(1.1 -1.1436e-15 0)
(1.1 -7.30149e-16 0)
(1.1 5.05481e-17 0)
(1.1 -2.13046e-16 0)
(1.1 -2.3767e-16 0)
(1.1 -2.68372e-16 0)
(1.1 -3.28207e-16 0)
(1.1 -5.37922e-16 0)
(1.1 -1.46438e-16 0)
(1.1 2.74982e-16 0)
(1.1 -7.17555e-16 0)
(1.1 -1.02682e-15 0)
(1.1 -2.85519e-16 0)
(1.1 3.04735e-16 0)
(1.1 1.65833e-16 0)
(1.1 1.0206e-17 0)
(1.1 4.71736e-16 0)
(1.1 1.04675e-15 0)
(1.1 -1.13248e-14 0)
(1.1 -2.555e-10 0)
(1.1 -7.09921e-07 0)
(1.09992 -0.000201298 0)
(1.0963 -0.00816567 0)
(1.06916 -0.0677182 0)
(1.01726 -0.17904 0)
(0.990682 -0.242548 0)
(0.975237 -0.267384 0)
(0.976666 -0.269139 0)
(0.976639 -0.27143 0)
(0.976955 -0.271326 0)
(0.97983 -0.267998 0)
(0.983228 -0.263615 0)
(0.985138 -0.261629 0)
(0.987117 -0.260769 0)
(0.989806 -0.258805 0)
(0.992441 -0.256462 0)
(0.994595 -0.255056 0)
(0.997119 -0.2536 0)
(1 -0.251583 0)
(1.00276 -0.249943 0)
(1.0058 -0.248771 0)
(1.00921 -0.247634 0)
(1.01309 -0.246256 0)
(1.01632 -0.244885 0)
(1.01999 -0.243144 0)
(1.02236 -0.242106 0)
(1.02539 -0.24106 0)
(1.02869 -0.239993 0)
)
;
    }
    procBoundary6to7
    {
        type            processor;
        value           nonuniform List<vector> 
147
(
(1.18264 -0.0935549 0)
(1.18517 -0.0912026 0)
(1.18793 -0.0886644 0)
(1.19075 -0.0859751 0)
(1.19333 -0.0833234 0)
(1.19615 -0.0804432 0)
(1.19875 -0.0776666 0)
(1.20162 -0.0746859 0)
(1.20435 -0.0717925 0)
(1.20725 -0.0687745 0)
(1.20996 -0.0658823 0)
(1.21277 -0.0629409 0)
(1.21557 -0.0600403 0)
(1.21849 -0.0570887 0)
(1.22154 -0.0540873 0)
(1.22455 -0.0511 0)
(1.22772 -0.0480145 0)
(1.23078 -0.0449145 0)
(1.23401 -0.041665 0)
(1.2372 -0.0383336 0)
(1.24032 -0.0350323 0)
(1.24348 -0.0316954 0)
(1.24651 -0.0285309 0)
(1.24973 -0.0252317 0)
(1.25291 -0.0218665 0)
(1.25629 -0.0182055 0)
(1.25981 -0.0143198 0)
(1.1 -3.03514e-16 0)
(1.1 -1.34152e-15 0)
(1.1 -1.86183e-15 0)
(1.1 -1.57501e-15 0)
(1.1 -1.4118e-15 0)
(1.1 -1.60835e-15 0)
(1.1 -2.17321e-15 0)
(1.1 -2.46722e-15 0)
(1.1 -2.27505e-15 0)
(1.1 -2.09757e-15 0)
(1.1 -2.27655e-15 0)
(1.1 -1.83147e-15 0)
(1.1 -1.10313e-15 0)
(1.1 -1.35707e-15 0)
(1.1 -1.01754e-15 0)
(1.1 -3.98622e-16 0)
(1.1 -1.91495e-16 0)
(1.1 4.95336e-16 0)
(1.1 6.72146e-16 0)
(1.1 3.51813e-16 0)
(1.1 4.87746e-17 0)
(1.1 8.40727e-16 0)
(1.1 1.14995e-15 0)
(1.1 1.63937e-16 0)
(1.1 -1.38988e-15 0)
(1.1 -1.05447e-15 0)
(1.1 -4.14162e-16 0)
(1.1 -5.17955e-16 0)
(1.1 8.87784e-17 0)
(1.1 1.95399e-16 0)
(1.1 4.07501e-16 0)
(1.1 -2.84631e-17 0)
(1.1 -6.81295e-16 0)
(1.1 1.72258e-17 0)
(1.1 5.87662e-16 0)
(1.1 8.56021e-16 0)
(1.1 1.43509e-15 0)
(1.1 7.25563e-16 0)
(1.1 1.76872e-16 0)
(1.1 2.51136e-16 0)
(1.1 5.65221e-16 0)
(1.1 2.77671e-16 0)
(1.1 -9.16704e-17 0)
(1.1 9.3828e-17 0)
(1.1 -6.86052e-16 0)
(1.1 -1.60092e-15 0)
(1.1 -1.12714e-15 0)
(1.1 -4.3547e-16 0)
(1.1 -2.11563e-16 0)
(1.1 -2.87445e-16 0)
(1.1 -5.01232e-16 0)
(1.1 -6.60072e-16 0)
(1.1 -2.67844e-16 0)
(1.1 -5.95833e-17 0)
(1.1 -3.21841e-16 0)
(1.1 -6.48633e-16 0)
(1.1 -2.33062e-16 0)
(1.1 8.37459e-16 0)
(1.1 1.67424e-15 0)
(1.1 9.69339e-16 0)
(1.1 4.23041e-16 0)
(1.1 7.86855e-16 0)
(1.1 9.06691e-16 0)
(1.1 1.12174e-15 0)
(1.1 1.2656e-16 0)
(1.1 -2.54754e-16 0)
(1.1 -6.82077e-16 0)
(1.1 -7.80492e-16 0)
(1.1 -2.83708e-16 0)
(1.1 -3.99383e-16 0)
(1.1 -4.92366e-16 0)
(1.1 3.84554e-16 0)
(1.1 1.50188e-15 0)
(1.1 8.98272e-16 0)
(1.1 4.57036e-16 0)
(1.1 9.02315e-17 0)
(1.1 -2.29022e-16 0)
(1.1 -2.51127e-16 0)
(1.1 -4.0047e-16 0)
(1.1 -1.37139e-16 0)
(1.1 -1.89295e-16 0)
(1.1 -4.68411e-16 0)
(1.1 -2.7631e-12 0)
(1.1 -3.50003e-08 0)
(1.09999 -3.01768e-05 0)
(1.09952 -0.00260287 0)
(1.09408 -0.0350098 0)
(1.08129 -0.121261 0)
(1.07043 -0.193403 0)
(1.07062 -0.217211 0)
(1.06812 -0.228158 0)
(1.07039 -0.226691 0)
(1.07269 -0.224203 0)
(1.07568 -0.217992 0)
(1.07917 -0.211143 0)
(1.08201 -0.20558 0)
(1.08462 -0.201197 0)
(1.08787 -0.19673 0)
(1.09094 -0.192696 0)
(1.09447 -0.188429 0)
(1.09782 -0.184095 0)
(1.10121 -0.179628 0)
(1.10462 -0.175099 0)
(1.10798 -0.170599 0)
(1.11154 -0.166053 0)
(1.11513 -0.1618 0)
(1.11915 -0.157581 0)
(1.12319 -0.153501 0)
(1.12725 -0.149321 0)
(1.13152 -0.14483 0)
(1.1355 -0.140327 0)
(1.13987 -0.135576 0)
(1.144 -0.131129 0)
(1.14898 -0.126291 0)
(1.15324 -0.121956 0)
(1.15882 -0.116772 0)
(1.16328 -0.111985 0)
(1.16804 -0.10704 0)
(1.17321 -0.101973 0)
(1.17853 -0.0971601 0)
)
;
    }
    procBoundary6to13
    {
        type            processor;
        value           nonuniform List<vector> 
14
(
(1.07143 -0.228503 0)
(1.07418 -0.227829 0)
(1.07706 -0.22721 0)
(1.07991 -0.227037 0)
(1.08279 -0.227368 0)
(1.08567 -0.227523 0)
(1.08851 -0.227219 0)
(1.0913 -0.226416 0)
(1.09415 -0.22541 0)
(1.09707 -0.224467 0)
(1.10004 -0.223809 0)
(1.10324 -0.223318 0)
(1.10645 -0.222996 0)
(1.10973 -0.222572 0)
)
;
    }
    procBoundary6to14
    {
        type            processor;
        value           nonuniform List<vector> 
22
(
(1.24273 -0.0931739 0)
(1.25001 -0.0814175 0)
(1.25687 -0.0705668 0)
(1.2628 -0.059409 0)
(1.26853 -0.0466706 0)
(1.27338 -0.0338207 0)
(1.27725 -0.0232145 0)
(1.28079 -0.0125544 0)
(1.28459 0.00033452 0)
(1.12518 -0.214398 0)
(1.13662 -0.206249 0)
(1.14819 -0.19724 0)
(1.15997 -0.18761 0)
(1.17038 -0.178903 0)
(1.18096 -0.170171 0)
(1.19258 -0.159691 0)
(1.20292 -0.147946 0)
(1.21266 -0.136698 0)
(1.22193 -0.126568 0)
(1.23079 -0.115663 0)
(1.24273 -0.0931739 0)
(1.23941 -0.102861 0)
)
;
    }
    procBoundary6to15
    {
        type            processor;
        value           nonuniform List<vector> 6((1.26325 -0.0106061 0) (1.26676 -0.00716354 0) (1.27029 -0.00406384 0) (1.27424 -0.000563214 0) (1.27834 0.00355795 0) (1.28288 0.00879011 0));
    }
}


// ************************************************************************* //
