/*--------------------------------*- C++ -*----------------------------------*\
  =========                 |
  \\      /  F ield         | OpenFOAM: The Open Source CFD Toolbox
   \\    /   O peration     | Website:  https://openfoam.org
    \\  /    A nd           | Version:  8
     \\/     M anipulation  |
\*---------------------------------------------------------------------------*/
FoamFile
{
    version     2.0;
    format      ascii;
    class       volVectorField;
    location    "3.7";
    object      U;
}
// * * * * * * * * * * * * * * * * * * * * * * * * * * * * * * * * * * * * * //

dimensions      [0 1 -1 0 0 0 0];

internalField   nonuniform List<vector> 
2600
(
(0.7761 0.0849369 0)
(1.31553 0.220743 0)
(1.56348 0.211585 0)
(1.69108 0.285049 0)
(1.73823 0.295995 0)
(1.4352 0.227657 0)
(1.28603 0.127604 0)
(1.33924 -0.00519815 0)
(1.45035 -0.00725576 0)
(1.53022 0.0157907 0)
(0.264683 -0.100447 0)
(0.900598 0.159861 0)
(1.32448 0.158896 0)
(1.61543 0.227612 0)
(1.74609 0.255188 0)
(1.42427 0.226529 0)
(1.27691 0.121334 0)
(1.30874 -0.00828951 0)
(1.42236 -0.0188594 0)
(1.52094 0.00737703 0)
(0.0165809 -0.0973703 0)
(0.461556 0.0993082 0)
(0.935933 0.112127 0)
(1.43223 0.151959 0)
(1.72368 0.224007 0)
(1.41578 0.232357 0)
(1.26881 0.114703 0)
(1.25434 0.00244702 0)
(1.35984 -0.00545742 0)
(1.49842 0.00794309 0)
(-0.0939533 -0.110886 0)
(0.139655 0.0470827 0)
(0.508003 0.0494301 0)
(1.13009 0.0708585 0)
(1.64891 0.222987 0)
(1.40908 0.235698 0)
(1.25536 0.123083 0)
(1.16361 0.000782139 0)
(1.25437 -0.0209083 0)
(1.45358 0.0126644 0)
(-0.159128 -0.0891433 0)
(-0.0722533 0.0333331 0)
(0.125202 0.0038101 0)
(0.739066 0.00258186 0)
(1.49875 0.17722 0)
(1.39524 0.247597 0)
(1.22475 0.128145 0)
(1.04692 -0.00513008 0)
(1.11896 -0.0277188 0)
(1.38173 -0.000156389 0)
(-0.211812 -0.0714027 0)
(-0.226531 0.0466668 0)
(-0.18755 -0.0197701 0)
(0.329612 -0.0781357 0)
(1.27463 0.102968 0)
(1.35912 0.244906 0)
(1.1631 0.132867 0)
(0.922526 0.0208675 0)
(0.988197 -0.0328815 0)
(1.28978 -0.00788297 0)
(-0.248054 -0.0389205 0)
(-0.36305 0.0562351 0)
(-0.415262 -0.0284121 0)
(-0.0233653 -0.177375 0)
(0.968405 0.0322283 0)
(1.28487 0.224258 0)
(1.06273 0.141087 0)
(0.809887 0.0126144 0)
(0.900126 -0.0324224 0)
(1.19602 -0.0227888 0)
(-0.264799 0.00236605 0)
(-0.470089 0.0727211 0)
(-0.545501 -0.0463492 0)
(-0.269513 -0.247236 0)
(0.606275 -0.0604959 0)
(1.15026 0.20528 0)
(0.923518 0.167757 0)
(0.735703 0.0333935 0)
(0.869389 -0.0528223 0)
(1.11717 -0.0296262 0)
(-0.28037 0.0453531 0)
(-0.528338 0.0901392 0)
(-0.594094 -0.0534327 0)
(-0.384895 -0.283914 0)
(0.257968 -0.133039 0)
(0.937922 0.168161 0)
(0.759895 0.183531 0)
(0.705311 0.0333047 0)
(0.871331 -0.0737807 0)
(1.07059 -0.0344819 0)
(-0.287362 0.0909533 0)
(-0.546151 0.115499 0)
(-0.59786 -0.0502479 0)
(-0.410797 -0.307051 0)
(0.0107942 -0.176231 0)
(0.660296 0.161877 0)
(0.614535 0.185481 0)
(0.706316 0.0265833 0)
(0.911662 -0.0797966 0)
(1.05694 -0.0421321 0)
(-0.28577 0.136196 0)
(-0.531211 0.138059 0)
(-0.538087 -0.0462366 0)
(-0.354244 -0.319784 0)
(-0.0921433 -0.206469 0)
(0.391908 0.105917 0)
(0.533972 0.205782 0)
(0.768528 0.0144245 0)
(0.994757 -0.0873692 0)
(1.06183 -0.0489577 0)
(-0.269624 0.180589 0)
(-0.470087 0.135091 0)
(-0.349283 -0.0503673 0)
(-0.129288 -0.30553 0)
(-0.0932039 -0.228663 0)
(0.221251 0.096675 0)
(0.510816 0.174009 0)
(0.907084 -0.0123581 0)
(1.09911 -0.0953952 0)
(1.09111 -0.0408465 0)
(-0.235836 0.218215 0)
(-0.350019 0.137245 0)
(-0.0459819 -0.0885884 0)
(0.252066 -0.344923 0)
(0.0275493 -0.240944 0)
(0.187928 0.0482146 0)
(0.536385 0.132335 0)
(1.06716 -0.0306226 0)
(1.20089 -0.0964725 0)
(1.14766 -0.0377753 0)
(-0.185787 0.229607 0)
(-0.187941 0.115894 0)
(0.299191 -0.115884 0)
(0.702007 -0.322143 0)
(0.304599 -0.209323 0)
(0.243094 0.0212005 0)
(0.637508 0.09375 0)
(1.19919 -0.0627871 0)
(1.28383 -0.103598 0)
(1.21836 -0.0379916 0)
(-0.129636 0.238198 0)
(-0.00669563 0.1026 0)
(0.623166 -0.199186 0)
(1.0997 -0.324562 0)
(0.663229 -0.197756 0)
(0.425096 0.0432512 0)
(0.826853 0.0518955 0)
(1.29678 -0.0739279 0)
(1.34226 -0.0955516 0)
(1.28881 -0.0231958 0)
(-0.069174 0.223245 0)
(0.182747 0.0469227 0)
(0.92963 -0.269445 0)
(1.37324 -0.342836 0)
(0.983636 -0.160904 0)
(0.72281 0.0138464 0)
(1.06238 0.00685262 0)
(1.36344 -0.08369 0)
(1.38031 -0.0930862 0)
(1.3513 -0.0218629 0)
(0.00160207 0.21446 0)
(0.420583 -0.00974802 0)
(1.21353 -0.367817 0)
(1.53224 -0.364925 0)
(1.19835 -0.142027 0)
(1.03513 0.0311647 0)
(1.27306 -0.0138437 0)
(1.40601 -0.0925884 0)
(1.40379 -0.0989868 0)
(1.39985 -0.0110596 0)
(0.074326 0.159982 0)
(0.745119 -0.103889 0)
(1.46729 -0.440306 0)
(1.60873 -0.378059 0)
(1.31237 -0.150256 0)
(1.26981 0.0266718 0)
(1.41294 -0.0418194 0)
(1.42976 -0.0934582 0)
(1.41843 -0.0962718 0)
(1.43452 -0.0169397 0)
(0.278395 0.139953 0)
(1.15705 -0.1943 0)
(1.64839 -0.506244 0)
(1.63649 -0.379338 0)
(1.3645 -0.164248 0)
(1.40279 0.0177777 0)
(1.48497 -0.0701362 0)
(1.44068 -0.087197 0)
(1.42545 -0.0846533 0)
(1.45733 -0.0121266 0)
(0.75552 -0.0543599 0)
(1.5311 -0.257059 0)
(1.7477 -0.532716 0)
(1.64049 -0.402605 0)
(1.38481 -0.177524 0)
(1.46548 -0.00223328 0)
(1.51403 -0.0759589 0)
(1.44663 -0.0912244 0)
(1.43018 -0.076758 0)
(1.47155 -0.00364296 0)
(1.35546 -0.0124421 0)
(1.75505 -0.289005 0)
(1.77821 -0.544649 0)
(1.6367 -0.426779 0)
(1.39792 -0.190457 0)
(1.49402 -0.0264002 0)
(1.52267 -0.0739165 0)
(1.4531 -0.096183 0)
(1.43601 -0.0773077 0)
(1.48118 -0.00545272 0)
(1.49514 0.114723 0)
(1.82559 -0.267734 0)
(1.77084 -0.524045 0)
(1.65937 -0.457707 0)
(1.4129 -0.215111 0)
(1.50433 -0.0578701 0)
(1.52521 -0.0844252 0)
(1.45964 -0.100249 0)
(1.44401 -0.0771361 0)
(1.48941 -0.00763779 0)
(1.49563 0.131975 0)
(1.79544 -0.253525 0)
(1.74844 -0.507522 0)
(1.66764 -0.484028 0)
(1.43425 -0.24526 0)
(1.50057 -0.089596 0)
(1.53126 -0.0912078 0)
(1.4658 -0.0999701 0)
(1.45394 -0.0746676 0)
(1.49771 -0.00660679 0)
(1.44494 0.160905 0)
(1.7318 -0.200066 0)
(1.73448 -0.471004 0)
(1.6792 -0.496188 0)
(1.48883 -0.269236 0)
(1.51895 -0.116651 0)
(1.53932 -0.0936223 0)
(1.47207 -0.0983154 0)
(1.46422 -0.0701547 0)
(1.50641 -0.00313188 0)
(1.40155 0.170621 0)
(1.67937 -0.173351 0)
(1.72064 -0.446002 0)
(1.68955 -0.4927 0)
(1.54094 -0.295968 0)
(1.54035 -0.144207 0)
(1.54798 -0.0962918 0)
(1.47815 -0.0959637 0)
(1.47315 -0.0661404 0)
(1.5142 -0.00103606 0)
(1.36979 0.174019 0)
(1.63317 -0.130845 0)
(1.70233 -0.405305 0)
(1.68707 -0.488778 0)
(1.57944 -0.326754 0)
(1.55722 -0.172852 0)
(1.55625 -0.102053 0)
(1.48426 -0.0942583 0)
(1.48002 -0.0637804 0)
(1.52027 -0.0010869 0)
(1.3459 0.175836 0)
(1.59653 -0.100088 0)
(1.70162 -0.383974 0)
(1.67256 -0.475003 0)
(1.61041 -0.355472 0)
(1.57554 -0.204691 0)
(1.56614 -0.109813 0)
(1.49043 -0.0919925 0)
(1.48483 -0.0610104 0)
(1.52446 -0.00115256 0)
(1.32794 0.172497 0)
(1.56267 -0.0704931 0)
(1.69228 -0.334938 0)
(1.6646 -0.457978 0)
(1.63678 -0.380099 0)
(1.59335 -0.237056 0)
(1.57853 -0.120464 0)
(1.49516 -0.0910632 0)
(1.48784 -0.0584284 0)
(1.52658 0.00028568 0)
(1.31308 0.170985 0)
(1.53673 -0.0519012 0)
(1.67286 -0.295499 0)
(1.66501 -0.438987 0)
(1.64694 -0.398714 0)
(1.60828 -0.266138 0)
(1.59272 -0.133782 0)
(1.49963 -0.089668 0)
(1.48968 -0.0557512 0)
(1.52754 0.00190859 0)
(1.29992 0.168373 0)
(1.51306 -0.0325842 0)
(1.64818 -0.261409 0)
(1.66142 -0.412051 0)
(1.65546 -0.405141 0)
(1.63264 -0.297412 0)
(1.60659 -0.150261 0)
(1.50232 -0.0901595 0)
(1.49126 -0.0556418 0)
(1.52818 0.00300526 0)
(1.28775 0.166508 0)
(1.49194 -0.0155416 0)
(1.62524 -0.233809 0)
(1.65484 -0.391299 0)
(1.66398 -0.403819 0)
(1.64782 -0.323002 0)
(1.61713 -0.169112 0)
(1.50166 -0.0940678 0)
(1.4923 -0.0575358 0)
(1.5281 0.00273597 0)
(1.27641 0.163976 0)
(1.47019 0.00127838 0)
(1.60494 -0.207249 0)
(1.64161 -0.369798 0)
(1.66589 -0.403257 0)
(1.65958 -0.349182 0)
(1.6271 -0.193341 0)
(1.5025 -0.0981459 0)
(1.49532 -0.0606661 0)
(1.52852 0.00217445 0)
(1.26571 0.161471 0)
(1.4507 0.0125573 0)
(1.58121 -0.175451 0)
(1.63315 -0.352613 0)
(1.66484 -0.401228 0)
(1.66684 -0.368716 0)
(1.63358 -0.218317 0)
(1.51004 -0.104711 0)
(1.50056 -0.0627493 0)
(1.53079 0.00272075 0)
(1.25582 0.159819 0)
(1.43174 0.0227775 0)
(1.56005 -0.151467 0)
(1.62532 -0.32677 0)
(1.66002 -0.397062 0)
(1.67388 -0.383214 0)
(1.64057 -0.24411 0)
(1.52275 -0.109981 0)
(1.50805 -0.0631173 0)
(1.53518 0.00388419 0)
(1.2469 0.158368 0)
(1.41454 0.0317946 0)
(1.53823 -0.129495 0)
(1.61411 -0.300106 0)
(1.65291 -0.391743 0)
(1.6787 -0.392362 0)
(1.64985 -0.269886 0)
(1.5389 -0.115063 0)
(1.51723 -0.0639911 0)
(1.54139 0.00460775 0)
(1.239 0.157703 0)
(1.39828 0.0408144 0)
(1.52049 -0.112825 0)
(1.59843 -0.273375 0)
(1.64491 -0.385231 0)
(1.68495 -0.399237 0)
(1.66034 -0.295798 0)
(1.5593 -0.123678 0)
(1.5266 -0.0641654 0)
(1.54781 0.00538949 0)
(1.23262 0.156512 0)
(1.38321 0.0485401 0)
(1.50203 -0.0950591 0)
(1.58486 -0.253333 0)
(1.63966 -0.375774 0)
(1.68521 -0.403419 0)
(1.67262 -0.323578 0)
(1.58098 -0.137717 0)
(1.53401 -0.0642076 0)
(1.55308 0.00650123 0)
(1.22764 0.156528 0)
(1.37024 0.0542359 0)
(1.48551 -0.0815874 0)
(1.57012 -0.231191 0)
(1.63202 -0.357341 0)
(1.6843 -0.405918 0)
(1.68352 -0.348858 0)
(1.60045 -0.155813 0)
(1.54057 -0.0653052 0)
(1.55748 0.007611 0)
(1.22429 0.15509 0)
(1.35832 0.0590866 0)
(1.4699 -0.0695072 0)
(1.55778 -0.213855 0)
(1.62403 -0.338902 0)
(1.68176 -0.405882 0)
(1.69207 -0.368879 0)
(1.61886 -0.179785 0)
(1.54611 -0.0673848 0)
(1.56027 0.00766073 0)
(1.22169 0.156112 0)
(1.34816 0.0623276 0)
(1.45691 -0.060311 0)
(1.54397 -0.195325 0)
(1.61658 -0.320259 0)
(1.67923 -0.403668 0)
(1.69824 -0.384007 0)
(1.63529 -0.208725 0)
(1.55108 -0.0700501 0)
(1.56323 0.00842875 0)
(0.380039 0.0947718 0)
(0.467607 0.145191 0)
(0.515944 0.216296 0)
(0.568592 0.265875 0)
(0.61286 0.306116 0)
(0.657566 0.337343 0)
(0.705986 0.367437 0)
(0.768396 0.396441 0)
(0.855755 0.439254 0)
(1.01497 0.478895 0)
(0.412431 0.135836 0)
(0.477064 0.164981 0)
(0.509288 0.219806 0)
(0.558821 0.263529 0)
(0.603474 0.303317 0)
(0.651207 0.334866 0)
(0.70289 0.365625 0)
(0.768093 0.395671 0)
(0.856492 0.434145 0)
(1.01046 0.464985 0)
(0.470299 0.121044 0)
(0.516689 0.144492 0)
(0.534719 0.189751 0)
(0.575071 0.228526 0)
(0.613465 0.268188 0)
(0.660275 0.301283 0)
(0.713478 0.334353 0)
(0.782358 0.365493 0)
(0.87803 0.404251 0)
(1.03682 0.417415 0)
(0.535518 0.139955 0)
(0.567858 0.159833 0)
(0.57911 0.194668 0)
(0.611445 0.2226 0)
(0.640259 0.255519 0)
(0.681138 0.284391 0)
(0.729832 0.315026 0)
(0.795657 0.341529 0)
(0.888829 0.372889 0)
(1.04035 0.372526 0)
(0.598942 0.144691 0)
(0.621332 0.165784 0)
(0.627904 0.198205 0)
(0.654249 0.221669 0)
(0.675513 0.250991 0)
(0.712316 0.273844 0)
(0.757131 0.299863 0)
(0.820399 0.32129 0)
(0.911657 0.348542 0)
(1.05774 0.34065 0)
(0.650279 0.164457 0)
(0.668472 0.179147 0)
(0.671675 0.203109 0)
(0.693102 0.221775 0)
(0.711689 0.248305 0)
(0.747515 0.269723 0)
(0.790961 0.294231 0)
(0.852923 0.31208 0)
(0.93953 0.329883 0)
(1.07678 0.319988 0)
(0.693136 0.175204 0)
(0.705394 0.191423 0)
(0.708316 0.215977 0)
(0.730529 0.230193 0)
(0.749441 0.249566 0)
(0.783755 0.261945 0)
(0.824404 0.281155 0)
(0.883649 0.295922 0)
(0.965598 0.31153 0)
(1.09079 0.300939 0)
(0.731312 0.182416 0)
(0.742359 0.19218 0)
(0.748442 0.209044 0)
(0.770645 0.222682 0)
(0.788306 0.244283 0)
(0.821045 0.259581 0)
(0.859661 0.276488 0)
(0.915224 0.287079 0)
(0.98935 0.295192 0)
(1.10044 0.283313 0)
(0.780644 0.193786 0)
(0.788888 0.203189 0)
(0.793002 0.219225 0)
(0.810898 0.230956 0)
(0.827457 0.246963 0)
(0.85757 0.256035 0)
(0.892936 0.270188 0)
(0.944352 0.278541 0)
(1.01158 0.283105 0)
(1.10996 0.270265 0)
(0.825553 0.207167 0)
(0.83249 0.214084 0)
(0.836191 0.225178 0)
(0.850686 0.234146 0)
(0.864715 0.247606 0)
(0.89106 0.256376 0)
(0.922387 0.264616 0)
(0.968798 0.270814 0)
(1.02851 0.27013 0)
(1.11527 0.25617 0)
(0.864723 0.21815 0)
(0.869786 0.223711 0)
(0.872355 0.2326 0)
(0.883485 0.239465 0)
(0.895822 0.248655 0)
(0.918627 0.253458 0)
(0.946574 0.261305 0)
(0.989099 0.263768 0)
(1.04274 0.259186 0)
(1.11986 0.244706 0)
(0.897731 0.232416 0)
(0.900541 0.235211 0)
(0.902023 0.240497 0)
(0.910048 0.245461 0)
(0.920984 0.251758 0)
(0.941055 0.254122 0)
(0.966191 0.254835 0)
(1.00448 0.253011 0)
(1.05324 0.246576 0)
(1.12251 0.233387 0)
(0.92346 0.243785 0)
(0.925077 0.244918 0)
(0.925996 0.247495 0)
(0.932277 0.248219 0)
(0.941912 0.249841 0)
(0.959312 0.24842 0)
(0.982114 0.245758 0)
(1.01767 0.243242 0)
(1.06239 0.236529 0)
(1.12438 0.223936 0)
(0.944334 0.25306 0)
(0.944061 0.251456 0)
(0.94378 0.249583 0)
(0.94889 0.247286 0)
(0.958253 0.243986 0)
(0.974251 0.239684 0)
(0.995938 0.236591 0)
(1.02887 0.233195 0)
(1.06991 0.226353 0)
(1.126 0.215777 0)
(0.964132 0.262558 0)
(0.961637 0.25698 0)
(0.959514 0.246491 0)
(0.961835 0.236074 0)
(0.971351 0.232192 0)
(0.988167 0.230685 0)
(1.00822 0.22671 0)
(1.03908 0.224419 0)
(1.07752 0.21998 0)
(1.12768 0.210248 0)
(0.991957 0.263411 0)
(0.985898 0.247408 0)
(0.981492 0.239016 0)
(0.982195 0.233993 0)
(0.988429 0.226687 0)
(1.00197 0.219979 0)
(1.02168 0.220274 0)
(1.04973 0.220102 0)
(1.08452 0.215269 0)
(1.1294 0.205544 0)
(1.01502 0.271604 0)
(1.01213 0.256786 0)
(1.00358 0.237997 0)
(1.00236 0.226083 0)
(1.00798 0.222261 0)
(1.02044 0.221706 0)
(1.03748 0.220149 0)
(1.06126 0.216827 0)
(1.092 0.211962 0)
(1.13185 0.202541 0)
(1.02947 0.273473 0)
(1.03231 0.266401 0)
(1.02605 0.249686 0)
(1.02521 0.237268 0)
(1.02819 0.229135 0)
(1.03801 0.223246 0)
(1.05273 0.219776 0)
(1.07356 0.217891 0)
(1.10045 0.211465 0)
(1.1355 0.201093 0)
(1.0465 0.269312 0)
(1.05106 0.268417 0)
(1.05123 0.263627 0)
(1.05266 0.25451 0)
(1.0532 0.240989 0)
(1.05742 0.231763 0)
(1.06802 0.224262 0)
(1.08521 0.217639 0)
(1.10997 0.212727 0)
(1.14054 0.200505 0)
(1.07894 0.285771 0)
(1.08273 0.277635 0)
(1.08244 0.274329 0)
(1.08398 0.269065 0)
(1.08261 0.256776 0)
(1.08211 0.244343 0)
(1.08743 0.232807 0)
(1.09803 0.221682 0)
(1.11897 0.211335 0)
(1.1467 0.201905 0)
(2.26748 1.24597e-07 0)
(2.25866 -4.7309e-07 0)
(2.249 9.93277e-07 0)
(2.23839 -2.19383e-06 0)
(2.2267 3.55232e-06 0)
(2.21402 -8.22206e-06 0)
(2.19859 1.20028e-05 0)
(2.18822 -2.39062e-05 0)
(1.62729 0.0161605 0)
(0.456155 0.0248062 0)
(2.26748 3.61272e-07 0)
(2.25866 -1.36814e-06 0)
(2.249 2.86825e-06 0)
(2.23839 -6.19808e-06 0)
(2.2267 1.0015e-05 0)
(2.21402 -2.22094e-05 0)
(2.19859 3.61182e-05 0)
(2.18823 -8.60603e-05 0)
(1.62924 0.0514594 0)
(0.490075 0.0630286 0)
(2.26748 5.96834e-07 0)
(2.25866 -2.25245e-06 0)
(2.249 4.7314e-06 0)
(2.23839 -1.01787e-05 0)
(2.22669 1.64251e-05 0)
(2.21402 -3.56341e-05 0)
(2.1986 5.62417e-05 0)
(2.18824 -0.000128732 0)
(1.6482 0.0878098 0)
(0.537895 0.094938 0)
(2.26748 8.28713e-07 0)
(2.25866 -3.11071e-06 0)
(2.249 6.54454e-06 0)
(2.23839 -1.39881e-05 0)
(2.22669 2.25919e-05 0)
(2.21402 -4.78269e-05 0)
(2.19861 7.56953e-05 0)
(2.18821 -0.000224575 0)
(1.68409 0.120428 0)
(0.592724 0.126361 0)
(2.26748 1.05489e-06 0)
(2.25866 -3.93298e-06 0)
(2.249 8.29343e-06 0)
(2.23839 -1.75974e-05 0)
(2.22669 2.84251e-05 0)
(2.21403 -5.84453e-05 0)
(2.19862 9.07121e-05 0)
(2.18809 -0.000303419 0)
(1.73473 0.1482 0)
(0.655216 0.144307 0)
(2.26748 1.27373e-06 0)
(2.25866 -4.71141e-06 0)
(2.249 9.96327e-06 0)
(2.23839 -2.09762e-05 0)
(2.22669 3.39448e-05 0)
(2.21403 -6.86405e-05 0)
(2.19861 0.000107176 0)
(2.18792 -0.000332688 0)
(1.79564 0.170432 0)
(0.717646 0.169697 0)
(2.26748 1.48367e-06 0)
(2.25866 -5.43987e-06 0)
(2.249 1.15424e-05 0)
(2.2384 -2.40966e-05 0)
(2.22669 3.9011e-05 0)
(2.21404 -7.70643e-05 0)
(2.19861 0.000123906 0)
(2.18776 -0.000378827 0)
(1.86249 0.184754 0)
(0.787249 0.183612 0)
(2.26748 1.68323e-06 0)
(2.25866 -6.11365e-06 0)
(2.249 1.3022e-05 0)
(2.2384 -2.6967e-05 0)
(2.22669 4.37582e-05 0)
(2.21404 -8.46475e-05 0)
(2.19862 0.000139269 0)
(2.18764 -0.000392085 0)
(1.92902 0.192213 0)
(0.855525 0.204056 0)
(2.26748 1.87107e-06 0)
(2.25866 -6.72913e-06 0)
(2.249 1.43919e-05 0)
(2.2384 -2.95708e-05 0)
(2.22669 4.81558e-05 0)
(2.21405 -9.15529e-05 0)
(2.19862 0.000154915 0)
(2.18754 -0.00039857 0)
(1.99351 0.19284 0)
(0.914652 0.220782 0)
(2.26748 2.04604e-06 0)
(2.25866 -7.28451e-06 0)
(2.249 1.56468e-05 0)
(2.2384 -3.19133e-05 0)
(2.22669 5.22443e-05 0)
(2.21405 -9.78113e-05 0)
(2.19863 0.000169209 0)
(2.18745 -0.000391137 0)
(2.05434 0.185357 0)
(0.965386 0.238567 0)
(2.26748 2.20728e-06 0)
(2.25866 -7.77916e-06 0)
(2.249 1.67814e-05 0)
(2.2384 -3.39921e-05 0)
(2.22669 5.60419e-05 0)
(2.21405 -0.000103843 0)
(2.19864 0.000183559 0)
(2.18736 -0.000376241 0)
(2.1142 0.170969 0)
(1.01264 0.253417 0)
(2.26748 2.35428e-06 0)
(2.25866 -8.21413e-06 0)
(2.249 1.77944e-05 0)
(2.2384 -3.58086e-05 0)
(2.22669 5.95343e-05 0)
(2.21406 -0.000109583 0)
(2.19866 0.000197573 0)
(2.18728 -0.000358436 0)
(2.17257 0.150038 0)
(1.05667 0.271542 0)
(2.26748 2.4869e-06 0)
(2.25866 -8.59182e-06 0)
(2.249 1.86874e-05 0)
(2.2384 -3.73696e-05 0)
(2.22669 6.27106e-05 0)
(2.21406 -0.000115037 0)
(2.19868 0.000210516 0)
(2.18721 -0.000345658 0)
(2.21694 0.121865 0)
(1.10129 0.28944 0)
(2.26748 2.60538e-06 0)
(2.25866 -8.91565e-06 0)
(2.249 1.94626e-05 0)
(2.23841 -3.86765e-05 0)
(2.22669 6.55101e-05 0)
(2.21406 -0.000119976 0)
(2.1987 0.00022225 0)
(2.18714 -0.000335635 0)
(2.24509 0.0931644 0)
(1.14551 0.310097 0)
(2.26748 2.7104e-06 0)
(2.25866 -9.19038e-06 0)
(2.249 2.0125e-05 0)
(2.23841 -3.97355e-05 0)
(2.2267 6.7893e-05 0)
(2.21406 -0.000124235 0)
(2.19872 0.000239474 0)
(2.18706 -0.000337624 0)
(2.25634 0.0690712 0)
(1.18875 0.331441 0)
(2.26748 2.80303e-06 0)
(2.25866 -9.42196e-06 0)
(2.249 2.06827e-05 0)
(2.23841 -4.05616e-05 0)
(2.2267 6.98402e-05 0)
(2.21406 -0.000127479 0)
(2.19876 0.000253712 0)
(2.18696 -0.000355953 0)
(2.25163 0.0500979 0)
(1.22415 0.350128 0)
(2.26748 2.88463e-06 0)
(2.25866 -9.61734e-06 0)
(2.249 2.11442e-05 0)
(2.23841 -4.11557e-05 0)
(2.2267 7.12462e-05 0)
(2.21406 -0.000129691 0)
(2.1988 0.000270241 0)
(2.18682 -0.000390686 0)
(2.23634 0.0334191 0)
(1.25296 0.35455 0)
(2.26748 2.95668e-06 0)
(2.25866 -9.78482e-06 0)
(2.249 2.15277e-05 0)
(2.23841 -4.15618e-05 0)
(2.2267 7.20168e-05 0)
(2.21406 -0.000127979 0)
(2.19886 0.000284819 0)
(2.18664 -0.000443401 0)
(2.2173 0.0210473 0)
(1.26948 0.344675 0)
(2.26748 3.02091e-06 0)
(2.25866 -9.93282e-06 0)
(2.249 2.18563e-05 0)
(2.23841 -4.18789e-05 0)
(2.2267 7.23959e-05 0)
(2.21405 -0.000123891 0)
(2.19894 0.000292653 0)
(2.18637 -0.000510109 0)
(2.20022 0.0128537 0)
(1.27991 0.32735 0)
(2.26748 3.07858e-06 0)
(2.25866 -1.00684e-05 0)
(2.249 2.21593e-05 0)
(2.23841 -4.22213e-05 0)
(2.2267 7.2865e-05 0)
(2.21404 -0.00011937 0)
(2.19903 0.000291264 0)
(2.18602 -0.00057692 0)
(2.1881 0.00731554 0)
(1.28025 0.295509 0)
(2.26748 -3.07866e-06 0)
(2.25866 1.00682e-05 0)
(2.249 -2.21583e-05 0)
(2.23841 4.22179e-05 0)
(2.2267 -7.28574e-05 0)
(2.21404 0.000119349 0)
(2.19903 -0.000291269 0)
(2.18602 0.000577247 0)
(2.18811 -0.00732867 0)
(1.2802 -0.295395 0)
(2.26748 -3.02101e-06 0)
(2.25866 9.93268e-06 0)
(2.249 -2.18555e-05 0)
(2.23841 4.18757e-05 0)
(2.2267 -7.23885e-05 0)
(2.21405 0.000123876 0)
(2.19894 -0.000292674 0)
(2.18637 0.000510373 0)
(2.20025 -0.0128776 0)
(1.28002 -0.327194 0)
(2.26748 -2.95682e-06 0)
(2.25866 9.78474e-06 0)
(2.249 -2.15269e-05 0)
(2.23841 4.15586e-05 0)
(2.2267 -7.20096e-05 0)
(2.21406 0.000127967 0)
(2.19886 -0.000284851 0)
(2.18664 0.000443611 0)
(2.21737 -0.0210832 0)
(1.26967 -0.344534 0)
(2.26748 -2.8848e-06 0)
(2.25866 9.61733e-06 0)
(2.249 -2.11436e-05 0)
(2.23841 4.11526e-05 0)
(2.2267 -7.12395e-05 0)
(2.21406 0.000129688 0)
(2.1988 -0.000270262 0)
(2.18683 0.000390873 0)
(2.23644 -0.0334764 0)
(1.25319 -0.354428 0)
(2.26748 -2.80323e-06 0)
(2.25866 9.42202e-06 0)
(2.249 -2.06822e-05 0)
(2.23841 4.05588e-05 0)
(2.2267 -6.98336e-05 0)
(2.21406 0.000127477 0)
(2.19876 -0.000253719 0)
(2.18696 0.000356146 0)
(2.25172 -0.0501788 0)
(1.22437 -0.350026 0)
(2.26748 -2.71064e-06 0)
(2.25866 9.19052e-06 0)
(2.249 -2.01246e-05 0)
(2.23841 3.97327e-05 0)
(2.2267 -6.78856e-05 0)
(2.21406 0.000124233 0)
(2.19872 -0.000239461 0)
(2.18706 0.000337801 0)
(2.25637 -0.0691769 0)
(1.18887 -0.331369 0)
(2.26748 -2.60566e-06 0)
(2.25866 8.91587e-06 0)
(2.249 -1.94623e-05 0)
(2.23841 3.86738e-05 0)
(2.22669 -6.55019e-05 0)
(2.21406 0.00011997 0)
(2.1987 -0.000222215 0)
(2.18714 0.000335842 0)
(2.24503 -0.0933025 0)
(1.14558 -0.310065 0)
(2.26748 -2.48721e-06 0)
(2.25866 8.59214e-06 0)
(2.249 -1.86873e-05 0)
(2.2384 3.73672e-05 0)
(2.22669 -6.27026e-05 0)
(2.21406 0.000115027 0)
(2.19868 -0.000210464 0)
(2.18721 0.00034584 0)
(2.21677 -0.121999 0)
(1.10136 -0.289433 0)
(2.26748 -2.35463e-06 0)
(2.25866 8.21454e-06 0)
(2.249 -1.77944e-05 0)
(2.2384 3.58062e-05 0)
(2.22669 -5.95255e-05 0)
(2.21406 0.000109569 0)
(2.19866 -0.0001975 0)
(2.18728 0.000358586 0)
(2.1723 -0.150126 0)
(1.05674 -0.271522 0)
(2.26748 -2.20766e-06 0)
(2.25866 7.77967e-06 0)
(2.249 -1.67816e-05 0)
(2.2384 3.39901e-05 0)
(2.22669 -5.60346e-05 0)
(2.21405 0.000103832 0)
(2.19864 -0.000183471 0)
(2.18736 0.000376423 0)
(2.11387 -0.171012 0)
(1.01269 -0.253423 0)
(2.26748 -2.04644e-06 0)
(2.25866 7.28512e-06 0)
(2.249 -1.56472e-05 0)
(2.2384 3.19114e-05 0)
(2.22669 -5.22368e-05 0)
(2.21405 9.77928e-05 0)
(2.19863 -0.000169108 0)
(2.18745 0.000391187 0)
(2.054 -0.185357 0)
(0.965469 -0.238562 0)
(2.26748 -1.87149e-06 0)
(2.25866 6.72983e-06 0)
(2.249 -1.43924e-05 0)
(2.2384 2.95692e-05 0)
(2.22669 -4.81495e-05 0)
(2.21405 9.15384e-05 0)
(2.19862 -0.000154824 0)
(2.18754 0.000398631 0)
(1.99321 -0.192795 0)
(0.914777 -0.220842 0)
(2.26748 -1.68368e-06 0)
(2.25866 6.11443e-06 0)
(2.249 -1.30226e-05 0)
(2.2384 2.69654e-05 0)
(2.22669 -4.3752e-05 0)
(2.21404 8.46271e-05 0)
(2.19862 -0.000139168 0)
(2.18764 0.000391931 0)
(1.92879 -0.192153 0)
(0.855783 -0.204034 0)
(2.26748 -1.48413e-06 0)
(2.25866 5.44073e-06 0)
(2.249 -1.1543e-05 0)
(2.2384 2.40951e-05 0)
(2.22669 -3.90057e-05 0)
(2.21404 7.70464e-05 0)
(2.19861 -0.00012384 0)
(2.18776 0.000378877 0)
(1.86233 -0.184674 0)
(0.78759 -0.183655 0)
(2.26748 -1.2742e-06 0)
(2.25866 4.71233e-06 0)
(2.249 -9.96389e-06 0)
(2.23839 2.09744e-05 0)
(2.22669 -3.39385e-05 0)
(2.21403 6.86178e-05 0)
(2.19861 -0.00010712 0)
(2.18792 0.000332044 0)
(1.79556 -0.170335 0)
(0.717932 -0.169681 0)
(2.26748 -1.05537e-06 0)
(2.25866 3.93396e-06 0)
(2.249 -8.29416e-06 0)
(2.23839 1.75962e-05 0)
(2.22669 -2.84218e-05 0)
(2.21403 5.84243e-05 0)
(2.19862 -9.06567e-05 0)
(2.18809 0.000304008 0)
(1.73467 -0.148107 0)
(0.65546 -0.144173 0)
(2.26748 -8.29203e-07 0)
(2.25866 3.11173e-06 0)
(2.249 -6.54517e-06 0)
(2.23839 1.39858e-05 0)
(2.22669 -2.25828e-05 0)
(2.21402 4.77779e-05 0)
(2.19861 -7.56973e-05 0)
(2.18821 0.000223754 0)
(1.68403 -0.120347 0)
(0.592897 -0.126369 0)
(2.26748 -5.9733e-07 0)
(2.25866 2.25352e-06 0)
(2.249 -4.73218e-06 0)
(2.23839 1.01777e-05 0)
(2.22669 -1.64275e-05 0)
(2.21402 3.56866e-05 0)
(2.1986 -5.6243e-05 0)
(2.18824 0.000128068 0)
(1.64816 -0.0877257 0)
(0.538032 -0.0949409 0)
(2.26748 -3.61771e-07 0)
(2.25866 1.36922e-06 0)
(2.249 -2.86889e-06 0)
(2.23839 6.19539e-06 0)
(2.2267 -1.00026e-05 0)
(2.21402 2.20922e-05 0)
(2.19859 -3.57719e-05 0)
(2.18822 8.70761e-05 0)
(1.62922 -0.0513806 0)
(0.490218 -0.0630478 0)
(2.26748 -1.25101e-07 0)
(2.25866 4.74201e-07 0)
(2.249 -9.94013e-07 0)
(2.23839 2.19209e-06 0)
(2.2267 -3.54985e-06 0)
(2.21402 8.26101e-06 0)
(2.19859 -1.23779e-05 0)
(2.18823 2.43608e-05 0)
(1.62733 -0.016086 0)
(0.456234 -0.0248812 0)
(1.07941 -0.285171 0)
(1.08331 -0.277193 0)
(1.08313 -0.274045 0)
(1.08472 -0.268868 0)
(1.08337 -0.256599 0)
(1.08283 -0.244175 0)
(1.08819 -0.232712 0)
(1.09857 -0.221604 0)
(1.11929 -0.21141 0)
(1.14677 -0.202139 0)
(1.04687 -0.268974 0)
(1.05153 -0.268122 0)
(1.05184 -0.263405 0)
(1.05335 -0.254359 0)
(1.05389 -0.240897 0)
(1.05807 -0.231678 0)
(1.06863 -0.224208 0)
(1.08558 -0.217726 0)
(1.11023 -0.21289 0)
(1.14042 -0.200867 0)
(1.02987 -0.273323 0)
(1.03277 -0.266195 0)
(1.02655 -0.249481 0)
(1.02579 -0.23713 0)
(1.0288 -0.229078 0)
(1.03855 -0.223232 0)
(1.05321 -0.21983 0)
(1.07391 -0.217973 0)
(1.10062 -0.211741 0)
(1.13518 -0.201612 0)
(1.01536 -0.271427 0)
(1.01252 -0.256602 0)
(1.00401 -0.237809 0)
(1.00283 -0.225955 0)
(1.00851 -0.222233 0)
(1.02091 -0.221723 0)
(1.03789 -0.22024 0)
(1.06151 -0.217089 0)
(1.09202 -0.212363 0)
(1.13129 -0.203164 0)
(0.992218 -0.263326 0)
(0.986261 -0.247418 0)
(0.981914 -0.23909 0)
(0.982621 -0.234036 0)
(0.988882 -0.22669 0)
(1.00237 -0.219997 0)
(1.02201 -0.220464 0)
(1.04982 -0.220417 0)
(1.08434 -0.215816 0)
(1.12856 -0.206381 0)
(0.964434 -0.262621 0)
(0.962018 -0.257032 0)
(0.959938 -0.246487 0)
(0.962259 -0.236094 0)
(0.971787 -0.232321 0)
(0.988495 -0.230819 0)
(1.00842 -0.226935 0)
(1.03899 -0.224793 0)
(1.07711 -0.220691 0)
(1.12655 -0.211283 0)
(0.94476 -0.253093 0)
(0.94452 -0.25154 0)
(0.944247 -0.24969 0)
(0.949317 -0.247386 0)
(0.958633 -0.244102 0)
(0.97446 -0.239792 0)
(0.996019 -0.236918 0)
(1.02857 -0.233624 0)
(1.0692 -0.227204 0)
(1.12459 -0.216985 0)
(0.923738 -0.243684 0)
(0.925457 -0.244926 0)
(0.926416 -0.247541 0)
(0.932665 -0.248314 0)
(0.942218 -0.24998 0)
(0.959413 -0.24856 0)
(0.982012 -0.24609 0)
(1.01711 -0.243688 0)
(1.06136 -0.237495 0)
(1.12271 -0.225208 0)
(0.898004 -0.232388 0)
(0.90087 -0.235243 0)
(0.902375 -0.240554 0)
(0.910402 -0.245521 0)
(0.921204 -0.251886 0)
(0.941054 -0.254263 0)
(0.965933 -0.25534 0)
(1.00364 -0.253511 0)
(1.05189 -0.247598 0)
(1.12063 -0.23469 0)
(0.865058 -0.218247 0)
(0.870132 -0.223809 0)
(0.8727 -0.232688 0)
(0.883779 -0.239611 0)
(0.895976 -0.248868 0)
(0.918549 -0.253601 0)
(0.946079 -0.261575 0)
(0.988029 -0.264205 0)
(1.04113 -0.260157 0)
(1.11771 -0.24596 0)
(0.825912 -0.207207 0)
(0.832865 -0.214127 0)
(0.83654 -0.225228 0)
(0.850948 -0.234288 0)
(0.8648 -0.247804 0)
(0.890869 -0.256507 0)
(0.921769 -0.265437 0)
(0.967537 -0.27119 0)
(1.02671 -0.270973 0)
(1.11289 -0.257401 0)
(0.780992 -0.193907 0)
(0.789217 -0.203338 0)
(0.79329 -0.219351 0)
(0.811115 -0.231036 0)
(0.827441 -0.247084 0)
(0.857243 -0.256211 0)
(0.892041 -0.270478 0)
(0.942927 -0.27895 0)
(1.00958 -0.283862 0)
(1.1073 -0.271353 0)
(0.731624 -0.182308 0)
(0.742688 -0.192029 0)
(0.748719 -0.208896 0)
(0.770703 -0.222875 0)
(0.788135 -0.244542 0)
(0.820545 -0.259713 0)
(0.858598 -0.276989 0)
(0.913608 -0.287399 0)
(0.987141 -0.29585 0)
(1.0977 -0.284208 0)
(0.693118 -0.175314 0)
(0.705339 -0.191593 0)
(0.708266 -0.216126 0)
(0.7304 -0.230002 0)
(0.749089 -0.249324 0)
(0.783114 -0.261788 0)
(0.823211 -0.281254 0)
(0.881869 -0.295962 0)
(0.963243 -0.312102 0)
(1.0881 -0.301724 0)
(0.650314 -0.164401 0)
(0.668436 -0.179094 0)
(0.671516 -0.203089 0)
(0.692856 -0.221967 0)
(0.711288 -0.248637 0)
(0.746905 -0.269928 0)
(0.789772 -0.29453 0)
(0.85111 -0.312111 0)
(0.937105 -0.330213 0)
(1.07433 -0.320918 0)
(0.599095 -0.144726 0)
(0.621427 -0.165929 0)
(0.62793 -0.198301 0)
(0.654112 -0.221765 0)
(0.675138 -0.251069 0)
(0.711686 -0.273749 0)
(0.755927 -0.299839 0)
(0.818579 -0.321008 0)
(0.90921 -0.348542 0)
(1.05545 -0.341518 0)
(0.53575 -0.139945 0)
(0.568099 -0.15983 0)
(0.579239 -0.194772 0)
(0.611439 -0.22275 0)
(0.639972 -0.255704 0)
(0.6806 -0.284406 0)
(0.728769 -0.315004 0)
(0.793981 -0.341179 0)
(0.886432 -0.372585 0)
(1.03825 -0.372968 0)
(0.4705 -0.121098 0)
(0.51691 -0.144589 0)
(0.534899 -0.189865 0)
(0.575185 -0.228627 0)
(0.613316 -0.268326 0)
(0.659877 -0.301262 0)
(0.712614 -0.334271 0)
(0.780964 -0.365104 0)
(0.876007 -0.403885 0)
(1.03432 -0.417661 0)
(0.412609 -0.135894 0)
(0.477261 -0.165066 0)
(0.509456 -0.219919 0)
(0.558956 -0.263664 0)
(0.603423 -0.303485 0)
(0.650944 -0.334907 0)
(0.702213 -0.365586 0)
(0.766874 -0.395272 0)
(0.85448 -0.433562 0)
(1.00761 -0.464756 0)
(0.380193 -0.0948255 0)
(0.4678 -0.145256 0)
(0.516117 -0.216391 0)
(0.568768 -0.265968 0)
(0.612876 -0.306252 0)
(0.657384 -0.337372 0)
(0.705395 -0.367413 0)
(0.767266 -0.396057 0)
(0.853765 -0.43893 0)
(1.01138 -0.476769 0)
(1.2207 -0.15719 0)
(1.34354 -0.0673632 0)
(1.45285 0.0478505 0)
(1.55233 0.186979 0)
(1.63445 0.323979 0)
(1.67142 0.411605 0)
(1.67939 0.37991 0)
(1.60107 0.198509 0)
(1.55746 0.0558831 0)
(1.57919 -0.00982907 0)
(1.22304 -0.156246 0)
(1.35285 -0.0645193 0)
(1.46578 0.0562984 0)
(1.56434 0.200074 0)
(1.64721 0.344467 0)
(1.6755 0.421087 0)
(1.671 0.373327 0)
(1.5808 0.18078 0)
(1.55248 0.0533005 0)
(1.57638 -0.00822211 0)
(1.22611 -0.158028 0)
(1.36388 -0.0604474 0)
(1.47959 0.0661542 0)
(1.57853 0.216142 0)
(1.65803 0.361422 0)
(1.67679 0.426742 0)
(1.66104 0.364146 0)
(1.55678 0.164691 0)
(1.54675 0.0499591 0)
(1.5741 -0.00751152 0)
(1.23073 -0.158363 0)
(1.37615 -0.0552641 0)
(1.49527 0.0788169 0)
(1.59312 0.232528 0)
(1.67204 0.383938 0)
(1.6779 0.433585 0)
(1.6498 0.352304 0)
(1.53214 0.151391 0)
(1.53942 0.0468724 0)
(1.57096 -0.00614219 0)
(1.23677 -0.159819 0)
(1.39006 -0.0485705 0)
(1.5115 0.0929627 0)
(1.60822 0.250132 0)
(1.68449 0.403308 0)
(1.67701 0.439474 0)
(1.6372 0.338078 0)
(1.50776 0.140377 0)
(1.53168 0.0428621 0)
(1.56771 -0.00519519 0)
(1.24427 -0.160576 0)
(1.40533 -0.0402085 0)
(1.52816 0.108319 0)
(1.62527 0.272421 0)
(1.69818 0.427275 0)
(1.67602 0.444688 0)
(1.62183 0.321195 0)
(1.49202 0.130497 0)
(1.52762 0.0378609 0)
(1.56421 -0.00405264 0)
(1.2529 -0.161737 0)
(1.42162 -0.0307988 0)
(1.54567 0.125633 0)
(1.64185 0.297032 0)
(1.70298 0.440113 0)
(1.68267 0.451946 0)
(1.60191 0.300548 0)
(1.47481 0.119983 0)
(1.52202 0.0339841 0)
(1.56089 -0.00317501 0)
(1.26268 -0.162927 0)
(1.43911 -0.0201099 0)
(1.56527 0.149062 0)
(1.65842 0.320719 0)
(1.70781 0.459265 0)
(1.68511 0.456299 0)
(1.57822 0.27819 0)
(1.46682 0.110987 0)
(1.51979 0.0303395 0)
(1.55857 -0.00138845 0)
(1.27335 -0.165176 0)
(1.45843 -0.00634083 0)
(1.58139 0.170664 0)
(1.67597 0.342985 0)
(1.70872 0.471207 0)
(1.68162 0.456677 0)
(1.5479 0.253907 0)
(1.46572 0.10302 0)
(1.51698 0.0284264 0)
(1.55675 0.00144222 0)
(1.28486 -0.167646 0)
(1.47785 0.00906154 0)
(1.59962 0.197297 0)
(1.69251 0.362826 0)
(1.71307 0.48563 0)
(1.67774 0.446154 0)
(1.51549 0.230402 0)
(1.46698 0.0942207 0)
(1.51562 0.0270408 0)
(1.55685 0.00449529 0)
(1.29741 -0.169584 0)
(1.49902 0.028286 0)
(1.61223 0.211463 0)
(1.7096 0.383993 0)
(1.71552 0.493551 0)
(1.6687 0.42935 0)
(1.48215 0.208928 0)
(1.46657 0.084897 0)
(1.51428 0.0260303 0)
(1.55784 0.0067852 0)
(1.31168 -0.171694 0)
(1.51921 0.0467385 0)
(1.6281 0.234741 0)
(1.72904 0.404594 0)
(1.71848 0.492142 0)
(1.65325 0.403991 0)
(1.45343 0.18971 0)
(1.46298 0.0763705 0)
(1.5122 0.0248208 0)
(1.55914 0.00742823 0)
(1.32873 -0.172155 0)
(1.53929 0.0698051 0)
(1.64009 0.256378 0)
(1.74577 0.411011 0)
(1.71842 0.483652 0)
(1.63479 0.376451 0)
(1.4284 0.173806 0)
(1.45533 0.0689916 0)
(1.50879 0.0232087 0)
(1.55947 0.0075441 0)
(1.34992 -0.173624 0)
(1.55678 0.100097 0)
(1.65268 0.271345 0)
(1.75218 0.404836 0)
(1.7219 0.47176 0)
(1.61199 0.3496 0)
(1.40445 0.162504 0)
(1.44397 0.0638859 0)
(1.50316 0.0217454 0)
(1.55896 0.00918622 0)
(1.37679 -0.170383 0)
(1.57255 0.128801 0)
(1.66972 0.273508 0)
(1.74363 0.392451 0)
(1.73233 0.468114 0)
(1.58508 0.326286 0)
(1.38113 0.154633 0)
(1.43007 0.0586375 0)
(1.49558 0.0203126 0)
(1.55701 0.0108167 0)
(1.40847 -0.165428 0)
(1.60246 0.155244 0)
(1.68184 0.27293 0)
(1.73059 0.38457 0)
(1.74206 0.46241 0)
(1.55196 0.303316 0)
(1.35998 0.145785 0)
(1.41468 0.0483239 0)
(1.48682 0.0148667 0)
(1.55325 0.0102376 0)
(1.44711 -0.156012 0)
(1.64573 0.187664 0)
(1.68614 0.26132 0)
(1.72141 0.382753 0)
(1.74274 0.455428 0)
(1.52565 0.283496 0)
(1.34234 0.135806 0)
(1.39974 0.0383327 0)
(1.47906 0.008552 0)
(1.54877 0.00755084 0)
(1.49185 -0.123501 0)
(1.67938 0.217073 0)
(1.68305 0.255876 0)
(1.71366 0.376319 0)
(1.73588 0.440076 0)
(1.49927 0.262608 0)
(1.32675 0.128031 0)
(1.3859 0.0302251 0)
(1.47424 0.00426748 0)
(1.54502 0.00579748 0)
(1.48755 -0.106379 0)
(1.67825 0.237268 0)
(1.68265 0.234419 0)
(1.71984 0.347691 0)
(1.73772 0.403583 0)
(1.47465 0.242592 0)
(1.31247 0.128329 0)
(1.37236 0.0302478 0)
(1.46957 0.00434907 0)
(1.54071 0.00845384 0)
(1.36474 0.0394305 0)
(1.57442 0.240525 0)
(1.66126 0.227157 0)
(1.71101 0.324089 0)
(1.73031 0.345729 0)
(1.45093 0.228031 0)
(1.29898 0.128543 0)
(1.3557 0.0193064 0)
(1.46273 0.00494104 0)
(1.53608 0.0157995 0)
(1.05586 -0.00427464 0)
(1.12663 -0.00379987 0)
(1.21193 -0.00290111 0)
(1.31302 -0.00300435 0)
(1.41987 0.00172543 0)
(1.511 0.00439892 0)
(1.60622 0.00666834 0)
(1.698 0.00884702 0)
(1.81279 0.0161912 0)
(1.9174 0.0113507 0)
(1.05835 -0.0116067 0)
(1.12884 -0.0102332 0)
(1.21443 -0.00734018 0)
(1.31737 -0.00550946 0)
(1.42096 0.00685637 0)
(1.51171 0.0155326 0)
(1.60528 0.0220186 0)
(1.69512 0.0283046 0)
(1.80457 0.0481455 0)
(1.91116 0.0302482 0)
(1.06045 -0.0196268 0)
(1.13281 -0.0177593 0)
(1.2202 -0.0126262 0)
(1.32603 -0.00882267 0)
(1.42816 0.0111536 0)
(1.51786 0.0274554 0)
(1.61059 0.0377914 0)
(1.7012 0.0485993 0)
(1.80833 0.0816072 0)
(1.90684 0.0492976 0)
(1.06193 -0.0279433 0)
(1.13626 -0.0259971 0)
(1.22716 -0.019594 0)
(1.33711 -0.0117393 0)
(1.43922 0.0172902 0)
(1.52773 0.0398393 0)
(1.61859 0.054014 0)
(1.70751 0.0695014 0)
(1.8063 0.113377 0)
(1.9019 0.0663892 0)
(1.06506 -0.0368344 0)
(1.14349 -0.0350807 0)
(1.23943 -0.0272341 0)
(1.35088 -0.0142595 0)
(1.45221 0.0247288 0)
(1.53846 0.0531476 0)
(1.62827 0.0707697 0)
(1.72045 0.0922049 0)
(1.81333 0.146764 0)
(1.89866 0.0797926 0)
(1.06913 -0.0466894 0)
(1.15344 -0.0454505 0)
(1.25597 -0.0360361 0)
(1.36721 -0.0155513 0)
(1.46546 0.0340675 0)
(1.54827 0.0675168 0)
(1.63295 0.0890641 0)
(1.72356 0.114932 0)
(1.80405 0.176099 0)
(1.88893 0.0913935 0)
(1.07627 -0.0581809 0)
(1.16938 -0.0567572 0)
(1.27743 -0.044528 0)
(1.3852 -0.0155687 0)
(1.47888 0.0435397 0)
(1.55894 0.0817085 0)
(1.64273 0.108471 0)
(1.73465 0.141623 0)
(1.79349 0.203129 0)
(1.87651 0.0973781 0)
(1.08737 -0.0723231 0)
(1.19116 -0.0694411 0)
(1.30224 -0.0517038 0)
(1.40357 -0.0128323 0)
(1.48983 0.055468 0)
(1.56588 0.0982589 0)
(1.64666 0.128926 0)
(1.74316 0.170247 0)
(1.77952 0.226804 0)
(1.85969 0.099911 0)
(1.10612 -0.0893378 0)
(1.21866 -0.0825357 0)
(1.32744 -0.0582766 0)
(1.42084 -0.00774382 0)
(1.49675 0.0698989 0)
(1.5702 0.114941 0)
(1.65101 0.151018 0)
(1.74951 0.198323 0)
(1.76514 0.240314 0)
(1.83505 0.0975878 0)
(1.13283 -0.109332 0)
(1.24781 -0.0965145 0)
(1.35012 -0.062182 0)
(1.43418 0.00159938 0)
(1.50472 0.0848261 0)
(1.57656 0.132692 0)
(1.65523 0.173603 0)
(1.75888 0.233456 0)
(1.77036 0.254423 0)
(1.80192 0.0907822 0)
(1.16472 -0.130245 0)
(1.27446 -0.108859 0)
(1.36662 -0.0618873 0)
(1.44074 0.0158963 0)
(1.50531 0.10121 0)
(1.58049 0.151139 0)
(1.6617 0.199845 0)
(1.75749 0.258152 0)
(1.77976 0.260371 0)
(1.7658 0.0771581 0)
(1.19603 -0.150115 0)
(1.29537 -0.117203 0)
(1.37479 -0.054231 0)
(1.4463 0.0325351 0)
(1.50967 0.117693 0)
(1.58499 0.169073 0)
(1.66892 0.228179 0)
(1.75835 0.290804 0)
(1.78181 0.264586 0)
(1.7372 0.0607917 0)
(1.22074 -0.167738 0)
(1.30839 -0.119853 0)
(1.38154 -0.0459318 0)
(1.44545 0.0508802 0)
(1.51281 0.133491 0)
(1.59252 0.191934 0)
(1.67623 0.256379 0)
(1.7452 0.305383 0)
(1.77206 0.254828 0)
(1.71255 0.0408285 0)
(1.23667 -0.179303 0)
(1.31512 -0.115784 0)
(1.37801 -0.0332371 0)
(1.44564 0.0696988 0)
(1.51867 0.150043 0)
(1.5999 0.213552 0)
(1.68823 0.293171 0)
(1.74014 0.319537 0)
(1.7504 0.242973 0)
(1.68643 0.0238458 0)
(1.24572 -0.182079 0)
(1.31579 -0.106682 0)
(1.37693 -0.0190418 0)
(1.44828 0.0859385 0)
(1.52804 0.168424 0)
(1.6117 0.241943 0)
(1.68903 0.316215 0)
(1.736 0.322949 0)
(1.726 0.221001 0)
(1.65601 0.00806271 0)
(1.24757 -0.180079 0)
(1.31178 -0.0938006 0)
(1.37519 -0.00246807 0)
(1.45642 0.101902 0)
(1.54003 0.186389 0)
(1.6248 0.271108 0)
(1.68935 0.352279 0)
(1.73548 0.326709 0)
(1.70561 0.189514 0)
(1.63311 -0.00506418 0)
(1.24121 -0.172165 0)
(1.30715 -0.0853539 0)
(1.38182 0.0117227 0)
(1.47008 0.115428 0)
(1.5562 0.209779 0)
(1.63894 0.303111 0)
(1.68274 0.359532 0)
(1.72392 0.323027 0)
(1.68179 0.152821 0)
(1.62444 -0.0108518 0)
(1.23324 -0.161566 0)
(1.30848 -0.0763024 0)
(1.39569 0.0211895 0)
(1.48888 0.130984 0)
(1.57279 0.232724 0)
(1.65441 0.340651 0)
(1.6918 0.378988 0)
(1.69414 0.30245 0)
(1.64204 0.112267 0)
(1.6155 -0.0134506 0)
(1.225 -0.159527 0)
(1.31756 -0.0732338 0)
(1.41441 0.0292866 0)
(1.50967 0.146814 0)
(1.59366 0.262711 0)
(1.66254 0.371197 0)
(1.69139 0.381375 0)
(1.66112 0.271473 0)
(1.60103 0.0813272 0)
(1.59948 -0.0154641 0)
(1.2203 -0.156751 0)
(1.33143 -0.0707544 0)
(1.43543 0.0384091 0)
(1.53317 0.167309 0)
(1.61717 0.297556 0)
(1.66646 0.398621 0)
(1.68823 0.385582 0)
(1.62566 0.228961 0)
(1.57205 0.0628459 0)
(1.58701 -0.0127809 0)
(1.22091 0.15596 0)
(1.33488 0.0667629 0)
(1.43818 -0.0465382 0)
(1.52761 -0.17654 0)
(1.59953 -0.286744 0)
(1.67486 -0.386509 0)
(1.70106 -0.391381 0)
(1.65867 -0.257457 0)
(1.57043 -0.0835744 0)
(1.5722 0.0085249 0)
(1.22513 0.159206 0)
(1.3199 0.070273 0)
(1.41626 -0.0350924 0)
(1.50503 -0.151978 0)
(1.58151 -0.254807 0)
(1.66433 -0.353866 0)
(1.69899 -0.390626 0)
(1.69081 -0.306538 0)
(1.60776 -0.111596 0)
(1.58878 0.00625603 0)
(1.23315 0.161476 0)
(1.31003 0.0741079 0)
(1.39663 -0.0256508 0)
(1.48523 -0.134371 0)
(1.56594 -0.229228 0)
(1.65033 -0.321566 0)
(1.69208 -0.380168 0)
(1.71875 -0.337868 0)
(1.65308 -0.153165 0)
(1.60284 0.00224035 0)
(1.24095 0.172256 0)
(1.30788 0.083859 0)
(1.38203 -0.0150075 0)
(1.4679 -0.119344 0)
(1.54959 -0.203804 0)
(1.63606 -0.29105 0)
(1.69696 -0.372843 0)
(1.73395 -0.348206 0)
(1.68697 -0.197263 0)
(1.61315 -0.00319817 0)
(1.24699 0.180415 0)
(1.31172 0.0933175 0)
(1.37472 0.000271108 0)
(1.45409 -0.103596 0)
(1.53711 -0.186321 0)
(1.62154 -0.261599 0)
(1.69746 -0.341394 0)
(1.73878 -0.344808 0)
(1.70925 -0.232404 0)
(1.63052 -0.0154824 0)
(1.24506 0.182657 0)
(1.31584 0.10647 0)
(1.37597 0.0180375 0)
(1.44677 -0.0879522 0)
(1.52515 -0.166275 0)
(1.60895 -0.234807 0)
(1.69865 -0.320742 0)
(1.74165 -0.342362 0)
(1.72834 -0.252689 0)
(1.65828 -0.0309763 0)
(1.23606 0.1799 0)
(1.31444 0.115737 0)
(1.37714 0.0327668 0)
(1.44364 -0.0701465 0)
(1.51693 -0.149409 0)
(1.59952 -0.211457 0)
(1.68801 -0.282784 0)
(1.73648 -0.326573 0)
(1.7535 -0.262898 0)
(1.68763 -0.0483442 0)
(1.22015 0.168327 0)
(1.30756 0.120381 0)
(1.38044 0.0458455 0)
(1.44424 -0.0508745 0)
(1.51144 -0.132261 0)
(1.59106 -0.187961 0)
(1.68042 -0.254335 0)
(1.74881 -0.312636 0)
(1.77306 -0.266217 0)
(1.71272 -0.062706 0)
(1.19551 0.150637 0)
(1.29462 0.11768 0)
(1.37347 0.054888 0)
(1.44447 -0.0318642 0)
(1.50841 -0.116024 0)
(1.58532 -0.167493 0)
(1.67054 -0.222793 0)
(1.75668 -0.284459 0)
(1.7808 -0.263628 0)
(1.73497 -0.0747486 0)
(1.16432 0.130637 0)
(1.2737 0.109468 0)
(1.3654 0.0626742 0)
(1.44044 -0.0145325 0)
(1.50454 -0.0995171 0)
(1.58058 -0.147695 0)
(1.66388 -0.196434 0)
(1.76131 -0.257898 0)
(1.7824 -0.257807 0)
(1.75918 -0.0814703 0)
(1.13248 0.109593 0)
(1.24715 0.097139 0)
(1.34922 0.0631211 0)
(1.43265 -0.00046995 0)
(1.50368 -0.0821997 0)
(1.57772 -0.12973 0)
(1.65745 -0.170718 0)
(1.76055 -0.228816 0)
(1.77221 -0.250677 0)
(1.79046 -0.0876716 0)
(1.10585 0.0894173 0)
(1.21821 0.0830299 0)
(1.32674 0.05923 0)
(1.42029 0.0097821 0)
(1.49486 -0.0677027 0)
(1.56719 -0.111076 0)
(1.65165 -0.147869 0)
(1.75413 -0.198279 0)
(1.76483 -0.236704 0)
(1.82486 -0.0901763 0)
(1.08717 0.0722625 0)
(1.19084 0.0698886 0)
(1.3018 0.0526566 0)
(1.40288 0.0144393 0)
(1.49014 -0.0525712 0)
(1.56734 -0.0944154 0)
(1.65034 -0.127128 0)
(1.74842 -0.171574 0)
(1.77486 -0.223403 0)
(1.85332 -0.0901148 0)
(1.07622 0.0579913 0)
(1.16924 0.0570688 0)
(1.27716 0.0454928 0)
(1.38479 0.0172328 0)
(1.47881 -0.041091 0)
(1.55828 -0.0795268 0)
(1.64072 -0.105648 0)
(1.73587 -0.142602 0)
(1.78686 -0.201807 0)
(1.8732 -0.0877534 0)
(1.0692 0.0464464 0)
(1.15346 0.045656 0)
(1.2559 0.03681 0)
(1.3671 0.017112 0)
(1.46562 -0.0318116 0)
(1.54961 -0.0649134 0)
(1.63587 -0.086787 0)
(1.72783 -0.117153 0)
(1.80152 -0.178375 0)
(1.88737 -0.0825777 0)
(1.06526 0.0365713 0)
(1.14365 0.0352099 0)
(1.23955 0.027951 0)
(1.35094 0.0156995 0)
(1.45223 -0.0230557 0)
(1.53854 -0.0513394 0)
(1.62804 -0.0686916 0)
(1.72145 -0.0928969 0)
(1.81126 -0.149541 0)
(1.89716 -0.0724339 0)
(1.06221 0.0276758 0)
(1.13651 0.0260894 0)
(1.22746 0.0201764 0)
(1.33728 0.0129462 0)
(1.43932 -0.0157326 0)
(1.52789 -0.0381186 0)
(1.61925 -0.05188 0)
(1.70856 -0.0691536 0)
(1.80504 -0.116087 0)
(1.90071 -0.0609544 0)
(1.06085 0.0193837 0)
(1.13317 0.0178081 0)
(1.22061 0.0130617 0)
(1.32628 0.00974109 0)
(1.42839 -0.0100007 0)
(1.51819 -0.0261322 0)
(1.61107 -0.0360044 0)
(1.70202 -0.0478742 0)
(1.80847 -0.0841173 0)
(1.90618 -0.0454826 0)
(1.05883 0.0114108 0)
(1.12928 0.0102574 0)
(1.21487 0.00759441 0)
(1.31772 0.0060973 0)
(1.42138 -0.00615958 0)
(1.51211 -0.0146882 0)
(1.60588 -0.0207996 0)
(1.69562 -0.027629 0)
(1.80403 -0.0496732 0)
(1.91089 -0.0280262 0)
(1.05643 0.00418637 0)
(1.12708 0.00377595 0)
(1.2123 0.00295445 0)
(1.3134 0.00310111 0)
(1.42018 -0.00152126 0)
(1.51126 -0.00412456 0)
(1.6066 -0.00625154 0)
(1.69828 -0.00852652 0)
(1.81284 -0.0167509 0)
(1.91657 -0.0108714 0)
(1.08653 0.305502 0)
(1.09804 0.301764 0)
(1.106 0.293799 0)
(1.11205 0.284643 0)
(1.11128 0.274729 0)
(1.11283 0.261262 0)
(1.11634 0.247012 0)
(1.12154 0.231365 0)
(1.13351 0.215384 0)
(1.15551 0.198874 0)
(1.06844 0.290248 0)
(1.08965 0.295174 0)
(1.10292 0.297804 0)
(1.11381 0.29562 0)
(1.12442 0.288687 0)
(1.13427 0.277554 0)
(1.14107 0.261481 0)
(1.14859 0.243967 0)
(1.15627 0.224303 0)
(1.16961 0.20487 0)
(1.03895 0.258025 0)
(1.06692 0.263812 0)
(1.08856 0.273653 0)
(1.10937 0.277744 0)
(1.12505 0.279014 0)
(1.13943 0.275992 0)
(1.15137 0.268669 0)
(1.16255 0.252597 0)
(1.17415 0.232382 0)
(1.18718 0.212533 0)
(1.00086 0.222247 0)
(1.02733 0.227204 0)
(1.05109 0.238062 0)
(1.07867 0.248499 0)
(1.10669 0.255396 0)
(1.1317 0.257872 0)
(1.15121 0.255654 0)
(1.16725 0.249852 0)
(1.18345 0.238613 0)
(1.19848 0.218947 0)
(0.964603 0.182632 0)
(0.989086 0.184523 0)
(1.01239 0.19308 0)
(1.04104 0.204346 0)
(1.07191 0.218284 0)
(1.10393 0.230394 0)
(1.13446 0.236224 0)
(1.16056 0.235921 0)
(1.18389 0.231176 0)
(1.20241 0.222726 0)
(0.939262 0.140712 0)
(0.958656 0.145755 0)
(0.979651 0.153748 0)
(1.00486 0.164184 0)
(1.03484 0.176341 0)
(1.06863 0.190315 0)
(1.10395 0.204758 0)
(1.13934 0.215491 0)
(1.17197 0.217521 0)
(1.19807 0.214501 0)
(0.937575 0.116478 0)
(0.948426 0.118749 0)
(0.963004 0.125299 0)
(0.982249 0.133806 0)
(1.00536 0.143797 0)
(1.03306 0.156056 0)
(1.06701 0.169994 0)
(1.10523 0.184362 0)
(1.14569 0.197717 0)
(1.18144 0.199108 0)
(0.937435 0.105622 0)
(0.939711 0.107529 0)
(0.951798 0.110677 0)
(0.966174 0.11519 0)
(0.984122 0.120664 0)
(1.00647 0.127928 0)
(1.03336 0.139109 0)
(1.06819 0.150073 0)
(1.10793 0.166685 0)
(1.15316 0.177979 0)
(0.936789 0.096154 0)
(0.936337 0.0974342 0)
(0.948739 0.0983519 0)
(0.959414 0.101378 0)
(0.97233 0.104934 0)
(0.988677 0.108598 0)
(1.0092 0.114297 0)
(1.03619 0.121694 0)
(1.07083 0.131644 0)
(1.11462 0.150706 0)
(0.936005 0.0871723 0)
(0.933744 0.0886661 0)
(0.945751 0.0893849 0)
(0.955446 0.0913235 0)
(0.967282 0.0923635 0)
(0.981047 0.0937197 0)
(0.997428 0.0960624 0)
(1.01797 0.100141 0)
(1.04462 0.104288 0)
(1.07904 0.119277 0)
(0.936651 0.07885 0)
(0.932873 0.0795311 0)
(0.944551 0.0798863 0)
(0.953509 0.0810854 0)
(0.964177 0.08186 0)
(0.976206 0.0830427 0)
(0.990363 0.0837562 0)
(1.00775 0.0852895 0)
(1.02911 0.0856076 0)
(1.05453 0.093624 0)
(0.938574 0.0710644 0)
(0.933258 0.0710038 0)
(0.944556 0.0709387 0)
(0.953023 0.0716283 0)
(0.963514 0.0720281 0)
(0.975389 0.0729968 0)
(0.988747 0.0728973 0)
(1.00397 0.0735347 0)
(1.02095 0.0730315 0)
(1.04032 0.0757682 0)
(0.940239 0.0633202 0)
(0.93336 0.0627796 0)
(0.944411 0.0625148 0)
(0.952512 0.062699 0)
(0.962598 0.0627082 0)
(0.973867 0.0637576 0)
(0.98646 0.0636407 0)
(1.00083 0.0639725 0)
(1.01641 0.0635877 0)
(1.03313 0.0630132 0)
(0.941764 0.0555344 0)
(0.933389 0.0547584 0)
(0.944361 0.0544587 0)
(0.952302 0.0542817 0)
(0.962115 0.0539619 0)
(0.97304 0.0549124 0)
(0.98523 0.0547199 0)
(0.998832 0.0547359 0)
(1.0139 0.0552327 0)
(1.02903 0.0534246 0)
(0.943235 0.0475827 0)
(0.933491 0.0467101 0)
(0.944418 0.0464769 0)
(0.952325 0.046215 0)
(0.961962 0.0456786 0)
(0.972638 0.0464167 0)
(0.984461 0.0462944 0)
(0.997349 0.045943 0)
(1.01201 0.0468862 0)
(1.0267 0.0448441 0)
(0.944733 0.0393355 0)
(0.933587 0.0385829 0)
(0.944473 0.0384115 0)
(0.952412 0.0383227 0)
(0.961971 0.0377077 0)
(0.972489 0.0381352 0)
(0.9841 0.0381662 0)
(0.996413 0.0374352 0)
(1.0104 0.0383837 0)
(1.02491 0.0366032 0)
(0.945949 0.0306574 0)
(0.933644 0.0303171 0)
(0.944455 0.0301827 0)
(0.952354 0.0303184 0)
(0.961875 0.0297749 0)
(0.972226 0.0298446 0)
(0.983643 0.0300301 0)
(0.995475 0.029096 0)
(1.00879 0.0298109 0)
(1.02327 0.0284409 0)
(0.947644 0.0218093 0)
(0.934607 0.0218983 0)
(0.945402 0.0218008 0)
(0.953219 0.0220794 0)
(0.962714 0.0217576 0)
(0.972861 0.0215764 0)
(0.98405 0.0218879 0)
(0.995587 0.0209838 0)
(1.00841 0.0213714 0)
(1.02282 0.0204012 0)
(0.948597 0.0127514 0)
(0.934974 0.0130807 0)
(0.94573 0.0130455 0)
(0.953423 0.0133013 0)
(0.962824 0.0131126 0)
(0.972743 0.0129158 0)
(0.983569 0.0132792 0)
(0.994945 0.0126462 0)
(1.00736 0.0128168 0)
(1.02169 0.0121967 0)
(0.94637 0.00385122 0)
(0.932468 0.00437589 0)
(0.943219 0.00440152 0)
(0.950897 0.00456633 0)
(0.960361 0.00455183 0)
(0.970244 0.00443066 0)
(0.980916 0.00471936 0)
(0.992414 0.00448465 0)
(1.00473 0.00460757 0)
(1.01924 0.00437912 0)
(2.26748 3.14075e-06 0)
(2.25866 -1.02201e-05 0)
(2.249 2.25162e-05 0)
(2.23841 -4.26449e-05 0)
(2.2267 7.38168e-05 0)
(2.21403 -0.000114514 0)
(2.1992 0.000280162 0)
(2.18551 -0.000626986 0)
(2.17971 0.0034694 0)
(1.27795 0.253337 0)
(2.26748 3.20469e-06 0)
(2.25866 -1.03836e-05 0)
(2.249 2.29348e-05 0)
(2.23841 -4.33219e-05 0)
(2.2267 7.44047e-05 0)
(2.21401 -0.000107424 0)
(2.1994 0.00024805 0)
(2.18487 -0.000608364 0)
(2.17448 0.00126305 0)
(1.28301 0.21383 0)
(2.26748 3.25721e-06 0)
(2.25866 -1.05262e-05 0)
(2.249 2.3333e-05 0)
(2.23841 -4.42863e-05 0)
(2.22671 7.70146e-05 0)
(2.21399 -0.00011014 0)
(2.19958 0.000219421 0)
(2.18428 -0.000509969 0)
(2.17238 7.98618e-05 0)
(1.28536 0.190407 0)
(2.26748 3.29816e-06 0)
(2.25866 -1.06448e-05 0)
(2.249 2.37094e-05 0)
(2.23841 -4.52192e-05 0)
(2.22671 8.07889e-05 0)
(2.21395 -0.000119205 0)
(2.19976 0.000235987 0)
(2.18378 -0.00039394 0)
(2.17156 -0.00045739 0)
(1.29652 0.171058 0)
(2.26748 3.32602e-06 0)
(2.25866 -1.07282e-05 0)
(2.249 2.40455e-05 0)
(2.23841 -4.59324e-05 0)
(2.22672 8.37581e-05 0)
(2.21392 -0.000127337 0)
(2.1999 0.000276036 0)
(2.1834 -0.00029521 0)
(2.17118 -0.000712636 0)
(1.31298 0.157439 0)
(2.26748 3.33747e-06 0)
(2.25866 -1.07603e-05 0)
(2.249 2.42502e-05 0)
(2.23841 -4.61588e-05 0)
(2.22673 8.50227e-05 0)
(2.21389 -0.000126077 0)
(2.19996 0.000289362 0)
(2.18315 -0.000199394 0)
(2.17096 -0.000823023 0)
(1.32841 0.150441 0)
(2.26748 3.32296e-06 0)
(2.25866 -1.0695e-05 0)
(2.249 2.42507e-05 0)
(2.23841 -4.53692e-05 0)
(2.22673 8.38519e-05 0)
(2.21388 -0.000116414 0)
(2.19994 0.000262495 0)
(2.18299 -0.000108968 0)
(2.17083 -0.000848248 0)
(1.33845 0.142423 0)
(2.26748 3.28515e-06 0)
(2.25866 -1.05517e-05 0)
(2.249 2.40245e-05 0)
(2.23841 -4.40526e-05 0)
(2.22673 8.06718e-05 0)
(2.21387 -0.000101928 0)
(2.19989 0.000206829 0)
(2.1829 -1.93617e-05 0)
(2.17074 -0.000835714 0)
(1.35049 0.130081 0)
(2.26748 3.22425e-06 0)
(2.25866 -1.03234e-05 0)
(2.249 2.35809e-05 0)
(2.23841 -4.22127e-05 0)
(2.22673 7.55236e-05 0)
(2.21387 -8.50292e-05 0)
(2.19984 0.00012769 0)
(2.18285 6.85688e-05 0)
(2.17065 -0.00079842 0)
(1.36307 0.11962 0)
(2.26748 3.13695e-06 0)
(2.25866 -1.00009e-05 0)
(2.249 2.29183e-05 0)
(2.23841 -3.99718e-05 0)
(2.22673 6.91652e-05 0)
(2.21386 -6.6688e-05 0)
(2.1998 5.41796e-05 0)
(2.18281 0.00014839 0)
(2.17056 -0.000750628 0)
(1.37705 0.109995 0)
(2.26748 3.01925e-06 0)
(2.25866 -9.57362e-06 0)
(2.249 2.20186e-05 0)
(2.23841 -3.73621e-05 0)
(2.22673 6.22283e-05 0)
(2.21386 -5.17414e-05 0)
(2.19976 6.04721e-06 0)
(2.18278 0.000218279 0)
(2.17046 -0.000702702 0)
(1.39226 0.100389 0)
(2.26748 2.86732e-06 0)
(2.25866 -9.0331e-06 0)
(2.249 2.08605e-05 0)
(2.23841 -3.44173e-05 0)
(2.22672 5.47225e-05 0)
(2.21385 -3.85784e-05 0)
(2.19976 -3.22469e-05 0)
(2.18275 0.000267926 0)
(2.17036 -0.000653306 0)
(1.40831 0.0909663 0)
(2.26748 2.67723e-06 0)
(2.25866 -8.37304e-06 0)
(2.249 1.943e-05 0)
(2.23841 -3.11876e-05 0)
(2.22672 4.71427e-05 0)
(2.21383 -2.72902e-05 0)
(2.19977 -5.77658e-05 0)
(2.18273 0.000298817 0)
(2.17027 -0.000605265 0)
(1.42322 0.0812545 0)
(2.26748 2.4454e-06 0)
(2.25866 -7.58981e-06 0)
(2.249 1.77145e-05 0)
(2.2384 -2.77189e-05 0)
(2.22672 3.98367e-05 0)
(2.21382 -1.87891e-05 0)
(2.19979 -7.01196e-05 0)
(2.1827 0.000315784 0)
(2.17017 -0.00055738 0)
(1.43699 0.071315 0)
(2.26747 2.16971e-06 0)
(2.25866 -6.68404e-06 0)
(2.249 1.57037e-05 0)
(2.2384 -2.40193e-05 0)
(2.22672 3.2861e-05 0)
(2.21381 -1.27778e-05 0)
(2.19981 -7.03409e-05 0)
(2.18268 0.000312812 0)
(2.17008 -0.000508202 0)
(1.44947 0.0609969 0)
(2.26747 1.85037e-06 0)
(2.25866 -5.66088e-06 0)
(2.24899 1.33912e-05 0)
(2.2384 -2.00811e-05 0)
(2.22672 2.62685e-05 0)
(2.2138 -7.83167e-06 0)
(2.19983 -6.56513e-05 0)
(2.18265 0.000288602 0)
(2.17001 -0.00045661 0)
(1.46024 0.0502877 0)
(2.26747 1.49089e-06 0)
(2.25866 -4.53235e-06 0)
(2.24899 1.07979e-05 0)
(2.2384 -1.59315e-05 0)
(2.22672 2.01294e-05 0)
(2.21378 -5.51764e-06 0)
(2.19985 -5.25179e-05 0)
(2.18262 0.000246099 0)
(2.16993 -0.000386008 0)
(1.46883 0.0392235 0)
(2.26747 1.09436e-06 0)
(2.25866 -3.31276e-06 0)
(2.24899 7.93394e-06 0)
(2.2384 -1.15267e-05 0)
(2.22672 1.404e-05 0)
(2.21378 -2.49032e-06 0)
(2.19987 -3.93227e-05 0)
(2.1826 0.000197311 0)
(2.1699 -0.000297932 0)
(1.47635 0.0280334 0)
(2.26747 6.66064e-07 0)
(2.25866 -2.00808e-06 0)
(2.24899 4.84076e-06 0)
(2.2384 -7.02262e-06 0)
(2.22672 8.40438e-06 0)
(2.21377 -2.07475e-06 0)
(2.19989 -1.9941e-05 0)
(2.18254 0.000102892 0)
(2.16984 -0.000214801 0)
(1.48096 0.0163537 0)
(2.26747 2.78083e-07 0)
(2.25866 -8.0531e-07 0)
(2.24899 1.91366e-06 0)
(2.2384 -2.42521e-06 0)
(2.22672 2.93262e-06 0)
(2.21376 2.06989e-06 0)
(2.1999 -2.28375e-05 0)
(2.18252 9.84249e-05 0)
(2.16983 -7.32911e-05 0)
(1.4796 0.00499492 0)
(2.26747 -2.78163e-07 0)
(2.25866 8.05564e-07 0)
(2.24899 -1.91454e-06 0)
(2.2384 2.42685e-06 0)
(2.22672 -2.93706e-06 0)
(2.21376 -2.05837e-06 0)
(2.1999 2.28254e-05 0)
(2.18252 -9.83813e-05 0)
(2.16983 7.32452e-05 0)
(1.47977 -0.00499024 0)
(2.26747 -6.66178e-07 0)
(2.25866 2.00857e-06 0)
(2.24899 -4.84266e-06 0)
(2.2384 7.02678e-06 0)
(2.22672 -8.41566e-06 0)
(2.21377 2.08923e-06 0)
(2.19989 1.99276e-05 0)
(2.18254 -0.000102893 0)
(2.16984 0.000214689 0)
(1.48114 -0.0163456 0)
(2.26747 -1.09454e-06 0)
(2.25866 3.31354e-06 0)
(2.24899 -7.93693e-06 0)
(2.2384 1.15333e-05 0)
(2.22672 -1.40576e-05 0)
(2.21378 2.51547e-06 0)
(2.19987 3.92962e-05 0)
(2.1826 -0.000197246 0)
(2.1699 0.000297782 0)
(1.47652 -0.0280278 0)
(2.26747 -1.49112e-06 0)
(2.25866 4.53335e-06 0)
(2.24899 -1.08017e-05 0)
(2.2384 1.59401e-05 0)
(2.22672 -2.01512e-05 0)
(2.21378 5.54892e-06 0)
(2.19985 5.24885e-05 0)
(2.18262 -0.000246056 0)
(2.16993 0.000385844 0)
(1.469 -0.039228 0)
(2.26747 -1.85063e-06 0)
(2.25866 5.66204e-06 0)
(2.24899 -1.33954e-05 0)
(2.2384 2.00911e-05 0)
(2.22672 -2.62938e-05 0)
(2.2138 7.86855e-06 0)
(2.19983 6.56254e-05 0)
(2.18265 -0.000288557 0)
(2.17001 0.000456417 0)
(1.4604 -0.0503068 0)
(2.26747 -2.16998e-06 0)
(2.25866 6.68528e-06 0)
(2.249 -1.57081e-05 0)
(2.2384 2.40301e-05 0)
(2.22672 -3.28873e-05 0)
(2.21381 1.28088e-05 0)
(2.19981 7.03304e-05 0)
(2.18268 -0.0003128 0)
(2.17008 0.000508009 0)
(1.44961 -0.0610348 0)
(2.26748 -2.44566e-06 0)
(2.25866 7.59106e-06 0)
(2.249 -1.77189e-05 0)
(2.2384 2.773e-05 0)
(2.22672 -3.98621e-05 0)
(2.21382 1.88127e-05 0)
(2.19979 7.01358e-05 0)
(2.1827 -0.000315829 0)
(2.17017 0.000557177 0)
(1.4371 -0.0713706 0)
(2.26748 -2.67746e-06 0)
(2.25866 8.37421e-06 0)
(2.249 -1.9434e-05 0)
(2.23841 3.11984e-05 0)
(2.22672 -4.71659e-05 0)
(2.21383 2.73075e-05 0)
(2.19977 5.78069e-05 0)
(2.18273 -0.000298929 0)
(2.17027 0.000605058 0)
(1.4233 -0.0813323 0)
(2.26748 -2.86752e-06 0)
(2.25866 9.03414e-06 0)
(2.249 -2.08639e-05 0)
(2.23841 3.4427e-05 0)
(2.22672 -5.47416e-05 0)
(2.21385 3.85884e-05 0)
(2.19976 3.23276e-05 0)
(2.18275 -0.000268094 0)
(2.17036 0.000653101 0)
(1.40836 -0.0910697 0)
(2.26748 -3.0194e-06 0)
(2.25866 9.57448e-06 0)
(2.249 -2.20212e-05 0)
(2.23841 3.73702e-05 0)
(2.22673 -6.22426e-05 0)
(2.21386 5.17495e-05 0)
(2.19976 -5.95129e-06 0)
(2.18278 -0.000218529 0)
(2.17046 0.000702509 0)
(1.39228 -0.100519 0)
(2.26748 -3.13707e-06 0)
(2.25866 1.00015e-05 0)
(2.249 -2.29201e-05 0)
(2.23841 3.99781e-05 0)
(2.22673 -6.91749e-05 0)
(2.21386 6.66936e-05 0)
(2.1998 -5.40667e-05 0)
(2.18281 -0.000148729 0)
(2.17056 0.000750508 0)
(1.37698 -0.110124 0)
(2.26748 -3.22433e-06 0)
(2.25866 1.03239e-05 0)
(2.249 -2.35821e-05 0)
(2.23841 4.22171e-05 0)
(2.22673 -7.55284e-05 0)
(2.21387 8.50272e-05 0)
(2.19984 -0.000127501 0)
(2.18285 -6.89649e-05 0)
(2.17065 0.000798358 0)
(1.36295 -0.119756 0)
(2.26748 -3.28521e-06 0)
(2.25866 1.05519e-05 0)
(2.249 -2.40251e-05 0)
(2.23841 4.40552e-05 0)
(2.22673 -8.06721e-05 0)
(2.21387 0.000101921 0)
(2.19989 -0.000206643 0)
(2.1829 1.8941e-05 0)
(2.17074 0.000835785 0)
(1.3503 -0.130205 0)
(2.26748 -3.323e-06 0)
(2.25866 1.06951e-05 0)
(2.249 -2.42507e-05 0)
(2.23841 4.53704e-05 0)
(2.22673 -8.38492e-05 0)
(2.21388 0.000116408 0)
(2.19994 -0.000262376 0)
(2.18299 0.000108602 0)
(2.17083 0.000848307 0)
(1.33818 -0.142524 0)
(2.26748 -3.33748e-06 0)
(2.25866 1.07603e-05 0)
(2.249 -2.42497e-05 0)
(2.23841 4.6158e-05 0)
(2.22673 -8.50183e-05 0)
(2.21389 0.000126072 0)
(2.19996 -0.0002893 0)
(2.18315 0.00019908 0)
(2.17096 0.000823579 0)
(1.32808 -0.150539 0)
(2.26748 -3.32601e-06 0)
(2.25866 1.0728e-05 0)
(2.249 -2.40446e-05 0)
(2.23841 4.59301e-05 0)
(2.22672 -8.3753e-05 0)
(2.21392 0.000127332 0)
(2.1999 -0.000275998 0)
(2.1834 0.000294966 0)
(2.17118 0.000713458 0)
(1.31257 -0.157496 0)
(2.26748 -3.29815e-06 0)
(2.25866 1.06446e-05 0)
(2.249 -2.37083e-05 0)
(2.23841 4.52166e-05 0)
(2.22671 -8.07831e-05 0)
(2.21395 0.000119199 0)
(2.19976 -0.000235976 0)
(2.18378 0.000393832 0)
(2.17156 0.00045838 0)
(1.29605 -0.17108 0)
(2.26748 -3.25721e-06 0)
(2.25866 1.05259e-05 0)
(2.249 -2.33319e-05 0)
(2.23841 4.42831e-05 0)
(2.22671 -7.70074e-05 0)
(2.21399 0.000110121 0)
(2.19958 -0.000219345 0)
(2.18428 0.000510025 0)
(2.17238 -7.94046e-05 0)
(1.28489 -0.19041 0)
(2.26748 -3.2047e-06 0)
(2.25866 1.03833e-05 0)
(2.249 -2.29336e-05 0)
(2.23841 4.33181e-05 0)
(2.2267 -7.43963e-05 0)
(2.21401 0.000107398 0)
(2.1994 -0.000248001 0)
(2.18487 0.000608593 0)
(2.17448 -0.00126463 0)
(1.28265 -0.213779 0)
(2.26748 -3.14079e-06 0)
(2.25866 1.02199e-05 0)
(2.249 -2.25151e-05 0)
(2.23841 4.26412e-05 0)
(2.2267 -7.38094e-05 0)
(2.21403 0.000114489 0)
(2.1992 -0.000280149 0)
(2.18551 0.000627356 0)
(2.17972 -0.00347549 0)
(1.27772 -0.253249 0)
(0.946604 -0.00383972 0)
(0.932686 -0.00438174 0)
(0.943407 -0.0044093 0)
(0.951046 -0.00457855 0)
(0.960463 -0.00457416 0)
(0.970276 -0.00446139 0)
(0.98085 -0.0047559 0)
(0.992215 -0.00453827 0)
(1.0044 -0.00468155 0)
(1.0188 -0.00444693 0)
(0.948811 -0.0127311 0)
(0.935175 -0.013128 0)
(0.945899 -0.0130986 0)
(0.953547 -0.01337 0)
(0.962903 -0.0132183 0)
(0.972755 -0.0130335 0)
(0.983484 -0.0134473 0)
(0.994764 -0.0128453 0)
(1.00707 -0.0130265 0)
(1.0213 -0.0123636 0)
(0.947818 -0.0217949 0)
(0.934783 -0.0219604 0)
(0.945545 -0.0218604 0)
(0.953314 -0.0221759 0)
(0.962765 -0.0219063 0)
(0.972846 -0.0217964 0)
(0.983947 -0.0221583 0)
(0.995405 -0.0212914 0)
(1.00815 -0.0216757 0)
(1.02248 -0.0206439 0)
(0.946087 -0.0306094 0)
(0.933792 -0.0304398 0)
(0.944562 -0.0303002 0)
(0.952414 -0.0304978 0)
(0.961898 -0.0300195 0)
(0.97219 -0.0301341 0)
(0.98354 -0.0303618 0)
(0.995308 -0.0294723 0)
(1.00857 -0.0301784 0)
(1.02299 -0.0287622 0)
(0.94486 -0.0393443 0)
(0.933666 -0.0387315 0)
(0.944501 -0.0385444 0)
(0.952413 -0.0385403 0)
(0.961941 -0.037991 0)
(0.972406 -0.0384423 0)
(0.983975 -0.0385184 0)
(0.996247 -0.0378391 0)
(1.01021 -0.0387801 0)
(1.02469 -0.0369773 0)
(0.943277 -0.0476568 0)
(0.933505 -0.0468322 0)
(0.944392 -0.0466015 0)
(0.952291 -0.0464427 0)
(0.961903 -0.0459634 0)
(0.972539 -0.0467248 0)
(0.984341 -0.0466466 0)
(0.997203 -0.046344 0)
(1.01187 -0.0472773 0)
(1.02655 -0.0452244 0)
(0.941735 -0.0556185 0)
(0.933342 -0.054884 0)
(0.944281 -0.0545825 0)
(0.952222 -0.0544961 0)
(0.962018 -0.05422 0)
(0.972922 -0.0551985 0)
(0.985109 -0.0550469 0)
(0.998704 -0.0551049 0)
(1.01379 -0.0555873 0)
(1.02895 -0.0537671 0)
(0.940156 -0.0634134 0)
(0.933262 -0.0629062 0)
(0.944294 -0.0626394 0)
(0.952397 -0.0628901 0)
(0.962477 -0.0629279 0)
(0.973745 -0.0640063 0)
(0.986351 -0.063928 0)
(1.00074 -0.064292 0)
(1.01636 -0.0638951 0)
(1.03314 -0.0632865 0)
(0.938453 -0.0711575 0)
(0.933118 -0.0711212 0)
(0.944408 -0.0710562 0)
(0.952874 -0.0717872 0)
(0.963367 -0.0722064 0)
(0.975255 -0.0732006 0)
(0.988645 -0.0731337 0)
(1.00392 -0.0737805 0)
(1.02096 -0.0732545 0)
(1.0404 -0.07595 0)
(0.93651 -0.0789616 0)
(0.932714 -0.0796404 0)
(0.944397 -0.079989 0)
(0.953365 -0.0812072 0)
(0.964054 -0.0819906 0)
(0.97611 -0.0831816 0)
(0.990299 -0.0839136 0)
(1.00775 -0.0854305 0)
(1.02919 -0.0856915 0)
(1.05471 -0.0936409 0)
(0.935785 -0.0872687 0)
(0.933519 -0.0887631 0)
(0.945539 -0.0894806 0)
(0.955243 -0.0914336 0)
(0.9671 -0.0924827 0)
(0.980903 -0.0938165 0)
(0.997331 -0.0961399 0)
(1.01796 -0.100146 0)
(1.04471 -0.104195 0)
(1.07922 -0.119105 0)
(0.936549 -0.096247 0)
(0.936098 -0.097527 0)
(0.948519 -0.0984367 0)
(0.959216 -0.101448 0)
(0.972169 -0.104983 0)
(0.988549 -0.108606 0)
(1.0091 -0.114262 0)
(1.0362 -0.121513 0)
(1.07088 -0.131368 0)
(1.1148 -0.150316 0)
(0.937182 -0.105702 0)
(0.939442 -0.107604 0)
(0.951548 -0.110737 0)
(0.965929 -0.11522 0)
(0.983909 -0.120652 0)
(1.00631 -0.127825 0)
(1.03327 -0.138898 0)
(1.06817 -0.149723 0)
(1.10802 -0.166226 0)
(1.15339 -0.177435 0)
(0.937263 -0.116552 0)
(0.948119 -0.11881 0)
(0.962736 -0.125323 0)
(0.982018 -0.133753 0)
(1.00516 -0.143674 0)
(1.03292 -0.155832 0)
(1.06691 -0.169665 0)
(1.10525 -0.183878 0)
(1.14587 -0.197145 0)
(1.18182 -0.198483 0)
(0.938906 -0.140731 0)
(0.958336 -0.145766 0)
(0.979376 -0.153725 0)
(1.00464 -0.164095 0)
(1.03467 -0.176144 0)
(1.06853 -0.190016 0)
(1.10397 -0.204316 0)
(1.13947 -0.214925 0)
(1.17231 -0.216922 0)
(1.19864 -0.21387 0)
(0.964297 -0.182696 0)
(0.988828 -0.184525 0)
(1.01222 -0.192984 0)
(1.04093 -0.204162 0)
(1.07186 -0.217997 0)
(1.10399 -0.229995 0)
(1.13463 -0.235751 0)
(1.16086 -0.23541 0)
(1.18442 -0.230596 0)
(1.20309 -0.222157 0)
(1.00076 -0.222287 0)
(1.02724 -0.22715 0)
(1.05103 -0.237912 0)
(1.07867 -0.248252 0)
(1.10677 -0.255048 0)
(1.13189 -0.257469 0)
(1.15158 -0.255193 0)
(1.16777 -0.249341 0)
(1.18409 -0.238119 0)
(1.19923 -0.218453 0)
(1.03902 -0.257995 0)
(1.06701 -0.263709 0)
(1.08871 -0.273428 0)
(1.1096 -0.277443 0)
(1.12538 -0.27863 0)
(1.13989 -0.275568 0)
(1.15193 -0.268268 0)
(1.16319 -0.252209 0)
(1.17487 -0.232 0)
(1.18785 -0.212143 0)
(1.06866 -0.290163 0)
(1.08991 -0.295016 0)
(1.10325 -0.297601 0)
(1.11422 -0.295358 0)
(1.12491 -0.288402 0)
(1.13488 -0.277294 0)
(1.1418 -0.261185 0)
(1.14925 -0.243656 0)
(1.15707 -0.224105 0)
(1.17005 -0.204722 0)
(1.08685 -0.305233 0)
(1.09852 -0.301487 0)
(1.10652 -0.29354 0)
(1.11269 -0.284364 0)
(1.11196 -0.274465 0)
(1.11357 -0.261038 0)
(1.11707 -0.24683 0)
(1.12232 -0.231207 0)
(1.13412 -0.215322 0)
(1.15572 -0.19894 0)
)
;

boundaryField
{
    inlet
    {
        type            uniformFixedValue;
        uniformValue    table;
        uniformValueCoeffs
        {
            values
2
(
(0 (1.1 0 0))
(6 (3 0 0))
)
;
        }
        value           uniform (2.27167 0 0);
    }
    outlet
    {
        type            inletOutlet;
        inletValue      uniform (3 0 0);
        value           nonuniform List<vector> 
100
(
(1.5722 0.0085249 0)
(1.58878 0.00625603 0)
(1.60284 0.00224035 0)
(1.61315 -0.00319817 0)
(1.63052 -0.0154824 0)
(1.65828 -0.0309763 0)
(1.68763 -0.0483442 0)
(1.71272 -0.062706 0)
(1.73497 -0.0747486 0)
(1.75918 -0.0814703 0)
(1.79046 -0.0876716 0)
(1.82486 -0.0901763 0)
(1.85332 -0.0901148 0)
(1.8732 -0.0877534 0)
(1.88737 -0.0825777 0)
(1.89716 -0.0724339 0)
(1.90071 -0.0609544 0)
(1.90618 -0.0454826 0)
(1.91089 -0.0280262 0)
(1.91657 -0.0108714 0)
(1.48118 -0.00545272 0)
(1.48941 -0.00763779 0)
(1.49771 -0.00660679 0)
(1.50641 -0.00313188 0)
(1.5142 -0.00103606 0)
(1.52027 -0.0010869 0)
(1.52446 -0.00115256 0)
(1.52658 0.00028568 0)
(1.52754 0.00190859 0)
(1.52818 0.00300526 0)
(1.5281 0.00273597 0)
(1.52852 0.00217445 0)
(1.53079 0.00272075 0)
(1.53518 0.00388419 0)
(1.54139 0.00460775 0)
(1.54781 0.00538949 0)
(1.55308 0.00650123 0)
(1.55748 0.007611 0)
(1.56027 0.00766073 0)
(1.56323 0.00842875 0)
(1.53022 0.0157907 0)
(1.52094 0.00737703 0)
(1.49842 0.00794309 0)
(1.45358 0.0126644 0)
(1.38173 -0.000156389 0)
(1.28978 -0.00788297 0)
(1.19602 -0.0227888 0)
(1.11717 -0.0296262 0)
(1.07059 -0.0344819 0)
(1.05694 -0.0421321 0)
(1.06183 -0.0489577 0)
(1.09111 -0.0408465 0)
(1.14766 -0.0377753 0)
(1.21836 -0.0379916 0)
(1.28881 -0.0231958 0)
(1.3513 -0.0218629 0)
(1.39985 -0.0110596 0)
(1.43452 -0.0169397 0)
(1.45733 -0.0121266 0)
(1.47155 -0.00364296 0)
(1.57919 -0.00982907 0)
(1.57638 -0.00822211 0)
(1.5741 -0.00751152 0)
(1.57096 -0.00614219 0)
(1.56771 -0.00519519 0)
(1.56421 -0.00405264 0)
(1.56089 -0.00317501 0)
(1.55857 -0.00138845 0)
(1.55675 0.00144222 0)
(1.55685 0.00449529 0)
(1.55784 0.0067852 0)
(1.55914 0.00742823 0)
(1.55947 0.0075441 0)
(1.55896 0.00918622 0)
(1.55701 0.0108167 0)
(1.55325 0.0102376 0)
(1.54877 0.00755084 0)
(1.54502 0.00579748 0)
(1.54071 0.00845384 0)
(1.53608 0.0157995 0)
(1.9174 0.0113507 0)
(1.91116 0.0302482 0)
(1.90684 0.0492976 0)
(1.9019 0.0663892 0)
(1.89866 0.0797926 0)
(1.88893 0.0913935 0)
(1.87651 0.0973781 0)
(1.85969 0.099911 0)
(1.83505 0.0975878 0)
(1.80192 0.0907822 0)
(1.7658 0.0771581 0)
(1.7372 0.0607917 0)
(1.71255 0.0408285 0)
(1.68643 0.0238458 0)
(1.65601 0.00806271 0)
(1.63311 -0.00506418 0)
(1.62444 -0.0108518 0)
(1.6155 -0.0134506 0)
(1.59948 -0.0154641 0)
(1.58701 -0.0127809 0)
)
;
    }
    triangle
    {
        type            slip;
    }
    top
    {
        type            symmetryPlane;
    }
    bottom
    {
        type            symmetryPlane;
    }
    defaultFaces
    {
        type            empty;
    }
}


// ************************************************************************* //
