/*--------------------------------*- C++ -*----------------------------------*\
  =========                 |
  \\      /  F ield         | OpenFOAM: The Open Source CFD Toolbox
   \\    /   O peration     | Website:  https://openfoam.org
    \\  /    A nd           | Version:  8
     \\/     M anipulation  |
\*---------------------------------------------------------------------------*/
FoamFile
{
    version     2.0;
    format      ascii;
    class       labelList;
    location    "constant/polyMesh";
    object      faceProcAddressing;
}
// * * * * * * * * * * * * * * * * * * * * * * * * * * * * * * * * * * * * * //


1362
(
1
2
3
4
5
6
8
9
30
31
32
33
35
49
50
51
52
54
68
69
70
71
73
87
88
89
90
92
106
107
108
109
111
125
126
127
128
130
144
145
146
147
149
163
164
165
166
168
182
183
184
185
187
201
202
203
204
205
206
208
220
221
222
223
224
225
227
239
240
241
242
243
244
258
260
1999
2000
2001
2002
2003
2004
2005
2006
2007
2008
2009
2010
2023
2024
2025
2026
2027
2028
2029
2030
2043
2044
2045
2046
2047
2048
2049
2050
2063
2064
2065
2066
2067
2068
2069
2070
2083
2084
2085
2086
2087
2088
2089
2090
2103
2104
2105
2106
2107
2108
2109
2110
2123
2124
2125
2126
2127
2128
2129
2130
2143
2144
2145
2146
2147
2148
2149
2150
2163
2164
2165
2166
2167
2168
2169
2170
2183
2184
2185
2186
2187
2188
2189
2190
2203
2204
2205
2206
2207
2208
2209
2210
2223
2224
2225
2226
2227
2228
2229
2230
2243
2244
2245
2246
2247
2248
2249
2250
2263
2264
2265
2266
2267
2268
2269
2270
2283
2284
2285
2286
2287
2288
2289
2290
2303
2304
2305
2306
2307
2308
2309
2310
2323
2324
2325
2326
2327
2328
2329
2330
2343
2344
2345
2346
2347
2348
2349
2350
2363
2364
2365
2366
2367
2368
2369
2370
2377
2378
2379
2380
2381
2382
2383
2384
2385
2386
2388
2389
2410
2411
2412
2413
2415
2429
2430
2431
2432
2434
2448
2449
2450
2451
2453
2467
2468
2469
2470
2472
2486
2487
2488
2489
2491
2505
2506
2507
2508
2510
2524
2525
2526
2527
2529
2543
2544
2545
2546
2548
2562
2563
2564
2565
2567
2581
2582
2583
2584
2586
2600
2601
2602
2603
2605
2619
2620
2621
2622
2624
2638
2639
2640
2641
2643
2657
2658
2659
2660
2662
2676
2677
2678
2679
2681
2695
2696
2697
2698
2700
2714
2715
2716
2717
2719
2733
2734
2735
2736
2738
2752
2753
2761
2762
2763
2764
2765
2767
2781
2782
2783
2784
2785
2787
2801
2802
2803
2804
2805
2807
2821
2822
2823
2824
2825
2827
2841
2842
2843
2844
2845
2847
2861
2862
2863
2864
2865
2867
2881
2882
2883
2884
2885
2887
2901
2902
2903
2904
2905
2907
2921
2922
2923
2924
2925
2927
2941
2942
2943
2944
2945
2947
2961
2962
2963
2964
2965
2967
2981
2982
2983
2984
2985
2987
3001
3002
3003
3004
3005
3007
3021
3022
3023
3024
3025
3027
3041
3042
3043
3044
3045
3047
3061
3062
3063
3064
3065
3067
3081
3082
3083
3084
3085
3087
3101
3102
3103
3104
3105
3107
3121
3122
3123
3124
3125
3127
3141
3142
3143
4703
4704
4705
4706
4707
4708
4709
4722
4723
4724
4725
4726
4727
4728
4741
4742
4743
4744
4745
4746
4747
4760
4761
4762
4763
4764
4765
4766
4779
4780
4781
4782
4783
4784
4785
4798
4799
4800
4801
4802
4803
4804
4817
4818
4819
4820
4821
4822
4823
4836
4837
4838
4839
4840
4841
4842
4855
4856
4857
4858
4859
4860
4861
4874
4875
4876
4877
4878
4879
4880
4893
4894
4895
4896
4897
4898
4899
4912
4913
4914
4915
4916
4917
4918
4931
4932
4933
4934
4935
4936
4937
4950
4951
4952
4953
4954
4955
4956
4969
4970
4971
4972
4973
4974
4975
4988
4989
4990
4991
4992
4993
4994
5007
5008
5009
5010
5011
5012
5013
5026
5027
5028
5029
5030
5031
5032
5045
5046
5047
5048
5049
5050
5051
5058
5059
5060
5251
5252
5253
5254
5255
5256
5257
5258
5259
5260
5261
5262
5263
5264
5277
5278
5279
5280
5327
5328
5329
5330
5331
5332
5333
5341
5342
5343
5344
5345
5346
5347
5348
5349
5350
5351
5352
5353
5354
5361
5362
5363
5364
5365
5366
5367
5368
5369
5370
5371
5372
5373
5374
5381
5382
5383
5384
5385
5386
5387
5388
5389
5390
5391
5392
5393
5394
5411
5412
5413
5541
5542
5543
5544
5545
5546
5547
5548
5549
5550
5551
5552
5553
5554
5561
5562
5563
5564
5565
5566
5567
5568
5569
5570
5571
5572
5573
5574
5581
5582
5583
5584
5585
5586
5587
5588
5589
5590
5591
5592
5593
5594
5611
5612
5613
7461
7462
7463
7464
7465
7466
7467
7468
7469
7470
7471
7472
7473
7474
7475
7476
7477
7478
7479
7480
7481
7482
7483
7484
7485
7486
7487
7488
7489
7490
7491
7492
7493
7494
7495
7496
7497
7498
7499
7500
7501
7502
7503
7504
7505
7506
7507
7508
7509
7510
7511
7512
7513
7514
7515
7516
7517
7518
7519
7520
7521
7522
7523
7524
7525
7526
7527
7528
7529
7530
7531
7532
7533
7534
7535
7536
7537
7538
7539
7540
7661
7662
7663
7664
7665
7666
7667
7668
7669
7670
7671
7672
7673
7674
7675
7676
7677
7678
7679
7680
7681
7682
7683
7684
7685
7686
7687
7688
7689
7690
7691
7692
7693
7694
7695
7696
7697
7698
7699
7700
7701
7702
7703
7704
7705
7706
7707
7708
7709
7710
7711
7712
7713
7714
7715
7716
7717
7718
7719
7720
7721
7722
7723
7724
7725
7726
7727
7728
7729
7730
7731
7732
7733
7734
7735
7736
7737
7738
7739
7740
7741
7742
7743
7744
7745
7746
7747
7748
7749
7750
7751
7752
7753
7754
7755
7756
7757
7758
7759
7760
7761
7762
7763
7764
7765
7766
7767
7768
7769
7770
7771
7772
7773
7774
7775
7776
7777
7778
7779
7780
7781
7782
7783
7784
7785
7786
7787
7788
7789
7790
7791
7792
7793
7794
7795
7796
7797
7798
7799
7800
7941
7942
7943
7944
7945
7946
7947
7948
7949
7950
7951
7952
7953
7954
7955
7956
7957
7958
7959
7960
7961
7962
7963
7964
7965
7966
7967
7968
7969
7970
7971
7972
7973
7974
7975
7976
7977
7978
7979
7980
7981
7982
7983
7984
7985
7986
7987
7988
7989
7990
7991
7992
7993
7994
7995
7996
7997
7998
7999
8000
8141
8142
8143
8144
8145
8146
8147
8148
8149
8150
8151
8152
8153
8154
8155
8156
8157
8158
8159
8160
8161
8162
8163
8164
8165
8166
8167
8168
8169
8170
8171
8172
8173
8174
8175
8176
8177
8178
8179
8180
8181
8182
8183
8184
8185
8186
8187
8188
8189
8190
8191
8192
8193
8194
8195
8196
8197
8198
8199
8200
8341
8342
8343
8344
8345
8346
8347
8348
8349
8350
8351
8352
8353
8354
8355
8356
8357
8358
8359
8360
8361
8362
8363
8364
8365
8366
8367
8368
8369
8370
8371
8372
8373
8374
8375
8376
8377
8378
8379
8380
8381
8382
8383
8384
8385
8386
8387
8388
8389
8390
8391
8392
8393
8394
8395
8396
8397
8398
8399
8400
10261
10262
10263
10264
10265
10266
10267
10268
10269
10270
10271
10272
10273
10274
10275
10276
10277
10278
10279
10280
10281
10282
10283
10284
10285
10286
10287
10288
10289
10290
10291
10292
10293
10294
10295
10296
10297
10298
10299
10300
10301
10302
10303
10304
10305
10306
10307
10308
10309
10310
10311
10312
10313
10314
10315
10316
10317
10318
10319
10320
10321
10322
10323
10324
10325
10326
10327
10328
10329
10330
10331
10332
10333
10334
10335
10336
10337
10338
10339
10340
10461
10462
10463
10464
10465
10466
10467
10468
10469
10470
10471
10472
10473
10474
10475
10476
10477
10478
10479
10480
10481
10482
10483
10484
10485
10486
10487
10488
10489
10490
10491
10492
10493
10494
10495
10496
10497
10498
10499
10500
10501
10502
10503
10504
10505
10506
10507
10508
10509
10510
10511
10512
10513
10514
10515
10516
10517
10518
10519
10520
10521
10522
10523
10524
10525
10526
10527
10528
10529
10530
10531
10532
10533
10534
10535
10536
10537
10538
10539
10540
-1996
-2021
-2041
-2061
-2081
-2101
-2121
-2141
-2161
-2181
-2201
-2221
-2241
-2261
-2281
-2301
-2321
-2341
-2361
-2376
-4701
-4720
-4739
-4758
-4777
-4796
-4815
-4834
-4853
-4872
-4891
-4910
-4929
-4948
-4967
-4986
-5005
-5024
-5043
-5057
7
34
53
72
91
110
129
2387
2414
2433
2452
2471
2490
2509
2528
2547
2566
2585
2604
2623
2642
2661
2680
2699
2718
2737
2754
2766
2786
2806
2826
2846
2866
2886
2906
2926
2946
2966
2986
3006
3026
3046
3066
3086
3106
3126
3144
246
259
261
262
263
148
167
186
-189
207
226
245
)


// ************************************************************************* //
