/*--------------------------------*- C++ -*----------------------------------*\
  =========                 |
  \\      /  F ield         | OpenFOAM: The Open Source CFD Toolbox
   \\    /   O peration     | Website:  https://openfoam.org
    \\  /    A nd           | Version:  7
     \\/     M anipulation  |
\*---------------------------------------------------------------------------*/
FoamFile
{
    version     2.0;
    format      ascii;
    class       volVectorField;
    location    "0.1";
    object      U;
}
// * * * * * * * * * * * * * * * * * * * * * * * * * * * * * * * * * * * * * //

dimensions      [0 1 -1 0 0 0 0];

internalField   nonuniform List<vector> 
3225
(
(1.1 -2.09417e-16 0)
(1.1 -2.06736e-16 0)
(1.1 -3.05452e-17 0)
(1.1 2.84075e-16 0)
(1.1 -6.18814e-18 0)
(1.1 -2.0246e-16 0)
(1.1 -3.80034e-16 0)
(1.1 -4.59845e-16 0)
(1.1 -1.5506e-16 0)
(1.1 1.34215e-16 0)
(1.1 9.74846e-18 0)
(1.1 1.90054e-16 0)
(1.1 6.84139e-16 0)
(1.1 3.90252e-16 0)
(1.1 2.30635e-16 0)
(1.1 6.64766e-16 0)
(1.1 5.26353e-16 0)
(1.1 2.7711e-16 0)
(1.1 -1.2768e-16 0)
(1.1 -2.56194e-16 0)
(1.1 -8.46353e-17 0)
(1.1 -2.02629e-16 0)
(1.1 4.38687e-17 0)
(1.1 1.85142e-16 0)
(1.1 -7.51912e-17 0)
(1.1 3.71753e-17 0)
(1.1 -3.12492e-16 0)
(1.1 1.9659e-16 0)
(1.1 -2.43492e-16 0)
(1.1 -2.50636e-16 0)
(1.1 9.51786e-17 0)
(1.1 -2.09385e-16 0)
(1.1 -4.00893e-16 0)
(1.1 -6.88488e-16 0)
(1.1 -5.09081e-16 0)
(1.1 -5.1894e-17 0)
(1.1 2.31539e-16 0)
(1.1 3.40831e-16 0)
(1.1 4.11161e-16 0)
(1.1 7.50927e-16 0)
(1.1 5.34234e-16 0)
(1.1 2.56773e-16 0)
(1.1 6.61131e-16 0)
(1.1 7.32843e-16 0)
(1.1 4.68656e-16 0)
(1.1 -1.32773e-17 0)
(1.1 -8.14209e-17 0)
(1.1 3.94034e-16 0)
(1.1 1.68228e-16 0)
(1.1 2.4482e-16 0)
(1.1 1.19988e-17 0)
(1.1 -5.29423e-16 0)
(1.1 -2.97574e-16 0)
(1.1 -7.6748e-16 0)
(1.1 1.09013e-16 0)
(1.1 -2.72962e-16 0)
(1.1 -9.4317e-17 0)
(1.1 4.88151e-17 0)
(1.1 -1.4e-16 0)
(1.1 -1.56667e-16 0)
(1.1 -1.5308e-16 0)
(1.1 -2.9984e-16 0)
(1.1 -2.70828e-16 0)
(1.1 1.07979e-16 0)
(1.1 5.30511e-16 0)
(1.1 3.7074e-16 0)
(1.1 4.1468e-16 0)
(1.1 3.87024e-16 0)
(1.1 1.57163e-16 0)
(1.1 2.51703e-16 0)
(1.1 6.57758e-16 0)
(1.1 6.44792e-16 0)
(1.1 4.84982e-16 0)
(1.1 7.78242e-16 0)
(1.1 5.76289e-16 0)
(1.1 7.49244e-16 0)
(1.1 4.7075e-16 0)
(1.1 -5.15392e-16 0)
(1.1 -4.50875e-16 0)
(1.1 -4.84383e-16 0)
(1.1 -6.88639e-16 0)
(1.1 -4.32503e-16 0)
(1.1 -4.32269e-16 0)
(1.1 5.7881e-17 0)
(1.1 2.63616e-16 0)
(1.1 4.83809e-16 0)
(1.1 3.05332e-16 0)
(1.1 1.54122e-16 0)
(1.1 -6.8785e-16 0)
(1.1 -6.98111e-16 0)
(1.1 -7.73016e-17 0)
(1.1 3.78104e-17 0)
(1.1 6.84311e-17 0)
(1.1 1.94959e-16 0)
(1.1 2.04577e-16 0)
(1.1 2.60256e-16 0)
(1.1 5.50799e-18 0)
(1.1 3.36347e-16 0)
(1.1 5.86161e-16 0)
(1.1 9.92831e-16 0)
(1.1 9.97082e-16 0)
(1.1 6.90438e-16 0)
(1.1 6.67318e-16 0)
(1.1 3.55102e-16 0)
(1.1 -1.08041e-15 0)
(1.1 -8.34991e-16 0)
(1.1 -4.24999e-16 0)
(1.1 -6.46476e-16 0)
(1.1 -9.81952e-16 0)
(1.1 -5.16379e-16 0)
(1.1 -1.21344e-16 0)
(1.1 1.23257e-16 0)
(1.1 3.26312e-16 0)
(1.1 5.79569e-16 0)
(1.1 4.11069e-16 0)
(1.1 -4.77932e-16 0)
(1.1 -2.63886e-16 0)
(1.1 -3.98665e-17 0)
(1.1 1.49395e-16 0)
(1.1 2.76442e-16 0)
(1.1 8.54985e-17 0)
(1.1 2.28247e-16 0)
(1.1 3.8764e-16 0)
(1.1 3.72633e-16 0)
(1.1 1.93213e-16 0)
(1.1 8.93296e-16 0)
(1.1 1.07875e-15 0)
(1.1 6.34224e-16 0)
(1.1 7.97938e-16 0)
(1.1 4.82726e-16 0)
(1.1 1.16684e-16 0)
(1.1 -9.93404e-16 0)
(1.1 -4.44146e-16 0)
(1.1 -3.11485e-16 0)
(1.1 -1.13105e-15 0)
(1.1 -1.43359e-15 0)
(1.1 -9.26305e-16 0)
(1.1 -4.65616e-16 0)
(1.1 -2.39621e-16 0)
(1.1 -1.08238e-16 0)
(1.1 2.4742e-16 0)
(1.1 5.91536e-16 0)
(1.1 4.36021e-16 0)
(1.1 3.91794e-16 0)
(1.1 1.61738e-16 0)
(1.1 2.80519e-16 0)
(1.1 8.11979e-17 0)
(1.1 -2.41331e-16 0)
(1.1 -2.78028e-16 0)
(1.1 1.97571e-16 0)
(1.1 6.74403e-16 0)
(1.1 5.50276e-16 0)
(1.1 1.11163e-15 0)
(1.1 9.34836e-16 0)
(1.1 1.02732e-15 0)
(1.1 7.21891e-16 0)
(1.1 2.32452e-16 0)
(1.1 -1.55513e-16 0)
(1.1 -3.95186e-16 0)
(1.1 -2.82443e-16 0)
(1.1 -5.60906e-16 0)
(1.1 -7.09446e-16 0)
(1.1 -7.48972e-16 0)
(1.1 -5.92364e-16 0)
(1.1 -9.00404e-16 0)
(1.1 -9.26013e-16 0)
(1.1 -3.42288e-16 0)
(1.1 -2.13777e-16 0)
(1.1 3.10938e-16 0)
(1.1 1.23788e-15 0)
(1.1 8.27177e-16 0)
(1.1 4.4754e-16 0)
(1.1 -2.51567e-16 0)
(1.1 -5.08147e-16 0)
(1.1 -3.26249e-16 0)
(1.1 -6.9627e-16 0)
(1.1 1.53957e-16 0)
(1.1 4.48515e-16 0)
(1.1 5.26674e-16 0)
(1.1 6.79774e-16 0)
(1.1 3.23435e-16 0)
(1.1 8.23967e-16 0)
(1.1 4.56525e-16 0)
(1.1 -1.44454e-16 0)
(1.1 -2.99283e-16 0)
(1.1 5.16379e-17 0)
(1.1 -2.72273e-16 0)
(1.1 -1.53703e-16 0)
(1.1 3.25637e-16 0)
(1.1 -3.96289e-16 0)
(1.1 -5.52584e-16 0)
(1.1 -1.23012e-15 0)
(1.1 -1.08157e-15 0)
(1.1 -9.42177e-16 0)
(1.1 1.38896e-17 0)
(1.1 -3.28566e-17 0)
(1.1 4.79825e-16 0)
(1.1 4.66309e-16 0)
(1.1 1.57194e-16 0)
(1.1 -8.5541e-16 0)
(1.1 -7.30351e-16 0)
(1.1 3.09092e-17 0)
(1.1 -5.04792e-16 0)
(1.1 -1.82109e-16 0)
(1.1 3.03535e-16 0)
(1.1 3.62642e-16 0)
(1.1 -1.53083e-18 0)
(1.1 -1.20521e-16 0)
(1.1 9.78226e-17 0)
(1.1 7.17343e-17 0)
(1.1 -3.96214e-16 0)
(1.1 -3.52005e-16 0)
(1.1 1.74596e-16 0)
(1.1 5.21419e-16 0)
(1.1 9.65249e-16 0)
(1.1 1.19007e-15 0)
(1.1 -1.68165e-16 0)
(1.1 -7.33213e-16 0)
(1.1 -9.31583e-16 0)
(1.1 -1.32903e-15 0)
(1.1 -1.20981e-15 0)
(1.1 -3.57013e-16 0)
(1.1 -3.4885e-16 0)
(1.1 -1.96136e-16 0)
(1.1 2.89638e-16 0)
(1.1 7.60287e-17 0)
(1.1 -3.43377e-16 0)
(1.1 1.33848e-16 0)
(1.1 5.79237e-16 0)
(1.1 9.19355e-17 0)
(1.1 -3.19706e-16 0)
(1.1 2.79841e-16 0)
(1.1 -8.41144e-17 0)
(1.1 -4.39071e-16 0)
(1.1 -1.34599e-16 0)
(1.1 -3.19463e-16 0)
(1.1 -5.3173e-16 0)
(1.1 9.4926e-17 0)
(1.1 1.1309e-16 0)
(1.1 6.74666e-16 0)
(1.1 7.35482e-16 0)
(1.1 8.52174e-16 0)
(1.1 7.88235e-16 0)
(1.1 -3.43312e-16 0)
(1.1 -5.67559e-16 0)
(1.1 -4.24818e-16 0)
(1.1 -7.58472e-16 0)
(1.1 -7.62939e-16 0)
(1.1 -4.20763e-16 0)
(1.1 -4.3349e-16 0)
(1.1 -3.2871e-16 0)
(1.1 -9.9699e-17 0)
(1.1 1.51237e-16 0)
(1.1 1.13825e-17 0)
(1.1 -8.28743e-18 0)
(1.1 2.76952e-16 0)
(1.1 3.40279e-16 0)
(1.1 1.7868e-16 0)
(1.1 1.20244e-16 0)
(1.1 -5.9992e-16 0)
(1.1 -5.72702e-16 0)
(1.1 -4.73581e-16 0)
(1.1 -7.96622e-16 0)
(1.1 -4.16913e-16 0)
(1.1 6.5486e-16 0)
(1.1 8.29288e-16 0)
(1.1 1.2767e-15 0)
(1.1 1.21938e-15 0)
(1.1 9.4229e-16 0)
(1.1 7.74857e-16 0)
(1.1 -3.86431e-16 0)
(1.1 -3.96313e-17 0)
(1.1 4.39364e-17 0)
(1.1 2.07444e-16 0)
(1.1 2.3182e-16 0)
(1.1 3.6944e-16 0)
(1.1 -2.91842e-17 0)
(1.1 -2.79089e-16 0)
(1.1 -6.09874e-16 0)
(1.1 -2.43796e-16 0)
(1.1 9.2836e-17 0)
(1.1 -6.36624e-17 0)
(1.1 -1.22299e-16 0)
(1.1 3.28091e-16 0)
(1.1 1.69542e-16 0)
(1.1 -6.66392e-17 0)
(1.1 -6.55574e-16 0)
(1.1 -6.12778e-16 0)
(1.1 -7.15329e-16 0)
(1.1 -6.74788e-16 0)
(1.1 2.28104e-16 0)
(1.1 2.58717e-16 0)
(1.1 8.53277e-16 0)
(1.1 1.43616e-15 0)
(1.1 1.19757e-15 0)
(1.1 5.87094e-16 0)
(1.1 9.62045e-16 0)
(1.1 -2.28225e-16 0)
(1.1 3.19287e-16 0)
(1.1 6.12831e-16 0)
(1.1 2.52641e-16 0)
(1.1 3.56709e-16 0)
(1.1 4.51529e-16 0)
(1.1 1.83199e-16 0)
(1.1 -6.97755e-16 0)
(1.1 -6.28981e-16 0)
(1.1 -2.32497e-16 0)
(1.1 -2.01003e-16 0)
(1.1 -3.71256e-16 0)
(1.1 -3.16744e-16 0)
(1.1 1.98175e-16 0)
(1.1 -2.58157e-16 0)
(1.1 -8.81539e-16 0)
(1.1 -7.6798e-16 0)
(1.1 -8.18272e-16 0)
(1.1 -5.28554e-16 0)
(1.1 -2.03417e-16 0)
(1.1 4.52998e-16 0)
(1.1 3.47261e-16 0)
(1.1 7.16385e-16 0)
(1.1 1.21338e-15 0)
(1.1 7.19867e-16 0)
(1.1 4.47304e-16 0)
(1.1 7.99254e-16 0)
(1.1 -3.51618e-16 0)
(1.1 -2.38768e-16 0)
(1.1 -1.13153e-16 0)
(1.1 -1.69636e-17 0)
(1.1 5.59267e-17 0)
(1.1 4.1023e-16 0)
(1.1 4.14209e-16 0)
(1.1 1.29836e-16 0)
(1.1 6.25418e-17 0)
(1.1 -8.63075e-17 0)
(1.1 -2.95182e-16 0)
(1.1 -8.87794e-17 0)
(1.1 2.36943e-17 0)
(1.1 2.88216e-16 0)
(1.1 -1.65369e-16 0)
(1.1 -7.52158e-16 0)
(1.1 -7.7335e-16 0)
(1.1 -9.8047e-16 0)
(1.1 -6.99659e-16 0)
(1.1 -2.05249e-16 0)
(1.1 1.20715e-16 0)
(1.1 4.49773e-16 0)
(1.1 5.01341e-16 0)
(1.1 6.3051e-16 0)
(1.1 4.25605e-16 0)
(1.1 6.59234e-16 0)
(1.1 8.97856e-16 0)
(1.1 -1.50055e-16 0)
(1.1 -5.75124e-16 0)
(1.1 -1.52698e-15 0)
(1.1 -3.57327e-16 0)
(1.1 -4.08414e-16 0)
(1.1 -3.8867e-16 0)
(1.1 1.82472e-16 0)
(1.1 5.72088e-16 0)
(1.1 9.98873e-16 0)
(1.1 9.66533e-16 0)
(1.1 7.43505e-16 0)
(1.1 6.38766e-16 0)
(1.1 -1.12916e-16 0)
(1.1 -1.90673e-16 0)
(1.1 -1.20661e-16 0)
(1.1 -4.92091e-16 0)
(1.1 -1.08574e-15 0)
(1.1 -9.91633e-16 0)
(1.1 -6.39659e-16 0)
(1.1 2.24947e-17 0)
(1.1 -1.3733e-16 0)
(1.1 -1.56163e-16 0)
(1.1 2.73759e-16 0)
(1.1 2.76022e-16 0)
(1.1 6.93371e-16 0)
(1.1 1.4249e-15 0)
(1.1 1.05073e-15 0)
(1.1 -3.00099e-16 0)
(1.1 -2.9999e-16 0)
(1.1 -4.99851e-16 0)
(1.1 -5.82273e-16 0)
(1.1 -2.63015e-16 0)
(1.1 -4.98381e-16 0)
(1.1 -8.16183e-17 0)
(1.1 3.55017e-16 0)
(1.1 9.62771e-16 0)
(1.1 9.15429e-16 0)
(1.1 9.35651e-16 0)
(1.1 5.90272e-16 0)
(1.1 -8.28385e-16 0)
(1.1 -9.31023e-16 0)
(1.1 -3.23477e-16 0)
(1.1 -2.647e-16 0)
(1.1 -3.67987e-16 0)
(1.1 1.8551e-18 0)
(1.1 1.70222e-16 0)
(1.1 3.5425e-16 0)
(1.1 5.81973e-16 0)
(1.1 2.93563e-16 0)
(1.1 6.68808e-16 0)
(1.1 4.16507e-16 0)
(1.1 1.00499e-15 0)
(1.1 1.0109e-15 0)
(1.1 7.73408e-16 0)
(1.1 -4.62553e-16 0)
(1.1 -2.04263e-16 0)
(1.1 1.75255e-16 0)
(1.1 -5.69806e-16 0)
(1.1 -9.31373e-17 0)
(1.1 1.39279e-16 0)
(1.1 5.15128e-16 0)
(1.1 7.02014e-16 0)
(1.1 6.92445e-16 0)
(1.1 2.35636e-16 0)
(1.1 4.45589e-16 0)
(1.1 4.94076e-16 0)
(1.1 -6.11878e-17 0)
(1.1 -1.75003e-16 0)
(1.1 3.44697e-16 0)
(1.1 4.35953e-16 0)
(1.1 5.47841e-16 0)
(1.1 6.03561e-16 0)
(1.1 5.46446e-16 0)
(1.1 6.4171e-16 0)
(1.1 7.1941e-16 0)
(1.1 9.0475e-16 0)
(1.1 7.96945e-16 0)
(1.1 9.81289e-16 0)
(1.1 8.50384e-16 0)
(1.1 4.33516e-16 0)
(1.1 6.42291e-16 0)
(1.1 -5.81788e-16 0)
(1.1 -3.21405e-16 0)
(1.1 -7.31525e-17 0)
(1.1 2.13342e-17 0)
(1.1 -4.50307e-16 0)
(1.1 1.29475e-16 0)
(1.1 3.30154e-16 0)
(1.1 8.00644e-16 0)
(1.1 7.97053e-16 0)
(1.1 7.08803e-16 0)
(1.1 6.26298e-16 0)
(1.1 6.13899e-16 0)
(1.1 5.51136e-16 0)
(1.1 3.95582e-16 0)
(1.1 2.14052e-16 0)
(1.1 4.62832e-16 0)
(1.1 6.31069e-16 0)
(1.1 1.141e-15 0)
(1.1 9.46675e-16 0)
(1.1 6.18125e-16 0)
(1.1 4.38533e-16 0)
(1.1 8.18209e-16 0)
(1.1 1.62221e-16 0)
(1.1 6.29074e-16 0)
(1.1 4.67091e-16 0)
(1.1 8.38081e-16 0)
(1.1 8.07697e-16 0)
(1.1 -4.38672e-16 0)
(1.1 -4.68894e-16 0)
(1.1 -5.0486e-16 0)
(1.1 2.52068e-16 0)
(1.1 2.41384e-16 0)
(1.1 -1.85874e-16 0)
(1.1 -2.37079e-16 0)
(1.1 7.44542e-17 0)
(1.1 4.00624e-16 0)
(1.1 6.5561e-16 0)
(1.1 8.06304e-16 0)
(1.1 4.75841e-16 0)
(1.1 5.13188e-16 0)
(1.1 1.80785e-16 0)
(1.1 -9.89384e-17 0)
(1.1 3.18909e-16 0)
(1.1 1.08491e-15 0)
(1.1 1.26946e-15 0)
(1.1 9.22862e-16 0)
(1.1 8.76169e-16 0)
(1.1 1.01942e-15 0)
(1.1 9.37577e-16 0)
(1.1 6.20651e-16 0)
(1.1 6.04964e-16 0)
(1.1 3.37931e-16 0)
(1.1 7.16454e-16 0)
(1.1 9.39217e-16 0)
(1.1 3.76177e-17 0)
(1.1 -4.71562e-16 0)
(1.1 -4.11747e-16 0)
(1.1 -2.81999e-16 0)
(1.1 2.74579e-16 0)
(1.1 -1.34301e-16 0)
(1.1 -1.63122e-16 0)
(1.1 1.73534e-17 0)
(1.1 2.14243e-16 0)
(1.1 5.352e-16 0)
(1.1 9.98585e-16 0)
(1.1 8.47184e-16 0)
(1.1 6.15176e-16 0)
(1.1 6.83165e-16 0)
(1.1 3.99062e-16 0)
(1.1 2.08491e-16 0)
(1.1 4.20734e-16 0)
(1.1 7.47112e-16 0)
(1.1 4.19134e-16 0)
(1.1 1.10411e-15 0)
(1.1 6.18565e-16 0)
(1.1 6.6522e-16 0)
(1.1 1.02899e-15 0)
(1.1 7.40961e-16 0)
(1.1 4.7192e-16 0)
(1.1 3.71727e-16 0)
(1.1 4.63572e-16 0)
(1.1 3.83935e-17 0)
(1.1 1.58575e-16 0)
(1.1 -3.27987e-16 0)
(1.1 -2.58499e-16 0)
(1.1 2.10042e-16 0)
(1.1 4.19742e-16 0)
(1.1 2.34415e-16 0)
(1.1 4.20283e-16 0)
(1.1 9.68349e-16 0)
(1.1 1.18785e-15 0)
(1.1 1.31045e-15 0)
(1.1 9.58303e-16 0)
(1.1 6.20016e-16 0)
(1.1 1.04412e-15 0)
(1.1 7.84818e-16 0)
(1.1 5.80276e-16 0)
(1.1 1.9236e-16 0)
(1.1 1.91659e-16 0)
(1.1 3.13601e-16 0)
(1.1 7.01957e-16 0)
(1.1 4.48231e-16 0)
(1.1 7.12419e-16 0)
(1.1 8.38805e-16 0)
(1.1 3.63276e-16 0)
(1.1 5.09047e-16 0)
(1.1 1.15308e-16 0)
(1.1 3.34247e-16 0)
(1.1 1.6171e-16 0)
(1.1 7.35612e-16 0)
(1.1 6.98437e-16 0)
(1.1 9.13132e-16 0)
(1.1 9.5225e-16 0)
(1.1 6.55059e-16 0)
(1.1 7.21709e-16 0)
(1.1 5.81462e-16 0)
(1.1 1.28168e-15 0)
(1.1 1.09768e-15 0)
(1.1 9.72496e-16 0)
(1.1 1.21767e-15 0)
(1.1 8.29984e-16 0)
(1.1 6.96642e-16 0)
(1.1 7.96927e-16 0)
(1.1 5.93445e-16 0)
(1.1 3.87349e-16 0)
(1.1 3.98089e-17 0)
(1.1 5.35262e-16 0)
(1.1 3.38033e-16 0)
(1.1 6.40666e-16 0)
(1.1 7.43109e-16 0)
(1.1 9.6511e-16 0)
(1.1 3.38123e-16 0)
(1.1 4.1376e-16 0)
(1.1 9.83495e-17 0)
(1.1 3.23416e-16 0)
(1.1 5.47641e-16 0)
(1.1 7.98105e-16 0)
(1.1 1.77073e-15 0)
(1.1 1.34732e-15 0)
(1.1 8.88312e-16 0)
(1.1 2.46615e-16 0)
(1.1 4.9676e-16 0)
(1.1 7.01514e-16 0)
(1.1 8.46669e-16 0)
(1.1 7.64254e-16 0)
(1.1 9.72897e-16 0)
(1.1 1.20963e-15 0)
(1.1 9.01583e-16 0)
(1.1 6.04909e-16 0)
(1.1 8.26796e-16 0)
(1.1 6.74801e-16 0)
(1.1 4.24235e-16 0)
(1.1 6.61336e-16 0)
(1.1 7.9645e-16 0)
(1.1 5.17433e-16 0)
(1.1 6.268e-16 0)
(1.1 4.6921e-16 0)
(1.1 2.16614e-16 0)
(1.1 4.51043e-16 0)
(1.1 5.66261e-16 0)
(1.1 1.20977e-17 0)
(1.1 -2.35283e-16 0)
(1.1 1.70313e-15 0)
(1.1 1.6202e-15 0)
(1.1 1.56985e-15 0)
(1.1 1.22357e-15 0)
(1.1 7.99751e-16 0)
(1.1 3.19626e-16 0)
(1.1 4.32135e-16 0)
(1.1 5.63008e-16 0)
(1.1 5.70893e-16 0)
(1.1 6.42107e-16 0)
(1.1 7.37235e-16 0)
(1.1 4.99827e-16 0)
(1.1 9.09692e-16 0)
(1.1 8.80842e-16 0)
(1.1 1.24008e-15 0)
(1.1 1.2176e-15 0)
(1.1 1.15579e-15 0)
(1.1 1.37401e-15 0)
(1.1 8.88183e-16 0)
(1.1 7.54029e-16 0)
(1.1 7.62544e-16 0)
(1.1 2.47392e-16 0)
(1.1 -2.33301e-16 0)
(1.1 -4.81777e-17 0)
(1.1 2.08646e-16 0)
(1.1 2.60882e-16 0)
(1.1 1.78453e-16 0)
(1.1 1.62786e-15 0)
(1.1 1.62592e-15 0)
(1.1 1.35093e-15 0)
(1.1 1.19244e-15 0)
(1.1 1.07583e-15 0)
(1.1 9.38538e-16 0)
(1.1 8.98171e-16 0)
(1.1 4.17702e-16 0)
(1.1 3.69436e-16 0)
(1.1 4.84617e-16 0)
(1.1 1.96611e-16 0)
(1.1 1.32145e-16 0)
(1.1 1.36398e-15 0)
(1.1 1.45556e-15 0)
(1.1 1.31876e-15 0)
(1.1 1.2575e-15 0)
(1.1 1.68702e-15 0)
(1.1 1.47243e-15 0)
(1.1 8.77022e-16 0)
(1.1 7.02087e-16 0)
(1.1 7.36881e-16 0)
(1.1 4.2218e-16 0)
(1.1 -4.90371e-17 0)
(1.1 2.12007e-16 0)
(1.1 1.78785e-16 0)
(1.1 2.96264e-17 0)
(1.1 -1.00101e-16 0)
(1.1 7.95556e-16 0)
(1.1 5.27792e-16 0)
(1.1 6.60646e-16 0)
(1.1 5.55081e-16 0)
(1.1 7.42603e-16 0)
(1.1 9.98022e-16 0)
(1.1 7.95486e-16 0)
(1.1 5.20746e-16 0)
(1.1 7.0191e-17 0)
(1.1 -4.35522e-16 0)
(1.1 -2.80082e-16 0)
(1.1 -1.64245e-16 0)
(1.1 8.29341e-16 0)
(1.1 1.10937e-15 0)
(1.1 1.28754e-15 0)
(1.1 1.25458e-15 0)
(1.1 1.32709e-15 0)
(1.1 1.12776e-15 0)
(1.1 4.47882e-16 0)
(1.1 4.21211e-16 0)
(1.1 5.98622e-16 0)
(1.1 7.6053e-16 0)
(1.1 4.77405e-16 0)
(1.1 5.49994e-16 0)
(1.1 3.65925e-16 0)
(1.1 -9.89764e-17 0)
(1.1 -4.5677e-16 0)
(1.1 4.11129e-16 0)
(1.1 3.74207e-17 0)
(1.1 -1.66522e-16 0)
(1.1 7.74944e-17 0)
(1.1 1.98519e-16 0)
(1.1 4.45768e-16 0)
(1.1 9.79548e-17 0)
(1.1 2.18536e-16 0)
(1.1 2.42789e-17 0)
(1.1 -3.37129e-16 0)
(1.1 -4.56258e-16 0)
(1.1 -2.03493e-16 0)
(1.1 2.96993e-16 0)
(1.1 7.65724e-16 0)
(1.1 9.79878e-16 0)
(1.1 1.39259e-15 0)
(1.1 1.06198e-15 0)
(1.1 1.00615e-15 0)
(1.1 7.74034e-16 0)
(1.1 7.74565e-16 0)
(1.1 8.19712e-16 0)
(1.1 9.83864e-16 0)
(1.1 9.20492e-16 0)
(1.1 3.55174e-16 0)
(1.1 -2.92071e-16 0)
(1.1 -7.87791e-17 0)
(1.1 -2.27042e-16 0)
(1.1 3.05583e-16 0)
(1.1 1.27242e-16 0)
(1.1 3.09654e-17 0)
(1.1 3.34511e-16 0)
(1.1 2.68311e-16 0)
(1.1 1.72802e-17 0)
(1.1 -1.80073e-16 0)
(1.1 -2.50369e-17 0)
(1.1 3.1855e-16 0)
(1.1 2.81792e-16 0)
(1.1 -5.21483e-17 0)
(1.1 1.54618e-16 0)
(1.1 -1.89302e-16 0)
(1.1 1.94675e-16 0)
(1.1 4.89789e-16 0)
(1.1 7.57747e-16 0)
(1.1 8.89524e-16 0)
(1.1 1.18275e-15 0)
(1.1 1.14667e-15 0)
(1.1 7.155e-16 0)
(1.1 6.20714e-16 0)
(1.1 9.48662e-16 0)
(1.1 8.71724e-16 0)
(1.1 3.45192e-16 0)
(1.1 -2.52936e-16 0)
(1.1 1.6035e-16 0)
(1.1 -4.18623e-16 0)
(1.1 -1.8181e-16 0)
(1.1 1.70192e-16 0)
(1.1 6.11018e-16 0)
(1.1 5.03008e-16 0)
(1.1 2.81373e-16 0)
(1.1 3.80867e-16 0)
(1.1 7.36994e-16 0)
(1.1 3.88347e-16 0)
(1.1 1.49069e-16 0)
(1.1 5.80543e-16 0)
(1.1 7.0861e-16 0)
(1.1 4.18827e-16 0)
(1.1 -5.71187e-17 0)
(1.1 -3.09162e-16 0)
(1.1 1.02081e-16 0)
(1.1 6.63399e-16 0)
(1.1 6.73936e-16 0)
(1.1 1.19035e-15 0)
(1.1 1.09773e-15 0)
(1.1 6.93683e-16 0)
(1.1 1.82045e-16 0)
(1.1 5.18178e-17 0)
(1.1 1.53925e-16 0)
(1.1 2.30457e-16 0)
(1.1 1.29729e-16 0)
(1.1 9.31882e-17 0)
(1.1 -1.93774e-16 0)
(1.1 -5.17953e-18 0)
(1.1 2.9974e-16 0)
(1.1 3.57555e-16 0)
(1.1 4.15448e-16 0)
(1.1 3.14855e-16 0)
(1.1 9.21929e-16 0)
(1.1 7.99345e-16 0)
(1.1 5.21805e-16 0)
(1.1 -1.46452e-16 0)
(1.1 5.78176e-17 0)
(1.1 4.42636e-16 0)
(1.1 3.8094e-16 0)
(1.1 1.90288e-17 0)
(1.1 -1.98377e-16 0)
(1.1 -8.81692e-19 0)
(1.1 5.23016e-16 0)
(1.1 8.23106e-16 0)
(1.1 8.69281e-16 0)
(1.1 1.65972e-15 0)
(1.1 1.29596e-15 0)
(1.1 9.52632e-16 0)
(1.1 -1.99367e-17 0)
(1.1 -1.10063e-17 0)
(1.1 -1.46476e-16 0)
(1.1 1.10962e-16 0)
(1.1 8.90416e-17 0)
(1.1 2.45261e-16 0)
(1.1 4.45871e-16 0)
(1.1 3.34053e-16 0)
(1.1 -2.37225e-17 0)
(1.1 1.86727e-16 0)
(1.1 3.07075e-16 0)
(1.1 1.03218e-16 0)
(1.1 -3.93901e-16 0)
(1.1 -1.23979e-16 0)
(1.1 -1.8947e-16 0)
(1.1 -4.00397e-16 0)
(1.1 7.75608e-16 0)
(1.1 5.06532e-16 0)
(1.1 5.12309e-17 0)
(1.1 2.86435e-16 0)
(1.1 3.66057e-16 0)
(1.1 4.88777e-16 0)
(1.1 4.50426e-16 0)
(1.1 5.81658e-16 0)
(1.1 1.44128e-15 0)
(1.1 1.10461e-15 0)
(1.1 6.7829e-16 0)
(1.1 2.75895e-16 0)
(1.1 2.32375e-16 0)
(1.1 1.95274e-16 0)
(1.1 1.46148e-16 0)
(1.1 4.67977e-17 0)
(1.1 6.81226e-16 0)
(1.1 4.61943e-16 0)
(1.1 5.23914e-16 0)
(1.1 2.28679e-16 0)
(1.1 4.56753e-16 0)
(1.1 3.13743e-16 0)
(1.1 -4.86141e-16 0)
(1.1 -8.1042e-16 0)
(1.1 -4.59128e-16 0)
(1.1 -4.0466e-16 0)
(1.1 -3.21596e-16 0)
(1.1 9.68467e-17 0)
(1.1 1.42203e-16 0)
(1.1 -5.4069e-17 0)
(1.1 3.92008e-16 0)
(1.1 4.91152e-16 0)
(1.1 5.56261e-16 0)
(1.1 4.34003e-16 0)
(1.1 2.01058e-16 0)
(1.1 5.42156e-16 0)
(1.1 7.50443e-16 0)
(1.1 2.65279e-16 0)
(1.1 4.60913e-16 0)
(1.1 6.65097e-16 0)
(1.1 8.33613e-16 0)
(1.1 8.05223e-16 0)
(1.1 1.31211e-16 0)
(1.1 1.84308e-16 0)
(1.1 3.4783e-16 0)
(1.1 2.1016e-16 0)
(1.1 3.01748e-17 0)
(1.1 3.92279e-16 0)
(1.1 3.27595e-16 0)
(1.1 5.67306e-17 0)
(1.1 4.95989e-16 0)
(1.1 2.82996e-16 0)
(1.1 -1.56876e-16 0)
(1.1 -4.9615e-16 0)
(1.1 -8.45988e-16 0)
(1.1 -6.74873e-16 0)
(1.1 -5.43919e-16 0)
(1.1 -1.8541e-16 0)
(1.1 1.11208e-16 0)
(1.1 2.43274e-16 0)
(1.1 3.80969e-16 0)
(1.1 2.24651e-16 0)
(1.1 4.25671e-16 0)
(1.1 6.21698e-16 0)
(1.1 -2.90385e-17 0)
(1.1 2.32102e-16 0)
(1.1 8.71497e-16 0)
(1.1 9.66974e-16 0)
(1.1 6.91176e-16 0)
(1.1 3.22075e-16 0)
(1.1 2.32375e-16 0)
(1.1 2.38529e-16 0)
(1.1 -9.39103e-17 0)
(1.1 5.03856e-16 0)
(1.1 -1.41948e-16 0)
(1.1 5.79784e-16 0)
(1.1 5.4864e-16 0)
(1.1 9.04322e-16 0)
(1.1 5.0969e-16 0)
(1.1 1.5032e-16 0)
(1.1 -2.8241e-16 0)
(1.1 -1.2e-15 0)
(1.1 -1.12374e-15 0)
(1.1 -6.45394e-16 0)
(1.1 -9.84234e-16 0)
(1.1 -8.67023e-16 0)
(1.1 -5.98228e-16 0)
(1.1 4.34365e-17 0)
(1.1 4.05171e-16 0)
(1.1 -1.976e-17 0)
(1.1 9.14192e-17 0)
(1.1 1.83357e-16 0)
(1.1 1.87888e-16 0)
(1.1 4.83006e-16 0)
(1.1 3.42921e-16 0)
(1.1 4.30311e-17 0)
(1.1 -4.43985e-17 0)
(1.1 2.66772e-16 0)
(1.1 -4.07116e-16 0)
(1.1 -6.60559e-17 0)
(1.1 5.35257e-16 0)
(1.1 3.2194e-16 0)
(1.1 3.92069e-16 0)
(1.1 3.32447e-16 0)
(1.1 2.74266e-17 0)
(1.1 -2.37288e-16 0)
(1.1 -3.85517e-16 0)
(1.1 -5.96497e-16 0)
(1.1 -4.82545e-16 0)
(1.1 -5.28744e-16 0)
(1.1 -6.08965e-16 0)
(1.1 -1.0701e-15 0)
(1.1 -1.18861e-15 0)
(1.1 -9.86241e-16 0)
(1.1 -8.00044e-16 0)
(1.1 -5.0674e-16 0)
(1.1 -4.26816e-16 0)
(1.1 3.17064e-16 0)
(1.1 8.24584e-16 0)
(1.1 8.57368e-16 0)
(1.1 2.18875e-16 0)
(1.1 -1.69187e-16 0)
(1.1 -3.17247e-16 0)
(1.1 -1.58493e-16 0)
(1.1 -5.05262e-18 0)
(1.1 -2.22867e-16 0)
(1.1 1.52085e-17 0)
(1.1 2.34002e-16 0)
(1.1 3.1417e-16 0)
(1.1 -2.49237e-16 0)
(1.1 -1.88973e-16 0)
(1.1 -1.81624e-16 0)
(1.1 -5.3009e-16 0)
(1.1 -6.57497e-16 0)
(1.1 -5.02255e-16 0)
(1.1 -3.71578e-16 0)
(1.1 9.26896e-17 0)
(1.1 -1.58638e-16 0)
(1.1 -3.69628e-16 0)
(1.1 -7.60518e-16 0)
(1.1 -1.08681e-15 0)
(1.1 -1.34548e-15 0)
(1.1 -1.35037e-15 0)
(1.1 -9.46885e-16 0)
(1.1 1.09887e-16 0)
(1.1 3.21605e-16 0)
(1.1 2.51867e-16 0)
(1.1 1.28575e-16 0)
(1.1 1.634e-16 0)
(1.1 1.05773e-16 0)
(1.1 3.02013e-16 0)
(1.1 2.79995e-17 0)
(1.1 3.20898e-17 0)
(1.1 2.46076e-17 0)
(1.1 -2.76392e-17 0)
(1.1 2.60672e-16 0)
(1.1 3.36765e-16 0)
(1.1 1.40973e-16 0)
(1.1 2.24622e-16 0)
(1.1 -9.09442e-17 0)
(1.1 -3.57861e-16 0)
(1.1 -2.50898e-16 0)
(1.1 -2.27242e-16 0)
(1.1 4.60186e-17 0)
(1.1 1.04371e-16 0)
(1.1 -3.51751e-17 0)
(1.1 -8.4175e-16 0)
(1.1 -1.08739e-15 0)
(1.1 -8.41447e-16 0)
(1.1 -1.14155e-15 0)
(1.1 -9.12456e-16 0)
(1.1 -3.88815e-16 0)
(1.1 -4.79008e-16 0)
(1.1 -4.0592e-16 0)
(1.1 -7.61684e-17 0)
(1.1 3.98604e-16 0)
(1.1 3.55053e-16 0)
(1.1 4.55461e-16 0)
(1.1 2.46581e-16 0)
(1.1 3.90066e-16 0)
(1.1 2.65087e-16 0)
(1.1 -2.55893e-16 0)
(1.1 1.00252e-16 0)
(1.1 9.05352e-16 0)
(1.1 1.32887e-15 0)
(1.1 8.90049e-16 0)
(1.1 6.44356e-16 0)
(1.1 -7.58008e-17 0)
(1.1 -2.90489e-16 0)
(1.1 -2.55966e-16 0)
(1.1 -1.57967e-16 0)
(1.1 2.24592e-16 0)
(1.1 1.13718e-16 0)
(1.1 6.06715e-17 0)
(1.1 -2.91071e-16 0)
(1.1 -7.152e-17 0)
(1.1 -1.84853e-16 0)
(1.1 -2.73767e-16 0)
(1.1 -4.39536e-16 0)
(1.1 -5.04485e-16 0)
(1.1 -1.19294e-16 0)
(1.1 4.74074e-17 0)
(1.1 1.70801e-16 0)
(1.1 -3.13565e-17 0)
(1.1 -2.16663e-16 0)
(1.1 -4.15877e-16 0)
(1.1 1.22621e-16 0)
(1.1 -3.02567e-16 0)
(1.1 -1.23163e-16 0)
(1.1 -1.97035e-16 0)
(1.1 -5.04154e-18 0)
(1.1 7.86791e-16 0)
(1.1 5.97057e-16 0)
(1.1 8.027e-16 0)
(1.1 5.90135e-16 0)
(1.1 5.29837e-16 0)
(1.1 2.65538e-16 0)
(1.1 -6.57622e-17 0)
(1.1 1.67444e-17 0)
(1.1 2.6901e-16 0)
(1.1 5.22481e-16 0)
(1.1 8.4616e-16 0)
(1.1 4.48678e-16 0)
(1.1 1.41955e-16 0)
(1.1 -8.47359e-17 0)
(1.1 -4.57225e-16 0)
(1.1 -4.45969e-16 0)
(1.1 -6.61993e-16 0)
(1.1 -4.08015e-16 0)
(1.1 -3.38386e-16 0)
(1.1 -2.40056e-16 0)
(1.1 -7.41182e-17 0)
(1.1 -3.43153e-16 0)
(1.1 2.25041e-16 0)
(1.1 4.16141e-16 0)
(1.1 2.50979e-16 0)
(1.1 -6.68615e-18 0)
(1.1 -3.52259e-16 0)
(1.1 1.23277e-16 0)
(1.1 3.01207e-16 0)
(1.1 5.65272e-16 0)
(1.1 8.7105e-16 0)
(1.1 1.34103e-15 0)
(1.1 1.42096e-15 0)
(1.1 8.96474e-16 0)
(1.1 -3.14764e-16 0)
(1.1 8.56492e-17 0)
(1.1 3.09831e-16 0)
(1.1 7.50168e-16 0)
(1.1 1.76295e-16 0)
(1.1 2.16795e-16 0)
(1.1 -1.88985e-17 0)
(1.1 -3.21084e-16 0)
(1.1 -4.85719e-16 0)
(1.1 -1.24839e-15 0)
(1.1 -1.21724e-15 0)
(1.1 -5.81912e-16 0)
(1.1 -1.33691e-16 0)
(1.1 5.5374e-16 0)
(1.1 4.96451e-16 0)
(1.1 4.03869e-16 0)
(1.1 5.24345e-16 0)
(1.1 1.92636e-16 0)
(1.1 1.889e-16 0)
(1.1 -4.86376e-16 0)
(1.1 -1.74143e-16 0)
(1.1 3.71132e-16 0)
(1.1 7.35713e-16 0)
(1.1 1.14395e-15 0)
(1.1 1.32126e-15 0)
(1.1 1.14232e-15 0)
(1.1 6.48851e-16 0)
(1.1 4.67379e-16 0)
(1.1 7.56361e-16 0)
(1.1 6.78095e-16 0)
(1.1 2.43242e-16 0)
(1.1 -1.92174e-16 0)
(1.1 7.88524e-18 0)
(1.1 -3.36315e-16 0)
(1.1 -8.97613e-16 0)
(1.1 -8.67588e-16 0)
(1.1 -9.60924e-16 0)
(1.1 -8.40483e-16 0)
(1.1 -2.54797e-16 0)
(1.1 2.15625e-16 0)
(1.1 1.6679e-16 0)
(1.1 3.61372e-16 0)
(1.1 -3.88774e-16 0)
(1.1 -4.78285e-16 0)
(1.1 5.27772e-17 0)
(1.1 -3.60748e-17 0)
(1.1 -3.72306e-16 0)
(1.1 -4.72155e-16 0)
(1.1 -1.99696e-16 0)
(1.1 5.33713e-16 0)
(1.1 6.72353e-16 0)
(1.1 8.46709e-16 0)
(1.1 3.34786e-16 0)
(1.1 3.22142e-16 0)
(1.1 9.52583e-16 0)
(1.1 8.20527e-16 0)
(1.1 5.13386e-16 0)
(1.1 4.25157e-16 0)
(1.1 2.77886e-16 0)
(1.1 -2.41178e-16 0)
(1.1 -9.30712e-16 0)
(1.1 -1.10947e-15 0)
(1.1 -9.21822e-16 0)
(1.1 -1.86394e-16 0)
(1.1 -2.39902e-17 0)
(1.1 7.45468e-17 0)
(1.1 1.47835e-16 0)
(1.1 -1.76397e-16 0)
(1.1 -3.23451e-16 0)
(1.1 -1.18314e-15 0)
(1.1 -1.159e-15 0)
(1.1 -8.60804e-16 0)
(1.1 -9.36218e-16 0)
(1.1 -2.40831e-16 0)
(1.1 -6.89988e-16 0)
(1.1 -5.85032e-16 0)
(1.1 -5.26918e-16 0)
(1.1 3.09538e-17 0)
(1.1 2.09832e-16 0)
(1.1 -2.79711e-17 0)
(1.1 3.7139e-16 0)
(1.1 1.39626e-16 0)
(1.1 -5.32463e-18 0)
(1.1 -1.48479e-17 0)
(1.1 2.4498e-16 0)
(1.1 1.66218e-16 0)
(1.1 -3.91106e-16 0)
(1.1 -7.7731e-16 0)
(1.1 -5.73765e-16 0)
(1.1 -2.50405e-16 0)
(1.1 -2.06345e-16 0)
(1.1 -1.52845e-16 0)
(1.1 -3.19523e-17 0)
(1.1 4.79848e-16 0)
(1.1 1.43071e-16 0)
(1.1 -3.74269e-16 0)
(1.1 -1.80051e-15 0)
(1.1 -1.37214e-15 0)
(1.1 -1.59941e-15 0)
(1.1 -1.32212e-15 0)
(1.1 -3.03526e-16 0)
(1.1 -7.64118e-16 0)
(1.1 -4.42102e-16 0)
(1.1 -7.0044e-16 0)
(1.1 -4.73598e-16 0)
(1.1 -3.96576e-16 0)
(1.1 -4.33386e-16 0)
(1.1 -1.04491e-16 0)
(1.1 -6.36253e-16 0)
(1.1 -6.04951e-16 0)
(1.1 -3.12266e-16 0)
(1.1 -4.59736e-16 0)
(1.1 -7.94042e-16 0)
(1.1 -8.5933e-16 0)
(1.1 -9.34675e-16 0)
(1.1 -4.61274e-16 0)
(1.1 8.44124e-17 0)
(1.1 3.53097e-16 0)
(1.1 1.9334e-16 0)
(1.1 -1.71606e-16 0)
(1.1 3.91079e-16 0)
(1.1 3.8422e-16 0)
(1.1 -3.46644e-17 0)
(1.1 -1.27481e-15 0)
(1.1 -9.11447e-16 0)
(1.1 -4.97037e-16 0)
(1.1 -3.7146e-16 0)
(1.1 -3.53371e-16 0)
(1.1 -5.2025e-16 0)
(1.1 -6.67835e-16 0)
(1.1 -1.00109e-15 0)
(1.1 -1.33764e-15 0)
(1.1 -1.23327e-15 0)
(1.1 -1.02904e-15 0)
(1.1 -1.07241e-15 0)
(1.1 -7.30277e-16 0)
(1.1 -9.79364e-16 0)
(1.1 -7.52673e-16 0)
(1.1 -8.75108e-16 0)
(1.1 -8.15483e-16 0)
(1.1 -5.37529e-16 0)
(1.1 -8.69862e-16 0)
(1.1 -6.11219e-16 0)
(1.1 3.12341e-16 0)
(1.1 8.97334e-16 0)
(1.1 5.54355e-16 0)
(1.1 3.11228e-17 0)
(1.1 1.46398e-16 0)
(1.1 2.40649e-16 0)
(1.1 2.66032e-16 0)
(1.1 -4.04687e-16 0)
(1.1 -4.16966e-16 0)
(1.1 -1.93108e-16 0)
(1.1 -1.45102e-17 0)
(1.1 -8.44523e-17 0)
(1.1 -1.34455e-16 0)
(1.1 -5.92916e-16 0)
(1.1 -1.03889e-15 0)
(1.1 -1.18384e-15 0)
(1.1 -1.46642e-15 0)
(1.1 -1.3614e-15 0)
(1.1 -1.8827e-15 0)
(1.1 -1.29436e-15 0)
(1.1 -1.39982e-15 0)
(1.1 -1.36491e-15 0)
(1.1 -1.08344e-15 0)
(1.1 -9.14411e-16 0)
(1.1 -4.7529e-16 0)
(1.1 -4.92307e-16 0)
(1.1 -1.54322e-16 0)
(1.1 8.22184e-17 0)
(1.1 1.78354e-16 0)
(1.1 3.67375e-16 0)
(1.1 2.7883e-16 0)
(1.1 -8.35962e-17 0)
(1.1 8.19773e-18 0)
(1.1 4.84151e-16 0)
(1.1 -1.24764e-16 0)
(1.1 -1.7907e-16 0)
(1.1 9.39235e-17 0)
(1.1 4.49929e-16 0)
(1.1 2.48009e-16 0)
(1.1 1.70322e-16 0)
(1.1 -1.48303e-16 0)
(1.1 -6.55662e-16 0)
(1.1 -7.96392e-16 0)
(1.1 -1.2852e-15 0)
(1.1 -1.22102e-15 0)
(1.1 -1.51776e-15 0)
(1.1 -1.60194e-15 0)
(1.1 -1.36019e-15 0)
(1.1 -1.33949e-15 0)
(1.1 -1.26047e-15 0)
(1.1 -8.09152e-16 0)
(1.1 -6.47312e-16 0)
(1.1 6.20868e-17 0)
(1.1 1.61038e-16 0)
(1.1 2.0736e-17 0)
(1.1 -2.74653e-16 0)
(1.1 -3.71637e-16 0)
(1.1 -4.13563e-16 0)
(1.1 -4.12633e-16 0)
(1.1 -5.40978e-17 0)
(1.1 3.65031e-16 0)
(1.1 1.5859e-16 0)
(1.1 1.01753e-16 0)
(1.1 4.37599e-16 0)
(1.1 3.47362e-16 0)
(1.1 -2.35484e-16 0)
(1.1 -7.5333e-17 0)
(1.1 -3.78872e-16 0)
(1.1 -6.36761e-16 0)
(1.1 -1.2801e-15 0)
(1.1 -1.26912e-15 0)
(1.1 -7.8421e-16 0)
(1.1 -8.8509e-16 0)
(1.1 -1.29092e-15 0)
(1.1 -1.2091e-15 0)
(1.1 -8.43697e-16 0)
(1.1 -1.14822e-15 0)
(1.1 -4.86983e-16 0)
(1.1 -4.17692e-16 0)
(1.1 -2.97196e-16 0)
(1.1 -2.08022e-16 0)
(1.1 -2.54348e-16 0)
(1.1 -1.93401e-16 0)
(1.1 -1.19902e-16 0)
(1.1 -1.07077e-16 0)
(1.1 -2.29416e-17 0)
(1.1 9.70073e-18 0)
(1.1 2.50907e-16 0)
(1.1 4.43069e-16 0)
(1.1 2.8631e-16 0)
(1.1 1.96132e-16 0)
(1.1 -3.00695e-16 0)
(1.1 -4.90211e-16 0)
(1.1 -4.6949e-16 0)
(1.1 -1.00851e-15 0)
(1.1 -6.31284e-16 0)
(1.1 -8.068e-16 0)
(1.1 -6.38463e-16 0)
(1.1 -9.57994e-16 0)
(1.1 -7.70375e-16 0)
(1.1 -8.38589e-16 0)
(1.1 -7.42045e-16 0)
(1.1 -7.62987e-16 0)
(1.1 -8.08651e-16 0)
(1.1 -7.53312e-16 0)
(1.1 -7.74238e-16 0)
(1.1 -2.41354e-16 0)
(1.1 -3.72131e-17 0)
(1.1 -6.53633e-16 0)
(1.1 -3.03186e-16 0)
(1.1 4.09902e-16 0)
(1.1 3.53491e-16 0)
(1.1 5.72297e-17 0)
(1.1 5.08591e-17 0)
(1.1 5.25861e-17 0)
(1.1 6.82787e-17 0)
(1.1 6.47474e-16 0)
(1.1 1.838e-16 0)
(1.1 -1.00717e-15 0)
(1.1 -8.58095e-16 0)
(1.1 -7.7999e-16 0)
(1.1 -6.05566e-16 0)
(1.1 -6.25526e-16 0)
(1.1 -3.73927e-17 0)
(1.1 -2.19681e-17 0)
(1.1 -5.08639e-16 0)
(1.1 -1.01852e-15 0)
(1.1 -1.41166e-16 0)
(1.1 -3.88902e-16 0)
(1.1 -7.3887e-16 0)
(1.1 -6.44125e-16 0)
(1.1 -1.10436e-15 0)
(1.1 -8.01834e-16 0)
(1.1 3.78932e-16 0)
(1.1 5.01484e-16 0)
(1.1 -4.65324e-17 0)
(1.1 -9.43951e-17 0)
(1.1 3.04952e-16 0)
(1.1 3.18207e-16 0)
(1.1 1.08675e-16 0)
(1.1 5.882e-17 0)
(1.1 -1.60886e-16 0)
(1.1 -5.50636e-16 0)
(1.1 -1.14156e-16 0)
(1.1 -1.94891e-16 0)
(1.1 -5.71948e-16 0)
(1.1 -1.77442e-16 0)
(1.1 -7.19135e-16 0)
(1.1 2.20805e-16 0)
(1.1 1.64135e-16 0)
(1.1 1.81238e-16 0)
(1.1 -1.39566e-17 0)
(1.1 -2.20685e-16 0)
(1.1 -4.84822e-16 0)
(1.1 -5.06249e-17 0)
(1.1 -3.40617e-16 0)
(1.1 -4.34417e-16 0)
(1.1 -7.79238e-16 0)
(1.1 -6.52316e-16 0)
(1.1 -4.65782e-16 0)
(1.1 1.29413e-17 0)
(1.1 1.99349e-16 0)
(1.1 -2.02046e-17 0)
(1.1 7.89536e-17 0)
(1.1 1.56342e-16 0)
(1.1 4.30786e-16 0)
(1.1 2.8441e-16 0)
(1.1 6.90865e-17 0)
(1.1 4.53291e-17 0)
(1.1 -2.74821e-16 0)
(1.1 -1.6705e-16 0)
(1.1 -2.38352e-16 0)
(1.1 2.5941e-16 0)
(1.1 4.25298e-16 0)
(1.1 -2.32195e-16 0)
(1.1 1.25651e-16 0)
(1.1 7.55275e-16 0)
(1.1 2.84941e-16 0)
(1.1 1.22069e-16 0)
(1.1 -8.09415e-16 0)
(1.1 -5.0729e-16 0)
(1.1 -4.06959e-16 0)
(1.1 -2.63609e-16 0)
(1.1 -1.85664e-16 0)
(1.1 -6.2823e-16 0)
(1.1 -4.96543e-16 0)
(1.1 -3.09171e-16 0)
(1.1 -3.43198e-16 0)
(1.1 -3.44787e-16 0)
(1.1 -2.37826e-16 0)
(1.1 5.81914e-17 0)
(1.1 -1.97562e-16 0)
(1.1 8.36701e-17 0)
(1.1 4.07628e-16 0)
(1.1 4.91813e-16 0)
(1.1 3.10647e-16 0)
(1.1 1.08063e-15 0)
(1.1 6.70364e-16 0)
(1.1 4.44882e-16 0)
(1.1 7.21083e-16 0)
(1.1 5.8022e-16 0)
(1.1 1.3551e-16 0)
(1.1 -8.48472e-17 0)
(1.1 -2.20386e-16 0)
(1.1 -6.12479e-16 0)
(1.1 -5.16591e-16 0)
(1.1 -3.93445e-16 0)
(1.1 -3.27935e-17 0)
(1.1 -1.19553e-16 0)
(1.1 -3.51127e-16 0)
(1.1 -5.89299e-16 0)
(1.1 -5.42749e-16 0)
(1.1 -5.51532e-16 0)
(1.1 -4.63436e-17 0)
(1.1 -1.27299e-16 0)
(1.1 -5.2919e-16 0)
(1.1 1.87709e-16 0)
(1.1 -5.48816e-17 0)
(1.1 -3.01643e-16 0)
(1.1 5.41528e-17 0)
(1.1 4.88072e-16 0)
(1.1 7.02598e-16 0)
(1.1 3.50249e-16 0)
(1.1 1.45897e-15 0)
(1.1 1.09583e-15 0)
(1.1 9.34561e-16 0)
(1.1 4.92934e-16 0)
(1.1 6.47954e-16 0)
(1.1 3.79061e-16 0)
(1.1 -7.55892e-16 0)
(1.1 -8.5171e-16 0)
(1.1 -7.27957e-16 0)
(1.1 -5.65069e-16 0)
(1.1 2.79286e-16 0)
(1.1 2.09896e-16 0)
(1.1 1.07768e-17 0)
(1.1 -5.39454e-16 0)
(1.1 -1.59968e-15 0)
(1.1 -1.06443e-15 0)
(1.1 1.536e-17 0)
(1.1 1.1482e-16 0)
(1.1 1.12298e-16 0)
(1.1 -4.03185e-16 0)
(1.1 3.18741e-16 0)
(1.1 6.70193e-17 0)
(1.1 -2.2758e-16 0)
(1.1 -5.28623e-16 0)
(1.1 -1.34021e-16 0)
(1.1 -9.24431e-17 0)
(1.1 4.42395e-16 0)
(1.1 7.91158e-16 0)
(1.1 6.03148e-16 0)
(1.1 4.4244e-16 0)
(1.1 -1.83502e-16 0)
(1.1 -1.56387e-16 0)
(1.1 -2.34459e-16 0)
(1.1 -7.64654e-16 0)
(1.1 -5.34536e-16 0)
(1.1 -1.208e-16 0)
(1.1 -2.15114e-16 0)
(1.1 1.79833e-16 0)
(1.1 7.21581e-17 0)
(1.1 1.5667e-16 0)
(1.1 -5.65137e-17 0)
(1.1 -5.30191e-16 0)
(1.1 -3.76404e-16 0)
(1.1 4.28441e-16 0)
(1.1 3.27753e-16 0)
(1.1 6.03125e-17 0)
(1.1 -7.64416e-19 0)
(1.1 2.07959e-16 0)
(1.1 -5.75442e-17 0)
(1.1 -3.65455e-16 0)
(1.1 -1.22362e-15 0)
(1.1 -9.61811e-16 0)
(1.1 -3.26396e-16 0)
(1.1 3.90405e-16 0)
(1.1 1.942e-16 0)
(1.1 3.01938e-16 0)
(1.1 2.88304e-16 0)
(1.1 1.55239e-16 0)
(1.1 -3.91519e-16 0)
(1.1 -4.08197e-16 0)
(1.1 -2.72243e-16 0)
(1.1 -2.15442e-16 0)
(1.1 -3.80743e-16 0)
(1.1 -9.4091e-17 0)
(1.1 -1.71593e-16 0)
(1.1 1.68505e-16 0)
(1.1 3.69475e-16 0)
(1.1 3.87623e-16 0)
(1.1 2.47613e-16 0)
(1.1 -5.24639e-17 0)
(1.1 2.00732e-16 0)
(1.1 5.26248e-16 0)
(1.1 1.45259e-16 0)
(1.1 3.09072e-16 0)
(1.1 1.93958e-16 0)
(1.1 -2.55677e-16 0)
(1.1 -4.97466e-16 0)
(1.1 -1.00466e-15 0)
(1.1 -1.05002e-15 0)
(1.1 -6.45731e-16 0)
(1.1 -3.87262e-17 0)
(1.1 1.95411e-16 0)
(1.1 2.45589e-17 0)
(1.1 1.80163e-16 0)
(1.1 -4.57409e-17 0)
(1.1 -5.50309e-16 0)
(1.1 -5.52677e-18 0)
(1.1 2.39213e-16 0)
(1.1 -4.6615e-17 0)
(1.1 2.69397e-17 0)
(1.1 -7.52066e-17 0)
(1.1 -3.27542e-16 0)
(1.1 5.55361e-18 0)
(1.1 -3.61065e-17 0)
(1.1 2.60061e-16 0)
(1.1 3.10759e-16 0)
(1.1 3.06772e-16 0)
(1.1 6.15245e-16 0)
(1.1 4.03873e-16 0)
(1.1 8.21296e-18 0)
(1.1 -3.40314e-16 0)
(1.1 -2.31117e-16 0)
(1.1 -3.58119e-16 0)
(1.1 -3.0952e-16 0)
(1.1 -4.36063e-16 0)
(1.1 -2.6032e-16 0)
(1.1 -5.44135e-16 0)
(1.1 -4.9006e-16 0)
(1.1 8.21533e-17 0)
(1.1 -2.26081e-16 0)
(1.1 -1.20262e-16 0)
(1.1 -7.4326e-16 0)
(1.1 -7.77101e-16 0)
(1.1 -4.43692e-16 0)
(1.1 2.89205e-16 0)
(1.1 2.56614e-16 0)
(1.1 3.94568e-16 0)
(1.1 8.53687e-17 0)
(1.1 -1.48531e-16 0)
(1.1 -1.48733e-16 0)
(1.1 6.45089e-17 0)
(1.1 3.09512e-17 0)
(1.1 3.57658e-16 0)
(1.1 7.38095e-16 0)
(1.1 1.36234e-16 0)
(1.1 -1.95122e-16 0)
(1.1 -5.09386e-16 0)
(1.1 -5.88008e-16 0)
(1.1 -8.2035e-16 0)
(1.1 -3.81699e-16 0)
(1.1 1.42879e-16 0)
(1.1 3.92526e-16 0)
(1.1 3.62438e-16 0)
(1.1 -2.8804e-16 0)
(1.1 -3.74515e-16 0)
(1.1 -8.27908e-18 0)
(1.1 2.83143e-16 0)
(1.1 -2.42654e-16 0)
(1.1 -3.95571e-16 0)
(1.1 -3.12652e-16 0)
(1.1 -2.85523e-16 0)
(1.1 1.16817e-16 0)
(1.1 2.30582e-17 0)
(1.1 2.94619e-16 0)
(1.1 5.00284e-16 0)
(1.1 3.98381e-16 0)
(1.1 1.16234e-16 0)
(1.1 3.277e-16 0)
(1.1 5.32512e-16 0)
(1.1 6.38285e-16 0)
(1.1 6.32682e-16 0)
(1.1 -1.14483e-16 0)
(1.1 -4.11226e-16 0)
(1.1 -6.07698e-16 0)
(1.1 -7.19619e-16 0)
(1.1 -9.84724e-16 0)
(1.1 -5.32509e-16 0)
(1.1 2.47646e-16 0)
(1.1 3.79812e-16 0)
(1.1 5.80607e-16 0)
(1.1 2.87006e-16 0)
(1.1 2.13982e-16 0)
(1.1 1.22947e-16 0)
(1.1 1.15269e-16 0)
(1.1 -9.06767e-16 0)
(1.1 -1.01623e-16 0)
(1.1 1.83401e-16 0)
(1.1 -1.12271e-16 0)
(1.1 -1.81281e-16 0)
(1.1 -2.59462e-17 0)
(1.1 2.41534e-16 0)
(1.1 3.59534e-16 0)
(1.1 3.51685e-16 0)
(1.1 4.2725e-16 0)
(1.1 5.30432e-16 0)
(1.1 8.59533e-16 0)
(1.1 7.48738e-16 0)
(1.1 4.52906e-16 0)
(1.1 -1.47359e-16 0)
(1.1 -8.91522e-16 0)
(1.1 -1.00702e-15 0)
(1.1 -1.38839e-15 0)
(1.1 -9.01448e-16 0)
(1.1 -7.40279e-16 0)
(1.1 -3.14647e-16 0)
(1.1 -1.92728e-16 0)
(1.1 2.18188e-16 0)
(1.1 9.29386e-17 0)
(1.1 2.24865e-16 0)
(1.1 -1.15817e-16 0)
(1.1 -6.66405e-16 0)
(1.1 -5.75784e-16 0)
(1.1 -2.12483e-16 0)
(1.1 1.31528e-16 0)
(1.1 3.42718e-16 0)
(1.1 -7.12301e-17 0)
(1.1 3.04721e-16 0)
(1.1 -7.14511e-18 0)
(1.1 -4.84393e-17 0)
(1.1 5.75882e-16 0)
(1.1 6.29946e-16 0)
(1.1 6.75929e-16 0)
(1.1 4.47546e-16 0)
(1.1 1.1099e-16 0)
(1.1 -9.00513e-17 0)
(1.1 -3.95492e-16 0)
(1.1 -4.90361e-16 0)
(1.1 -9.09358e-16 0)
(1.1 -1.16137e-15 0)
(1.1 -7.66106e-16 0)
(1.1 -9.52058e-16 0)
(1.1 -2.01895e-16 0)
(1.1 -2.10454e-17 0)
(1.1 -2.99829e-16 0)
(1.1 -5.54955e-16 0)
(1.1 -7.18161e-17 0)
(1.1 -6.10949e-16 0)
(1.1 -5.59352e-16 0)
(1.1 -2.46541e-17 0)
(1.1 -3.11882e-17 0)
(1.1 -1.54256e-16 0)
(1.1 2.31145e-16 0)
(1.1 -1.08185e-16 0)
(1.1 -5.94153e-17 0)
(1.1 -4.23372e-17 0)
(1.1 2.44237e-16 0)
(1.1 4.97739e-16 0)
(1.1 3.63442e-16 0)
(1.1 3.89116e-16 0)
(1.1 9.70605e-16 0)
(1.1 4.10603e-16 0)
(1.1 -9.158e-17 0)
(1.1 2.23912e-16 0)
(1.1 1.10293e-16 0)
(1.1 -3.89871e-16 0)
(1.1 -2.07248e-16 0)
(1.1 -6.63182e-16 0)
(1.1 -5.01858e-16 0)
(1.1 -1.28263e-16 0)
(1.1 1.96075e-16 0)
(1.1 -4.76297e-16 0)
(1.1 -8.97401e-16 0)
(1.1 -7.74812e-16 0)
(1.1 -6.30294e-16 0)
(1.1 -4.24927e-16 0)
(1.1 3.54131e-16 0)
(1.1 5.31421e-16 0)
(1.1 9.18685e-17 0)
(1.1 1.0638e-16 0)
(1.1 2.99478e-16 0)
(1.1 5.18771e-17 0)
(1.1 1.60927e-16 0)
(1.1 5.38508e-16 0)
(1.1 3.15625e-16 0)
(1.1 4.66313e-16 0)
(1.1 2.90064e-16 0)
(1.1 5.35092e-16 0)
(1.1 7.81998e-16 0)
(1.1 5.93505e-16 0)
(1.1 1.13334e-15 0)
(1.1 5.13671e-16 0)
(1.1 3.80937e-16 0)
(1.1 3.53385e-16 0)
(1.1 -1.68886e-16 0)
(1.1 4.95882e-16 0)
(1.1 -1.32855e-16 0)
(1.1 -1.45098e-16 0)
(1.1 -8.40209e-16 0)
(1.1 -1.34783e-15 0)
(1.1 -1.45923e-15 0)
(1.1 -9.39894e-16 0)
(1.1 -3.1371e-16 0)
(1.1 2.89678e-17 0)
(1.1 1.56723e-16 0)
(1.1 5.26865e-16 0)
(1.1 4.70891e-16 0)
(1.1 5.75909e-16 0)
(1.1 2.19817e-16 0)
(1.1 3.75475e-16 0)
(1.1 2.78514e-16 0)
(1.1 5.71408e-17 0)
(1.1 2.15398e-16 0)
(1.1 -5.96216e-17 0)
(1.1 1.05621e-16 0)
(1.1 9.97438e-16 0)
(1.1 9.44656e-16 0)
(1.1 1.08841e-15 0)
(1.1 5.94239e-16 0)
(1.1 7.07956e-16 0)
(1.1 6.33206e-16 0)
(1.1 1.75151e-16 0)
(1.1 2.89336e-16 0)
(1.1 -1.84132e-16 0)
(1.1 -5.51356e-16 0)
(1.1 -8.37495e-16 0)
(1.1 -6.74959e-16 0)
(1.1 -8.6943e-16 0)
(1.1 -7.48365e-16 0)
(1.1 -7.76236e-16 0)
(1.1 -9.0158e-16 0)
(1.1 -3.98848e-16 0)
(1.1 -6.61805e-17 0)
(1.1 3.83635e-16 0)
(1.1 2.03893e-16 0)
(1.1 2.97596e-16 0)
(1.1 6.68928e-16 0)
(1.1 -7.51837e-17 0)
(1.1 2.24675e-16 0)
(1.1 3.58574e-16 0)
(1.1 -7.78689e-17 0)
(1.1 6.36194e-16 0)
(1.1 1.2554e-15 0)
(1.1 1.04328e-15 0)
(1.1 3.48931e-16 0)
(1.1 2.31338e-16 0)
(1.1 2.79544e-16 0)
(1.1 6.99856e-16 0)
(1.1 4.64089e-16 0)
(1.1 -1.73524e-16 0)
(1.1 -3.21256e-16 0)
(1.1 -9.1805e-16 0)
(1.1 -1.07679e-15 0)
(1.1 -2.81502e-16 0)
(1.1 -7.22195e-16 0)
(1.1 -9.61827e-16 0)
(1.1 -1.18246e-15 0)
(1.1 -1.29089e-15 0)
(1.1 -9.45524e-16 0)
(1.1 -4.32967e-16 0)
(1.1 -3.64767e-18 0)
(1.1 4.96005e-17 0)
(1.1 1.14199e-16 0)
(1.1 1.08863e-16 0)
(1.1 -2.36883e-16 0)
(1.1 2.70705e-16 0)
(1.1 2.3412e-16 0)
(1.1 2.83283e-16 0)
(1.1 7.95031e-16 0)
(1.1 8.6311e-16 0)
(1.1 6.07767e-16 0)
(1.1 6.24892e-17 0)
(1.1 1.52079e-16 0)
(1.1 1.55708e-16 0)
(1.1 3.09816e-16 0)
(1.1 2.94695e-16 0)
(1.1 -4.9321e-16 0)
(1.1 -5.9946e-16 0)
(1.1 -7.01769e-16 0)
(1.1 -7.94561e-16 0)
(1.1 -6.95037e-16 0)
(1.1 -1.15192e-15 0)
(1.1 -1.49965e-15 0)
(1.1 -1.61089e-15 0)
(1.1 -1.08574e-15 0)
(1.1 -1.21003e-15 0)
(1.1 -6.91601e-16 0)
(1.1 -6.22322e-16 0)
(1.1 -2.12344e-16 0)
(1.1 -1.25394e-16 0)
(1.1 -4.16402e-16 0)
(1.1 -6.23622e-17 0)
(1.1 -2.23363e-17 0)
(1.1 9.81324e-17 0)
(1.1 7.54351e-16 0)
(1.1 7.49731e-16 0)
(1.1 3.94474e-16 0)
(1.1 2.01574e-16 0)
(1.1 -5.28127e-17 0)
(1.1 -4.86852e-17 0)
(1.1 1.18503e-16 0)
(1.1 -1.58841e-17 0)
(1.1 -4.64579e-16 0)
(1.1 -5.21468e-16 0)
(1.1 -1.16985e-15 0)
(1.1 -8.53291e-16 0)
(1.1 -4.45356e-16 0)
(1.1 -8.04572e-16 0)
(1.1 -1.52938e-15 0)
(1.1 -1.60232e-15 0)
(1.1 -1.54468e-15 0)
(1.1 -1.52635e-15 0)
(1.1 -1.52706e-15 0)
(1.1 -1.12298e-15 0)
(1.1 -8.95164e-16 0)
(1.1 -6.31965e-16 0)
(1.1 -4.1779e-16 0)
(1.1 5.34969e-17 0)
(1.1 -1.35498e-17 0)
(1.1 -3.2043e-16 0)
(1.1 4.7188e-16 0)
(1.1 5.6009e-16 0)
(1.1 2.8097e-16 0)
(1.1 7.66261e-17 0)
(1.1 4.62748e-17 0)
(1.1 -4.73482e-17 0)
(1.1 -3.49184e-17 0)
(1.1 7.9885e-17 0)
(1.1 -8.10947e-17 0)
(1.1 -3.18894e-16 0)
(1.1 -3.15164e-16 0)
(1.1 -8.94527e-16 0)
(1.1 -6.51624e-16 0)
(1.1 -5.12457e-16 0)
(1.1 -9.4221e-16 0)
(1.1 -9.50534e-16 0)
(1.1 -7.89595e-16 0)
(1.1 -1.04901e-15 0)
(1.1 -1.41559e-15 0)
(1.1 -8.11126e-16 0)
(1.1 -6.39648e-16 0)
(1.1 -6.21602e-16 0)
(1.1 -9.04121e-16 0)
(1.1 -1.15502e-15 0)
(1.1 -9.62686e-16 0)
(1.1 -1.83458e-16 0)
(1.1 1.10082e-16 0)
(1.1 3.38353e-16 0)
(1.1 2.27726e-17 0)
(1.1 -8.7891e-16 0)
(1.1 -5.06154e-16 0)
(1.1 -4.61926e-17 0)
(1.1 -1.35781e-16 0)
(1.1 -2.03045e-16 0)
(1.1 -3.60454e-17 0)
(1.1 -6.06267e-16 0)
(1.1 2.27285e-17 0)
(1.1 -1.27609e-16 0)
(1.1 -7.6817e-17 0)
(1.1 -1.81026e-16 0)
(1.1 -8.04901e-16 0)
(1.1 -6.60527e-16 0)
(1.1 -2.24982e-16 0)
(1.1 -4.02812e-16 0)
(1.1 -4.45101e-16 0)
(1.1 -3.33531e-16 0)
(1.1 2.61046e-16 0)
(1.1 -4.86131e-16 0)
(1.1 -1.99917e-16 0)
(1.1 -3.30911e-16 0)
(1.1 -6.32859e-16 0)
(1.1 -8.30434e-16 0)
(1.1 1.49698e-16 0)
(1.1 1.64362e-16 0)
(1.1 -2.99587e-16 0)
(1.1 -3.85807e-16 0)
(1.1 -7.25217e-16 0)
(1.1 -6.95866e-16 0)
(1.1 -5.61164e-16 0)
(1.1 -3.72333e-16 0)
(1.1 -5.41105e-16 0)
(1.1 -4.43518e-16 0)
(1.1 -5.57935e-16 0)
(1.1 2.1338e-16 0)
(1.1 8.94516e-17 0)
(1.1 4.55083e-16 0)
(1.1 1.65177e-16 0)
(1.1 -6.04956e-16 0)
(1.1 -5.48498e-16 0)
(1.1 -1.53635e-16 0)
(1.1 2.75667e-16 0)
(1.1 4.1185e-16 0)
(1.1 2.98876e-16 0)
(1.1 2.30055e-16 0)
(1.1 -1.46428e-16 0)
(1.1 4.65853e-17 0)
(1.1 2.42289e-16 0)
(1.1 4.62153e-16 0)
(1.1 1.8241e-16 0)
(1.1 2.68581e-17 0)
(1.1 -2.3347e-16 0)
(1.1 -3.92777e-16 0)
(1.1 -5.919e-16 0)
(1.1 -9.54927e-16 0)
(1.1 -9.39808e-16 0)
(1.1 -5.77133e-16 0)
(1.1 -2.99208e-16 0)
(1.1 -3.8818e-16 0)
(1.1 -2.19233e-16 0)
(1.1 -2.74107e-17 0)
(1.1 3.27896e-17 0)
(1.1 -2.00001e-17 0)
(1.1 -3.67071e-17 0)
(1.1 -1.56915e-16 0)
(1.1 -6.50086e-16 0)
(1.1 -6.23e-16 0)
(1.1 -4.87907e-16 0)
(1.1 6.22399e-16 0)
(1.1 2.1068e-16 0)
(1.1 1.05357e-17 0)
(1.1 -7.36565e-17 0)
(1.1 2.98023e-16 0)
(1.1 1.47217e-16 0)
(1.1 6.45693e-16 0)
(1.1 8.34717e-16 0)
(1.1 4.10084e-16 0)
(1.1 1.79963e-16 0)
(1.1 -1.62239e-16 0)
(1.1 -4.02566e-16 0)
(1.1 -7.8297e-16 0)
(1.1 -1.03523e-15 0)
(1.1 -9.07381e-16 0)
(1.1 -2.49683e-16 0)
(1.1 -1.8759e-16 0)
(1.1 2.12943e-16 0)
(1.1 -1.9246e-18 0)
(1.1 -1.62272e-16 0)
(1.1 -3.58929e-16 0)
(1.1 -3.9811e-16 0)
(1.1 -7.20472e-16 0)
(1.1 -7.56143e-16 0)
(1.1 -4.4097e-16 0)
(1.1 -3.24896e-16 0)
(1.1 -1.63126e-16 0)
(1.1 2.55559e-17 0)
(1.1 1.4784e-16 0)
(1.1 -2.5361e-16 0)
(1.1 -2.87437e-16 0)
(1.1 1.39866e-16 0)
(1.1 9.00846e-17 0)
(1.1 5.60445e-16 0)
(1.1 1.95164e-16 0)
(1.1 5.70593e-16 0)
(1.1 3.4138e-16 0)
(1.1 -3.21672e-16 0)
(1.1 -9.19157e-16 0)
(1.1 -8.93542e-16 0)
(1.1 -9.01458e-16 0)
(1.1 -5.3141e-16 0)
(1.1 -3.62883e-16 0)
(1.1 -3.02436e-16 0)
(1.1 7.22168e-16 0)
(1.1 1.31537e-16 0)
(1.1 5.04143e-17 0)
(1.1 -5.92519e-16 0)
(1.1 -3.61442e-16 0)
(1.1 -7.54292e-16 0)
(1.1 -6.57555e-16 0)
(1.1 -5.81059e-18 0)
(1.1 3.27984e-16 0)
(1.1 3.06457e-16 0)
(1.1 -3.48802e-16 0)
(1.1 -1.63253e-16 0)
(1.1 -3.18051e-16 0)
(1.1 3.6531e-17 0)
(1.1 3.8944e-16 0)
(1.1 6.77021e-16 0)
(1.1 4.1438e-16 0)
(1.1 1.34597e-16 0)
(1.1 3.00621e-16 0)
(1.1 -2.96573e-16 0)
(1.1 -1.38958e-16 0)
(1.1 -3.72175e-16 0)
(1.1 -7.5939e-16 0)
(1.1 -8.28607e-16 0)
(1.1 -7.38731e-16 0)
(1.1 -3.14176e-16 0)
(1.1 -3.93009e-16 0)
(1.1 3.8118e-16 0)
(1.1 1.70021e-16 0)
(1.1 -2.7609e-16 0)
(1.1 -4.51874e-16 0)
(1.1 -2.19684e-16 0)
(1.1 3.26411e-17 0)
(1.1 -2.49762e-16 0)
(1.1 -3.07391e-16 0)
(1.1 1.84665e-16 0)
(1.1 1.67368e-16 0)
(1.1 1.96798e-16 0)
(1.1 1.35531e-16 0)
(1.1 2.63103e-16 0)
(1.1 5.66853e-16 0)
(1.1 8.34223e-16 0)
(1.1 1.11841e-15 0)
(1.1 8.37803e-16 0)
(1.1 3.39929e-16 0)
(1.1 2.84527e-16 0)
(1.1 -1.89674e-16 0)
(1.1 -7.83598e-17 0)
(1.1 -4.15081e-16 0)
(1.1 -6.05397e-16 0)
(1.1 -4.49331e-16 0)
(1.1 -3.57482e-16 0)
(1.1 1.07682e-16 0)
(1.1 2.13862e-17 0)
(1.1 1.94017e-16 0)
(1.1 2.74703e-17 0)
(1.1 -2.92982e-16 0)
(1.1 -3.33594e-16 0)
(1.1 -3.81145e-16 0)
(1.1 -3.78489e-16 0)
(1.1 -6.2816e-16 0)
(1.1 -3.31008e-16 0)
(1.1 -1.41289e-16 0)
(1.1 -1.55429e-16 0)
(1.1 4.58472e-16 0)
(1.1 6.43337e-16 0)
(1.1 1.02596e-15 0)
(1.1 5.18694e-16 0)
(1.1 1.22604e-15 0)
(1.1 1.01723e-15 0)
(1.1 7.59099e-16 0)
(1.1 4.08203e-16 0)
(1.1 5.02417e-16 0)
(1.1 2.58505e-16 0)
(1.1 -2.15277e-16 0)
(1.1 -2.1116e-16 0)
(1.1 -4.70741e-17 0)
(1.1 -9.65277e-17 0)
(1.1 -3.20695e-17 0)
(1.1 -3.29704e-16 0)
(1.1 -1.73345e-16 0)
(1.1 -1.02163e-16 0)
(1.1 1.94464e-16 0)
(1.1 -6.20181e-17 0)
(1.1 -3.02597e-16 0)
(1.1 -9.31277e-16 0)
(1.1 -1.27376e-15 0)
(1.1 -1.09681e-15 0)
(1.1 -4.26527e-16 0)
(1.1 -6.90621e-16 0)
(1.1 -5.98015e-16 0)
(1.1 8.35835e-16 0)
(1.1 9.73579e-16 0)
(1.1 8.11542e-16 0)
(1.1 2.12851e-16 0)
(1.1 8.20913e-16 0)
(1.1 3.84828e-16 0)
(1.1 4.87693e-17 0)
(1.1 4.22709e-16 0)
(1.1 4.95471e-16 0)
(1.1 8.41681e-16 0)
(1.1 4.26006e-16 0)
(1.1 6.25946e-16 0)
(1.1 2.26693e-16 0)
(1.1 -4.80191e-16 0)
(1.1 -4.1852e-16 0)
(1.1 -7.71567e-16 0)
(1.1 -1.24833e-15 0)
(1.1 -9.66573e-16 0)
(1.1 -1.21469e-16 0)
(1.1 -7.10646e-17 0)
(1.1 -8.07694e-17 0)
(1.1 -5.74395e-16 0)
(1.1 -5.69797e-16 0)
(1.1 -8.96742e-16 0)
(1.1 -7.51939e-16 0)
(1.1 -9.01407e-16 0)
(1.1 -6.18435e-16 0)
(1.1 9.94214e-16 0)
(1.1 1.2875e-15 0)
(1.1 9.95832e-16 0)
(1.1 5.92947e-16 0)
(1.1 6.25399e-16 0)
(1.1 -2.16394e-17 0)
(1.1 4.53181e-16 0)
(1.1 4.13796e-16 0)
(1.1 -2.40245e-17 0)
(1.1 5.83843e-16 0)
(1.1 9.53185e-16 0)
(1.1 7.3619e-16 0)
(1.1 1.79647e-16 0)
(1.1 -6.10273e-17 0)
(1.1 -6.41175e-17 0)
(1.1 -9.11684e-17 0)
(1.1 -7.36188e-16 0)
(1.1 -9.90243e-16 0)
(1.1 -8.25398e-16 0)
(1.1 -4.95762e-16 0)
(1.1 3.8614e-16 0)
(1.1 3.09414e-16 0)
(1.1 1.40849e-16 0)
(1.1 -3.18581e-16 0)
(1.1 -6.27395e-16 0)
(1.1 -4.23631e-16 0)
(1.1 -1.86014e-16 0)
(1.1 3.24591e-16 0)
(1.1 4.74624e-16 0)
(1.1 1.10377e-15 0)
(1.1 1.10826e-15 0)
(1.1 9.62986e-16 0)
(1.1 4.83099e-16 0)
(1.1 6.03811e-16 0)
(1.1 1.71123e-16 0)
(1.1 -1.02664e-16 0)
(1.1 1.6925e-16 0)
(1.1 4.4917e-16 0)
(1.1 3.77e-16 0)
(1.1 4.34075e-16 0)
(1.1 2.39386e-16 0)
(1.1 -1.46171e-16 0)
(1.1 -2.70713e-16 0)
(1.1 9.25599e-17 0)
(1.1 -3.02721e-16 0)
(1.1 -6.99449e-16 0)
(1.1 -4.80521e-16 0)
(1.1 -2.31532e-16 0)
(1.1 1.1714e-16 0)
(1.1 1.80205e-16 0)
(1.1 2.08548e-16 0)
(1.1 3.54243e-16 0)
(1.1 4.34637e-16 0)
(1.1 6.85932e-16 0)
(1.1 5.71041e-18 0)
(1.1 2.66292e-17 0)
(1.1 5.71918e-16 0)
(1.1 6.18708e-16 0)
(1.1 4.85701e-16 0)
(1.1 1.61268e-16 0)
(1.1 3.69773e-16 0)
(1.1 3.29319e-16 0)
(1.1 2.59601e-16 0)
(1.1 3.66485e-17 0)
(1.1 -1.34941e-16 0)
(1.1 2.62156e-16 0)
(1.1 4.1211e-16 0)
(1.1 -5.07601e-17 0)
(1.1 -5.83693e-16 0)
(1.1 -5.77025e-16 0)
(1.1 -4.66024e-17 0)
(1.1 1.09444e-16 0)
(1.1 -2.03041e-17 0)
(1.1 -1.24679e-16 0)
(1.1 -5.82069e-16 0)
(1.1 1.06418e-17 0)
(1.1 3.44793e-16 0)
(1.1 7.00287e-16 0)
(1.1 1.25462e-15 0)
(1.1 7.64698e-16 0)
(1.1 1.26737e-15 0)
(1.1 2.85324e-16 0)
(1.1 5.46261e-16 0)
(1.1 5.71221e-16 0)
(1.1 7.41705e-16 0)
(1.1 1.0527e-16 0)
(1.1 4.44181e-17 0)
(1.1 4.44306e-16 0)
(1.1 7.96907e-16 0)
(1.1 3.41318e-16 0)
(1.1 -2.35504e-16 0)
(1.1 -3.20416e-16 0)
(1.1 -6.03413e-17 0)
(1.1 3.29455e-16 0)
(1.1 6.82179e-17 0)
(1.1 -2.3181e-16 0)
(1.1 -3.04239e-16 0)
(1.1 -3.37487e-16 0)
(1.1 -2.26461e-16 0)
(1.1 -1.42826e-16 0)
(1.1 -2.59589e-16 0)
(1.1 -2.66356e-17 0)
(1.1 1.2254e-16 0)
(1.1 4.46333e-16 0)
(1.1 1.01125e-15 0)
(1.1 1.20987e-15 0)
(1.1 1.1297e-15 0)
(1.1 8.08137e-16 0)
(1.1 8.71411e-16 0)
(1.1 7.82971e-16 0)
(1.1 5.26878e-16 0)
(1.1 5.75304e-16 0)
(1.1 3.64781e-18 0)
(1.1 -5.14901e-16 0)
(1.1 -1.69514e-16 0)
(1.1 7.14915e-17 0)
(1.1 3.29968e-16 0)
(1.1 3.50049e-17 0)
(1.1 -3.99322e-16 0)
(1.1 -3.78807e-16 0)
(1.1 -1.34046e-16 0)
(1.1 4.36705e-17 0)
(1.1 -1.15704e-17 0)
(1.1 4.07828e-17 0)
(1.1 1.50406e-17 0)
(1.1 -2.39039e-16 0)
(1.1 -2.55228e-16 0)
(1.1 -3.83897e-16 0)
(1.1 4.26648e-16 0)
(1.1 4.68707e-16 0)
(1.1 5.37127e-16 0)
(1.1 1.29727e-15 0)
(1.1 1.37543e-15 0)
(1.1 1.43661e-15 0)
(1.1 1.44931e-16 0)
(1.1 1.14727e-15 0)
(1.1 5.79041e-16 0)
(1.1 1.99582e-16 0)
(1.1 -1.80496e-16 0)
(1.1 -6.12462e-16 0)
(1.1 -9.18639e-16 0)
(1.1 -1.19873e-15 0)
(1.1 -9.92681e-16 0)
(1.1 -4.97277e-16 0)
(1.1 1.23192e-16 0)
(1.1 -8.6406e-17 0)
(1.1 -2.03479e-16 0)
(1.1 -2.55778e-17 0)
(1.1 5.74808e-16 0)
(1.1 3.90367e-16 0)
(1.1 6.47067e-16 0)
(1.1 3.99692e-16 0)
(1.1 -1.88305e-16 0)
(1.1 -1.47273e-16 0)
(1.1 -2.83295e-16 0)
(1.1 7.30779e-16 0)
(1.1 8.3072e-16 0)
(1.1 9.65054e-16 0)
(1.1 1.17756e-15 0)
(1.1 1.36185e-15 0)
(1.1 1.16001e-15 0)
(1.1 6.56241e-16 0)
(1.1 4.9953e-16 0)
(1.1 9.30488e-17 0)
(1.1 4.95619e-16 0)
(1.1 -4.38264e-16 0)
(1.1 -1.10043e-15 0)
(1.1 -1.23175e-15 0)
(1.1 -1.36001e-15 0)
(1.1 -1.122e-15 0)
(1.1 -8.6028e-16 0)
(1.1 -1.62075e-16 0)
(1.1 -2.08654e-16 0)
(1.1 -8.5583e-17 0)
(1.1 4.6474e-16 0)
(1.1 8.06843e-16 0)
(1.1 9.72984e-16 0)
(1.1 8.97819e-16 0)
(1.1 2.48676e-16 0)
(1.1 -3.98048e-16 0)
(1.1 -1.36911e-16 0)
(1.1 2.6015e-16 0)
(1.1 -5.64343e-17 0)
(1.1 5.68743e-16 0)
(1.1 1.30797e-15 0)
(1.1 9.36243e-16 0)
(1.1 5.65215e-16 0)
(1.1 3.86395e-16 0)
(1.1 6.64134e-16 0)
(1.1 -1.05334e-16 0)
(1.1 -1.6491e-16 0)
(1.1 1.27606e-17 0)
(1.1 -2.11942e-16 0)
(1.1 -9.11639e-17 0)
(1.1 -3.95665e-16 0)
(1.1 -6.60656e-16 0)
(1.1 -6.76079e-16 0)
(1.1 -6.24155e-16 0)
(1.1 -9.38838e-16 0)
(1.1 -5.95142e-16 0)
(1.1 -3.94759e-16 0)
(1.1 2.98489e-16 0)
(1.1 3.32421e-17 0)
(1.1 8.56596e-16 0)
(1.1 7.19183e-16 0)
(1.1 2.27224e-16 0)
(1.1 -3.42707e-17 0)
(1.1 4.82889e-17 0)
(1.1 4.3841e-16 0)
(1.1 8.14846e-17 0)
(1.1 2.23625e-16 0)
(1.1 5.28883e-16 0)
(1.1 4.28424e-16 0)
(1.1 8.75969e-17 0)
(1.1 1.9527e-16 0)
(1.1 4.94351e-16 0)
(1.1 -2.60136e-16 0)
(1.1 -5.23538e-16 0)
(1.1 -6.30015e-16 0)
(1.1 1.54859e-16 0)
(1.1 2.89702e-16 0)
(1.1 3.56983e-16 0)
(1.1 1.96605e-16 0)
(1.1 -3.16161e-16 0)
(1.1 -3.9827e-16 0)
(1.1 -6.11542e-16 0)
(1.1 -6.20294e-18 0)
(1.1 -1.7643e-16 0)
(1.1 -5.17729e-16 0)
(1.1 -2.49326e-16 0)
(1.1 1.69823e-17 0)
(1.1 5.25209e-18 0)
(1.1 1.76325e-16 0)
(1.1 8.64043e-17 0)
(1.1 -2.90805e-17 0)
(1.1 4.42725e-16 0)
(1.1 3.80081e-16 0)
(1.1 3.29274e-16 0)
(1.1 4.38303e-16 0)
(1.1 1.29638e-16 0)
(1.1 2.57332e-16 0)
(1.1 3.11322e-16 0)
(1.1 2.24577e-16 0)
(1.1 -1.28398e-16 0)
(1.1 -7.8593e-16 0)
(1.1 -8.34902e-16 0)
(1.1 -1.51112e-16 0)
(1.1 1.15709e-16 0)
(1.1 3.42679e-16 0)
(1.1 5.01602e-16 0)
(1.1 1.17719e-16 0)
(1.1 -2.49844e-16 0)
(1.1 -2.21398e-16 0)
(1.1 -2.26458e-16 0)
(1.1 -6.562e-16 0)
(1.1 -1.03597e-15 0)
(1.1 -5.99256e-16 0)
(1.1 -6.74596e-16 0)
(1.1 -8.31369e-16 0)
(1.1 -2.87974e-16 0)
(1.1 4.98979e-17 0)
(1.1 -3.03926e-16 0)
(1.1 -1.37291e-16 0)
(1.1 6.33148e-16 0)
(1.1 5.52904e-16 0)
(1.1 4.97538e-16 0)
(1.1 1.74156e-16 0)
(1.1 1.77141e-16 0)
(1.1 2.51525e-16 0)
(1.1 2.42203e-16 0)
(1.1 -6.35592e-16 0)
(1.1 -9.01849e-16 0)
(1.1 -8.39316e-16 0)
(1.1 -2.55501e-16 0)
(1.1 -1.38002e-16 0)
(1.1 4.44513e-17 0)
(1.1 -2.54771e-17 0)
(1.1 5.89138e-17 0)
(1.1 -3.84534e-16 0)
(1.1 -2.90849e-16 0)
(1.1 -6.58196e-16 0)
(1.1 -8.34498e-16 0)
(1.1 -3.99429e-16 0)
(1.1 -6.22331e-16 0)
(1.1 -4.13079e-16 0)
(1.1 -6.86331e-16 0)
(1.1 -5.44405e-16 0)
(1.1 -3.73084e-16 0)
(1.1 -8.53181e-16 0)
(1.1 -5.89934e-16 0)
(1.1 1.26258e-16 0)
(1.1 2.16724e-16 0)
(1.1 1.72422e-17 0)
(1.1 6.6884e-17 0)
(1.1 1.75015e-17 0)
(1.1 7.10093e-16 0)
(1.1 3.12213e-16 0)
(1.1 -1.09086e-15 0)
(1.1 -7.98317e-16 0)
(1.1 -6.90427e-16 0)
(1.1 -2.48365e-16 0)
(1.1 -3.61002e-16 0)
(1.1 -4.53357e-16 0)
(1.1 -4.87334e-16 0)
(1.1 -2.57469e-16 0)
(1.1 -3.4535e-16 0)
(1.1 -2.54358e-16 0)
(1.1 -4.88021e-16 0)
(1.1 -7.06424e-16 0)
(1.1 -8.96556e-16 0)
(1.1 -4.35045e-16 0)
(1.1 -5.38091e-16 0)
(1.1 -7.88746e-16 0)
(1.1 -9.75159e-16 0)
(1.1 -9.62165e-16 0)
(1.1 -1.0057e-15 0)
(1.1 -1.54971e-16 0)
(1.1 3.11984e-16 0)
(1.1 2.82107e-16 0)
(1.1 -1.67013e-16 0)
(1.1 6.37618e-17 0)
(1.1 2.59858e-16 0)
(1.1 4.3027e-16 0)
(1.1 1.31435e-16 0)
(1.1 -6.38725e-16 0)
(1.1 -3.66491e-16 0)
(1.1 -4.1948e-16 0)
(1.1 -5.61762e-16 0)
(1.1 -6.7159e-16 0)
(1.1 -8.07455e-16 0)
(1.1 -7.17488e-16 0)
(1.1 -3.17781e-16 0)
(1.1 -3.38266e-16 0)
(1.1 -3.75124e-16 0)
(1.1 -7.24729e-16 0)
(1.1 -5.04173e-16 0)
(1.1 -9.3336e-16 0)
(1.1 -6.33536e-16 0)
(1.1 -1.21028e-15 0)
(1.1 -1.35676e-15 0)
(1.1 -1.12889e-15 0)
(1.1 -6.60599e-16 0)
(1.1 1.94086e-16 0)
(1.1 8.87818e-16 0)
(1.1 9.19038e-16 0)
(1.1 7.88794e-16 0)
(1.1 2.07532e-16 0)
(1.1 6.04653e-17 0)
(1.1 1.80037e-16 0)
(1.1 2.75593e-16 0)
(1.1 3.79508e-16 0)
(1.1 -3.65203e-16 0)
(1.1 -2.94372e-16 0)
(1.1 -3.57798e-17 0)
(1.1 -4.15823e-16 0)
(1.1 -4.98341e-16 0)
(1.1 -4.76185e-16 0)
(1.1 -5.55765e-16 0)
(1.1 -4.15679e-16 0)
(1.1 -5.56e-16 0)
(1.1 -3.21171e-16 0)
(1.1 -3.8456e-16 0)
(1.1 -1.23619e-16 0)
(1.1 -8.51505e-16 0)
(1.1 -1.26007e-15 0)
(1.1 -1.6228e-15 0)
(1.1 -1.5621e-15 0)
(1.1 -9.43201e-16 0)
(1.1 -2.86936e-16 0)
(1.1 1.06704e-15 0)
(1.1 9.602e-16 0)
(1.1 6.13827e-16 0)
(1.1 3.38377e-16 0)
(1.1 1.19956e-16 0)
(1.1 1.5817e-16 0)
(1.1 1.70504e-16 0)
(1.1 2.52522e-16 0)
(1.1 1.69995e-16 0)
(1.1 -4.05813e-16 0)
(1.1 -2.02124e-16 0)
(1.1 -2.35743e-16 0)
(1.1 -2.72992e-16 0)
(1.1 -1.33383e-16 0)
(1.1 -1.22957e-16 0)
(1.1 -3.33276e-16 0)
(1.1 -3.33538e-16 0)
(1.1 -1.28599e-16 0)
(1.1 -6.47659e-17 0)
(1.1 -1.94304e-16 0)
(1.1 -4.64614e-16 0)
(1.1 -5.07305e-16 0)
(1.1 -9.16799e-16 0)
(1.1 -8.92043e-16 0)
(1.1 -7.96566e-16 0)
(1.1 -2.66172e-16 0)
(1.1 1.27808e-16 0)
(1.1 5.8884e-16 0)
(1.1 1.70688e-16 0)
(1.1 2.15814e-16 0)
(1.1 -3.73454e-16 0)
(1.1 -2.94996e-16 0)
(1.1 1.93101e-16 0)
(1.1 3.2681e-16 0)
(1.1 1.65836e-16 0)
(1.1 -9.46084e-17 0)
(1.1 -2.265e-16 0)
(1.1 1.18859e-16 0)
(1.1 8.18313e-18 0)
(1.1 -4.64276e-16 0)
(1.1 -3.3791e-16 0)
(1.1 -4.4484e-16 0)
(1.1 -4.13211e-16 0)
(1.1 -1.82739e-16 0)
(1.1 9.48425e-18 0)
(1.1 -1.2584e-16 0)
(1.1 1.96137e-16 0)
(1.1 -7.56417e-17 0)
(1.1 -1.10505e-16 0)
(1.1 -2.12064e-16 0)
(1.1 -1.16273e-16 0)
(1.1 9.19384e-17 0)
(1.1 3.11668e-16 0)
(1.1 1.34607e-16 0)
(1.1 -3.28191e-16 0)
(1.1 -4.95974e-16 0)
(1.1 -6.43361e-16 0)
(1.1 -6.86237e-16 0)
(1.1 -5.50957e-16 0)
(1.1 -3.91771e-16 0)
(1.1 -1.5214e-16 0)
(1.1 -1.98684e-16 0)
(1.1 7.07575e-17 0)
(1.1 2.96197e-16 0)
(1.1 6.64697e-16 0)
(1.1 2.81471e-16 0)
(1.1 -3.66113e-16 0)
(1.1 -4.81007e-16 0)
(1.1 -8.04921e-16 0)
(1.1 -8.02282e-16 0)
(1.1 -4.38991e-16 0)
(1.1 -3.19985e-16 0)
(1.1 -3.51158e-16 0)
(1.1 2.19258e-16 0)
(1.1 4.96659e-16 0)
(1.1 5.02639e-16 0)
(1.1 9.92365e-17 0)
(1.1 -3.00022e-16 0)
(1.1 3.69324e-16 0)
(1.1 3.27927e-16 0)
(1.1 -1.23147e-16 0)
(1.1 -5.93683e-16 0)
(1.1 -9.37834e-16 0)
(1.1 -1.08995e-15 0)
(1.1 -8.60458e-16 0)
(1.1 -9.63365e-16 0)
(1.1 -9.84383e-16 0)
(1.1 -6.57511e-16 0)
(1.1 -4.40032e-16 0)
(1.1 -5.54088e-17 0)
(1.1 4.31535e-16 0)
(1.1 5.18409e-16 0)
(1.1 -6.98038e-17 0)
(1.1 1.48927e-16 0)
(1.1 -6.08746e-17 0)
(1.1 -4.75217e-16 0)
(1.1 -6.96288e-16 0)
(1.1 -7.86907e-16 0)
(1.1 -4.34746e-16 0)
(1.1 -2.6528e-16 0)
(1.1 -5.28531e-18 0)
(1.1 6.64259e-16 0)
(1.1 6.66561e-16 0)
(1.1 3.18201e-16 0)
(1.1 2.12907e-16 0)
(1.1 2.57145e-16 0)
(1.1 -1.68672e-16 0)
(1.1 -3.98684e-16 0)
(1.1 -3.62885e-16 0)
(1.1 -5.62072e-16 0)
(1.1 -4.7089e-16 0)
(1.1 -3.51314e-16 0)
(1.1 -8.40007e-16 0)
(1.1 -1.16817e-15 0)
(1.1 -8.84152e-16 0)
(1.1 -5.33522e-16 0)
(1.1 -2.49553e-16 0)
(1.1 2.97783e-16 0)
(1.1 1.76002e-16 0)
(1.1 1.42194e-16 0)
(1.1 2.77887e-17 0)
(1.1 -2.22337e-16 0)
(1.1 -7.93141e-17 0)
(1.1 -3.8527e-16 0)
(1.1 -8.13352e-16 0)
(1.1 -7.08573e-16 0)
(1.1 -3.82323e-16 0)
(1.1 -2.40697e-16 0)
(1.1 6.17586e-17 0)
(1.1 5.94427e-16 0)
(1.1 3.73919e-16 0)
(1.1 3.80307e-16 0)
(1.1 -2.34913e-16 0)
(1.1 -5.45406e-16 0)
(1.1 -6.52417e-16 0)
(1.1 -4.70659e-16 0)
(1.1 -4.64836e-16 0)
(1.1 -6.52564e-16 0)
(1.1 -5.78591e-16 0)
(1.1 -7.69731e-16 0)
(1.1 -8.62613e-16 0)
(1.1 -9.19519e-16 0)
(1.1 -5.48407e-16 0)
(1.1 -5.14262e-16 0)
(1.1 2.83505e-16 0)
(1.1 1.71149e-16 0)
(1.1 -1.31859e-16 0)
(1.1 -9.1258e-16 0)
(1.1 -3.55072e-16 0)
(1.1 3.94073e-16 0)
(1.1 6.88115e-16 0)
(1.1 -3.41438e-17 0)
(1.1 -5.70659e-16 0)
(1.1 -4.07707e-16 0)
(1.1 -4.68652e-16 0)
(1.1 -2.98777e-16 0)
(1.1 3.44636e-16 0)
(1.1 2.89335e-17 0)
(1.1 -3.21273e-16 0)
(1.1 -7.25362e-16 0)
(1.1 -8.10484e-16 0)
(1.1 -4.41485e-16 0)
(1.1 -7.30088e-16 0)
(1.1 -6.84537e-16 0)
(1.1 -1.07086e-15 0)
(1.1 -9.2442e-16 0)
(1.1 -1.19659e-15 0)
(1.1 -1.02888e-15 0)
(1.1 -7.96126e-16 0)
(1.1 -7.90129e-16 0)
(1.1 -7.90268e-16 0)
(1.1 2.35922e-16 0)
(1.1 -8.44361e-17 0)
(1.1 -8.22459e-16 0)
(1.1 -2.0994e-16 0)
(1.1 4.99913e-17 0)
(1.1 2.22511e-16 0)
(1.1 3.20454e-16 0)
(1.1 2.47784e-16 0)
(1.1 -3.64182e-16 0)
(1.1 -6.47165e-16 0)
(1.1 -7.34749e-16 0)
(1.1 -5.67326e-16 0)
(1.1 -4.77969e-16 0)
(1.1 -4.86319e-16 0)
(1.1 -5.91299e-16 0)
(1.1 -6.4219e-16 0)
(1.1 -6.78095e-16 0)
(1.1 -3.13521e-16 0)
(1.1 -4.3574e-16 0)
(1.1 -6.59561e-16 0)
(1.1 -1.28533e-15 0)
(1.1 -1.10734e-15 0)
(1.1 -7.59256e-16 0)
(1.1 -3.11222e-16 0)
(1.1 -5.53089e-16 0)
(1.1 -7.93352e-16 0)
(1.1 -9.06775e-16 0)
(1.1 -1.2955e-16 0)
(1.1 -2.4299e-16 0)
(1.1 4.90196e-17 0)
(1.1 5.88514e-16 0)
(1.1 1.95634e-18 0)
(1.1 -1.06412e-16 0)
(1.1 -4.1472e-17 0)
(1.1 5.83454e-17 0)
(1.1 -5.37178e-16 0)
(1.1 -1.30687e-15 0)
(1.1 -1.02623e-15 0)
(1.1 -1.19714e-15 0)
(1.1 -1.34325e-15 0)
(1.1 -1.19365e-15 0)
(1.1 -1.18149e-15 0)
(1.1 -1.05188e-15 0)
(1.1 -7.20335e-16 0)
(1.1 -7.63765e-16 0)
(1.1 -2.82647e-16 0)
(1.1 -3.82139e-16 0)
(1.1 -8.063e-16 0)
(1.1 -5.82509e-16 0)
(1.1 -3.67908e-16 0)
(1.1 -5.93193e-17 0)
(1.1 -3.03148e-16 0)
(1.1 -3.36482e-16 0)
(1.1 -6.5491e-17 0)
(1.1 -2.75729e-16 0)
(1.1 -8.27299e-17 0)
(1.1 6.41283e-16 0)
(1.1 6.40356e-16 0)
(1.1 1.42421e-16 0)
(1.1 -1.21717e-16 0)
(1.1 -3.33411e-17 0)
(1.1 -1.83701e-16 0)
(1.1 -6.91697e-16 0)
(1.1 -1.08576e-15 0)
(1.1 -8.58645e-16 0)
(1.1 -1.11383e-15 0)
(1.1 -1.37965e-15 0)
(1.1 -1.2726e-15 0)
(1.1 -1.52427e-15 0)
(1.1 -1.37673e-15 0)
(1.1 -1.10033e-15 0)
(1.1 -1.06789e-15 0)
(1.1 -3.70629e-16 0)
(1.1 -8.49893e-16 0)
(1.1 -3.79793e-16 0)
(1.1 -4.03864e-16 0)
(1.1 9.74265e-17 0)
(1.1 -1.42267e-16 0)
(1.1 -5.27248e-17 0)
(1.1 -2.87012e-16 0)
(1.1 5.15676e-16 0)
(1.1 -5.82091e-16 0)
(1.1 7.08938e-17 0)
(1.1 4.23631e-16 0)
(1.1 4.29449e-16 0)
(1.1 6.45379e-16 0)
(1.1 4.40276e-17 0)
(1.1 -6.8044e-16 0)
(1.1 -8.35943e-16 0)
(1.1 -5.48176e-16 0)
(1.1 -1.19389e-16 0)
(1.1 -3.85244e-16 0)
(1.1 -9.67154e-16 0)
(1.1 -1.04904e-15 0)
(1.1 -7.00981e-16 0)
(1.1 -5.81151e-16 0)
(1.1 -6.88677e-16 0)
(1.1 -5.62654e-16 0)
(1.1 -6.6502e-16 0)
(1.1 -4.67163e-16 0)
(1.1 -9.92566e-16 0)
(1.1 -5.04661e-16 0)
(1.1 -2.86789e-16 0)
(1.1 4.94877e-16 0)
(1.1 4.31373e-16 0)
(1.1 -1.64166e-16 0)
(1.1 -4.44181e-16 0)
(1.1 2.42843e-16 0)
(1.1 -6.49183e-17 0)
(1.1 1.89954e-16 0)
(1.1 1.2522e-16 0)
(1.1 2.09029e-16 0)
(1.1 3.16134e-16 0)
(1.1 3.40589e-17 0)
(1.1 -4.28099e-16 0)
(1.1 -4.98884e-16 0)
(1.1 -7.23921e-17 0)
(1.1 -7.89271e-17 0)
(1.1 -3.339e-16 0)
(1.1 -8.21978e-16 0)
(1.1 -4.48113e-16 0)
(1.1 -2.71564e-16 0)
(1.1 1.04339e-16 0)
(1.1 5.00483e-16 0)
(1.1 2.03279e-16 0)
(1.1 -2.21856e-16 0)
(1.1 -8.11409e-16 0)
(1.1 -9.08013e-16 0)
(1.1 -5.15754e-16 0)
(1.1 -4.42711e-16 0)
(1.1 -8.68036e-17 0)
(1.1 2.41712e-16 0)
(1.1 -1.11596e-16 0)
(1.1 -2.08795e-16 0)
(1.1 -1.78179e-17 0)
(1.1 2.07509e-16 0)
(1.1 2.08379e-16 0)
(1.1 -3.07076e-16 0)
(1.1 -5.64468e-16 0)
(1.1 -3.80851e-16 0)
(1.1 -2.64889e-16 0)
(1.1 -3.82025e-16 0)
(1.1 1.28655e-16 0)
(1.1 -1.05417e-16 0)
(1.1 -4.80539e-16 0)
(1.1 -5.35982e-16 0)
(1.1 -1.88382e-16 0)
(1.1 1.33046e-16 0)
(1.1 -4.93408e-18 0)
(1.1 3.53969e-16 0)
(1.1 8.60855e-16 0)
(1.1 8.149e-16 0)
(1.1 4.16014e-16 0)
(1.1 -1.87897e-16 0)
(1.1 -8.83402e-17 0)
(1.1 -6.9054e-16 0)
(1.1 -5.09594e-16 0)
(1.1 -5.85857e-16 0)
(1.1 -8.80063e-16 0)
(1.1 -6.65407e-16 0)
(1.1 -3.02758e-16 0)
(1.1 -2.48014e-16 0)
(1.1 -9.85116e-17 0)
(1.1 -9.41452e-17 0)
(1.1 -2.79873e-16 0)
(1.1 -6.58623e-16 0)
(1.1 -6.97253e-16 0)
(1.1 -9.95363e-16 0)
(1.1 -7.90031e-16 0)
(1.1 -2.78324e-16 0)
(1.1 -2.88885e-16 0)
(1.1 -7.79226e-18 0)
(1.1 -4.52676e-17 0)
(1.1 9.20851e-17 0)
(1.1 -7.52216e-17 0)
(1.1 1.78501e-17 0)
(1.1 4.4076e-16 0)
(1.1 5.63361e-16 0)
(1.1 3.3737e-16 0)
(1.1 3.93989e-17 0)
(1.1 1.39116e-16 0)
(1.1 1.12007e-17 0)
(1.1 -7.63172e-16 0)
(1.1 -3.0079e-16 0)
(1.1 -3.62363e-16 0)
(1.1 -6.59192e-16 0)
(1.1 -5.37991e-16 0)
(1.1 -4.53281e-16 0)
(1.1 -4.2919e-16 0)
(1.1 -6.43955e-17 0)
(1.1 -2.7792e-16 0)
(1.1 -1.05239e-16 0)
(1.1 -3.22835e-16 0)
(1.1 -7.56328e-16 0)
(1.1 -6.37036e-16 0)
(1.1 -1.37676e-16 0)
(1.1 -4.54218e-16 0)
(1.1 -3.44697e-17 0)
(1.1 4.31115e-16 0)
(1.1 3.90072e-16 0)
(1.1 8.23097e-17 0)
(1.1 -9.63657e-17 0)
(1.1 1.07712e-16 0)
(1.1 3.08576e-16 0)
(1.1 1.41754e-16 0)
(1.1 -3.45276e-17 0)
(1.1 -4.13094e-16 0)
(1.1 -4.55938e-16 0)
(1.1 -5.0397e-16 0)
(1.1 -7.23908e-16 0)
(1.1 -5.74029e-16 0)
(1.1 -7.65075e-16 0)
(1.1 -3.16138e-16 0)
(1.1 -3.78548e-16 0)
(1.1 -3.45753e-16 0)
(1.1 -5.68834e-16 0)
(1.1 -4.01614e-18 0)
(1.1 -7.02105e-16 0)
(1.1 -6.6498e-16 0)
(1.1 -7.7802e-16 0)
(1.1 -1.25785e-15 0)
(1.1 -8.46831e-16 0)
(1.1 2.24558e-17 0)
(1.1 -4.88147e-17 0)
(1.1 1.97458e-16 0)
(1.1 -1.25056e-16 0)
(1.1 -1.90797e-16 0)
(1.1 1.29541e-16 0)
(1.1 -7.59103e-17 0)
(1.1 2.43485e-16 0)
(1.1 2.67124e-17 0)
(1.1 -3.89198e-16 0)
(1.1 -3.47446e-16 0)
(1.1 -7.9883e-17 0)
(1.1 -7.32691e-16 0)
(1.1 -6.32661e-16 0)
(1.1 -3.35724e-16 0)
(1.1 -1.84392e-16 0)
(1.1 -1.31378e-16 0)
(1.1 -2.06473e-16 0)
(1.1 -4.84086e-16 0)
(1.1 -3.57667e-16 0)
(1.1 -4.62393e-16 0)
(1.1 -3.83063e-16 0)
(1.1 -9.17944e-16 0)
(1.1 -9.73709e-16 0)
(1.1 -7.48876e-16 0)
(1.1 -5.09557e-16 0)
(1.1 8.35272e-17 0)
(1.1 1.21298e-17 0)
(1.1 -7.53722e-17 0)
(1.1 -3.46321e-16 0)
(1.1 -3.45399e-16 0)
(1.1 -1.67583e-16 0)
(1.1 1.87405e-16 0)
(1.1 3.00942e-16 0)
(1.1 2.93522e-16 0)
(1.1 -1.27952e-16 0)
(1.1 -5.24538e-16 0)
(1.1 -5.57227e-16 0)
(1.1 -3.76105e-16 0)
(1.1 -1.12712e-15 0)
(1.1 -1.15664e-15 0)
(1.1 -5.70287e-16 0)
(1.1 -4.6218e-16 0)
(1.1 -2.43784e-16 0)
(1.1 -1.61577e-16 0)
(1.1 -2.80654e-16 0)
(1.1 3.96421e-16 0)
(1.1 7.37204e-17 0)
(1.1 -6.95941e-16 0)
(1.1 -7.4699e-16 0)
(1.1 -4.63503e-16 0)
(1.1 1.22207e-17 0)
(1.1 3.93855e-16 0)
(1.1 5.65296e-16 0)
(1.1 3.77965e-16 0)
(1.1 6.54276e-16 0)
(1.1 2.97163e-16 0)
(1.1 2.44862e-16 0)
(1.1 3.31024e-16 0)
(1.1 2.60333e-16 0)
(1.1 2.91087e-16 0)
(1.1 5.75314e-16 0)
(1.1 5.09242e-16 0)
(1.1 2.02781e-16 0)
(1.1 -2.79611e-16 0)
(1.1 -7.11381e-16 0)
(1.1 -8.46953e-16 0)
(1.1 -8.17925e-16 0)
(1.1 -5.46588e-16 0)
(1.1 -1.04331e-15 0)
(1.1 -9.48867e-16 0)
(1.1 -5.11041e-16 0)
(1.1 -1.56339e-17 0)
(1.1 4.46275e-16 0)
(1.1 4.47338e-16 0)
(1.1 -8.6937e-16 0)
(1.1 -4.65924e-16 0)
(1.1 -5.48829e-17 0)
(1.1 2.11557e-16 0)
(1.1 6.18052e-16 0)
(1.1 4.09022e-16 0)
(1.1 3.14196e-16 0)
(1.1 5.56991e-16 0)
(1.1 6.39864e-16 0)
(1.1 3.80155e-16 0)
(1.1 2.41004e-16 0)
(1.1 3.09873e-17 0)
(1.1 -2.2457e-16 0)
(1.1 3.4937e-16 0)
(1.1 2.25253e-16 0)
(1.1 3.03596e-16 0)
(1.1 -2.07947e-16 0)
(1.1 -8.87484e-16 0)
(1.1 -4.87131e-16 0)
(1.1 -6.00611e-16 0)
(1.1 -9.23592e-16 0)
(1.1 -1.15849e-15 0)
(1.1 -1.33792e-15 0)
(1.1 -8.23802e-16 0)
(1.1 -1.65719e-16 0)
(1.1 -6.12718e-17 0)
(1.1 3.2883e-16 0)
(1.1 -4.27078e-16 0)
(1.1 -1.87153e-16 0)
(1.1 -2.60608e-16 0)
(1.1 -9.34451e-17 0)
(1.1 4.16734e-16 0)
(1.1 4.28625e-16 0)
(1.1 5.08475e-16 0)
(1.1 2.64806e-16 0)
(1.1 6.5478e-17 0)
(1.1 -7.43628e-17 0)
(1.1 -1.6133e-16 0)
(1.1 -7.40574e-17 0)
(1.1 -2.3347e-16 0)
(1.1 -6.78528e-16 0)
(1.1 -3.11719e-16 0)
(1.1 -3.37637e-16 0)
(1.1 -6.44576e-16 0)
(1.1 -9.71823e-16 0)
(1.1 -5.9867e-16 0)
(1.1 -7.93e-16 0)
(1.1 -1.40101e-15 0)
(1.1 -1.34716e-15 0)
(1.1 -1.23262e-15 0)
(1.1 -7.44531e-16 0)
(1.1 1.25821e-16 0)
(1.1 -2.03406e-16 0)
(1.1 -5.07367e-16 0)
(1.1 1.33245e-16 0)
(1.1 2.69027e-16 0)
(1.1 3.65976e-16 0)
(1.1 -9.33889e-17 0)
(1.1 -3.06686e-16 0)
(1.1 -8.59625e-17 0)
(1.1 -6.5848e-17 0)
(1.1 1.64585e-16 0)
(1.1 1.62548e-16 0)
(1.1 3.50141e-16 0)
(1.1 2.24608e-16 0)
(1.1 1.41533e-16 0)
(1.1 6.76926e-17 0)
(1.1 -1.01261e-15 0)
(1.1 -9.01583e-16 0)
(1.1 -1.22562e-15 0)
(1.1 -1.0659e-15 0)
(1.1 -8.42119e-16 0)
(1.1 -3.23174e-16 0)
(1.1 -2.24179e-16 0)
(1.1 -6.29433e-16 0)
(1.1 -1.3298e-15 0)
(1.1 -1.00504e-15 0)
(1.1 -8.83126e-16 0)
(1.1 -2.25617e-16 0)
(1.1 -3.92365e-16 0)
(1.1 -2.68874e-16 0)
(1.1 5.59437e-16 0)
(1.1 5.3458e-16 0)
(1.1 5.36863e-16 0)
(1.1 -2.03298e-16 0)
(1.1 -4.92114e-17 0)
(1.1 1.18953e-17 0)
(1.1 -5.48428e-17 0)
(1.1 -2.73867e-17 0)
(1.1 3.49181e-16 0)
(1.1 5.14053e-16 0)
(1.1 8.55589e-16 0)
(1.1 4.09683e-16 0)
(1.1 3.96765e-16 0)
(1.1 -9.02873e-17 0)
(1.1 -1.18403e-15 0)
(1.1 -1.72442e-15 0)
(1.1 -1.58723e-15 0)
(1.1 -1.33348e-15 0)
(1.1 -9.69988e-16 0)
(1.1 -2.94206e-16 0)
(1.1 -8.66881e-17 0)
(1.1 -6.73901e-16 0)
(1.1 -5.79979e-16 0)
(1.1 -8.6046e-16 0)
(1.1 -9.26175e-16 0)
(1.1 -7.7881e-16 0)
(1.1 -1.22722e-16 0)
(1.1 2.42519e-16 0)
(1.1 2.8233e-16 0)
(1.1 -1.74147e-16 0)
(1.1 -5.80175e-16 0)
(1.1 -5.98789e-16 0)
(1.1 -9.22477e-17 0)
(1.1 2.03343e-16 0)
(1.1 -2.97306e-16 0)
(1.1 1.20853e-16 0)
(1.1 -6.18526e-17 0)
(1.1 -4.34978e-17 0)
(1.1 2.66817e-17 0)
(1.1 1.0145e-16 0)
(1.1 -4.76955e-16 0)
(1.1 -1.16863e-15 0)
(1.1 -1.22968e-15 0)
(1.1 -1.65336e-15 0)
(1.1 -1.33138e-15 0)
(1.1 -1.31277e-15 0)
(1.1 -7.70356e-16 0)
(1.1 -2.22654e-16 0)
(1.1 -4.15583e-16 0)
(1.1 -1.57387e-16 0)
(1.1 -2.47423e-16 0)
(1.1 -6.72933e-16 0)
(1.1 -4.54708e-16 0)
(1.1 -3.65422e-16 0)
(1.1 -1.11155e-16 0)
(1.1 -4.10622e-16 0)
(1.1 -7.90921e-16 0)
(1.1 -1.36296e-16 0)
(1.1 -8.52455e-16 0)
(1.1 -7.80128e-16 0)
(1.1 -3.93019e-16 0)
(1.1 -8.86478e-16 0)
(1.1 -7.43748e-16 0)
(1.1 -5.92521e-16 0)
(1.1 -1.06353e-15 0)
(1.1 -7.65496e-16 0)
(1.1 -1.00822e-15 0)
(1.1 -1.25119e-15 0)
(1.1 -1.20953e-15 0)
(1.1 -7.84114e-16 0)
(1.1 -9.48807e-16 0)
(1.1 -9.18806e-16 0)
(1.1 -8.4541e-16 0)
(1.1 -4.9577e-16 0)
(1.1 -3.21572e-16 0)
(1.1 -1.79762e-17 0)
(1.1 1.84416e-16 0)
(1.1 3.33945e-16 0)
(1.1 4.17648e-17 0)
(1.1 3.18441e-17 0)
(1.1 -3.34354e-16 0)
(1.1 -5.85876e-17 0)
(1.1 -5.65626e-16 0)
(1.1 -6.68481e-16 0)
(1.1 -2.62429e-16 0)
(1.1 -3.94216e-16 0)
(1.1 -9.85496e-16 0)
(1.1 -9.93631e-16 0)
(1.1 -9.96524e-16 0)
(1.1 -1.27399e-15 0)
(1.1 -1.55988e-15 0)
(1.1 -2.1039e-15 0)
(1.1 -2.01371e-15 0)
(1.1 -1.80806e-15 0)
(1.1 -1.44733e-15 0)
(1.1 -7.93029e-16 0)
(1.1 -8.89323e-16 0)
(1.1 -3.92882e-16 0)
(1.1 -5.90139e-16 0)
(1.1 -4.37059e-16 0)
(1.1 -1.26895e-16 0)
(1.1 -1.3671e-16 0)
(1.1 7.71834e-16 0)
(1.1 8.8994e-16 0)
(1.1 5.6773e-16 0)
(1.1 5.63496e-16 0)
(1.1 4.32028e-16 0)
(1.1 -1.38087e-16 0)
(1.1 -1.89791e-16 0)
(1.1 -2.57109e-16 0)
(1.1 -4.31015e-16 0)
(1.1 -8.72621e-16 0)
(1.1 -8.31692e-16 0)
(1.1 -9.34398e-16 0)
(1.1 -9.90709e-16 0)
(1.1 -1.01948e-15 0)
(1.1 -1.68253e-15 0)
(1.1 -2.70677e-15 0)
(1.1 -2.62285e-15 0)
(1.1 -2.48538e-15 0)
(1.1 -1.53668e-15 0)
(1.1 -1.27464e-15 0)
(1.1 -1.08987e-15 0)
(1.1 -9.91204e-16 0)
(1.1 -3.1383e-16 0)
(1.1 -4.89845e-16 0)
(1.1 -3.85445e-16 0)
(1.1 -3.16586e-17 0)
(1.1 7.23048e-16 0)
(1.1 1.66418e-15 0)
(1.1 1.46766e-15 0)
(1.1 8.10183e-16 0)
(1.1 8.86519e-16 0)
(1.1 7.80846e-16 0)
(1.1 4.84174e-16 0)
(1.1 -4.78779e-16 0)
(1.1 -6.75574e-16 0)
(1.1 -1.10629e-15 0)
(1.1 -1.08697e-15 0)
(1.1 -6.60711e-16 0)
(1.1 -6.80313e-16 0)
(1.1 -1.30478e-15 0)
(1.1 -1.29695e-15 0)
(1.1 -1.81146e-15 0)
(1.1 -2.44704e-15 0)
(1.1 -2.11978e-15 0)
(1.1 -2.41502e-15 0)
(1.1 -2.14033e-15 0)
(1.1 -1.5936e-15 0)
(1.1 -7.9025e-16 0)
(1.1 -5.85941e-16 0)
(1.1 -6.42045e-16 0)
(1.1 -8.26449e-16 0)
(1.1 -3.33554e-16 0)
(1.1 -2.9827e-16 0)
(1.1 3.66685e-16 0)
(1.1 6.2418e-16 0)
(1.1 7.46215e-16 0)
(1.1 6.61958e-16 0)
(1.1 3.03097e-16 0)
(1.1 2.84443e-16 0)
(1.1 4.31427e-16 0)
(1.1 -8.85723e-16 0)
(1.1 -1.06085e-15 0)
(1.1 -1.36226e-15 0)
(1.1 -1.39415e-15 0)
(1.1 -1.206e-15 0)
(1.1 -1.1845e-15 0)
(1.1 -1.44928e-15 0)
(1.1 -1.52503e-15 0)
(1.1 -1.7441e-15 0)
(1.1 -1.98242e-15 0)
(1.1 -1.84811e-15 0)
(1.1 -2.25755e-15 0)
(1.1 -2.42476e-15 0)
(1.1 -1.73798e-15 0)
(1.1 -3.3245e-16 0)
(1.1 -7.75387e-16 0)
(1.1 -8.32947e-16 0)
(1.1 -8.40268e-16 0)
(1.1 -6.46638e-16 0)
(1.1 -8.55852e-16 0)
(1.1 -5.94942e-16 0)
(1.1 -3.66688e-16 0)
(1.1 -5.51559e-17 0)
(1.1 3.90568e-16 0)
(1.1 -2.71865e-16 0)
(1.1 -2.41935e-16 0)
(1.1 8.53422e-17 0)
(1.1 -6.15024e-16 0)
(1.1 -6.86373e-16 0)
(1.1 -9.24263e-16 0)
(1.1 -1.36033e-15 0)
(1.1 -1.54012e-15 0)
(1.1 -1.77804e-15 0)
(1.1 -1.94287e-15 0)
(1.1 -1.86513e-15 0)
(1.1 -1.74809e-15 0)
(1.1 -1.33874e-15 0)
(1.1 -8.24502e-16 0)
(1.1 -8.19188e-16 0)
(1.1 -1.78894e-15 0)
(1.1 -1.35883e-15 0)
(1.1 -1.726e-15 0)
(1.1 -1.54793e-15 0)
(1.1 -9.65667e-16 0)
(1.1 -6.29003e-16 0)
(1.1 -3.98815e-16 0)
(1.1 -3.42505e-16 0)
(1.1 -4.80312e-16 0)
(1.1 -1.03643e-16 0)
(1.1 1.24876e-17 0)
(1.1 -1.51809e-16 0)
(1.1 -4.39328e-16 0)
(1.1 -6.66267e-16 0)
(1.1 -5.02959e-16 0)
(1.1 2.04508e-17 0)
(1.1 -4.62781e-17 0)
(1.1 -5.17077e-16 0)
(1.1 -9.58285e-16 0)
(1.1 -1.58958e-15 0)
(1.1 -1.6563e-15 0)
(1.1 -1.88772e-15 0)
(1.1 -1.83749e-15 0)
(1.1 -1.40078e-15 0)
(1.1 -4.14141e-16 0)
(1.1 -5.21863e-16 0)
(1.1 -7.49544e-16 0)
(1.1 -9.30904e-16 0)
(1.1 -1.18488e-15 0)
(1.1 -1.52865e-15 0)
(1.1 -1.24822e-15 0)
(1.1 -8.3495e-16 0)
(1.1 -4.94012e-17 0)
(1.1 1.07296e-16 0)
(1.1 4.46228e-16 0)
(1.1 2.13829e-17 0)
(1.1 -5.93474e-18 0)
(1.1 -2.90514e-16 0)
(1.1 -4.15055e-16 0)
(1.1 -9.46259e-16 0)
(1.1 -1.24702e-15 0)
(1.1 -1.26177e-15 0)
(1.1 -3.03905e-16 0)
(1.1 -1.31076e-16 0)
(1.1 -3.06789e-16 0)
(1.1 -4.01604e-16 0)
(1.1 -1.14778e-15 0)
(1.1 -1.19978e-15 0)
(1.1 -7.97196e-16 0)
(1.1 -9.03571e-16 0)
(1.1 -7.13067e-16 0)
(1.1 -1.00506e-15 0)
(1.1 -1.54338e-15 0)
(1.1 -1.21191e-15 0)
)
;

boundaryField
{
    inlet
    {
        type            uniformFixedValue;
        uniformValue    table
        
2
(
(0 (1.1 0 0))
(8 (3 0 0))
)
;
        value           nonuniform 0();
    }
    outlet
    {
        type            inletOutlet;
        inletValue      nonuniform 0();
        value           nonuniform 0();
    }
    triangle
    {
        type            slip;
    }
    top
    {
        type            symmetryPlane;
    }
    bottom
    {
        type            symmetryPlane;
    }
    defaultFaces
    {
        type            empty;
    }
    procBoundary4to3
    {
        type            processor;
        value           nonuniform List<vector> 
119
(
(1.1 -2.36857e-16 0)
(1.1 -8.03168e-17 0)
(1.1 -3.42954e-16 0)
(1.1 -9.5012e-16 0)
(1.1 -1.19896e-15 0)
(1.1 -1.12725e-15 0)
(1.1 -6.72371e-16 0)
(1.1 -4.52468e-16 0)
(1.1 -1.65606e-16 0)
(1.1 -3.26657e-16 0)
(1.1 -4.54883e-16 0)
(1.1 -3.71726e-16 0)
(1.1 -2.48432e-16 0)
(1.1 -7.02643e-17 0)
(1.1 -5.20963e-16 0)
(1.1 -6.32812e-16 0)
(1.1 -7.25874e-16 0)
(1.1 -3.04867e-16 0)
(1.1 1.86864e-16 0)
(1.1 5.04962e-16 0)
(1.1 5.34346e-16 0)
(1.1 2.50472e-16 0)
(1.1 1.04218e-15 0)
(1.1 1.38098e-15 0)
(1.1 8.13741e-16 0)
(1.1 1.91742e-16 0)
(1.1 -1.41577e-16 0)
(1.1 1.19427e-17 0)
(1.1 -1.47524e-16 0)
(1.1 5.41075e-16 0)
(1.1 4.95287e-16 0)
(1.1 2.27065e-16 0)
(1.1 5.00649e-16 0)
(1.1 2.04577e-16 0)
(1.1 -4.199e-17 0)
(1.1 -1.75637e-16 0)
(1.1 9.69385e-17 0)
(1.1 -4.47198e-17 0)
(1.1 3.55758e-17 0)
(1.1 1.75055e-16 0)
(1.1 -1.41189e-16 0)
(1.1 -2.29316e-16 0)
(1.1 -8.61344e-16 0)
(1.1 -1.02192e-15 0)
(1.1 -7.08623e-16 0)
(1.1 -3.62423e-16 0)
(1.1 8.3972e-17 0)
(1.1 1.43729e-16 0)
(1.1 -1.62317e-16 0)
(1.1 -6.18457e-16 0)
(1.1 -1.81504e-16 0)
(1.1 3.92963e-16 0)
(1.1 7.97049e-16 0)
(1.1 9.12365e-16 0)
(1.1 9.9442e-16 0)
(1.1 5.65557e-16 0)
(1.1 3.28351e-17 0)
(1.1 7.2874e-18 0)
(1.1 1.25381e-16 0)
(1.1 -2.00946e-16 0)
(1.1 -6.92844e-16 0)
(1.1 -5.87454e-16 0)
(1.1 -5.41377e-16 0)
(1.1 -8.1039e-16 0)
(1.1 -1.71492e-15 0)
(1.1 -2.00772e-15 0)
(1.1 -1.44715e-15 0)
(1.1 -5.62763e-16 0)
(1.1 -3.77345e-16 0)
(1.1 3.59058e-16 0)
(1.1 9.11827e-16 0)
(1.1 4.45858e-16 0)
(1.1 -1.72332e-16 0)
(1.1 3.26852e-17 0)
(1.1 9.676e-17 0)
(1.1 6.36773e-16 0)
(1.1 3.21721e-16 0)
(1.1 1.00079e-16 0)
(1.1 4.24314e-16 0)
(1.1 7.14439e-16 0)
(1.1 8.16076e-16 0)
(1.1 8.15869e-16 0)
(1.1 4.01613e-16 0)
(1.1 2.95321e-17 0)
(1.1 -5.96737e-17 0)
(1.1 -3.68367e-16 0)
(1.1 -2.68974e-16 0)
(1.1 -2.2401e-16 0)
(1.1 -3.42336e-16 0)
(1.1 -7.4094e-16 0)
(1.1 -7.85275e-16 0)
(1.1 -3.15572e-16 0)
(1.1 4.41895e-16 0)
(1.1 3.98352e-16 0)
(1.1 -6.97396e-16 0)
(1.1 1.10386e-16 0)
(1.1 8.80795e-16 0)
(1.1 2.94909e-16 0)
(1.1 -3.42194e-16 0)
(1.1 -9.55287e-16 0)
(1.1 -1.85931e-16 0)
(1.1 2.58332e-16 0)
(1.1 1.10054e-16 0)
(1.1 3.29983e-16 0)
(1.1 2.19628e-16 0)
(1.1 -6.76858e-17 0)
(1.1 -6.87695e-16 0)
(1.1 -5.21186e-16 0)
(1.1 -1.35764e-16 0)
(1.1 -1.85674e-16 0)
(1.1 -2.3608e-16 0)
(1.1 -2.68525e-16 0)
(1.1 1.29863e-17 0)
(1.1 3.07732e-16 0)
(1.1 1.44608e-16 0)
(1.1 -5.45197e-17 0)
(1.1 -4.53757e-16 0)
(1.1 -4.95908e-16 0)
(1.1 -5.45724e-16 0)
)
;
    }
    procBoundary4to5
    {
        type            processor;
        value           nonuniform List<vector> 
119
(
(1.1 -9.56741e-17 0)
(1.1 -8.77822e-16 0)
(1.1 -1.45888e-15 0)
(1.1 -1.06715e-15 0)
(1.1 -7.24656e-16 0)
(1.1 -3.31609e-16 0)
(1.1 4.02282e-16 0)
(1.1 9.2578e-16 0)
(1.1 1.05214e-15 0)
(1.1 1.19821e-15 0)
(1.1 1.08722e-15 0)
(1.1 1.29631e-15 0)
(1.1 1.24002e-15 0)
(1.1 5.08336e-16 0)
(1.1 3.53523e-16 0)
(1.1 6.40741e-16 0)
(1.1 2.9344e-16 0)
(1.1 8.02748e-16 0)
(1.1 6.90638e-16 0)
(1.1 -8.56469e-17 0)
(1.1 2.08818e-16 0)
(1.1 4.54731e-16 0)
(1.1 6.93877e-16 0)
(1.1 6.62923e-17 0)
(1.1 -7.09621e-16 0)
(1.1 -3.48522e-16 0)
(1.1 -3.14535e-17 0)
(1.1 -4.88253e-16 0)
(1.1 -1.8324e-16 0)
(1.1 4.18116e-17 0)
(1.1 -1.89656e-16 0)
(1.1 3.55262e-16 0)
(1.1 2.88659e-16 0)
(1.1 -3.18215e-17 0)
(1.1 -1.4835e-16 0)
(1.1 1.40239e-16 0)
(1.1 -2.4667e-16 0)
(1.1 -2.707e-16 0)
(1.1 5.20199e-16 0)
(1.1 5.66709e-16 0)
(1.1 2.78163e-17 0)
(1.1 -4.69569e-16 0)
(1.1 -3.95201e-16 0)
(1.1 1.01923e-17 0)
(1.1 1.7992e-16 0)
(1.1 2.9877e-16 0)
(1.1 -8.52999e-18 0)
(1.1 2.23305e-16 0)
(1.1 4.31959e-16 0)
(1.1 4.66498e-17 0)
(1.1 2.2542e-16 0)
(1.1 -1.12202e-16 0)
(1.1 -2.66365e-17 0)
(1.1 5.2161e-16 0)
(1.1 4.6377e-16 0)
(1.1 1.77268e-16 0)
(1.1 5.57774e-17 0)
(1.1 5.47541e-16 0)
(1.1 -1.07491e-17 0)
(1.1 3.0823e-17 0)
(1.1 -3.76014e-16 0)
(1.1 -1.3062e-15 0)
(1.1 -1.33917e-15 0)
(1.1 -1.03651e-15 0)
(1.1 -1.08164e-15 0)
(1.1 -1.31255e-15 0)
(1.1 -8.00606e-16 0)
(1.1 1.13744e-17 0)
(1.1 -1.83674e-16 0)
(1.1 -4.91293e-16 0)
(1.1 1.38413e-16 0)
(1.1 4.17579e-16 0)
(1.1 -3.05498e-16 0)
(1.1 -8.65868e-16 0)
(1.1 -8.34818e-16 0)
(1.1 -3.07427e-16 0)
(1.1 6.13803e-16 0)
(1.1 1.25364e-15 0)
(1.1 6.57227e-16 0)
(1.1 -3.20539e-17 0)
(1.1 2.14969e-16 0)
(1.1 7.69245e-16 0)
(1.1 7.70889e-16 0)
(1.1 2.64209e-16 0)
(1.1 2.41535e-16 0)
(1.1 3.59252e-16 0)
(1.1 -3.56965e-16 0)
(1.1 -7.59078e-16 0)
(1.1 4.49414e-16 0)
(1.1 7.28522e-16 0)
(1.1 1.59469e-16 0)
(1.1 3.47433e-17 0)
(1.1 -2.94667e-16 0)
(1.1 -4.54825e-16 0)
(1.1 -3.95242e-16 0)
(1.1 -3.97751e-16 0)
(1.1 -2.27256e-16 0)
(1.1 -4.61565e-17 0)
(1.1 1.57705e-17 0)
(1.1 1.54245e-17 0)
(1.1 -1.31633e-16 0)
(1.1 -1.56157e-16 0)
(1.1 -2.64191e-16 0)
(1.1 -4.29174e-16 0)
(1.1 -3.00413e-16 0)
(1.1 -1.17041e-16 0)
(1.1 -1.52852e-16 0)
(1.1 2.19623e-16 0)
(1.1 -1.43261e-16 0)
(1.1 1.04072e-16 0)
(1.1 1.14867e-16 0)
(1.1 -4.56859e-16 0)
(1.1 -3.30539e-16 0)
(1.1 1.85147e-16 0)
(1.1 1.06181e-18 0)
(1.1 -8.71168e-16 0)
(1.1 -3.55682e-16 0)
(1.1 -1.78039e-16 0)
(1.1 -7.9933e-16 0)
)
;
    }
    procBoundary4to11
    {
        type            processor;
        value           uniform (1.1 -8.20177e-16 0);
    }
    procBoundary4to12
    {
        type            processor;
        value           nonuniform List<vector> 
28
(
(1.1 -4.45449e-16 0)
(1.1 -2.03943e-16 0)
(1.1 -3.10079e-16 0)
(1.1 -4.72948e-16 0)
(1.1 -6.53832e-16 0)
(1.1 -7.19148e-16 0)
(1.1 -3.92514e-16 0)
(1.1 -4.58617e-16 0)
(1.1 -7.85778e-16 0)
(1.1 -1.61716e-15 0)
(1.1 -1.8763e-15 0)
(1.1 -1.66797e-15 0)
(1.1 -8.60229e-16 0)
(1.1 -1.10136e-15 0)
(1.1 -2.33322e-16 0)
(1.1 -4.18408e-16 0)
(1.1 -6.95726e-16 0)
(1.1 -3.02713e-16 0)
(1.1 -6.82954e-17 0)
(1.1 1.43142e-16 0)
(1.1 -5.46973e-17 0)
(1.1 -2.50749e-16 0)
(1.1 -7.76068e-16 0)
(1.1 -7.52969e-16 0)
(1.1 -1.00115e-15 0)
(1.1 -1.31304e-15 0)
(1.1 -1.58324e-15 0)
(1.1 -8.60229e-16 0)
)
;
    }
}


// ************************************************************************* //
