/*--------------------------------*- C++ -*----------------------------------*\
  =========                 |
  \\      /  F ield         | OpenFOAM: The Open Source CFD Toolbox
   \\    /   O peration     | Website:  https://openfoam.org
    \\  /    A nd           | Version:  7
     \\/     M anipulation  |
\*---------------------------------------------------------------------------*/
FoamFile
{
    version     2.0;
    format      ascii;
    class       labelList;
    note        "nPoints: 6780 nCells: 3225 nFaces: 13064 nInternalFaces: 6286";
    location    "constant/polyMesh";
    object      neighbour;
}
// * * * * * * * * * * * * * * * * * * * * * * * * * * * * * * * * * * * * * //


6286
(
1
6
3219
2
7
3220
3
8
3221
4
9
3222
5
10
3223
11
120
3224
7
12
8
13
9
14
10
15
11
16
17
137
13
18
14
19
15
20
16
21
17
22
23
154
19
24
20
25
21
26
22
27
23
28
29
171
25
30
26
31
27
32
28
33
29
34
35
188
31
36
32
37
33
38
34
39
35
40
41
205
37
42
38
43
39
44
40
45
41
46
47
222
43
48
44
49
45
50
46
51
47
52
53
239
49
54
50
55
51
56
52
57
53
58
59
256
55
60
56
61
57
62
58
63
59
64
65
273
61
66
62
67
63
68
64
69
65
70
71
290
67
72
68
73
69
74
70
75
71
76
77
307
73
78
74
79
75
80
76
81
77
82
83
324
79
84
80
85
81
86
82
87
83
88
89
341
85
90
86
91
87
92
88
93
89
94
95
358
91
96
92
97
93
98
94
99
95
100
101
375
97
102
98
103
99
104
100
105
101
106
107
392
103
108
104
109
105
110
106
111
107
112
113
409
109
114
110
115
111
116
112
117
113
118
119
426
115
116
117
118
119
443
121
137
2488
122
138
2489
123
139
2490
124
140
2491
125
141
2492
126
142
2493
127
143
2494
128
144
2495
129
145
2496
130
146
2497
131
147
2498
132
148
2499
133
149
2500
134
150
2501
135
151
2502
136
152
2503
153
2504
138
154
139
155
140
156
141
157
142
158
143
159
144
160
145
161
146
162
147
163
148
164
149
165
150
166
151
167
152
168
153
169
170
155
171
156
172
157
173
158
174
159
175
160
176
161
177
162
178
163
179
164
180
165
181
166
182
167
183
168
184
169
185
170
186
187
172
188
173
189
174
190
175
191
176
192
177
193
178
194
179
195
180
196
181
197
182
198
183
199
184
200
185
201
186
202
187
203
204
189
205
190
206
191
207
192
208
193
209
194
210
195
211
196
212
197
213
198
214
199
215
200
216
201
217
202
218
203
219
204
220
221
206
222
207
223
208
224
209
225
210
226
211
227
212
228
213
229
214
230
215
231
216
232
217
233
218
234
219
235
220
236
221
237
238
223
239
224
240
225
241
226
242
227
243
228
244
229
245
230
246
231
247
232
248
233
249
234
250
235
251
236
252
237
253
238
254
255
240
256
241
257
242
258
243
259
244
260
245
261
246
262
247
263
248
264
249
265
250
266
251
267
252
268
253
269
254
270
255
271
272
257
273
258
274
259
275
260
276
261
277
262
278
263
279
264
280
265
281
266
282
267
283
268
284
269
285
270
286
271
287
272
288
289
274
290
275
291
276
292
277
293
278
294
279
295
280
296
281
297
282
298
283
299
284
300
285
301
286
302
287
303
288
304
289
305
306
291
307
292
308
293
309
294
310
295
311
296
312
297
313
298
314
299
315
300
316
301
317
302
318
303
319
304
320
305
321
306
322
323
308
324
309
325
310
326
311
327
312
328
313
329
314
330
315
331
316
332
317
333
318
334
319
335
320
336
321
337
322
338
323
339
340
325
341
326
342
327
343
328
344
329
345
330
346
331
347
332
348
333
349
334
350
335
351
336
352
337
353
338
354
339
355
340
356
357
342
358
343
359
344
360
345
361
346
362
347
363
348
364
349
365
350
366
351
367
352
368
353
369
354
370
355
371
356
372
357
373
374
359
375
360
376
361
377
362
378
363
379
364
380
365
381
366
382
367
383
368
384
369
385
370
386
371
387
372
388
373
389
374
390
391
376
392
377
393
378
394
379
395
380
396
381
397
382
398
383
399
384
400
385
401
386
402
387
403
388
404
389
405
390
406
391
407
408
393
409
394
410
395
411
396
412
397
413
398
414
399
415
400
416
401
417
402
418
403
419
404
420
405
421
406
422
407
423
408
424
425
410
426
411
427
412
428
413
429
414
430
415
431
416
432
417
433
418
434
419
435
420
436
421
437
422
438
423
439
424
440
425
441
442
427
443
428
444
429
445
430
446
431
447
432
448
433
449
434
450
435
451
436
452
437
453
438
454
439
455
440
456
441
457
442
458
459
444
460
445
461
446
462
447
463
448
464
449
450
451
452
453
454
455
456
457
458
459
461
462
463
464
466
482
2510
467
483
468
484
469
485
470
486
471
487
472
488
473
489
474
490
475
491
476
492
477
493
478
494
479
495
480
496
481
497
498
483
499
2516
484
500
485
501
486
502
487
503
488
504
489
505
490
506
491
507
492
508
493
509
494
510
495
511
496
512
497
513
498
514
515
500
516
2522
501
517
502
518
503
519
504
520
505
521
506
522
507
523
508
524
509
525
510
526
511
527
512
528
513
529
514
530
515
531
532
517
533
2528
518
534
519
535
520
536
521
537
522
538
523
539
524
540
525
541
526
542
527
543
528
544
529
545
530
546
531
547
532
548
549
534
550
2534
535
551
536
552
537
553
538
554
539
555
540
556
541
557
542
558
543
559
544
560
545
561
546
562
547
563
548
564
549
565
566
551
567
2540
552
568
553
569
554
570
555
571
556
572
557
573
558
574
559
575
560
576
561
577
562
578
563
579
564
580
565
581
566
582
583
568
584
2546
569
585
570
586
571
587
572
588
573
589
574
590
575
591
576
592
577
593
578
594
579
595
580
596
581
597
582
598
583
599
600
585
601
2552
586
602
587
603
588
604
589
605
590
606
591
607
592
608
593
609
594
610
595
611
596
612
597
613
598
614
599
615
600
616
617
602
618
2558
603
619
604
620
605
621
606
622
607
623
608
624
609
625
610
626
611
627
612
628
613
629
614
630
615
631
616
632
617
633
634
619
635
2564
620
636
621
637
622
638
623
639
624
640
625
641
626
642
627
643
628
644
629
645
630
646
631
647
632
648
633
649
634
650
651
636
652
2570
637
653
638
654
639
655
640
656
641
657
642
658
643
659
644
660
645
661
646
662
647
663
648
664
649
665
650
666
651
667
668
653
669
2576
654
670
655
671
656
672
657
673
658
674
659
675
660
676
661
677
662
678
663
679
664
680
665
681
666
682
667
683
668
684
685
670
686
2582
671
687
672
688
673
689
674
690
675
691
676
692
677
693
678
694
679
695
680
696
681
697
682
698
683
699
684
700
685
701
702
687
703
2588
688
704
689
705
690
706
691
707
692
708
693
709
694
710
695
711
696
712
697
713
698
714
699
715
700
716
701
717
702
718
719
704
720
2594
705
721
706
722
707
723
708
724
709
725
710
726
711
727
712
728
713
729
714
730
715
731
716
732
717
733
718
734
719
735
736
721
737
2600
722
738
723
739
724
740
725
741
726
742
727
743
728
744
729
745
730
746
731
747
732
748
733
749
734
750
735
751
736
752
753
738
754
2606
739
755
740
756
741
757
742
758
743
759
744
760
745
761
746
762
747
763
748
764
749
765
750
766
751
767
752
768
753
769
770
755
771
2612
756
772
757
773
758
774
759
775
760
776
761
777
762
778
763
779
764
780
765
781
766
782
767
783
768
784
769
785
770
786
787
772
788
2618
773
789
774
790
775
791
776
792
777
793
778
794
779
795
780
796
781
797
782
798
783
799
784
800
785
801
786
802
787
803
804
789
805
2624
790
806
791
807
792
808
793
809
794
810
795
811
796
812
797
813
798
814
799
815
800
816
801
817
802
818
803
819
804
820
821
806
822
2630
807
823
808
824
809
825
810
826
811
827
812
828
813
829
814
830
815
831
816
832
817
833
818
834
819
835
820
836
821
837
838
823
839
2636
824
840
825
841
826
842
827
843
828
844
829
845
830
846
831
847
832
848
833
849
834
850
835
851
836
852
837
853
838
854
855
840
856
2642
841
857
842
858
843
859
844
860
845
861
846
862
847
863
848
864
849
865
850
866
851
867
852
868
853
869
854
870
855
871
872
857
873
2648
858
874
859
875
860
876
861
877
862
878
863
879
864
880
865
881
866
882
867
883
868
884
869
885
870
886
871
887
872
888
889
874
890
2654
875
891
876
892
877
893
878
894
879
895
880
896
881
897
882
898
883
899
884
900
885
901
886
902
887
903
888
904
889
905
906
891
907
2660
892
908
893
909
894
910
895
911
896
912
897
913
898
914
899
915
900
916
901
917
902
918
903
919
904
920
905
921
906
922
923
908
924
2666
909
925
910
926
911
927
912
928
913
929
914
930
915
931
916
932
917
933
918
934
919
935
920
936
921
937
922
938
923
939
940
925
941
2672
926
942
927
943
928
944
929
945
930
946
931
947
932
948
933
949
934
950
935
951
936
952
937
953
938
954
939
955
940
956
957
942
958
2678
943
959
944
960
945
961
946
962
947
963
948
964
949
965
950
966
951
967
952
968
953
969
954
970
955
971
956
972
957
973
974
959
975
2684
960
976
961
977
962
978
963
979
964
980
965
981
966
982
967
983
968
984
969
985
970
986
971
987
972
988
973
989
974
990
991
976
992
2690
977
993
978
994
979
995
980
996
981
997
982
998
983
999
984
1000
985
1001
986
1002
987
1003
988
1004
989
1005
990
1006
991
1007
1008
993
1009
2696
994
1010
995
1011
996
1012
997
1013
998
1014
999
1015
1000
1016
1001
1017
1002
1018
1003
1019
1004
1020
1005
1021
1006
1022
1007
1023
1008
1024
1025
1010
1026
2702
1011
1027
1012
1028
1013
1029
1014
1030
1015
1031
1016
1032
1017
1033
1018
1034
1019
1035
1020
1036
1021
1037
1022
1038
1023
1039
1024
1040
1025
1041
1042
1027
1043
2708
1028
1044
1029
1045
1030
1046
1031
1047
1032
1048
1033
1049
1034
1050
1035
1051
1036
1052
1037
1053
1038
1054
1039
1055
1040
1056
1041
1057
1042
1058
1059
1044
1060
2714
1045
1061
1046
1062
1047
1063
1048
1064
1049
1065
1050
1066
1051
1067
1052
1068
1053
1069
1054
1070
1055
1071
1056
1072
1057
1073
1058
1074
1059
1075
1076
1061
1077
2720
1062
1078
1063
1079
1064
1080
1065
1081
1066
1082
1067
1083
1068
1084
1069
1085
1070
1086
1071
1087
1072
1088
1073
1089
1074
1090
1075
1091
1076
1092
1093
1078
1094
2726
1079
1095
1080
1096
1081
1097
1082
1098
1083
1099
1084
1100
1085
1101
1086
1102
1087
1103
1088
1104
1089
1105
1090
1106
1091
1107
1092
1108
1093
1109
1110
1095
1111
2732
1096
1112
1097
1113
1098
1114
1099
1115
1100
1116
1101
1117
1102
1118
1103
1119
1104
1120
1105
1121
1106
1122
1107
1123
1108
1124
1109
1125
1110
1126
1127
1112
1128
2738
1113
1129
1114
1130
1115
1131
1116
1132
1117
1133
1118
1134
1119
1135
1120
1136
1121
1137
1122
1138
1123
1139
1124
1140
1125
1141
1126
1142
1127
1143
1144
1129
1145
2744
1130
1146
1131
1147
1132
1148
1133
1149
1134
1150
1135
1151
1136
1152
1137
1153
1138
1154
1139
1155
1140
1156
1141
1157
1142
1158
1143
1159
1144
1160
1161
1146
1162
2750
1147
1163
1148
1164
1149
1165
1150
1166
1151
1167
1152
1168
1153
1169
1154
1170
1155
1171
1156
1172
1157
1173
1158
1174
1159
1175
1160
1176
1161
1177
1178
1163
1179
2756
1164
1180
1165
1181
1166
1182
1167
1183
1168
1184
1169
1185
1170
1186
1171
1187
1172
1188
1173
1189
1174
1190
1175
1191
1176
1192
1177
1193
1178
1194
1195
1180
1196
2762
1181
1197
1182
1198
1183
1199
1184
1200
1185
1201
1186
1202
1187
1203
1188
1204
1189
1205
1190
1206
1191
1207
1192
1208
1193
1209
1194
1210
1195
1211
1212
1197
1213
2768
1198
1214
1199
1215
1200
1216
1201
1217
1202
1218
1203
1219
1204
1220
1205
1221
1206
1222
1207
1223
1208
1224
1209
1225
1210
1226
1211
1227
1212
1228
1229
1214
1230
2774
1215
1231
1216
1232
1217
1233
1218
1234
1219
1235
1220
1236
1221
1237
1222
1238
1223
1239
1224
1240
1225
1241
1226
1242
1227
1243
1228
1244
1229
1245
1246
1231
1247
2780
1232
1248
1233
1249
1234
1250
1235
1251
1236
1252
1237
1253
1238
1254
1239
1255
1240
1256
1241
1257
1242
1258
1243
1259
1244
1260
1245
1261
1246
1262
1263
1248
1264
2786
1249
1265
1250
1266
1251
1267
1252
1268
1253
1269
1254
1270
1255
1271
1256
1272
1257
1273
1258
1274
1259
1275
1260
1276
1261
1277
1262
1278
1263
1279
1280
1265
1281
2792
1266
1282
1267
1283
1268
1284
1269
1285
1270
1286
1271
1287
1272
1288
1273
1289
1274
1290
1275
1291
1276
1292
1277
1293
1278
1294
1279
1295
1280
1296
1297
1282
1298
2798
1283
1299
1284
1300
1285
1301
1286
1302
1287
1303
1288
1304
1289
1305
1290
1306
1291
1307
1292
1308
1293
1309
1294
1310
1295
1311
1296
1312
1297
1313
1314
1299
1315
2804
1300
1316
1301
1317
1302
1318
1303
1319
1304
1320
1305
1321
1306
1322
1307
1323
1308
1324
1309
1325
1310
1326
1311
1327
1312
1328
1313
1329
1314
1330
1331
1316
1332
2810
1317
1333
1318
1334
1319
1335
1320
1336
1321
1337
1322
1338
1323
1339
1324
1340
1325
1341
1326
1342
1327
1343
1328
1344
1329
1345
1330
1346
1331
1347
1348
1333
1349
2816
1334
1350
1335
1351
1336
1352
1337
1353
1338
1354
1339
1355
1340
1356
1341
1357
1342
1358
1343
1359
1344
1360
1345
1361
1346
1362
1347
1363
1348
1364
1365
1350
1366
2822
1351
1367
1352
1368
1353
1369
1354
1370
1355
1371
1356
1372
1357
1373
1358
1374
1359
1375
1360
1376
1361
1377
1362
1378
1363
1379
1364
1380
1365
1381
1382
1367
1383
2828
1368
1384
1369
1385
1370
1386
1371
1387
1372
1388
1373
1389
1374
1390
1375
1391
1376
1392
1377
1393
1378
1394
1379
1395
1380
1396
1381
1397
1382
1398
1399
1384
1400
2834
1385
1401
1386
1402
1387
1403
1388
1404
1389
1405
1390
1406
1391
1407
1392
1408
1393
1409
1394
1410
1395
1411
1396
1412
1397
1413
1398
1414
1399
1415
1416
1401
1417
2840
1402
1418
1403
1419
1404
1420
1405
1421
1406
1422
1407
1423
1408
1424
1409
1425
1410
1426
1411
1427
1412
1428
1413
1429
1414
1430
1415
1431
1416
1432
1433
1418
1434
2846
1419
1435
1420
1436
1421
1437
1422
1438
1423
1439
1424
1440
1425
1441
1426
1442
1427
1443
1428
1444
1429
1445
1430
1446
1431
1447
1432
1448
1433
1449
1450
1435
1451
2852
1436
1452
1437
1453
1438
1454
1439
1455
1440
1456
1441
1457
1442
1458
1443
1459
1444
1460
1445
1461
1446
1462
1447
1463
1448
1464
1449
1465
1450
1466
1467
1452
1468
2858
1453
1469
1454
1470
1455
1471
1456
1472
1457
1473
1458
1474
1459
1475
1460
1476
1461
1477
1462
1478
1463
1479
1464
1480
1465
1481
1466
1482
1467
1483
1484
1469
1485
2864
1470
1486
1471
1487
1472
1488
1473
1489
1474
1490
1475
1491
1476
1492
1477
1493
1478
1494
1479
1495
1480
1496
1481
1497
1482
1498
1483
1499
1484
1500
1501
1486
1502
2870
1487
1503
1488
1504
1489
1505
1490
1506
1491
1507
1492
1508
1493
1509
1494
1510
1495
1511
1496
1512
1497
1513
1498
1514
1499
1515
1500
1516
1501
1517
1518
1503
1519
2876
1504
1520
1505
1521
1506
1522
1507
1523
1508
1524
1509
1525
1510
1526
1511
1527
1512
1528
1513
1529
1514
1530
1515
1531
1516
1532
1517
1533
1518
1534
1535
1520
1536
2882
1521
1537
1522
1538
1523
1539
1524
1540
1525
1541
1526
1542
1527
1543
1528
1544
1529
1545
1530
1546
1531
1547
1532
1548
1533
1549
1534
1550
1535
1551
1552
1537
1553
2888
1538
1554
1539
1555
1540
1556
1541
1557
1542
1558
1543
1559
1544
1560
1545
1561
1546
1562
1547
1563
1548
1564
1549
1565
1550
1566
1551
1567
1552
1568
1569
1554
1570
2894
1555
1571
1556
1572
1557
1573
1558
1574
1559
1575
1560
1576
1561
1577
1562
1578
1563
1579
1564
1580
1565
1581
1566
1582
1567
1583
1568
1584
1569
1585
1586
1571
1587
2900
1572
1588
1573
1589
1574
1590
1575
1591
1576
1592
1577
1593
1578
1594
1579
1595
1580
1596
1581
1597
1582
1598
1583
1599
1584
1600
1585
1601
1586
1602
1603
1588
1604
2906
1589
1605
1590
1606
1591
1607
1592
1608
1593
1609
1594
1610
1595
1611
1596
1612
1597
1613
1598
1614
1599
1615
1600
1616
1601
1617
1602
1618
1603
1619
1620
1605
1621
2912
1606
1622
1607
1623
1608
1624
1609
1625
1610
1626
1611
1627
1612
1628
1613
1629
1614
1630
1615
1631
1616
1632
1617
1633
1618
1634
1619
1635
1620
1636
1637
1622
1638
2918
1623
1639
1624
1640
1625
1641
1626
1642
1627
1643
1628
1644
1629
1645
1630
1646
1631
1647
1632
1648
1633
1649
1634
1650
1635
1651
1636
1652
1637
1653
1654
1639
1655
2924
1640
1656
1641
1657
1642
1658
1643
1659
1644
1660
1645
1661
1646
1662
1647
1663
1648
1664
1649
1665
1650
1666
1651
1667
1652
1668
1653
1669
1654
1670
1671
1656
1672
2930
1657
1673
1658
1674
1659
1675
1660
1676
1661
1677
1662
1678
1663
1679
1664
1680
1665
1681
1666
1682
1667
1683
1668
1684
1669
1685
1670
1686
1671
1687
1688
1673
1689
2936
1674
1690
1675
1691
1676
1692
1677
1693
1678
1694
1679
1695
1680
1696
1681
1697
1682
1698
1683
1699
1684
1700
1685
1701
1686
1702
1687
1703
1688
1704
1705
1690
1706
2942
1691
1707
1692
1708
1693
1709
1694
1710
1695
1711
1696
1712
1697
1713
1698
1714
1699
1715
1700
1716
1701
1717
1702
1718
1703
1719
1704
1720
1705
1721
1722
1707
1723
2948
1708
1724
1709
1725
1710
1726
1711
1727
1712
1728
1713
1729
1714
1730
1715
1731
1716
1732
1717
1733
1718
1734
1719
1735
1720
1736
1721
1737
1722
1738
1739
1724
1740
2954
1725
1741
1726
1742
1727
1743
1728
1744
1729
1745
1730
1746
1731
1747
1732
1748
1733
1749
1734
1750
1735
1751
1736
1752
1737
1753
1738
1754
1739
1755
1756
1741
1757
2960
1742
1758
1743
1759
1744
1760
1745
1761
1746
1762
1747
1763
1748
1764
1749
1765
1750
1766
1751
1767
1752
1768
1753
1769
1754
1770
1755
1771
1756
1772
1773
1758
1774
2966
1759
1775
1760
1776
1761
1777
1762
1778
1763
1779
1764
1780
1765
1781
1766
1782
1767
1783
1768
1784
1769
1785
1770
1786
1771
1787
1772
1788
1773
1789
1790
1775
1791
2972
1776
1792
1777
1793
1778
1794
1779
1795
1780
1796
1781
1797
1782
1798
1783
1799
1784
1800
1785
1801
1786
1802
1787
1803
1788
1804
1789
1805
1790
1806
1807
1792
1808
2978
1793
1809
1794
1810
1795
1811
1796
1812
1797
1813
1798
1814
1799
1815
1800
1816
1801
1817
1802
1818
1803
1819
1804
1820
1805
1821
1806
1822
1807
1823
1824
1809
1825
2984
1810
1826
1811
1827
1812
1828
1813
1829
1814
1830
1815
1831
1816
1832
1817
1833
1818
1834
1819
1835
1820
1836
1821
1837
1822
1838
1823
1839
1824
1840
1841
1826
1842
2990
1827
1843
1828
1844
1829
1845
1830
1846
1831
1847
1832
1848
1833
1849
1834
1850
1835
1851
1836
1852
1837
1853
1838
1854
1839
1855
1840
1856
1841
1857
1858
1843
1859
2996
1844
1860
1845
1861
1846
1862
1847
1863
1848
1864
1849
1865
1850
1866
1851
1867
1852
1868
1853
1869
1854
1870
1855
1871
1856
1872
1857
1873
1858
1874
1875
1860
1876
3002
1861
1877
1862
1878
1863
1879
1864
1880
1865
1881
1866
1882
1867
1883
1868
1884
1869
1885
1870
1886
1871
1887
1872
1888
1873
1889
1874
1890
1875
1891
1892
1877
1893
3008
1878
1894
1879
1895
1880
1896
1881
1897
1882
1898
1883
1899
1884
1900
1885
1901
1886
1902
1887
1903
1888
1904
1889
1905
1890
1906
1891
1907
1892
1908
1909
1894
1910
3014
1895
1911
1896
1912
1897
1913
1898
1914
1899
1915
1900
1916
1901
1917
1902
1918
1903
1919
1904
1920
1905
1921
1906
1922
1907
1923
1908
1924
1909
1925
1926
1911
1927
3020
1912
1928
1913
1929
1914
1930
1915
1931
1916
1932
1917
1933
1918
1934
1919
1935
1920
1936
1921
1937
1922
1938
1923
1939
1924
1940
1925
1941
1926
1942
1943
1928
1944
3026
1929
1945
1930
1946
1931
1947
1932
1948
1933
1949
1934
1950
1935
1951
1936
1952
1937
1953
1938
1954
1939
1955
1940
1956
1941
1957
1942
1958
1943
1959
1960
1945
1961
3032
1946
1962
1947
1963
1948
1964
1949
1965
1950
1966
1951
1967
1952
1968
1953
1969
1954
1970
1955
1971
1956
1972
1957
1973
1958
1974
1959
1975
1960
1976
1977
1962
1978
3038
1963
1979
1964
1980
1965
1981
1966
1982
1967
1983
1968
1984
1969
1985
1970
1986
1971
1987
1972
1988
1973
1989
1974
1990
1975
1991
1976
1992
1977
1993
1994
1979
1995
3044
1980
1996
1981
1997
1982
1998
1983
1999
1984
2000
1985
2001
1986
2002
1987
2003
1988
2004
1989
2005
1990
2006
1991
2007
1992
2008
1993
2009
1994
2010
2011
1996
2012
3050
1997
2013
1998
2014
1999
2015
2000
2016
2001
2017
2002
2018
2003
2019
2004
2020
2005
2021
2006
2022
2007
2023
2008
2024
2009
2025
2010
2026
2011
2027
2028
2013
2029
3056
2014
2030
2015
2031
2016
2032
2017
2033
2018
2034
2019
2035
2020
2036
2021
2037
2022
2038
2023
2039
2024
2040
2025
2041
2026
2042
2027
2043
2028
2044
2045
2030
2046
3062
2031
2047
2032
2048
2033
2049
2034
2050
2035
2051
2036
2052
2037
2053
2038
2054
2039
2055
2040
2056
2041
2057
2042
2058
2043
2059
2044
2060
2045
2061
2062
2047
2063
3068
2048
2064
2049
2065
2050
2066
2051
2067
2052
2068
2053
2069
2054
2070
2055
2071
2056
2072
2057
2073
2058
2074
2059
2075
2060
2076
2061
2077
2062
2078
2079
2064
2080
3074
2065
2081
2066
2082
2067
2083
2068
2084
2069
2085
2070
2086
2071
2087
2072
2088
2073
2089
2074
2090
2075
2091
2076
2092
2077
2093
2078
2094
2079
2095
2096
2081
2097
3080
2082
2098
2083
2099
2084
2100
2085
2101
2086
2102
2087
2103
2088
2104
2089
2105
2090
2106
2091
2107
2092
2108
2093
2109
2094
2110
2095
2111
2096
2112
2113
2098
2114
3086
2099
2115
2100
2116
2101
2117
2102
2118
2103
2119
2104
2120
2105
2121
2106
2122
2107
2123
2108
2124
2109
2125
2110
2126
2111
2127
2112
2128
2113
2129
2130
2115
2131
3092
2116
2132
2117
2133
2118
2134
2119
2135
2120
2136
2121
2137
2122
2138
2123
2139
2124
2140
2125
2141
2126
2142
2127
2143
2128
2144
2129
2145
2130
2146
2147
2132
2148
3098
2133
2149
2134
2150
2135
2151
2136
2152
2137
2153
2138
2154
2139
2155
2140
2156
2141
2157
2142
2158
2143
2159
2144
2160
2145
2161
2146
2162
2147
2163
2164
2149
2165
3104
2150
2166
2151
2167
2152
2168
2153
2169
2154
2170
2155
2171
2156
2172
2157
2173
2158
2174
2159
2175
2160
2176
2161
2177
2162
2178
2163
2179
2164
2180
2181
2166
2182
3110
2167
2183
2168
2184
2169
2185
2170
2186
2171
2187
2172
2188
2173
2189
2174
2190
2175
2191
2176
2192
2177
2193
2178
2194
2179
2195
2180
2196
2181
2197
2198
2183
2199
3116
2184
2200
2185
2201
2186
2202
2187
2203
2188
2204
2189
2205
2190
2206
2191
2207
2192
2208
2193
2209
2194
2210
2195
2211
2196
2212
2197
2213
2198
2214
2215
2200
2216
3122
2201
2217
2202
2218
2203
2219
2204
2220
2205
2221
2206
2222
2207
2223
2208
2224
2209
2225
2210
2226
2211
2227
2212
2228
2213
2229
2214
2230
2215
2231
2232
2217
2233
3128
2218
2234
2219
2235
2220
2236
2221
2237
2222
2238
2223
2239
2224
2240
2225
2241
2226
2242
2227
2243
2228
2244
2229
2245
2230
2246
2231
2247
2232
2248
2249
2234
2250
3134
2235
2251
2236
2252
2237
2253
2238
2254
2239
2255
2240
2256
2241
2257
2242
2258
2243
2259
2244
2260
2245
2261
2246
2262
2247
2263
2248
2264
2249
2265
2266
2251
2267
3140
2252
2268
2253
2269
2254
2270
2255
2271
2256
2272
2257
2273
2258
2274
2259
2275
2260
2276
2261
2277
2262
2278
2263
2279
2264
2280
2265
2281
2266
2282
2283
2268
2284
3146
2269
2285
2270
2286
2271
2287
2272
2288
2273
2289
2274
2290
2275
2291
2276
2292
2277
2293
2278
2294
2279
2295
2280
2296
2281
2297
2282
2298
2283
2299
2300
2285
2301
3152
2286
2302
2287
2303
2288
2304
2289
2305
2290
2306
2291
2307
2292
2308
2293
2309
2294
2310
2295
2311
2296
2312
2297
2313
2298
2314
2299
2315
2300
2316
2317
2302
2318
3158
2303
2319
2304
2320
2305
2321
2306
2322
2307
2323
2308
2324
2309
2325
2310
2326
2311
2327
2312
2328
2313
2329
2314
2330
2315
2331
2316
2332
2317
2333
2334
2319
2335
3164
2320
2336
2321
2337
2322
2338
2323
2339
2324
2340
2325
2341
2326
2342
2327
2343
2328
2344
2329
2345
2330
2346
2331
2347
2332
2348
2333
2349
2334
2350
2351
2336
2352
3170
2337
2353
2338
2354
2339
2355
2340
2356
2341
2357
2342
2358
2343
2359
2344
2360
2345
2361
2346
2362
2347
2363
2348
2364
2349
2365
2350
2366
2351
2367
2368
2353
2369
3176
2354
2370
2355
2371
2356
2372
2357
2373
2358
2374
2359
2375
2360
2376
2361
2377
2362
2378
2363
2379
2364
2380
2365
2381
2366
2382
2367
2383
2368
2384
2385
2370
2386
3182
2371
2387
2372
2388
2373
2389
2374
2390
2375
2391
2376
2392
2377
2393
2378
2394
2379
2395
2380
2396
2381
2397
2382
2398
2383
2399
2384
2400
2385
2401
2402
2387
2403
3188
2388
2404
2389
2405
2390
2406
2391
2407
2392
2408
2393
2409
2394
2410
2395
2411
2396
2412
2397
2413
2398
2414
2399
2415
2400
2416
2401
2417
2402
2418
2419
2404
2420
3194
2405
2421
2406
2422
2407
2423
2408
2424
2409
2425
2410
2426
2411
2427
2412
2428
2413
2429
2414
2430
2415
2431
2416
2432
2417
2433
2418
2434
2419
2435
2436
2421
2437
3200
2422
2438
2423
2439
2424
2440
2425
2441
2426
2442
2427
2443
2428
2444
2429
2445
2430
2446
2431
2447
2432
2448
2433
2449
2434
2450
2435
2451
2436
2452
2453
2438
2454
3206
2439
2455
2440
2456
2441
2457
2442
2458
2443
2459
2444
2460
2445
2461
2446
2462
2447
2463
2448
2464
2449
2465
2450
2466
2451
2467
2452
2468
2453
2469
2470
2455
2471
3212
2456
2472
2457
2473
2458
2474
2459
2475
2460
2476
2461
2477
2462
2478
2463
2479
2464
2480
2465
2481
2466
2482
2467
2483
2468
2484
2469
2485
2470
2486
2487
2472
2488
3218
2473
2489
2474
2490
2475
2491
2476
2492
2477
2493
2478
2494
2479
2495
2480
2496
2481
2497
2482
2498
2483
2499
2484
2500
2485
2501
2486
2502
2487
2503
2504
2489
3224
2490
2491
2492
2493
2494
2495
2496
2497
2498
2499
2500
2501
2502
2503
2504
2506
2511
2507
2512
2508
2513
2509
2514
2510
2515
2516
2512
2517
2513
2518
2514
2519
2515
2520
2516
2521
2522
2518
2523
2519
2524
2520
2525
2521
2526
2522
2527
2528
2524
2529
2525
2530
2526
2531
2527
2532
2528
2533
2534
2530
2535
2531
2536
2532
2537
2533
2538
2534
2539
2540
2536
2541
2537
2542
2538
2543
2539
2544
2540
2545
2546
2542
2547
2543
2548
2544
2549
2545
2550
2546
2551
2552
2548
2553
2549
2554
2550
2555
2551
2556
2552
2557
2558
2554
2559
2555
2560
2556
2561
2557
2562
2558
2563
2564
2560
2565
2561
2566
2562
2567
2563
2568
2564
2569
2570
2566
2571
2567
2572
2568
2573
2569
2574
2570
2575
2576
2572
2577
2573
2578
2574
2579
2575
2580
2576
2581
2582
2578
2583
2579
2584
2580
2585
2581
2586
2582
2587
2588
2584
2589
2585
2590
2586
2591
2587
2592
2588
2593
2594
2590
2595
2591
2596
2592
2597
2593
2598
2594
2599
2600
2596
2601
2597
2602
2598
2603
2599
2604
2600
2605
2606
2602
2607
2603
2608
2604
2609
2605
2610
2606
2611
2612
2608
2613
2609
2614
2610
2615
2611
2616
2612
2617
2618
2614
2619
2615
2620
2616
2621
2617
2622
2618
2623
2624
2620
2625
2621
2626
2622
2627
2623
2628
2624
2629
2630
2626
2631
2627
2632
2628
2633
2629
2634
2630
2635
2636
2632
2637
2633
2638
2634
2639
2635
2640
2636
2641
2642
2638
2643
2639
2644
2640
2645
2641
2646
2642
2647
2648
2644
2649
2645
2650
2646
2651
2647
2652
2648
2653
2654
2650
2655
2651
2656
2652
2657
2653
2658
2654
2659
2660
2656
2661
2657
2662
2658
2663
2659
2664
2660
2665
2666
2662
2667
2663
2668
2664
2669
2665
2670
2666
2671
2672
2668
2673
2669
2674
2670
2675
2671
2676
2672
2677
2678
2674
2679
2675
2680
2676
2681
2677
2682
2678
2683
2684
2680
2685
2681
2686
2682
2687
2683
2688
2684
2689
2690
2686
2691
2687
2692
2688
2693
2689
2694
2690
2695
2696
2692
2697
2693
2698
2694
2699
2695
2700
2696
2701
2702
2698
2703
2699
2704
2700
2705
2701
2706
2702
2707
2708
2704
2709
2705
2710
2706
2711
2707
2712
2708
2713
2714
2710
2715
2711
2716
2712
2717
2713
2718
2714
2719
2720
2716
2721
2717
2722
2718
2723
2719
2724
2720
2725
2726
2722
2727
2723
2728
2724
2729
2725
2730
2726
2731
2732
2728
2733
2729
2734
2730
2735
2731
2736
2732
2737
2738
2734
2739
2735
2740
2736
2741
2737
2742
2738
2743
2744
2740
2745
2741
2746
2742
2747
2743
2748
2744
2749
2750
2746
2751
2747
2752
2748
2753
2749
2754
2750
2755
2756
2752
2757
2753
2758
2754
2759
2755
2760
2756
2761
2762
2758
2763
2759
2764
2760
2765
2761
2766
2762
2767
2768
2764
2769
2765
2770
2766
2771
2767
2772
2768
2773
2774
2770
2775
2771
2776
2772
2777
2773
2778
2774
2779
2780
2776
2781
2777
2782
2778
2783
2779
2784
2780
2785
2786
2782
2787
2783
2788
2784
2789
2785
2790
2786
2791
2792
2788
2793
2789
2794
2790
2795
2791
2796
2792
2797
2798
2794
2799
2795
2800
2796
2801
2797
2802
2798
2803
2804
2800
2805
2801
2806
2802
2807
2803
2808
2804
2809
2810
2806
2811
2807
2812
2808
2813
2809
2814
2810
2815
2816
2812
2817
2813
2818
2814
2819
2815
2820
2816
2821
2822
2818
2823
2819
2824
2820
2825
2821
2826
2822
2827
2828
2824
2829
2825
2830
2826
2831
2827
2832
2828
2833
2834
2830
2835
2831
2836
2832
2837
2833
2838
2834
2839
2840
2836
2841
2837
2842
2838
2843
2839
2844
2840
2845
2846
2842
2847
2843
2848
2844
2849
2845
2850
2846
2851
2852
2848
2853
2849
2854
2850
2855
2851
2856
2852
2857
2858
2854
2859
2855
2860
2856
2861
2857
2862
2858
2863
2864
2860
2865
2861
2866
2862
2867
2863
2868
2864
2869
2870
2866
2871
2867
2872
2868
2873
2869
2874
2870
2875
2876
2872
2877
2873
2878
2874
2879
2875
2880
2876
2881
2882
2878
2883
2879
2884
2880
2885
2881
2886
2882
2887
2888
2884
2889
2885
2890
2886
2891
2887
2892
2888
2893
2894
2890
2895
2891
2896
2892
2897
2893
2898
2894
2899
2900
2896
2901
2897
2902
2898
2903
2899
2904
2900
2905
2906
2902
2907
2903
2908
2904
2909
2905
2910
2906
2911
2912
2908
2913
2909
2914
2910
2915
2911
2916
2912
2917
2918
2914
2919
2915
2920
2916
2921
2917
2922
2918
2923
2924
2920
2925
2921
2926
2922
2927
2923
2928
2924
2929
2930
2926
2931
2927
2932
2928
2933
2929
2934
2930
2935
2936
2932
2937
2933
2938
2934
2939
2935
2940
2936
2941
2942
2938
2943
2939
2944
2940
2945
2941
2946
2942
2947
2948
2944
2949
2945
2950
2946
2951
2947
2952
2948
2953
2954
2950
2955
2951
2956
2952
2957
2953
2958
2954
2959
2960
2956
2961
2957
2962
2958
2963
2959
2964
2960
2965
2966
2962
2967
2963
2968
2964
2969
2965
2970
2966
2971
2972
2968
2973
2969
2974
2970
2975
2971
2976
2972
2977
2978
2974
2979
2975
2980
2976
2981
2977
2982
2978
2983
2984
2980
2985
2981
2986
2982
2987
2983
2988
2984
2989
2990
2986
2991
2987
2992
2988
2993
2989
2994
2990
2995
2996
2992
2997
2993
2998
2994
2999
2995
3000
2996
3001
3002
2998
3003
2999
3004
3000
3005
3001
3006
3002
3007
3008
3004
3009
3005
3010
3006
3011
3007
3012
3008
3013
3014
3010
3015
3011
3016
3012
3017
3013
3018
3014
3019
3020
3016
3021
3017
3022
3018
3023
3019
3024
3020
3025
3026
3022
3027
3023
3028
3024
3029
3025
3030
3026
3031
3032
3028
3033
3029
3034
3030
3035
3031
3036
3032
3037
3038
3034
3039
3035
3040
3036
3041
3037
3042
3038
3043
3044
3040
3045
3041
3046
3042
3047
3043
3048
3044
3049
3050
3046
3051
3047
3052
3048
3053
3049
3054
3050
3055
3056
3052
3057
3053
3058
3054
3059
3055
3060
3056
3061
3062
3058
3063
3059
3064
3060
3065
3061
3066
3062
3067
3068
3064
3069
3065
3070
3066
3071
3067
3072
3068
3073
3074
3070
3075
3071
3076
3072
3077
3073
3078
3074
3079
3080
3076
3081
3077
3082
3078
3083
3079
3084
3080
3085
3086
3082
3087
3083
3088
3084
3089
3085
3090
3086
3091
3092
3088
3093
3089
3094
3090
3095
3091
3096
3092
3097
3098
3094
3099
3095
3100
3096
3101
3097
3102
3098
3103
3104
3100
3105
3101
3106
3102
3107
3103
3108
3104
3109
3110
3106
3111
3107
3112
3108
3113
3109
3114
3110
3115
3116
3112
3117
3113
3118
3114
3119
3115
3120
3116
3121
3122
3118
3123
3119
3124
3120
3125
3121
3126
3122
3127
3128
3124
3129
3125
3130
3126
3131
3127
3132
3128
3133
3134
3130
3135
3131
3136
3132
3137
3133
3138
3134
3139
3140
3136
3141
3137
3142
3138
3143
3139
3144
3140
3145
3146
3142
3147
3143
3148
3144
3149
3145
3150
3146
3151
3152
3148
3153
3149
3154
3150
3155
3151
3156
3152
3157
3158
3154
3159
3155
3160
3156
3161
3157
3162
3158
3163
3164
3160
3165
3161
3166
3162
3167
3163
3168
3164
3169
3170
3166
3171
3167
3172
3168
3173
3169
3174
3170
3175
3176
3172
3177
3173
3178
3174
3179
3175
3180
3176
3181
3182
3178
3183
3179
3184
3180
3185
3181
3186
3182
3187
3188
3184
3189
3185
3190
3186
3191
3187
3192
3188
3193
3194
3190
3195
3191
3196
3192
3197
3193
3198
3194
3199
3200
3196
3201
3197
3202
3198
3203
3199
3204
3200
3205
3206
3202
3207
3203
3208
3204
3209
3205
3210
3206
3211
3212
3208
3213
3209
3214
3210
3215
3211
3216
3212
3217
3218
3214
3219
3215
3220
3216
3221
3217
3222
3218
3223
3224
3220
3221
3222
3223
3224
)


// ************************************************************************* //
