/*--------------------------------*- C++ -*----------------------------------*\
  =========                 |
  \\      /  F ield         | OpenFOAM: The Open Source CFD Toolbox
   \\    /   O peration     | Website:  https://openfoam.org
    \\  /    A nd           | Version:  7
     \\/     M anipulation  |
\*---------------------------------------------------------------------------*/
FoamFile
{
    version     2.0;
    format      ascii;
    class       volVectorField;
    location    "0.3";
    object      U;
}
// * * * * * * * * * * * * * * * * * * * * * * * * * * * * * * * * * * * * * //

dimensions      [0 1 -1 0 0 0 0];

internalField   nonuniform List<vector> 
3225
(
(-1.07925 -0.00348044 0)
(-1.11862 0.0384465 0)
(-1.09942 0.0541944 0)
(-1.07651 0.0616718 0)
(-0.0828385 -0.0311257 0)
(-0.0816747 -0.037699 0)
(-0.0809503 -0.0540087 0)
(-0.0688962 -0.0755028 0)
(-0.0576747 -0.0946821 0)
(-0.0387024 -0.100155 0)
(-0.0189032 -0.0741192 0)
(0.00581528 -0.0119663 0)
(0.0271515 0.0630364 0)
(0.0342198 0.102879 0)
(0.0298597 0.104794 0)
(0.0169767 0.0804101 0)
(0.00577181 0.0303618 0)
(-0.00125215 -0.021815 0)
(0.0270489 -0.0619139 0)
(0.040361 -0.0853166 0)
(-0.00101799 -0.109269 0)
(-0.316069 -0.0959589 0)
(-1.08775 -0.0714579 0)
(-1.10923 0.00283046 0)
(-1.0964 0.0448356 0)
(-1.07579 0.0623218 0)
(-0.0791065 -0.0329683 0)
(-0.0817196 -0.0371078 0)
(-0.0865246 -0.0516113 0)
(-0.0809421 -0.0732133 0)
(-0.0750968 -0.0930757 0)
(-0.0630804 -0.100061 0)
(-0.0479174 -0.0789149 0)
(-0.0238811 -0.0178489 0)
(-0.00207938 0.0622526 0)
(0.0159542 0.104407 0)
(0.016292 0.107137 0)
(0.00600913 0.0860184 0)
(-0.0019944 0.0375314 0)
(-0.00581372 -0.023384 0)
(0.0217716 -0.0734558 0)
(0.0240553 -0.0994057 0)
(-0.0530746 -0.0930218 0)
(-0.407521 -0.0701716 0)
(-1.10558 -0.137428 0)
(-1.09106 -0.0582061 0)
(-1.08672 0.00446963 0)
(-1.07098 0.044799 0)
(-0.0747843 -0.0355607 0)
(-0.0805311 -0.0367525 0)
(-0.0901821 -0.0488543 0)
(-0.0927691 -0.0701874 0)
(-0.0905602 -0.0882753 0)
(-0.0842009 -0.0926098 0)
(-0.072358 -0.0797214 0)
(-0.0494306 -0.0237196 0)
(-0.0268385 0.056931 0)
(0.000667374 0.103766 0)
(0.00305638 0.108642 0)
(-0.00485927 0.0904742 0)
(-0.0112818 0.0414539 0)
(-0.0135993 -0.0279539 0)
(0.00766762 -0.0807036 0)
(-0.0101481 -0.104429 0)
(-0.131951 -0.0739022 0)
(-0.518879 -0.0557258 0)
(-1.09953 -0.187793 0)
(-1.07495 -0.112739 0)
(-1.07013 -0.049078 0)
(-1.0589 0.00720105 0)
(-0.0694173 -0.03653 0)
(-0.0777588 -0.0363399 0)
(-0.0921027 -0.0449729 0)
(-0.101913 -0.0642458 0)
(-0.103787 -0.0818344 0)
(-0.103568 -0.0885537 0)
(-0.0949839 -0.0773829 0)
(-0.073998 -0.027499 0)
(-0.0496212 0.054215 0)
(-0.0147022 0.105698 0)
(-0.00975523 0.113616 0)
(-0.0153862 0.0943424 0)
(-0.0228575 0.0405066 0)
(-0.0249189 -0.0345894 0)
(-0.0176674 -0.0842067 0)
(-0.0611065 -0.0967616 0)
(-0.223136 -0.0400226 0)
(-0.633583 -0.0527592 0)
(-1.081 -0.210865 0)
(-1.0616 -0.151291 0)
(-1.05419 -0.0926831 0)
(-1.04422 -0.0345064 0)
(-0.0634477 -0.0349899 0)
(-0.0738566 -0.033554 0)
(-0.0914631 -0.0392482 0)
(-0.107784 -0.0568889 0)
(-0.114731 -0.0728628 0)
(-0.118411 -0.0783204 0)
(-0.115823 -0.0748278 0)
(-0.0970664 -0.0346344 0)
(-0.0677196 0.044932 0)
(-0.0331532 0.105537 0)
(-0.0243218 0.117285 0)
(-0.0272672 0.0972941 0)
(-0.0367217 0.0386873 0)
(-0.0402907 -0.042446 0)
(-0.0593711 -0.0834223 0)
(-0.123104 -0.0679895 0)
(-0.307089 0.00148474 0)
(-0.740591 -0.071466 0)
(-1.06021 -0.221915 0)
(-1.05528 -0.168015 0)
(-1.03796 -0.125715 0)
(-1.0305 -0.0726458 0)
(-0.0571427 -0.0311891 0)
(-0.0690507 -0.0285464 0)
(-0.0884037 -0.0315712 0)
(-0.109813 -0.0480824 0)
(-0.124809 -0.0658141 0)
(-0.131814 -0.0732799 0)
(-0.1341 -0.0710376 0)
(-0.118503 -0.0377591 0)
(-0.086534 0.0370008 0)
(-0.054856 0.106331 0)
(-0.0408472 0.121241 0)
(-0.0418515 0.10196 0)
(-0.0539044 0.0378477 0)
(-0.0668322 -0.0387518 0)
(-0.119072 -0.0755904 0)
(-0.194072 -0.0341847 0)
(-0.385414 0.0201956 0)
(-0.835251 -0.102612 0)
(-1.04942 -0.22683 0)
(-1.04443 -0.180412 0)
(-1.02558 -0.147174 0)
(-1.01998 -0.100319 0)
(-0.0506182 -0.0261337 0)
(-0.0639982 -0.0215016 0)
(-0.0846408 -0.0224529 0)
(-0.110428 -0.0388862 0)
(-0.132776 -0.060416 0)
(-0.143822 -0.0715708 0)
(-0.148443 -0.0684238 0)
(-0.136614 -0.0416552 0)
(-0.105628 0.0282819 0)
(-0.0774468 0.102494 0)
(-0.0595792 0.126811 0)
(-0.0607365 0.109431 0)
(-0.077957 0.0438193 0)
(-0.107826 -0.0282764 0)
(-0.18891 -0.0445431 0)
(-0.2638 0.0094157 0)
(-0.450965 0.0290659 0)
(-0.914944 -0.140904 0)
(-1.03999 -0.233195 0)
(-1.03287 -0.187891 0)
(-1.01842 -0.157938 0)
(-1.00741 -0.12067 0)
(-0.0445443 -0.0206744 0)
(-0.0599063 -0.0136366 0)
(-0.081261 -0.0126924 0)
(-0.110417 -0.0294122 0)
(-0.138994 -0.0552729 0)
(-0.154329 -0.072211 0)
(-0.159543 -0.0707017 0)
(-0.1519 -0.0441064 0)
(-0.12467 0.023433 0)
(-0.101696 0.0998755 0)
(-0.0819844 0.128305 0)
(-0.0854389 0.112843 0)
(-0.110881 0.0476424 0)
(-0.16229 -0.00353595 0)
(-0.261528 -0.00618439 0)
(-0.332377 0.0391101 0)
(-0.514653 0.0211328 0)
(-0.976433 -0.183187 0)
(-1.03166 -0.238874 0)
(-1.0212 -0.192142 0)
(-1.01252 -0.164173 0)
(-0.996056 -0.132218 0)
(-0.0391327 -0.0170419 0)
(-0.0570536 -0.00692909 0)
(-0.0797136 -0.00356565 0)
(-0.112146 -0.0196098 0)
(-0.143332 -0.0482066 0)
(-0.16287 -0.0704325 0)
(-0.168294 -0.0751912 0)
(-0.162231 -0.0511626 0)
(-0.143441 0.0163942 0)
(-0.128694 0.0953169 0)
(-0.109385 0.126198 0)
(-0.116382 0.109022 0)
(-0.156154 0.0618586 0)
(-0.231103 0.0157801 0)
(-0.332025 0.025932 0)
(-0.389698 0.0673574 0)
(-0.586887 0.00722977 0)
(-1.01467 -0.220779 0)
(-1.02544 -0.240941 0)
(-1.01145 -0.196339 0)
(-1.00532 -0.168484 0)
(-0.987426 -0.137828 0)
(-0.0347158 -0.0155805 0)
(-0.0546445 -0.00195819 0)
(-0.0785816 0.00463073 0)
(-0.112123 -0.00865228 0)
(-0.147004 -0.0383002 0)
(-0.169725 -0.0646596 0)
(-0.176724 -0.0730625 0)
(-0.175884 -0.0558162 0)
(-0.165429 0.0107301 0)
(-0.161205 0.0905117 0)
(-0.144785 0.123003 0)
(-0.158783 0.10981 0)
(-0.217355 0.0692803 0)
(-0.300839 0.052191 0)
(-0.383732 0.0637652 0)
(-0.444971 0.0751293 0)
(-0.669711 -0.0166256 0)
(-1.02896 -0.246751 0)
(-1.01925 -0.235154 0)
(-1.00425 -0.202787 0)
(-0.99734 -0.172656 0)
(-0.981057 -0.139764 0)
(-0.0313649 -0.013762 0)
(-0.0534318 0.00301247 0)
(-0.0786824 0.012897 0)
(-0.111714 0.00362751 0)
(-0.148656 -0.024666 0)
(-0.175185 -0.0553654 0)
(-0.186168 -0.0681812 0)
(-0.196278 -0.053043 0)
(-0.195377 0.00857815 0)
(-0.202785 0.0899354 0)
(-0.190713 0.126605 0)
(-0.216844 0.112462 0)
(-0.286468 0.100598 0)
(-0.371876 0.0842698 0)
(-0.427081 0.0884668 0)
(-0.491056 0.0806496 0)
(-0.758928 -0.0455671 0)
(-1.02694 -0.253613 0)
(-1.01337 -0.229893 0)
(-0.998244 -0.208987 0)
(-0.989412 -0.178482 0)
(-0.974252 -0.143588 0)
(-0.0287686 -0.010125 0)
(-0.0523885 0.00972973 0)
(-0.079218 0.0226026 0)
(-0.111764 0.0167648 0)
(-0.146932 -0.00914405 0)
(-0.175989 -0.0409952 0)
(-0.197766 -0.0575873 0)
(-0.225104 -0.0427012 0)
(-0.239107 0.0150647 0)
(-0.257243 0.09302 0)
(-0.249229 0.135193 0)
(-0.289696 0.139231 0)
(-0.363013 0.130834 0)
(-0.436071 0.112483 0)
(-0.457957 0.115985 0)
(-0.525539 0.0806255 0)
(-0.843424 -0.0802876 0)
(-1.02007 -0.247843 0)
(-1.00657 -0.223949 0)
(-0.992571 -0.211378 0)
(-0.980074 -0.185446 0)
(-0.965749 -0.151243 0)
(-0.0278628 -0.00396458 0)
(-0.0526091 0.0195261 0)
(-0.0815154 0.0346835 0)
(-0.11411 0.030699 0)
(-0.147812 0.00659807 0)
(-0.178818 -0.0238015 0)
(-0.214698 -0.0387135 0)
(-0.263411 -0.024403 0)
(-0.299063 0.0272547 0)
(-0.327095 0.100517 0)
(-0.324821 0.151124 0)
(-0.377351 0.16572 0)
(-0.432893 0.166698 0)
(-0.488017 0.138346 0)
(-0.491231 0.122375 0)
(-0.552658 0.0762033 0)
(-0.916658 -0.117233 0)
(-1.01667 -0.23877 0)
(-1.00081 -0.217691 0)
(-0.986682 -0.209403 0)
(-0.971595 -0.190046 0)
(-0.955018 -0.161409 0)
(-0.0280952 0.00489506 0)
(-0.0539601 0.0323954 0)
(-0.0853842 0.0490543 0)
(-0.118606 0.045006 0)
(-0.151961 0.0212556 0)
(-0.18741 -0.00620894 0)
(-0.24044 -0.0142657 0)
(-0.310841 0.00453031 0)
(-0.369781 0.0522662 0)
(-0.409783 0.120446 0)
(-0.418437 0.174305 0)
(-0.465745 0.194573 0)
(-0.494604 0.189471 0)
(-0.525217 0.157022 0)
(-0.516883 0.13343 0)
(-0.588726 0.068204 0)
(-0.969653 -0.153235 0)
(-1.01193 -0.231776 0)
(-0.998124 -0.212063 0)
(-0.981517 -0.203641 0)
(-0.96423 -0.189047 0)
(-0.946198 -0.170123 0)
(-0.0309194 0.0153541 0)
(-0.0573494 0.0470888 0)
(-0.0906686 0.0649109 0)
(-0.124131 0.0598174 0)
(-0.158494 0.0354988 0)
(-0.202407 0.0118568 0)
(-0.275387 0.0136305 0)
(-0.365684 0.0399118 0)
(-0.44696 0.081378 0)
(-0.500752 0.140273 0)
(-0.52021 0.192527 0)
(-0.545866 0.215796 0)
(-0.538819 0.218865 0)
(-0.545031 0.179138 0)
(-0.534236 0.144371 0)
(-0.65039 0.0519515 0)
(-1.0033 -0.185057 0)
(-1.00916 -0.221759 0)
(-0.995957 -0.207079 0)
(-0.97939 -0.196489 0)
(-0.960488 -0.183483 0)
(-0.939867 -0.172605 0)
(-0.0361267 0.0263749 0)
(-0.0629346 0.0623036 0)
(-0.0980388 0.0811634 0)
(-0.131848 0.0748815 0)
(-0.168346 0.0502014 0)
(-0.223509 0.0315356 0)
(-0.315864 0.0462443 0)
(-0.423807 0.0792554 0)
(-0.521591 0.117843 0)
(-0.582861 0.174206 0)
(-0.60275 0.223928 0)
(-0.600993 0.238207 0)
(-0.576402 0.224544 0)
(-0.55178 0.196537 0)
(-0.549792 0.150502 0)
(-0.725253 0.0270668 0)
(-1.01898 -0.19878 0)
(-1.00693 -0.209146 0)
(-0.99312 -0.194958 0)
(-0.977651 -0.185824 0)
(-0.958959 -0.175334 0)
(-0.937296 -0.165814 0)
(-0.043578 0.0369678 0)
(-0.0702538 0.0771303 0)
(-0.105524 0.0979649 0)
(-0.140631 0.0911422 0)
(-0.181883 0.0672897 0)
(-0.251416 0.055917 0)
(-0.361086 0.0827193 0)
(-0.481589 0.121245 0)
(-0.587758 0.152072 0)
(-0.646938 0.198307 0)
(-0.657242 0.237074 0)
(-0.635986 0.241679 0)
(-0.601913 0.232846 0)
(-0.562563 0.204951 0)
(-0.5637 0.146401 0)
(-0.8077 -0.00582076 0)
(-1.01923 -0.202223 0)
(-1.00441 -0.194057 0)
(-0.988485 -0.185729 0)
(-0.974504 -0.173439 0)
(-0.955756 -0.164306 0)
(-0.934103 -0.157571 0)
(-0.0521861 0.0468112 0)
(-0.0789642 0.0904932 0)
(-0.114811 0.113751 0)
(-0.151912 0.108501 0)
(-0.199699 0.0893434 0)
(-0.282754 0.0896999 0)
(-0.405508 0.123282 0)
(-0.53246 0.158239 0)
(-0.632144 0.185286 0)
(-0.678251 0.225147 0)
(-0.680145 0.24916 0)
(-0.654428 0.250493 0)
(-0.620534 0.239196 0)
(-0.569454 0.210292 0)
(-0.579917 0.140396 0)
(-0.880895 -0.0420983 0)
(-1.01448 -0.191747 0)
(-0.996638 -0.183164 0)
(-0.979561 -0.180394 0)
(-0.964848 -0.17022 0)
(-0.948194 -0.156959 0)
(-0.926383 -0.144757 0)
(-0.061848 0.0552593 0)
(-0.087798 0.102796 0)
(-0.123999 0.129473 0)
(-0.165917 0.127578 0)
(-0.223957 0.116959 0)
(-0.317832 0.129561 0)
(-0.436758 0.171786 0)
(-0.550614 0.204658 0)
(-0.638614 0.22095 0)
(-0.681221 0.248173 0)
(-0.686416 0.26437 0)
(-0.670804 0.26166 0)
(-0.635315 0.242535 0)
(-0.575011 0.210401 0)
(-0.607353 0.129936 0)
(-0.929676 -0.075097 0)
(-1.00159 -0.177693 0)
(-0.982898 -0.171235 0)
(-0.963861 -0.172678 0)
(-0.94466 -0.170288 0)
(-0.925974 -0.159687 0)
(-0.90279 -0.144096 0)
(-0.0718815 0.0639607 0)
(-0.0976217 0.113512 0)
(-0.134682 0.144095 0)
(-0.182456 0.149066 0)
(-0.251046 0.151189 0)
(-0.355413 0.173863 0)
(-0.474576 0.212104 0)
(-0.576389 0.23782 0)
(-0.647057 0.248685 0)
(-0.6832 0.267684 0)
(-0.694058 0.280456 0)
(-0.684185 0.275982 0)
(-0.648244 0.251572 0)
(-0.575359 0.215704 0)
(-0.640085 0.116296 0)
(-0.946904 -0.0994795 0)
(-0.976954 -0.158921 0)
(-0.955093 -0.154647 0)
(-0.931783 -0.160858 0)
(-0.905121 -0.163557 0)
(-0.877697 -0.157807 0)
(-0.848435 -0.145427 0)
(-0.0830661 0.0729616 0)
(-0.107115 0.124908 0)
(-0.145575 0.159482 0)
(-0.202208 0.172467 0)
(-0.278677 0.190064 0)
(-0.380711 0.224667 0)
(-0.488345 0.259606 0)
(-0.58385 0.272165 0)
(-0.64856 0.276504 0)
(-0.68596 0.290838 0)
(-0.699825 0.301795 0)
(-0.69357 0.296044 0)
(-0.652385 0.268989 0)
(-0.571628 0.220416 0)
(-0.661799 0.0948025 0)
(-0.928456 -0.111893 0)
(-0.931349 -0.138858 0)
(-0.901426 -0.134987 0)
(-0.869585 -0.142031 0)
(-0.832252 -0.148502 0)
(-0.788695 -0.151502 0)
(-0.743807 -0.147167 0)
(-0.095822 0.0826934 0)
(-0.119633 0.135255 0)
(-0.159964 0.174336 0)
(-0.223672 0.19805 0)
(-0.309512 0.228416 0)
(-0.412277 0.267789 0)
(-0.510752 0.297585 0)
(-0.591481 0.305033 0)
(-0.647363 0.306015 0)
(-0.68625 0.317972 0)
(-0.701974 0.328121 0)
(-0.697783 0.323603 0)
(-0.644789 0.288383 0)
(-0.558551 0.218079 0)
(-0.656238 0.0578731 0)
(-0.86455 -0.130647 0)
(-0.849048 -0.130233 0)
(-0.807035 -0.128485 0)
(-0.760413 -0.133051 0)
(-0.707038 -0.139036 0)
(-0.643895 -0.148758 0)
(-0.575253 -0.155531 0)
(-0.111001 0.0941147 0)
(-0.133215 0.148608 0)
(-0.176417 0.191582 0)
(-0.245443 0.225427 0)
(-0.337036 0.266415 0)
(-0.435105 0.309734 0)
(-0.52538 0.334547 0)
(-0.59593 0.33866 0)
(-0.645421 0.33969 0)
(-0.685844 0.351733 0)
(-0.703116 0.359593 0)
(-0.6936 0.351835 0)
(-0.624532 0.30112 0)
(-0.527338 0.200746 0)
(-0.605141 0.00664939 0)
(-0.755008 -0.143733 0)
(-0.725255 -0.130827 0)
(-0.666078 -0.135071 0)
(-0.600698 -0.140708 0)
(-0.528406 -0.143522 0)
(-0.446968 -0.154302 0)
(-0.355672 -0.162482 0)
(-0.130942 0.106734 0)
(-0.153483 0.162292 0)
(-0.198769 0.209828 0)
(-0.269217 0.25326 0)
(-0.362575 0.300685 0)
(-0.456524 0.343864 0)
(-0.537913 0.366994 0)
(-0.595892 0.37241 0)
(-0.641653 0.374962 0)
(-0.682558 0.384146 0)
(-0.702079 0.389899 0)
(-0.679909 0.371191 0)
(-0.586789 0.304788 0)
(-0.469434 0.164856 0)
(-0.497734 -0.0578252 0)
(-0.603937 -0.16627 0)
(-0.566293 -0.137611 0)
(-0.490852 -0.14573 0)
(-0.406305 -0.153236 0)
(-0.315996 -0.164265 0)
(-0.218075 -0.172922 0)
(-0.110048 -0.190304 0)
(-0.155809 0.123088 0)
(-0.178431 0.180997 0)
(-0.226079 0.231083 0)
(-0.296513 0.279427 0)
(-0.38534 0.33075 0)
(-0.468271 0.374661 0)
(-0.540004 0.395782 0)
(-0.593848 0.404603 0)
(-0.638415 0.409799 0)
(-0.680565 0.420143 0)
(-0.696626 0.416606 0)
(-0.65513 0.378581 0)
(-0.526331 0.298389 0)
(-0.375836 0.124156 0)
(-0.343317 -0.112874 0)
(-0.415528 -0.196659 0)
(-0.381884 -0.157705 0)
(-0.300242 -0.155388 0)
(-0.204689 -0.167556 0)
(-0.100059 -0.179806 0)
(0.00847213 -0.189838 0)
(0.125292 -0.202702 0)
(-0.188724 0.140579 0)
(-0.210528 0.201573 0)
(-0.258734 0.254861 0)
(-0.323618 0.305737 0)
(-0.402877 0.357001 0)
(-0.47918 0.397546 0)
(-0.539153 0.420921 0)
(-0.590276 0.432454 0)
(-0.63619 0.441537 0)
(-0.675715 0.448011 0)
(-0.680829 0.435163 0)
(-0.612646 0.387187 0)
(-0.440979 0.294827 0)
(-0.254169 0.0928923 0)
(-0.176762 -0.149387 0)
(-0.215846 -0.231306 0)
(-0.18687 -0.194626 0)
(-0.107463 -0.185137 0)
(-0.0116323 -0.18436 0)
(0.097486 -0.19612 0)
(0.212315 -0.207594 0)
(0.330492 -0.21801 0)
(-0.227722 0.161994 0)
(-0.249793 0.225939 0)
(-0.296677 0.279815 0)
(-0.350974 0.331059 0)
(-0.416252 0.378556 0)
(-0.48037 0.414014 0)
(-0.534866 0.437525 0)
(-0.584849 0.45416 0)
(-0.632572 0.467672 0)
(-0.665473 0.474891 0)
(-0.648666 0.455954 0)
(-0.550016 0.394857 0)
(-0.336981 0.292584 0)
(-0.120284 0.0788014 0)
(-0.0228727 -0.15323 0)
(-0.0329615 -0.239837 0)
(-0.00338955 -0.237335 0)
(0.0713697 -0.225186 0)
(0.163279 -0.228312 0)
(0.273455 -0.240495 0)
(0.394611 -0.25674 0)
(0.520072 -0.263115 0)
(-0.272933 0.184016 0)
(-0.296425 0.249742 0)
(-0.33679 0.30618 0)
(-0.377841 0.354356 0)
(-0.428958 0.394475 0)
(-0.478218 0.42509 0)
(-0.528269 0.451075 0)
(-0.577393 0.471215 0)
(-0.625847 0.487839 0)
(-0.645193 0.496108 0)
(-0.60121 0.471341 0)
(-0.467792 0.405296 0)
(-0.222493 0.28928 0)
(0.0102351 0.0733709 0)
(0.106753 -0.139957 0)
(0.116047 -0.232351 0)
(0.153219 -0.256306 0)
(0.21969 -0.266806 0)
(0.312142 -0.272576 0)
(0.425609 -0.29119 0)
(0.558772 -0.316949 0)
(0.698656 -0.342043 0)
(-0.319532 0.208936 0)
(-0.344494 0.276073 0)
(-0.375997 0.333297 0)
(-0.400134 0.376823 0)
(-0.438226 0.405003 0)
(-0.471362 0.4316 0)
(-0.516551 0.457513 0)
(-0.566065 0.481554 0)
(-0.611313 0.505519 0)
(-0.611276 0.518655 0)
(-0.537321 0.493067 0)
(-0.370467 0.415047 0)
(-0.106923 0.27759 0)
(0.12879 0.0639879 0)
(0.214745 -0.13091 0)
(0.237876 -0.216892 0)
(0.283009 -0.248056 0)
(0.353073 -0.267097 0)
(0.449766 -0.290275 0)
(0.572293 -0.316853 0)
(0.716723 -0.353629 0)
(0.872099 -0.388257 0)
(-0.363362 0.233937 0)
(-0.389835 0.300519 0)
(-0.41214 0.354252 0)
(-0.419996 0.392512 0)
(-0.441539 0.414575 0)
(-0.462376 0.437082 0)
(-0.501936 0.467271 0)
(-0.551542 0.497271 0)
(-0.583962 0.526702 0)
(-0.562495 0.536906 0)
(-0.461481 0.498226 0)
(-0.265286 0.40845 0)
(0.00222366 0.24903 0)
(0.224495 0.0299287 0)
(0.307741 -0.150503 0)
(0.347559 -0.230832 0)
(0.404156 -0.270852 0)
(0.483794 -0.297984 0)
(0.595418 -0.316671 0)
(0.729678 -0.343642 0)
(0.883612 -0.371224 0)
(1.04665 -0.403754 0)
(-0.399867 0.259163 0)
(-0.426067 0.325601 0)
(-0.438669 0.377076 0)
(-0.429686 0.410807 0)
(-0.439134 0.429046 0)
(-0.452803 0.450153 0)
(-0.484143 0.480367 0)
(-0.528481 0.520303 0)
(-0.543107 0.552032 0)
(-0.498376 0.550609 0)
(-0.375592 0.489203 0)
(-0.157499 0.38043 0)
(0.0985281 0.197812 0)
(0.302662 -0.000241472 0)
(0.389105 -0.155203 0)
(0.452121 -0.242658 0)
(0.531804 -0.302578 0)
(0.636603 -0.349608 0)
(0.769861 -0.384334 0)
(0.92474 -0.406006 0)
(1.08121 -0.42509 0)
(1.2251 -0.438232 0)
(-0.427902 0.280005 0)
(-0.444867 0.351174 0)
(-0.445884 0.403689 0)
(-0.431836 0.436022 0)
(-0.435543 0.452151 0)
(-0.44042 0.474111 0)
(-0.466465 0.511494 0)
(-0.496211 0.552141 0)
(-0.49167 0.572171 0)
(-0.420534 0.553232 0)
(-0.280855 0.460779 0)
(-0.053023 0.331304 0)
(0.191054 0.167728 0)
(0.372288 -0.000378334 0)
(0.464661 -0.144332 0)
(0.551701 -0.241596 0)
(0.661361 -0.323836 0)
(0.805707 -0.397661 0)
(0.97142 -0.455338 0)
(1.13743 -0.497246 0)
(1.28429 -0.512488 0)
(1.39251 -0.503713 0)
(-0.434432 0.299451 0)
(-0.449793 0.371113 0)
(-0.447003 0.424524 0)
(-0.432156 0.459705 0)
(-0.427648 0.48157 0)
(-0.426914 0.507183 0)
(-0.443351 0.545094 0)
(-0.455611 0.581114 0)
(-0.430383 0.585889 0)
(-0.332614 0.539916 0)
(-0.183821 0.414464 0)
(0.0526574 0.298049 0)
(0.274316 0.156029 0)
(0.438314 0.0168576 0)
(0.540219 -0.109817 0)
(0.65313 -0.210165 0)
(0.798773 -0.310082 0)
(0.984052 -0.410889 0)
(1.17496 -0.491711 0)
(1.33725 -0.544062 0)
(1.45137 -0.567302 0)
(1.51328 -0.553579 0)
(-0.426668 0.308021 0)
(-0.441785 0.380044 0)
(-0.440653 0.43958 0)
(-0.428452 0.480933 0)
(-0.415678 0.509897 0)
(-0.411129 0.54302 0)
(-0.414618 0.583086 0)
(-0.407935 0.603367 0)
(-0.3618 0.583278 0)
(-0.240573 0.510719 0)
(-0.0742591 0.380125 0)
(0.148707 0.268669 0)
(0.352688 0.163158 0)
(0.501856 0.0393605 0)
(0.619129 -0.0904692 0)
(0.759836 -0.205086 0)
(0.943576 -0.319354 0)
(1.16095 -0.434479 0)
(1.36213 -0.520643 0)
(1.49787 -0.570708 0)
(1.56598 -0.591214 0)
(1.58531 -0.579746 0)
(-0.416287 0.311217 0)
(-0.430507 0.385873 0)
(-0.428757 0.443621 0)
(-0.41956 0.492569 0)
(-0.402216 0.529024 0)
(-0.392729 0.567551 0)
(-0.382341 0.602125 0)
(-0.351842 0.61326 0)
(-0.283702 0.568491 0)
(-0.144056 0.472124 0)
(0.034243 0.339405 0)
(0.239986 0.244226 0)
(0.424305 0.147207 0)
(0.565774 0.0224393 0)
(0.70096 -0.121393 0)
(0.877607 -0.258451 0)
(1.10438 -0.386078 0)
(1.34128 -0.496873 0)
(1.52634 -0.566523 0)
(1.61492 -0.594292 0)
(1.63361 -0.601651 0)
(1.62344 -0.590247 0)
(-0.400203 0.308828 0)
(-0.414987 0.381836 0)
(-0.413759 0.44879 0)
(-0.405447 0.498221 0)
(-0.386328 0.542916 0)
(-0.370188 0.584004 0)
(-0.342697 0.615399 0)
(-0.29465 0.601493 0)
(-0.199906 0.540078 0)
(-0.0421703 0.434368 0)
(0.14146 0.306903 0)
(0.320596 0.199922 0)
(0.48818 0.108963 0)
(0.627045 -0.0176757 0)
(0.788791 -0.164381 0)
(1.01183 -0.320223 0)
(1.26941 -0.465203 0)
(1.49605 -0.56765 0)
(1.64317 -0.612719 0)
(1.68584 -0.613424 0)
(1.66721 -0.610709 0)
(1.63699 -0.600259 0)
(-0.382693 0.305296 0)
(-0.395192 0.369576 0)
(-0.395155 0.437684 0)
(-0.385113 0.495936 0)
(-0.366682 0.539816 0)
(-0.343716 0.580698 0)
(-0.301848 0.602744 0)
(-0.22847 0.580807 0)
(-0.110911 0.503255 0)
(0.0567072 0.385317 0)
(0.231002 0.254333 0)
(0.39691 0.160144 0)
(0.55022 0.066466 0)
(0.699522 -0.0631352 0)
(0.89506 -0.2061 0)
(1.1564 -0.369909 0)
(1.42223 -0.520138 0)
(1.61346 -0.613303 0)
(1.71544 -0.634494 0)
(1.71864 -0.61316 0)
(1.67983 -0.604377 0)
(1.64207 -0.595205 0)
(-0.365463 0.30266 0)
(-0.375352 0.35524 0)
(-0.374828 0.415118 0)
(-0.364178 0.47466 0)
(-0.341536 0.525274 0)
(-0.309691 0.564893 0)
(-0.251675 0.578823 0)
(-0.160747 0.537992 0)
(-0.0201261 0.451297 0)
(0.156995 0.322604 0)
(0.316397 0.189777 0)
(0.464532 0.0994546 0)
(0.611911 0.01271 0)
(0.790232 -0.110538 0)
(1.01864 -0.251645 0)
(1.29563 -0.414215 0)
(1.54696 -0.562744 0)
(1.6993 -0.642059 0)
(1.75563 -0.638625 0)
(1.72725 -0.610507 0)
(1.68332 -0.600141 0)
(1.64305 -0.592074 0)
(-0.346631 0.302052 0)
(-0.353677 0.345982 0)
(-0.349964 0.395881 0)
(-0.338351 0.445658 0)
(-0.313133 0.492021 0)
(-0.269046 0.528278 0)
(-0.193443 0.531148 0)
(-0.0800338 0.478077 0)
(0.0746328 0.368247 0)
(0.250091 0.22848 0)
(0.392583 0.105116 0)
(0.532007 0.0395298 0)
(0.690036 -0.0404674 0)
(0.902922 -0.17566 0)
(1.1594 -0.330779 0)
(1.4221 -0.478241 0)
(1.63552 -0.605084 0)
(1.7544 -0.658293 0)
(1.77425 -0.639871 0)
(1.72658 -0.614125 0)
(1.68624 -0.60074 0)
(1.64437 -0.590442 0)
(-0.324278 0.300783 0)
(-0.32943 0.336938 0)
(-0.324418 0.37929 0)
(-0.309282 0.422042 0)
(-0.277115 0.456376 0)
(-0.222033 0.475834 0)
(-0.129611 0.464404 0)
(-0.00456536 0.391847 0)
(0.159804 0.274387 0)
(0.328166 0.146775 0)
(0.463616 0.042848 0)
(0.600538 -0.024521 0)
(0.7853 -0.117617 0)
(1.04392 -0.267754 0)
(1.31567 -0.429837 0)
(1.52764 -0.558401 0)
(1.69194 -0.652367 0)
(1.77402 -0.661066 0)
(1.77692 -0.633097 0)
(1.72838 -0.615982 0)
(1.69062 -0.604571 0)
(1.6458 -0.589447 0)
(-0.297507 0.300587 0)
(-0.300888 0.331604 0)
(-0.292671 0.369086 0)
(-0.273971 0.406345 0)
(-0.231287 0.434321 0)
(-0.160458 0.439836 0)
(-0.0555214 0.410475 0)
(0.0815024 0.331779 0)
(0.247352 0.225548 0)
(0.400527 0.117514 0)
(0.526487 0.00568542 0)
(0.680775 -0.0739739 0)
(0.909666 -0.190681 0)
(1.20815 -0.361134 0)
(1.46678 -0.525074 0)
(1.61702 -0.63562 0)
(1.72296 -0.672048 0)
(1.76844 -0.646924 0)
(1.76599 -0.62443 0)
(1.72766 -0.617093 0)
(1.69376 -0.608678 0)
(1.65077 -0.589593 0)
(-0.26542 0.29837 0)
(-0.267344 0.323594 0)
(-0.25499 0.3548 0)
(-0.229428 0.390713 0)
(-0.177504 0.410566 0)
(-0.0935044 0.405503 0)
(0.024584 0.370868 0)
(0.164684 0.291206 0)
(0.321805 0.207045 0)
(0.457363 0.0968019 0)
(0.593884 -0.013258 0)
(0.784672 -0.0983116 0)
(1.05698 -0.251513 0)
(1.37644 -0.429084 0)
(1.58854 -0.587356 0)
(1.68983 -0.66659 0)
(1.74586 -0.668307 0)
(1.75997 -0.625262 0)
(1.7544 -0.612637 0)
(1.72147 -0.6159 0)
(1.69119 -0.610392 0)
(1.65595 -0.594067 0)
(-0.227244 0.296588 0)
(-0.22601 0.318636 0)
(-0.20832 0.343255 0)
(-0.173588 0.369303 0)
(-0.112332 0.382647 0)
(-0.0186756 0.374237 0)
(0.104069 0.334604 0)
(0.242722 0.264543 0)
(0.383153 0.177808 0)
(0.515541 0.0649039 0)
(0.680668 -0.0339612 0)
(0.911356 -0.13738 0)
(1.21911 -0.301841 0)
(1.52109 -0.474114 0)
(1.66757 -0.614639 0)
(1.73303 -0.677968 0)
(1.7599 -0.657155 0)
(1.75689 -0.604986 0)
(1.74695 -0.59472 0)
(1.7167 -0.609747 0)
(1.68498 -0.610104 0)
(1.65673 -0.598833 0)
(-0.184458 0.289396 0)
(-0.179348 0.305488 0)
(-0.155166 0.322059 0)
(-0.109782 0.340111 0)
(-0.039907 0.345893 0)
(0.0558709 0.329211 0)
(0.177161 0.288745 0)
(0.307889 0.220547 0)
(0.446006 0.137196 0)
(0.596843 0.0279638 0)
(0.800024 -0.0713884 0)
(1.06995 -0.210049 0)
(1.39086 -0.374122 0)
(1.63632 -0.510576 0)
(1.71425 -0.613502 0)
(1.75263 -0.659925 0)
(1.76156 -0.641085 0)
(1.75882 -0.587557 0)
(1.74158 -0.578204 0)
(1.71463 -0.592597 0)
(1.68084 -0.605211 0)
(1.65335 -0.597845 0)
(-0.136237 0.284984 0)
(-0.125376 0.297005 0)
(-0.0955067 0.306041 0)
(-0.042188 0.310704 0)
(0.0328866 0.302948 0)
(0.132306 0.28463 0)
(0.248374 0.239599 0)
(0.376285 0.173358 0)
(0.522091 0.0835583 0)
(0.70976 -0.0329213 0)
(0.955982 -0.153169 0)
(1.25669 -0.311908 0)
(1.56141 -0.444699 0)
(1.71496 -0.532874 0)
(1.74106 -0.60208 0)
(1.75516 -0.633311 0)
(1.75247 -0.617559 0)
(1.7582 -0.577921 0)
(1.73942 -0.562924 0)
(1.71342 -0.571323 0)
(1.67943 -0.592403 0)
(1.6506 -0.59434 0)
(-0.0894537 0.271508 0)
(-0.0715978 0.282851 0)
(-0.0353252 0.289888 0)
(0.0235744 0.288934 0)
(0.102381 0.269044 0)
(0.199172 0.23648 0)
(0.314286 0.186563 0)
(0.450572 0.118187 0)
(0.624801 0.0252487 0)
(0.859936 -0.0957976 0)
(1.14561 -0.233447 0)
(1.43748 -0.400153 0)
(1.68689 -0.484592 0)
(1.75921 -0.543531 0)
(1.75995 -0.582987 0)
(1.75038 -0.59006 0)
(1.74059 -0.578747 0)
(1.74915 -0.564231 0)
(1.7382 -0.556581 0)
(1.71679 -0.556146 0)
(1.68388 -0.577554 0)
(1.64673 -0.587417 0)
(-0.0462443 0.273553 0)
(-0.0184291 0.272579 0)
(0.0228852 0.274392 0)
(0.0844822 0.268984 0)
(0.16731 0.245242 0)
(0.271411 0.212799 0)
(0.39591 0.155678 0)
(0.557189 0.0842258 0)
(0.775243 -0.0209909 0)
(1.05168 -0.149685 0)
(1.33096 -0.314442 0)
(1.5994 -0.432638 0)
(1.75715 -0.496345 0)
(1.77748 -0.526128 0)
(1.76582 -0.560625 0)
(1.74839 -0.560837 0)
(1.73429 -0.543144 0)
(1.74012 -0.543446 0)
(1.73509 -0.548018 0)
(1.72061 -0.546825 0)
(1.68541 -0.565016 0)
(1.63865 -0.579423 0)
(-0.00975838 0.268829 0)
(0.0282784 0.262313 0)
(0.0784386 0.255188 0)
(0.144925 0.243169 0)
(0.234912 0.217112 0)
(0.350665 0.173622 0)
(0.50172 0.110537 0)
(0.70242 0.0247112 0)
(0.968669 -0.0920161 0)
(1.25473 -0.2289 0)
(1.5036 -0.359946 0)
(1.71163 -0.441064 0)
(1.78592 -0.483882 0)
(1.78409 -0.509018 0)
(1.76324 -0.53566 0)
(1.74573 -0.529668 0)
(1.73483 -0.510088 0)
(1.73645 -0.520407 0)
(1.72898 -0.535967 0)
(1.7198 -0.538001 0)
(1.68885 -0.553884 0)
(1.63902 -0.569522 0)
(0.0251521 0.26899 0)
(0.0713383 0.254951 0)
(0.133067 0.236806 0)
(0.214491 0.2157 0)
(0.32192 0.183442 0)
(0.465388 0.134006 0)
(0.655266 0.0584722 0)
(0.902896 -0.0448082 0)
(1.19357 -0.17046 0)
(1.44796 -0.299541 0)
(1.63415 -0.392696 0)
(1.76952 -0.432046 0)
(1.79002 -0.466346 0)
(1.77798 -0.486937 0)
(1.75801 -0.505927 0)
(1.74295 -0.500154 0)
(1.73822 -0.489019 0)
(1.73585 -0.498626 0)
(1.72139 -0.521055 0)
(1.71385 -0.527586 0)
(1.68914 -0.544734 0)
(1.64298 -0.558073 0)
(0.0605336 0.25327 0)
(0.120221 0.239049 0)
(0.198646 0.214716 0)
(0.302943 0.181494 0)
(0.441234 0.136267 0)
(0.623546 0.0718571 0)
(0.854888 -0.0181188 0)
(1.13313 -0.133061 0)
(1.40458 -0.248876 0)
(1.58959 -0.352309 0)
(1.71843 -0.395683 0)
(1.78466 -0.416965 0)
(1.78228 -0.442427 0)
(1.76464 -0.46257 0)
(1.75208 -0.474329 0)
(1.74018 -0.470387 0)
(1.73977 -0.468301 0)
(1.73554 -0.480486 0)
(1.7169 -0.504236 0)
(1.70399 -0.517224 0)
(1.68361 -0.531055 0)
(1.64465 -0.551428 0)
(0.113674 0.23552 0)
(0.190666 0.215265 0)
(0.294994 0.18553 0)
(0.433447 0.142339 0)
(0.614519 0.0852177 0)
(0.838576 0.0137755 0)
(1.0938 -0.0815886 0)
(1.36184 -0.182889 0)
(1.56989 -0.289183 0)
(1.68243 -0.363039 0)
(1.75828 -0.384379 0)
(1.77961 -0.398668 0)
(1.76913 -0.414582 0)
(1.75215 -0.436676 0)
(1.74545 -0.445226 0)
(1.739 -0.447698 0)
(1.7404 -0.454383 0)
(1.73267 -0.462554 0)
(1.71534 -0.481339 0)
(1.6958 -0.501323 0)
(1.67461 -0.512557 0)
(1.64059 -0.538757 0)
(0.200058 0.205358 0)
(0.305699 0.178863 0)
(0.446129 0.139112 0)
(0.626338 0.0843012 0)
(0.84828 0.0168964 0)
(1.09274 -0.0592724 0)
(1.33352 -0.145598 0)
(1.54628 -0.218254 0)
(1.67153 -0.308759 0)
(1.73253 -0.359438 0)
(1.76817 -0.366355 0)
(1.767 -0.376512 0)
(1.75704 -0.389461 0)
(1.74334 -0.411148 0)
(1.73973 -0.417839 0)
(1.7386 -0.424113 0)
(1.73769 -0.442192 0)
(1.72892 -0.445238 0)
(1.71307 -0.458092 0)
(1.69097 -0.479708 0)
(1.66581 -0.495004 0)
(1.63387 -0.524961 0)
(0.343467 0.161781 0)
(0.488471 0.125149 0)
(0.670904 0.0778979 0)
(0.887474 0.014247 0)
(1.12305 -0.0512057 0)
(1.34477 -0.132165 0)
(1.53227 -0.19587 0)
(1.66315 -0.243062 0)
(1.71807 -0.312535 0)
(1.75043 -0.340188 0)
(1.75922 -0.346188 0)
(1.75503 -0.353765 0)
(1.74707 -0.366321 0)
(1.73718 -0.387468 0)
(1.73544 -0.394613 0)
(1.73759 -0.402418 0)
(1.735 -0.42541 0)
(1.72595 -0.434981 0)
(1.71228 -0.444094 0)
(1.68899 -0.460835 0)
(1.65687 -0.474079 0)
(1.62658 -0.509212 0)
(0.601547 0.113534 0)
(0.780911 0.06259 0)
(0.986338 -0.00417061 0)
(1.20327 -0.0696787 0)
(1.39529 -0.13229 0)
(1.55022 -0.197729 0)
(1.6673 -0.213168 0)
(1.71854 -0.246927 0)
(1.7333 -0.290678 0)
(1.74504 -0.309919 0)
(1.74531 -0.320292 0)
(1.74417 -0.333256 0)
(1.73904 -0.347487 0)
(1.73258 -0.36844 0)
(1.7314 -0.375417 0)
(1.73439 -0.382718 0)
(1.73198 -0.403212 0)
(1.72047 -0.4189 0)
(1.70876 -0.429021 0)
(1.68508 -0.44323 0)
(1.6505 -0.457654 0)
(1.61941 -0.489879 0)
(0.961976 0.047158 0)
(1.14639 -0.0138703 0)
(1.33228 -0.0731847 0)
(1.48774 -0.112193 0)
(1.59782 -0.165033 0)
(1.67645 -0.191305 0)
(1.72169 -0.211773 0)
(1.73205 -0.230033 0)
(1.73311 -0.263911 0)
(1.73238 -0.281906 0)
(1.73398 -0.297472 0)
(1.73391 -0.314984 0)
(1.7318 -0.334416 0)
(1.7286 -0.353608 0)
(1.72828 -0.359496 0)
(1.73144 -0.36693 0)
(1.72877 -0.382039 0)
(1.71458 -0.399448 0)
(1.70063 -0.410347 0)
(1.67724 -0.425504 0)
(1.6425 -0.4425 0)
(1.60778 -0.4686 0)
(1.32697 -0.00740397 0)
(1.46466 -0.0603452 0)
(1.58023 -0.0842653 0)
(1.65011 -0.127747 0)
(1.68809 -0.175395 0)
(1.71289 -0.18683 0)
(1.72426 -0.202695 0)
(1.72611 -0.220726 0)
(1.72212 -0.240417 0)
(1.72098 -0.258212 0)
(1.72513 -0.276284 0)
(1.72679 -0.299231 0)
(1.7254 -0.325709 0)
(1.72638 -0.342644 0)
(1.72789 -0.346712 0)
(1.73031 -0.352047 0)
(1.72505 -0.361615 0)
(1.70962 -0.375843 0)
(1.69258 -0.39025 0)
(1.6672 -0.411203 0)
(1.6345 -0.434777 0)
(1.59983 -0.454252 0)
(1.58853 -0.0474137 0)
(1.65697 -0.0854908 0)
(1.69404 -0.115708 0)
(1.70712 -0.159666 0)
(1.71172 -0.175588 0)
(1.71174 -0.177796 0)
(1.71313 -0.187328 0)
(1.71369 -0.205172 0)
(1.71126 -0.228722 0)
(1.71162 -0.243323 0)
(1.71549 -0.259301 0)
(1.71778 -0.284032 0)
(1.71996 -0.31199 0)
(1.72323 -0.322547 0)
(1.72837 -0.328184 0)
(1.72955 -0.334168 0)
(1.72171 -0.343629 0)
(1.70564 -0.35708 0)
(1.68604 -0.371348 0)
(1.65811 -0.394787 0)
(1.62558 -0.428439 0)
(1.59681 -0.448605 0)
(1.71052 -0.0709513 0)
(1.72276 -0.103809 0)
(1.72095 -0.134898 0)
(1.71632 -0.151786 0)
(1.70503 -0.153419 0)
(1.70105 -0.157269 0)
(1.70056 -0.164182 0)
(1.70191 -0.187084 0)
(1.70298 -0.220211 0)
(1.70425 -0.235799 0)
(1.70885 -0.250202 0)
(1.71141 -0.274427 0)
(1.71392 -0.291049 0)
(1.71982 -0.299966 0)
(1.72667 -0.307011 0)
(1.72583 -0.315269 0)
(1.71689 -0.326315 0)
(1.7004 -0.344321 0)
(1.67654 -0.358742 0)
(1.64763 -0.378653 0)
(1.61889 -0.413948 0)
(1.59235 -0.440184 0)
(1.73054 -0.0495205 0)
(1.71983 -0.0812023 0)
(1.71264 -0.112934 0)
(1.70436 -0.120934 0)
(1.69498 -0.12774 0)
(1.6916 -0.136591 0)
(1.69084 -0.150111 0)
(1.68996 -0.177434 0)
(1.69663 -0.208151 0)
(1.69957 -0.228909 0)
(1.70411 -0.24809 0)
(1.70899 -0.269214 0)
(1.71296 -0.275387 0)
(1.71881 -0.280162 0)
(1.7226 -0.288914 0)
(1.72016 -0.301532 0)
(1.71074 -0.316737 0)
(1.69314 -0.337778 0)
(1.667 -0.353412 0)
(1.63638 -0.368671 0)
(1.61091 -0.396541 0)
(1.58844 -0.428675 0)
(1.71339 -0.0255852 0)
(1.70415 -0.0694488 0)
(1.69953 -0.0906631 0)
(1.69225 -0.100972 0)
(1.6877 -0.113482 0)
(1.68477 -0.129718 0)
(1.68302 -0.15224 0)
(1.68209 -0.176461 0)
(1.68767 -0.192488 0)
(1.69353 -0.208158 0)
(1.69887 -0.226498 0)
(1.70527 -0.245496 0)
(1.71085 -0.256999 0)
(1.71643 -0.266837 0)
(1.71835 -0.279224 0)
(1.71486 -0.295722 0)
(1.70388 -0.313906 0)
(1.68494 -0.333868 0)
(1.65999 -0.349789 0)
(1.62899 -0.362994 0)
(1.59985 -0.384454 0)
(1.58345 -0.414235 0)
(1.69749 -0.0281551 0)
(1.69101 -0.0675031 0)
(1.68967 -0.0848629 0)
(1.68543 -0.0981161 0)
(1.68185 -0.112688 0)
(1.67775 -0.130679 0)
(1.67538 -0.156959 0)
(1.67874 -0.177021 0)
(1.68522 -0.186425 0)
(1.69082 -0.195297 0)
(1.6963 -0.210426 0)
(1.70247 -0.230595 0)
(1.70729 -0.246804 0)
(1.71148 -0.26053 0)
(1.71348 -0.275471 0)
(1.70905 -0.293108 0)
(1.69655 -0.312455 0)
(1.67767 -0.329203 0)
(1.65432 -0.3448 0)
(1.62445 -0.358294 0)
(1.59079 -0.375596 0)
(1.57601 -0.400281 0)
(1.68228 -0.0355257 0)
(1.68179 -0.0686058 0)
(1.68255 -0.0848095 0)
(1.6806 -0.0992909 0)
(1.67726 -0.115174 0)
(1.67231 -0.133348 0)
(1.6709 -0.150287 0)
(1.67591 -0.160978 0)
(1.6814 -0.170646 0)
(1.68675 -0.181947 0)
(1.69149 -0.198251 0)
(1.69635 -0.218764 0)
(1.70225 -0.237813 0)
(1.70553 -0.255925 0)
(1.70643 -0.273811 0)
(1.70172 -0.291688 0)
(1.68945 -0.310632 0)
(1.67118 -0.323466 0)
(1.64685 -0.334495 0)
(1.61945 -0.347634 0)
(1.58657 -0.368602 0)
(1.56884 -0.388758 0)
(1.66782 -0.04275 0)
(1.67556 -0.0695253 0)
(1.67761 -0.0850022 0)
(1.67561 -0.102311 0)
(1.67241 -0.120859 0)
(1.66974 -0.132938 0)
(1.66983 -0.138451 0)
(1.67333 -0.14787 0)
(1.67592 -0.158017 0)
(1.68142 -0.17675 0)
(1.68645 -0.198716 0)
(1.69088 -0.214622 0)
(1.69556 -0.229103 0)
(1.69943 -0.248255 0)
(1.69939 -0.271003 0)
(1.69261 -0.290759 0)
(1.68213 -0.307378 0)
(1.66761 -0.318618 0)
(1.6435 -0.326429 0)
(1.61385 -0.337266 0)
(1.5838 -0.358926 0)
(1.56357 -0.377883 0)
(1.65681 -0.0416076 0)
(1.6692 -0.0584069 0)
(1.67317 -0.0769824 0)
(1.67091 -0.101311 0)
(1.66888 -0.118521 0)
(1.66788 -0.122907 0)
(1.66863 -0.128225 0)
(1.67013 -0.139323 0)
(1.67091 -0.154781 0)
(1.67466 -0.175589 0)
(1.68016 -0.196095 0)
(1.68547 -0.212197 0)
(1.69097 -0.226029 0)
(1.69359 -0.244339 0)
(1.69168 -0.268556 0)
(1.68536 -0.28924 0)
(1.67781 -0.302373 0)
(1.66351 -0.309544 0)
(1.63989 -0.318204 0)
(1.60692 -0.332906 0)
(1.57969 -0.350572 0)
(1.56044 -0.36441 0)
(1.64959 -0.034304 0)
(1.66398 -0.0487728 0)
(1.66779 -0.0702163 0)
(1.66594 -0.0958381 0)
(1.66691 -0.106559 0)
(1.66497 -0.113919 0)
(1.66481 -0.124644 0)
(1.66715 -0.141253 0)
(1.66642 -0.156999 0)
(1.66799 -0.173547 0)
(1.67376 -0.188957 0)
(1.67885 -0.204913 0)
(1.6836 -0.224252 0)
(1.68659 -0.246269 0)
(1.68282 -0.266816 0)
(1.67918 -0.281577 0)
(1.67485 -0.291127 0)
(1.65936 -0.299306 0)
(1.63572 -0.313322 0)
(1.59971 -0.334858 0)
(1.57723 -0.346505 0)
(1.5568 -0.351978 0)
(1.6418 -0.0224223 0)
(1.65671 -0.0423007 0)
(1.66155 -0.0719185 0)
(1.66291 -0.0929403 0)
(1.66306 -0.103535 0)
(1.66211 -0.113218 0)
(1.66156 -0.127027 0)
(1.66331 -0.146031 0)
(1.66233 -0.161006 0)
(1.66342 -0.17214 0)
(1.66854 -0.183833 0)
(1.67326 -0.199674 0)
(1.67666 -0.222213 0)
(1.67769 -0.248858 0)
(1.67582 -0.2665 0)
(1.67512 -0.272378 0)
(1.67072 -0.278298 0)
(1.65693 -0.290104 0)
(1.62697 -0.310758 0)
(1.59408 -0.336923 0)
(1.5749 -0.343297 0)
(1.55504 -0.346524 0)
(1.63279 -0.0188638 0)
(1.64872 -0.0421124 0)
(1.65545 -0.0754462 0)
(1.6586 -0.0957528 0)
(1.65968 -0.105782 0)
(1.65809 -0.115402 0)
(1.6565 -0.130918 0)
(1.6586 -0.148377 0)
(1.65902 -0.162541 0)
(1.66044 -0.172065 0)
(1.66491 -0.182832 0)
(1.66804 -0.198725 0)
(1.66865 -0.221091 0)
(1.66978 -0.246298 0)
(1.67173 -0.26254 0)
(1.67206 -0.265833 0)
(1.66753 -0.269644 0)
(1.65064 -0.283907 0)
(1.61698 -0.315468 0)
(1.59348 -0.333792 0)
(1.57357 -0.336507 0)
(1.55166 -0.345478 0)
(1.62367 -0.0231171 0)
(1.63848 -0.0453955 0)
(1.64869 -0.0781967 0)
(1.6537 -0.0984271 0)
(1.65564 -0.110093 0)
(1.65387 -0.122272 0)
(1.65245 -0.136302 0)
(1.65354 -0.148013 0)
(1.65564 -0.159307 0)
(1.65675 -0.170309 0)
(1.66013 -0.18417 0)
(1.66156 -0.201459 0)
(1.65962 -0.221451 0)
(1.66056 -0.234022 0)
(1.66509 -0.24297 0)
(1.66709 -0.253199 0)
(1.66423 -0.26251 0)
(1.64147 -0.291956 0)
(1.60943 -0.324302 0)
(1.59167 -0.329971 0)
(1.57249 -0.328133 0)
(1.54987 -0.339727 0)
(1.61425 -0.0309792 0)
(1.62784 -0.0512776 0)
(1.64184 -0.078371 0)
(1.64798 -0.0990815 0)
(1.65066 -0.114421 0)
(1.6499 -0.130245 0)
(1.65008 -0.140765 0)
(1.65085 -0.147853 0)
(1.65242 -0.15522 0)
(1.6527 -0.167093 0)
(1.65396 -0.185897 0)
(1.6538 -0.206016 0)
(1.65503 -0.219796 0)
(1.65854 -0.224234 0)
(1.66385 -0.231328 0)
(1.66476 -0.243238 0)
(1.65594 -0.267793 0)
(1.62866 -0.306787 0)
(1.60582 -0.325929 0)
(1.59 -0.326346 0)
(1.57232 -0.321214 0)
(1.55043 -0.328905 0)
(1.60463 -0.0367252 0)
(1.61752 -0.0566005 0)
(1.63354 -0.0766772 0)
(1.64161 -0.098278 0)
(1.64526 -0.117981 0)
(1.64626 -0.130609 0)
(1.64834 -0.138043 0)
(1.64883 -0.146084 0)
(1.64885 -0.153011 0)
(1.64946 -0.166239 0)
(1.64831 -0.184932 0)
(1.64854 -0.202313 0)
(1.65231 -0.207215 0)
(1.65725 -0.209284 0)
(1.66027 -0.217846 0)
(1.65721 -0.239666 0)
(1.64044 -0.279718 0)
(1.61744 -0.320006 0)
(1.60554 -0.327647 0)
(1.59081 -0.324795 0)
(1.57253 -0.317335 0)
(1.55297 -0.317448 0)
(1.59531 -0.0371335 0)
(1.60825 -0.0550723 0)
(1.62579 -0.0742027 0)
(1.63547 -0.0973055 0)
(1.64036 -0.116008 0)
(1.64383 -0.122328 0)
(1.64602 -0.131633 0)
(1.64554 -0.143244 0)
(1.64472 -0.156083 0)
(1.64307 -0.167533 0)
(1.64184 -0.177732 0)
(1.64364 -0.183957 0)
(1.64803 -0.192459 0)
(1.65318 -0.198833 0)
(1.65446 -0.216453 0)
(1.64295 -0.250219 0)
(1.62349 -0.300791 0)
(1.611 -0.326927 0)
(1.60564 -0.329252 0)
(1.59405 -0.324736 0)
(1.57414 -0.316443 0)
(1.55429 -0.309692 0)
(1.5866 -0.0338917 0)
(1.60072 -0.050066 0)
(1.61666 -0.0678613 0)
(1.6304 -0.0951265 0)
(1.63591 -0.109533 0)
(1.64244 -0.11727 0)
(1.64417 -0.128611 0)
(1.64232 -0.14368 0)
(1.64046 -0.15831 0)
(1.6386 -0.168072 0)
(1.63931 -0.171006 0)
(1.64187 -0.173636 0)
(1.64536 -0.184846 0)
(1.64781 -0.2021 0)
(1.64371 -0.227354 0)
(1.6257 -0.2767 0)
(1.61222 -0.311936 0)
(1.60882 -0.321731 0)
(1.60534 -0.327643 0)
(1.59719 -0.325386 0)
(1.57796 -0.318578 0)
(1.5554 -0.306717 0)
(1.58042 -0.0335986 0)
(1.59453 -0.0485841 0)
(1.60877 -0.0653043 0)
(1.62425 -0.0920736 0)
(1.63257 -0.108405 0)
(1.6387 -0.116847 0)
(1.63984 -0.128494 0)
(1.63754 -0.145325 0)
(1.63776 -0.156797 0)
(1.63774 -0.161965 0)
(1.63758 -0.166259 0)
(1.6383 -0.171748 0)
(1.6398 -0.183103 0)
(1.63804 -0.206675 0)
(1.628 -0.252756 0)
(1.61229 -0.295923 0)
(1.60689 -0.308784 0)
(1.60674 -0.315595 0)
(1.60371 -0.325751 0)
(1.59826 -0.32655 0)
(1.58212 -0.321931 0)
(1.55703 -0.307963 0)
(1.57532 -0.0369464 0)
(1.58922 -0.0514413 0)
(1.6037 -0.0661319 0)
(1.61979 -0.0915779 0)
(1.62889 -0.111719 0)
(1.63611 -0.119934 0)
(1.63478 -0.133735 0)
(1.63272 -0.149806 0)
(1.63503 -0.157967 0)
(1.63384 -0.1628 0)
(1.6341 -0.168665 0)
(1.63453 -0.180559 0)
(1.63335 -0.200633 0)
(1.62602 -0.239007 0)
(1.61316 -0.282106 0)
(1.60585 -0.300191 0)
(1.60458 -0.3037 0)
(1.60606 -0.308429 0)
(1.6022 -0.320398 0)
(1.59753 -0.326364 0)
(1.58519 -0.324356 0)
(1.55918 -0.312577 0)
(1.57062 -0.0406208 0)
(1.58426 -0.0568522 0)
(1.59728 -0.0693262 0)
(1.61285 -0.093524 0)
(1.62335 -0.119078 0)
(1.63218 -0.127845 0)
(1.63138 -0.143236 0)
(1.62883 -0.155053 0)
(1.62948 -0.161443 0)
(1.62997 -0.162579 0)
(1.62826 -0.164124 0)
(1.62426 -0.17936 0)
(1.61701 -0.22083 0)
(1.60824 -0.270593 0)
(1.60483 -0.293019 0)
(1.60429 -0.297854 0)
(1.60421 -0.299606 0)
(1.6051 -0.302207 0)
(1.60116 -0.312838 0)
(1.59569 -0.324479 0)
(1.58625 -0.325606 0)
(1.56239 -0.317532 0)
(1.56422 -0.0424242 0)
(1.5779 -0.0648725 0)
(1.58984 -0.075143 0)
(1.60462 -0.096451 0)
(1.61531 -0.126627 0)
(1.62532 -0.138257 0)
(1.62687 -0.152347 0)
(1.62658 -0.160855 0)
(1.62953 -0.175986 0)
(1.63028 -0.183814 0)
(1.62753 -0.192646 0)
(1.61513 -0.219762 0)
(1.6017 -0.258165 0)
(1.59939 -0.278516 0)
(1.60149 -0.290214 0)
(1.60388 -0.293874 0)
(1.60489 -0.295566 0)
(1.60411 -0.299084 0)
(1.60017 -0.306792 0)
(1.59453 -0.319647 0)
(1.58585 -0.32534 0)
(1.56536 -0.320869 0)
(1.55648 -0.0409195 0)
(1.57058 -0.0723771 0)
(1.58357 -0.0816258 0)
(1.59666 -0.103866 0)
(1.60843 -0.137578 0)
(1.6173 -0.155055 0)
(1.62258 -0.162794 0)
(1.62393 -0.171441 0)
(1.6226 -0.183971 0)
(1.61946 -0.199449 0)
(1.6148 -0.2245 0)
(1.60379 -0.251557 0)
(1.59602 -0.265377 0)
(1.59509 -0.272843 0)
(1.59781 -0.280661 0)
(1.60225 -0.290094 0)
(1.60429 -0.293344 0)
(1.60358 -0.297348 0)
(1.59851 -0.303645 0)
(1.59339 -0.314299 0)
(1.58523 -0.322975 0)
(1.56736 -0.32189 0)
(1.54672 -0.0377108 0)
(1.56117 -0.0746525 0)
(1.57537 -0.0879077 0)
(1.58867 -0.105531 0)
(1.60018 -0.139999 0)
(1.60865 -0.166562 0)
(1.61927 -0.173651 0)
(1.62023 -0.1879 0)
(1.61452 -0.205513 0)
(1.60867 -0.229431 0)
(1.60411 -0.251996 0)
(1.59946 -0.26256 0)
(1.59526 -0.265885 0)
(1.59366 -0.267082 0)
(1.59507 -0.271585 0)
(1.59977 -0.284037 0)
(1.602 -0.29169 0)
(1.60196 -0.296542 0)
(1.59701 -0.301826 0)
(1.59093 -0.3109 0)
(1.5836 -0.318958 0)
(1.56845 -0.3208 0)
(1.53568 -0.0324462 0)
(1.55154 -0.0733399 0)
(1.56643 -0.0904076 0)
(1.58041 -0.104953 0)
(1.59077 -0.135252 0)
(1.59889 -0.167721 0)
(1.61021 -0.183043 0)
(1.61684 -0.194726 0)
(1.60943 -0.217881 0)
(1.59815 -0.2426 0)
(1.59662 -0.255479 0)
(1.59675 -0.264342 0)
(1.59582 -0.265303 0)
(1.59422 -0.264407 0)
(1.59445 -0.26613 0)
(1.59745 -0.275779 0)
(1.59958 -0.289104 0)
(1.59888 -0.296329 0)
(1.59497 -0.302037 0)
(1.58797 -0.309201 0)
(1.58104 -0.314839 0)
(1.56779 -0.318493 0)
(1.52565 -0.0261368 0)
(1.54335 -0.067631 0)
(1.55687 -0.0909785 0)
(1.57247 -0.103406 0)
(1.58005 -0.128559 0)
(1.58991 -0.161439 0)
(1.59916 -0.184338 0)
(1.61005 -0.19953 0)
(1.60481 -0.219516 0)
(1.59123 -0.240637 0)
(1.58889 -0.250012 0)
(1.59252 -0.256927 0)
(1.5957 -0.259203 0)
(1.59484 -0.259304 0)
(1.59372 -0.262683 0)
(1.59517 -0.269363 0)
(1.59756 -0.283879 0)
(1.59608 -0.294984 0)
(1.59239 -0.302185 0)
(1.58501 -0.307809 0)
(1.57863 -0.311412 0)
(1.5665 -0.315415 0)
(1.51355 -0.0171151 0)
(1.53186 -0.053458 0)
(1.54726 -0.0872224 0)
(1.56386 -0.104076 0)
(1.5707 -0.120945 0)
(1.57863 -0.149031 0)
(1.58966 -0.180065 0)
(1.60013 -0.200435 0)
(1.59812 -0.217516 0)
(1.58627 -0.234072 0)
(1.58515 -0.240759 0)
(1.59001 -0.25082 0)
(1.59501 -0.255753 0)
(1.59533 -0.256329 0)
(1.59255 -0.259003 0)
(1.59233 -0.265575 0)
(1.59457 -0.277011 0)
(1.59396 -0.292077 0)
(1.59 -0.300834 0)
(1.58313 -0.305416 0)
(1.5771 -0.309113 0)
(1.56567 -0.311634 0)
(1.50476 -0.00997446 0)
(1.5207 -0.0390812 0)
(1.53695 -0.0743174 0)
(1.55284 -0.0996475 0)
(1.56336 -0.114678 0)
(1.56926 -0.135953 0)
(1.58106 -0.167091 0)
(1.58852 -0.198185 0)
(1.59059 -0.217797 0)
(1.58372 -0.224663 0)
(1.5831 -0.226723 0)
(1.58691 -0.235835 0)
(1.59255 -0.249522 0)
(1.59416 -0.253289 0)
(1.59199 -0.256963 0)
(1.58945 -0.262991 0)
(1.59027 -0.271523 0)
(1.59131 -0.286078 0)
(1.58792 -0.297232 0)
(1.58216 -0.300964 0)
(1.57529 -0.305179 0)
(1.56503 -0.30792 0)
(1.49583 -0.00138098 0)
(1.50979 -0.0244573 0)
(1.52671 -0.0587829 0)
(1.54144 -0.0908129 0)
(1.55517 -0.108425 0)
(1.55876 -0.121681 0)
(1.56899 -0.150273 0)
(1.57772 -0.188432 0)
(1.58197 -0.210865 0)
(1.58348 -0.215647 0)
(1.58417 -0.218376 0)
(1.58687 -0.224908 0)
(1.59076 -0.241709 0)
(1.59165 -0.250208 0)
(1.59117 -0.254708 0)
(1.58684 -0.259753 0)
(1.58466 -0.267921 0)
(1.58603 -0.278354 0)
(1.58487 -0.292041 0)
(1.58104 -0.296342 0)
(1.57304 -0.29952 0)
(1.56407 -0.302568 0)
(1.48625 0.00549958 0)
(1.49974 -0.011625 0)
(1.51366 -0.0412782 0)
(1.5301 -0.0768199 0)
(1.54433 -0.100117 0)
(1.55287 -0.113068 0)
(1.55398 -0.134705 0)
(1.56405 -0.169243 0)
(1.57255 -0.196978 0)
(1.58129 -0.202511 0)
(1.58237 -0.204657 0)
(1.5832 -0.21516 0)
(1.58753 -0.231221 0)
(1.58948 -0.246167 0)
(1.5897 -0.252101 0)
(1.58597 -0.257807 0)
(1.58121 -0.265076 0)
(1.58028 -0.271085 0)
(1.58075 -0.283769 0)
(1.57782 -0.29167 0)
(1.57164 -0.29337 0)
(1.56244 -0.297733 0)
(1.47545 0.0133499 0)
(1.49139 -0.00317243 0)
(1.50182 -0.0262282 0)
(1.51886 -0.0594107 0)
(1.53264 -0.0882393 0)
(1.54508 -0.104708 0)
(1.54653 -0.123667 0)
(1.5543 -0.151162 0)
(1.56585 -0.178365 0)
(1.57524 -0.193221 0)
(1.58253 -0.198565 0)
(1.58096 -0.208936 0)
(1.58305 -0.221952 0)
(1.58697 -0.239485 0)
(1.58746 -0.248188 0)
(1.5852 -0.254746 0)
(1.57949 -0.261328 0)
(1.57794 -0.265767 0)
(1.57747 -0.275504 0)
(1.57441 -0.286738 0)
(1.5701 -0.28933 0)
(1.55994 -0.293841 0)
(1.46455 0.0224408 0)
(1.48212 0.00326865 0)
(1.49144 -0.0134695 0)
(1.50717 -0.0417038 0)
(1.52215 -0.0751216 0)
(1.53507 -0.0970884 0)
(1.5401 -0.113287 0)
(1.54507 -0.134072 0)
(1.55833 -0.157148 0)
(1.56888 -0.181417 0)
(1.57903 -0.193003 0)
(1.57874 -0.2026 0)
(1.58012 -0.214955 0)
(1.58405 -0.231119 0)
(1.58432 -0.245049 0)
(1.58336 -0.251741 0)
(1.57817 -0.25622 0)
(1.57522 -0.25966 0)
(1.57433 -0.266615 0)
(1.57145 -0.280145 0)
(1.56694 -0.286562 0)
(1.55778 -0.290268 0)
(1.4533 0.034266 0)
(1.47137 0.0097523 0)
(1.48364 -0.00454955 0)
(1.49446 -0.0265298 0)
(1.51151 -0.0589213 0)
(1.524 -0.0883011 0)
(1.53381 -0.104647 0)
(1.53748 -0.119197 0)
(1.55095 -0.139418 0)
(1.56309 -0.168417 0)
(1.57245 -0.187534 0)
(1.57597 -0.196385 0)
(1.57464 -0.20731 0)
(1.57819 -0.221213 0)
(1.58066 -0.239278 0)
(1.58003 -0.247545 0)
(1.57708 -0.251158 0)
(1.57221 -0.25496 0)
(1.57072 -0.260053 0)
(1.56869 -0.272501 0)
(1.56339 -0.284125 0)
(1.55644 -0.287715 0)
(1.44156 0.0475816 0)
(1.46019 0.0180413 0)
(1.47576 0.00157095 0)
(1.48376 -0.0145664 0)
(1.49914 -0.0428549 0)
(1.51365 -0.0765458 0)
(1.526 -0.0966684 0)
(1.5328 -0.107071 0)
(1.5423 -0.125085 0)
(1.55582 -0.152718 0)
(1.56521 -0.178955 0)
(1.57233 -0.191451 0)
(1.57078 -0.200329 0)
(1.57142 -0.213986 0)
(1.57535 -0.230253 0)
(1.5766 -0.242438 0)
(1.57542 -0.246144 0)
(1.57027 -0.249868 0)
(1.56593 -0.255887 0)
(1.56456 -0.265115 0)
(1.56036 -0.279752 0)
(1.55473 -0.285069 0)
(1.42906 0.0603408 0)
(1.44923 0.0287955 0)
(1.46607 0.00743418 0)
(1.47641 -0.00671963 0)
(1.48671 -0.0297337 0)
(1.50381 -0.0612164 0)
(1.5171 -0.087279 0)
(1.52903 -0.0993402 0)
(1.53495 -0.113203 0)
(1.54763 -0.138133 0)
(1.55831 -0.167349 0)
(1.5668 -0.184139 0)
(1.56884 -0.194094 0)
(1.56661 -0.207561 0)
(1.56882 -0.22024 0)
(1.5728 -0.234824 0)
(1.57281 -0.240553 0)
(1.56877 -0.245381 0)
(1.56234 -0.252649 0)
(1.5605 -0.259579 0)
(1.55747 -0.273685 0)
(1.55236 -0.282282 0)
(1.41687 0.0709335 0)
(1.43831 0.0417694 0)
(1.4556 0.0141897 0)
(1.46938 -0.00177447 0)
(1.47692 -0.0193056 0)
(1.49351 -0.0452986 0)
(1.50905 -0.0753693 0)
(1.52296 -0.0924798 0)
(1.53044 -0.104322 0)
(1.53924 -0.125818 0)
(1.55154 -0.153974 0)
(1.56005 -0.175531 0)
(1.56579 -0.187457 0)
(1.56331 -0.200439 0)
(1.56469 -0.212085 0)
(1.56873 -0.226628 0)
(1.56935 -0.235215 0)
(1.56669 -0.241006 0)
(1.55952 -0.248807 0)
(1.55699 -0.255105 0)
(1.55471 -0.2666 0)
(1.54956 -0.27844 0)
(1.40635 0.0791813 0)
(1.42622 0.0545629 0)
(1.44542 0.0234019 0)
(1.46091 0.00262807 0)
(1.46999 -0.01136 0)
(1.48392 -0.032125 0)
(1.50165 -0.0608654 0)
(1.51546 -0.0849786 0)
(1.52643 -0.0983514 0)
(1.53156 -0.115325 0)
(1.54404 -0.139886 0)
(1.55315 -0.16604 0)
(1.56023 -0.180351 0)
(1.55921 -0.190758 0)
(1.55958 -0.20239 0)
(1.56372 -0.216531 0)
(1.56516 -0.229825 0)
(1.56367 -0.236794 0)
(1.55708 -0.244299 0)
(1.55331 -0.250704 0)
(1.55185 -0.259578 0)
(1.54687 -0.273736 0)
(1.39822 0.0846114 0)
(1.41422 0.0647669 0)
(1.43526 0.0356623 0)
(1.45166 0.00844684 0)
(1.46457 -0.00577876 0)
(1.47518 -0.0213535 0)
(1.49344 -0.0459817 0)
(1.50818 -0.0758387 0)
(1.52069 -0.0933007 0)
(1.52569 -0.106405 0)
(1.53513 -0.127215 0)
(1.54584 -0.153986 0)
(1.55282 -0.17288 0)
(1.55518 -0.182815 0)
(1.55475 -0.19398 0)
(1.55834 -0.206812 0)
(1.56063 -0.223285 0)
(1.5598 -0.231862 0)
(1.55492 -0.238829 0)
(1.54966 -0.245791 0)
(1.54806 -0.253079 0)
(1.54451 -0.266859 0)
(1.39058 0.0882515 0)
(1.40426 0.0724775 0)
(1.42418 0.0481613 0)
(1.44293 0.0175947 0)
(1.45834 -0.00101879 0)
(1.46902 -0.0129788 0)
(1.48427 -0.0339287 0)
(1.50083 -0.0641605 0)
(1.51327 -0.0872271 0)
(1.52132 -0.0996815 0)
(1.52684 -0.116709 0)
(1.53772 -0.140971 0)
(1.54507 -0.163134 0)
(1.55013 -0.174776 0)
(1.54928 -0.184598 0)
(1.55233 -0.19797 0)
(1.55577 -0.215341 0)
(1.5556 -0.22603 0)
(1.55279 -0.233121 0)
(1.54695 -0.24079 0)
(1.54442 -0.24818 0)
(1.54188 -0.259503 0)
(1.38232 0.0921992 0)
(1.39669 0.0775594 0)
(1.41363 0.0582028 0)
(1.43453 0.0301072 0)
(1.45107 0.00513925 0)
(1.46467 -0.00786671 0)
(1.47581 -0.0247113 0)
(1.4926 -0.0513873 0)
(1.50555 -0.0792644 0)
(1.51611 -0.0937293 0)
(1.51998 -0.107372 0)
(1.52945 -0.129145 0)
(1.53785 -0.152058 0)
(1.54384 -0.166798 0)
(1.54485 -0.176638 0)
(1.54622 -0.190216 0)
(1.55028 -0.206367 0)
(1.55126 -0.219294 0)
(1.55003 -0.226302 0)
(1.54443 -0.234085 0)
(1.54037 -0.242125 0)
(1.53824 -0.251313 0)
(1.37398 0.0981231 0)
(1.39013 0.0807277 0)
(1.40475 0.0657226 0)
(1.42561 0.0426936 0)
(1.44408 0.0136915 0)
(1.45924 -0.00408161 0)
(1.46935 -0.0179467 0)
(1.48363 -0.0400683 0)
(1.49809 -0.0688567 0)
(1.50907 -0.0872936 0)
(1.51438 -0.0993441 0)
(1.52144 -0.118967 0)
(1.53045 -0.139939 0)
(1.53713 -0.157712 0)
(1.54017 -0.169315 0)
(1.5402 -0.182342 0)
(1.54465 -0.197339 0)
(1.54719 -0.212777 0)
(1.54704 -0.220649 0)
(1.54266 -0.227957 0)
(1.53728 -0.236238 0)
(1.53521 -0.243518 0)
(1.36571 0.106882 0)
(1.38348 0.0840255 0)
(1.39822 0.0708103 0)
(1.41644 0.0523189 0)
(1.43692 0.0246747 0)
(1.45247 0.000754261 0)
(1.46417 -0.013743 0)
(1.47474 -0.0309247 0)
(1.4902 -0.0564425 0)
(1.50113 -0.0798435 0)
(1.5083 -0.0918475 0)
(1.51451 -0.110447 0)
(1.52264 -0.128517 0)
(1.53066 -0.147387 0)
(1.53478 -0.162157 0)
(1.53481 -0.174266 0)
(1.53897 -0.188826 0)
(1.54283 -0.205175 0)
(1.54351 -0.214799 0)
(1.54105 -0.221371 0)
(1.53466 -0.229028 0)
(1.53146 -0.235503 0)
(1.35677 0.11632 0)
(1.3769 0.0895859 0)
(1.39305 0.0739265 0)
(1.40853 0.0589852 0)
(1.42857 0.0352357 0)
(1.44548 0.00847132 0)
(1.45835 -0.0103684 0)
(1.46711 -0.0236792 0)
(1.4812 -0.0446623 0)
(1.49318 -0.0709971 0)
(1.50096 -0.0837584 0)
(1.50849 -0.103167 0)
(1.51487 -0.118812 0)
(1.52389 -0.135959 0)
(1.52911 -0.154285 0)
(1.53012 -0.166516 0)
(1.53344 -0.181021 0)
(1.53828 -0.197082 0)
(1.53977 -0.209558 0)
(1.53925 -0.216191 0)
(1.53332 -0.222827 0)
(1.52802 -0.229123 0)
(1.34779 0.123625 0)
(1.37025 0.0978961 0)
(1.38761 0.0772991 0)
(1.40236 0.0634079 0)
(1.42025 0.0429525 0)
(1.43779 0.0189127 0)
(1.45151 -0.00522961 0)
(1.4611 -0.0186705 0)
(1.47178 -0.0351868 0)
(1.48518 -0.0609629 0)
(1.49277 -0.0747651 0)
(1.50223 -0.0950233 0)
(1.50822 -0.111734 0)
(1.51612 -0.125173 0)
(1.52359 -0.145599 0)
(1.5257 -0.159028 0)
(1.52758 -0.172852 0)
(1.53288 -0.187667 0)
(1.53575 -0.203147 0)
(1.53622 -0.211228 0)
(1.53205 -0.217455 0)
(1.52483 -0.223379 0)
(1.34042 0.128329 0)
(1.3629 0.106419 0)
(1.38178 0.0823523 0)
(1.39666 0.0672333 0)
(1.41328 0.047661 0)
(1.42863 0.0288587 0)
(1.44452 0.00344478 0)
(1.45487 -0.0145239 0)
(1.46333 -0.027896 0)
(1.47723 -0.0511856 0)
(1.48477 -0.0656811 0)
(1.49494 -0.0842601 0)
(1.50211 -0.10609 0)
(1.50832 -0.116591 0)
(1.51777 -0.13652 0)
(1.52125 -0.151858 0)
(1.52223 -0.164445 0)
(1.52748 -0.178422 0)
(1.53153 -0.194933 0)
(1.53219 -0.206529 0)
(1.53016 -0.213819 0)
(1.52298 -0.219256 0)
(1.33456 0.13136 0)
(1.35541 0.112835 0)
(1.37541 0.0886339 0)
(1.39023 0.072502 0)
(1.40726 0.0505861 0)
(1.41977 0.0361858 0)
(1.43656 0.0146505 0)
(1.44799 -0.00863604 0)
(1.45575 -0.0219054 0)
(1.46951 -0.0430345 0)
(1.47775 -0.0577945 0)
(1.48656 -0.0727511 0)
(1.49601 -0.0975978 0)
(1.50143 -0.110484 0)
(1.51134 -0.128773 0)
(1.51661 -0.14518 0)
(1.51768 -0.155839 0)
(1.52204 -0.169573 0)
(1.52686 -0.185023 0)
(1.52829 -0.200653 0)
(1.52704 -0.210352 0)
(1.52172 -0.216018 0)
(1.3293 0.134059 0)
(1.34848 0.117275 0)
(1.36865 0.094359 0)
(1.3828 0.0790124 0)
(1.40097 0.0550956 0)
(1.41268 0.04046 0)
(1.42697 0.0245393 0)
(1.44099 0.000156025 0)
(1.44844 -0.0154033 0)
(1.4618 -0.0361683 0)
(1.47125 -0.0515721 0)
(1.47876 -0.0630594 0)
(1.48954 -0.0860093 0)
(1.49477 -0.10349 0)
(1.50461 -0.122681 0)
(1.51159 -0.139662 0)
(1.51426 -0.148554 0)
(1.51668 -0.161242 0)
(1.5212 -0.175703 0)
(1.52435 -0.192097 0)
(1.52355 -0.205977 0)
(1.51993 -0.213284 0)
(1.32386 0.137244 0)
(1.34179 0.121019 0)
(1.36175 0.0989136 0)
(1.37503 0.0851796 0)
(1.39375 0.0627636 0)
(1.40609 0.0436077 0)
(1.41832 0.0312918 0)
(1.43337 0.0101966 0)
(1.44115 -0.0070859 0)
(1.45414 -0.0291708 0)
(1.46457 -0.0465122 0)
(1.47262 -0.0560513 0)
(1.48186 -0.0752176 0)
(1.48798 -0.0939552 0)
(1.49792 -0.115264 0)
(1.50581 -0.134472 0)
(1.51091 -0.14304 0)
(1.5128 -0.154647 0)
(1.51526 -0.168294 0)
(1.51906 -0.18282 0)
(1.52038 -0.199062 0)
(1.5173 -0.208796 0)
(1.31796 0.140912 0)
(1.33494 0.125003 0)
(1.35472 0.102954 0)
(1.36791 0.0900698 0)
(1.38517 0.0713372 0)
(1.39917 0.0488407 0)
(1.41111 0.0353346 0)
(1.42543 0.0183982 0)
(1.43378 0.0023855 0)
(1.44681 -0.0201404 0)
(1.45773 -0.0415834 0)
(1.4673 -0.0518823 0)
(1.47517 -0.0672315 0)
(1.48037 -0.0840736 0)
(1.49104 -0.104749 0)
(1.49972 -0.127799 0)
(1.50629 -0.1376 0)
(1.50973 -0.150012 0)
(1.51044 -0.16274 0)
(1.51366 -0.175356 0)
(1.51645 -0.19005 0)
(1.5146 -0.202327 0)
(1.31176 0.144455 0)
(1.32782 0.129364 0)
(1.34732 0.107592 0)
(1.36106 0.0940613 0)
(1.37625 0.0787361 0)
(1.39171 0.0569355 0)
(1.40429 0.0389164 0)
(1.41814 0.0235156 0)
(1.42647 0.0109223 0)
(1.43923 -0.00934826 0)
(1.45129 -0.0346244 0)
(1.46128 -0.0484183 0)
(1.46996 -0.0625984 0)
(1.474 -0.0760291 0)
(1.48342 -0.0938834 0)
(1.49379 -0.118461 0)
(1.50035 -0.131002 0)
(1.50586 -0.145366 0)
(1.5068 -0.159013 0)
(1.50876 -0.169559 0)
(1.51181 -0.181385 0)
(1.51132 -0.194113 0)
(1.30527 0.147744 0)
(1.32049 0.133893 0)
(1.33964 0.113093 0)
(1.35419 0.0976088 0)
(1.36827 0.084487 0)
(1.38331 0.0657627 0)
(1.39738 0.0445538 0)
(1.41112 0.0266808 0)
(1.4204 0.0166757 0)
(1.43071 0.000100321 0)
(1.44471 -0.0246729 0)
(1.45473 -0.0430746 0)
(1.46471 -0.059365 0)
(1.46945 -0.070622 0)
(1.47623 -0.0850062 0)
(1.48758 -0.107689 0)
(1.49395 -0.123252 0)
(1.50061 -0.139063 0)
(1.50329 -0.155526 0)
(1.50401 -0.164326 0)
(1.50788 -0.174769 0)
(1.50796 -0.186392 0)
(1.29865 0.150668 0)
(1.31328 0.138197 0)
(1.33173 0.119235 0)
(1.34718 0.101468 0)
(1.36129 0.0887858 0)
(1.37475 0.0731836 0)
(1.38997 0.0525557 0)
(1.40407 0.0307304 0)
(1.41511 0.0195037 0)
(1.4233 0.0068977 0)
(1.43686 -0.0148232 0)
(1.44791 -0.0350623 0)
(1.45883 -0.0545717 0)
(1.46544 -0.0668856 0)
(1.46988 -0.0779639 0)
(1.48111 -0.0981694 0)
(1.48756 -0.115111 0)
(1.49431 -0.131409 0)
(1.499 -0.150452 0)
(1.49967 -0.158631 0)
(1.50402 -0.169472 0)
(1.50464 -0.18026 0)
(1.29186 0.153585 0)
(1.30638 0.142046 0)
(1.32361 0.125244 0)
(1.34012 0.106108 0)
(1.35482 0.091981 0)
(1.36713 0.0788077 0)
(1.38194 0.0607262 0)
(1.39709 0.0370785 0)
(1.40921 0.0219949 0)
(1.41758 0.0115027 0)
(1.42951 -0.0073552 0)
(1.44031 -0.0261012 0)
(1.4526 -0.0471769 0)
(1.46068 -0.0627169 0)
(1.46472 -0.0720901 0)
(1.47478 -0.0909141 0)
(1.48077 -0.107203 0)
(1.48781 -0.123399 0)
(1.49401 -0.143844 0)
(1.49542 -0.1523 0)
(1.50006 -0.164332 0)
(1.50108 -0.175195 0)
(1.28503 0.156716 0)
(1.29988 0.145195 0)
(1.31559 0.130361 0)
(1.33292 0.111553 0)
(1.3484 0.0948936 0)
(1.36078 0.0827374 0)
(1.37368 0.067498 0)
(1.38974 0.0452147 0)
(1.40273 0.0255569 0)
(1.41245 0.0151729 0)
(1.42318 -0.00170503 0)
(1.43285 -0.0182236 0)
(1.44586 -0.0382636 0)
(1.45517 -0.0572012 0)
(1.46013 -0.0667341 0)
(1.46904 -0.0851149 0)
(1.47434 -0.10051 0)
(1.48138 -0.115281 0)
(1.48889 -0.136283 0)
(1.49096 -0.145633 0)
(1.49601 -0.15895 0)
(1.49769 -0.171142 0)
(1.27815 0.160341 0)
(1.29363 0.147672 0)
(1.30826 0.134257 0)
(1.32542 0.117034 0)
(1.34184 0.0985748 0)
(1.35511 0.0855729 0)
(1.36646 0.072724 0)
(1.38184 0.0532599 0)
(1.39606 0.030585 0)
(1.40697 0.0191526 0)
(1.41758 0.00315229 0)
(1.42605 -0.0117072 0)
(1.43871 -0.0296638 0)
(1.44934 -0.0508031 0)
(1.45518 -0.0612483 0)
(1.46354 -0.0795292 0)
(1.46889 -0.0952688 0)
(1.47525 -0.107609 0)
(1.484 -0.127789 0)
(1.48636 -0.138892 0)
(1.49149 -0.153384 0)
(1.49411 -0.167631 0)
(1.27131 0.164254 0)
(1.28746 0.149902 0)
(1.30169 0.137176 0)
(1.318 0.121752 0)
(1.33524 0.103052 0)
(1.34944 0.0881912 0)
(1.36042 0.0768074 0)
(1.37381 0.060049 0)
(1.38925 0.0369164 0)
(1.40083 0.0238046 0)
(1.41225 0.00805066 0)
(1.42004 -0.00623246 0)
(1.43134 -0.0222301 0)
(1.44329 -0.0439231 0)
(1.44963 -0.0554618 0)
(1.45778 -0.0736092 0)
(1.46388 -0.0905194 0)
(1.46971 -0.100717 0)
(1.47921 -0.119106 0)
(1.48176 -0.13195 0)
(1.48646 -0.147951 0)
(1.4899 -0.164045 0)
(1.26435 0.168066 0)
(1.28132 0.15246 0)
(1.29582 0.139417 0)
(1.31101 0.125633 0)
(1.32839 0.108089 0)
(1.34348 0.0913508 0)
(1.35517 0.080031 0)
(1.36644 0.0655689 0)
(1.38252 0.0438714 0)
(1.39437 0.0288318 0)
(1.40668 0.0134648 0)
(1.41463 -0.00144271 0)
(1.4242 -0.0160624 0)
(1.43708 -0.0370955 0)
(1.44364 -0.0493249 0)
(1.45168 -0.0672468 0)
(1.45871 -0.0855243 0)
(1.46451 -0.0943527 0)
(1.47423 -0.111393 0)
(1.47677 -0.124748 0)
(1.48127 -0.142168 0)
(1.4854 -0.160301 0)
(1.25767 0.171181 0)
(1.27523 0.155612 0)
(1.29027 0.141709 0)
(1.30454 0.129053 0)
(1.32155 0.113053 0)
(1.33742 0.0950172 0)
(1.3501 0.0826954 0)
(1.35967 0.0702539 0)
(1.37551 0.0508169 0)
(1.38788 0.0339377 0)
(1.4006 0.0194236 0)
(1.40934 0.00329751 0)
(1.41767 -0.0109533 0)
(1.43081 -0.0308859 0)
(1.43744 -0.0429244 0)
(1.44556 -0.0602491 0)
(1.45343 -0.0802622 0)
(1.4596 -0.0887965 0)
(1.46914 -0.105149 0)
(1.47119 -0.118054 0)
(1.47562 -0.135522 0)
(1.48089 -0.154917 0)
(1.25136 0.173618 0)
(1.26898 0.159169 0)
(1.28484 0.144411 0)
(1.29871 0.132198 0)
(1.3147 0.117715 0)
(1.33117 0.0993879 0)
(1.34468 0.0854326 0)
(1.35382 0.0742568 0)
(1.3686 0.0568807 0)
(1.38162 0.0388021 0)
(1.39413 0.025444 0)
(1.4038 0.00873459 0)
(1.41161 -0.00636349 0)
(1.42465 -0.0255896 0)
(1.43152 -0.0368668 0)
(1.43947 -0.0525475 0)
(1.44824 -0.0741582 0)
(1.45451 -0.0837609 0)
(1.46408 -0.100221 0)
(1.4663 -0.113048 0)
(1.4699 -0.129094 0)
(1.4763 -0.14787 0)
(1.24567 0.17555 0)
(1.26286 0.162446 0)
(1.27941 0.147536 0)
(1.29328 0.135275 0)
(1.30793 0.122005 0)
(1.32476 0.104179 0)
(1.33899 0.0883061 0)
(1.34863 0.0776602 0)
(1.36161 0.0620593 0)
(1.37538 0.0435354 0)
(1.38752 0.0310112 0)
(1.39793 0.0149635 0)
(1.40582 -0.00153718 0)
(1.41854 -0.0208528 0)
(1.42611 -0.0317128 0)
(1.43353 -0.0450407 0)
(1.44321 -0.0668663 0)
(1.44905 -0.0788451 0)
(1.4588 -0.0961345 0)
(1.46181 -0.109254 0)
(1.46486 -0.123377 0)
(1.47171 -0.140414 0)
(1.24042 0.177365 0)
(1.25679 0.165328 0)
(1.27377 0.150838 0)
(1.28809 0.138183 0)
(1.30159 0.125831 0)
(1.31817 0.109055 0)
(1.33302 0.0916938 0)
(1.34357 0.0807933 0)
(1.35502 0.066441 0)
(1.36934 0.0480145 0)
(1.38127 0.0355823 0)
(1.39154 0.0214653 0)
(1.40015 0.00414189 0)
(1.4125 -0.0159738 0)
(1.42087 -0.027356 0)
(1.42777 -0.0384437 0)
(1.43804 -0.0591186 0)
(1.44348 -0.0737094 0)
(1.45314 -0.0920549 0)
(1.45739 -0.105997 0)
(1.46011 -0.117804 0)
(1.46737 -0.133609 0)
(1.23543 0.179274 0)
(1.25115 0.167748 0)
(1.26821 0.153779 0)
(1.28299 0.140806 0)
(1.29558 0.129293 0)
(1.3114 0.113639 0)
(1.32691 0.0954856 0)
(1.33835 0.0839269 0)
(1.34878 0.0704604 0)
(1.36319 0.0525548 0)
(1.37526 0.0394011 0)
(1.38518 0.0271927 0)
(1.39425 0.0105505 0)
(1.40655 -0.0101102 0)
(1.41563 -0.0235341 0)
(1.4225 -0.0330474 0)
(1.43231 -0.0522523 0)
(1.4376 -0.0681583 0)
(1.4472 -0.0869885 0)
(1.45276 -0.102286 0)
(1.45554 -0.111925 0)
(1.46303 -0.12736 0)
(1.23057 0.181208 0)
(1.24565 0.169999 0)
(1.26253 0.156488 0)
(1.27774 0.143222 0)
(1.29002 0.132321 0)
(1.30479 0.117697 0)
(1.32068 0.0995788 0)
(1.33279 0.0874093 0)
(1.34288 0.0745496 0)
(1.35718 0.0569464 0)
(1.36942 0.0428345 0)
(1.37943 0.0316162 0)
(1.38807 0.0166492 0)
(1.40038 -0.00313513 0)
(1.41028 -0.0194497 0)
(1.41777 -0.0287771 0)
(1.42673 -0.0468613 0)
(1.43136 -0.0626907 0)
(1.44101 -0.0807553 0)
(1.44798 -0.097391 0)
(1.45138 -0.105902 0)
(1.45867 -0.121564 0)
(1.22571 0.183085 0)
(1.2403 0.172131 0)
(1.25694 0.158962 0)
(1.27248 0.145335 0)
(1.28475 0.134961 0)
(1.29832 0.121335 0)
(1.31445 0.103722 0)
(1.32714 0.090968 0)
(1.3372 0.0788988 0)
(1.35114 0.0615995 0)
(1.36354 0.0464244 0)
(1.37402 0.0350899 0)
(1.3822 0.0216455 0)
(1.39391 0.00374519 0)
(1.4049 -0.0148446 0)
(1.41297 -0.0249724 0)
(1.4216 -0.0424612 0)
(1.42583 -0.0579305 0)
(1.43487 -0.0740314 0)
(1.44321 -0.0911002 0)
(1.44742 -0.0997518 0)
(1.45404 -0.115738 0)
(1.22073 0.184843 0)
(1.23495 0.174242 0)
(1.25122 0.161483 0)
(1.2671 0.147418 0)
(1.27964 0.137279 0)
(1.29222 0.124617 0)
(1.30827 0.107811 0)
(1.32144 0.0944489 0)
(1.33158 0.0833231 0)
(1.34517 0.0665441 0)
(1.35776 0.0502929 0)
(1.36874 0.0380653 0)
(1.37694 0.0254528 0)
(1.38716 0.00955357 0)
(1.39936 -0.00977933 0)
(1.4078 -0.0212356 0)
(1.41648 -0.0381214 0)
(1.42098 -0.0535176 0)
(1.42935 -0.0676092 0)
(1.43861 -0.0842797 0)
(1.44333 -0.0937532 0)
(1.44893 -0.10975 0)
(1.2159 0.186348 0)
(1.2298 0.176235 0)
(1.24558 0.164045 0)
(1.2617 0.149551 0)
(1.27462 0.13932 0)
(1.2864 0.127667 0)
(1.30214 0.111831 0)
(1.31584 0.097651 0)
(1.32617 0.0873403 0)
(1.33908 0.0715111 0)
(1.35191 0.0547468 0)
(1.36338 0.0412462 0)
(1.37222 0.0283133 0)
(1.38068 0.0141471 0)
(1.39361 -0.0046665 0)
(1.40231 -0.0174405 0)
(1.41103 -0.0331479 0)
(1.41652 -0.0487773 0)
(1.42402 -0.0613717 0)
(1.43395 -0.0777424 0)
(1.43891 -0.088252 0)
(1.44352 -0.103891 0)
(1.21107 0.187771 0)
(1.22472 0.178166 0)
(1.23986 0.166654 0)
(1.25624 0.151946 0)
(1.2696 0.141192 0)
(1.28095 0.130467 0)
(1.29608 0.115703 0)
(1.31029 0.100703 0)
(1.32095 0.0907579 0)
(1.33303 0.075944 0)
(1.34599 0.0593533 0)
(1.35789 0.0449726 0)
(1.36758 0.0309615 0)
(1.3749 0.0179162 0)
(1.38788 9.11623e-05 0)
(1.39681 -0.0136766 0)
(1.40539 -0.0276197 0)
(1.41225 -0.0435189 0)
(1.41881 -0.0553708 0)
(1.42909 -0.0719444 0)
(1.43419 -0.0836442 0)
(1.43789 -0.0983132 0)
(1.20629 0.189164 0)
(1.21984 0.179905 0)
(1.23425 0.169087 0)
(1.25072 0.1546 0)
(1.26455 0.142998 0)
(1.27582 0.133012 0)
(1.29009 0.119327 0)
(1.30481 0.1037 0)
(1.3159 0.0936014 0)
(1.32724 0.0796747 0)
(1.33999 0.0635829 0)
(1.35219 0.0492103 0)
(1.36274 0.0339938 0)
(1.36968 0.0214136 0)
(1.3823 0.00450489 0)
(1.39163 -0.00998131 0)
(1.39996 -0.0219785 0)
(1.4079 -0.0377778 0)
(1.41384 -0.049794 0)
(1.42411 -0.0669003 0)
(1.42944 -0.0801193 0)
(1.43273 -0.0933704 0)
(1.20151 0.19056 0)
(1.21511 0.181401 0)
(1.22881 0.171206 0)
(1.2451 0.157392 0)
(1.25944 0.144871 0)
(1.27096 0.135275 0)
(1.28423 0.122586 0)
(1.29939 0.106725 0)
(1.31084 0.0961565 0)
(1.32184 0.0828401 0)
(1.33427 0.0670978 0)
(1.34627 0.0535325 0)
(1.35778 0.037573 0)
(1.36469 0.0251378 0)
(1.37672 0.00898257 0)
(1.38666 -0.00605276 0)
(1.39498 -0.0166349 0)
(1.40334 -0.0321951 0)
(1.40872 -0.0446383 0)
(1.41882 -0.0620892 0)
(1.42467 -0.07696 0)
(1.428 -0.0887039 0)
(1.19676 0.191886 0)
(1.21054 0.182586 0)
(1.22365 0.172982 0)
(1.23946 0.160115 0)
(1.25431 0.146923 0)
(1.26626 0.137294 0)
(1.27858 0.125444 0)
(1.29402 0.109726 0)
(1.30575 0.0985935 0)
(1.31661 0.0857745 0)
(1.32905 0.069999 0)
(1.34037 0.0574839 0)
(1.35272 0.0416482 0)
(1.35989 0.0292515 0)
(1.37126 0.0137381 0)
(1.38173 -0.00180397 0)
(1.39002 -0.0115984 0)
(1.39871 -0.0273219 0)
(1.40347 -0.0401721 0)
(1.41302 -0.0572651 0)
(1.41984 -0.0733422 0)
(1.42344 -0.0837375 0)
(1.192 0.193102 0)
(1.20609 0.183547 0)
(1.21885 0.174477 0)
(1.23398 0.162616 0)
(1.24922 0.149148 0)
(1.26164 0.139134 0)
(1.27317 0.127953 0)
(1.2887 0.112643 0)
(1.3007 0.100997 0)
(1.31139 0.0887196 0)
(1.32406 0.0728572 0)
(1.33489 0.0609336 0)
(1.34769 0.0457712 0)
(1.35523 0.033685 0)
(1.36596 0.0188561 0)
(1.37689 0.00254529 0)
(1.38499 -0.00711012 0)
(1.39396 -0.0231433 0)
(1.39839 -0.0364417 0)
(1.40721 -0.0525654 0)
(1.41502 -0.0689291 0)
(1.41914 -0.0785173 0)
(1.18725 0.194264 0)
(1.20176 0.184427 0)
(1.21437 0.175796 0)
(1.22864 0.16482 0)
(1.24415 0.151464 0)
(1.25702 0.140891 0)
(1.26802 0.130204 0)
(1.28346 0.115409 0)
(1.29567 0.103463 0)
(1.30628 0.0917299 0)
(1.31913 0.0760581 0)
(1.32968 0.06424 0)
(1.34274 0.0496601 0)
(1.35076 0.0379662 0)
(1.36072 0.0239877 0)
(1.37205 0.00694994 0)
(1.3799 -0.00325243 0)
(1.38913 -0.0195639 0)
(1.3935 -0.0330162 0)
(1.40173 -0.0477831 0)
(1.41032 -0.0640326 0)
(1.41501 -0.073407 0)
(1.18262 0.195453 0)
(1.1975 0.185417 0)
(1.21012 0.177049 0)
(1.2235 0.166706 0)
(1.23912 0.153678 0)
(1.25239 0.142603 0)
(1.2631 0.132338 0)
(1.27835 0.118066 0)
(1.29078 0.105932 0)
(1.30134 0.0948078 0)
(1.31428 0.0796221 0)
(1.32463 0.0676885 0)
(1.33781 0.0533747 0)
(1.34638 0.0418002 0)
(1.35539 0.0286508 0)
(1.36704 0.0112115 0)
(1.3747 0.000210565 0)
(1.38425 -0.0161229 0)
(1.38897 -0.0295937 0)
(1.39656 -0.0427714 0)
(1.40575 -0.0589164 0)
(1.4109 -0.0689139 0)
(1.17808 0.196714 0)
(1.19326 0.186552 0)
(1.20596 0.178248 0)
(1.21857 0.168308 0)
(1.23416 0.155689 0)
(1.24781 0.144298 0)
(1.25839 0.134495 0)
(1.27335 0.120749 0)
(1.28602 0.10843 0)
(1.2966 0.0978551 0)
(1.30944 0.0833709 0)
(1.31972 0.0712639 0)
(1.33291 0.0569879 0)
(1.34196 0.0451047 0)
(1.35011 0.0325399 0)
(1.36186 0.0150999 0)
(1.36947 0.00341047 0)
(1.37925 -0.0122273 0)
(1.38481 -0.0258714 0)
(1.39152 -0.0375748 0)
(1.40124 -0.0537124 0)
(1.40668 -0.0653094 0)
(1.17372 0.197976 0)
(1.18909 0.187711 0)
(1.20187 0.1793 0)
(1.21392 0.169668 0)
(1.22933 0.157545 0)
(1.24331 0.146053 0)
(1.25389 0.136756 0)
(1.26849 0.123503 0)
(1.28134 0.110991 0)
(1.29207 0.10072 0)
(1.30461 0.0869423 0)
(1.31483 0.0747735 0)
(1.32799 0.0605208 0)
(1.33742 0.0480685 0)
(1.34497 0.0357644 0)
(1.35664 0.018655 0)
(1.36439 0.00650101 0)
(1.37426 -0.00773643 0)
(1.38086 -0.0218574 0)
(1.3867 -0.0325576 0)
(1.39667 -0.0486029 0)
(1.40224 -0.0622747 0)
(1.16958 0.199097 0)
(1.185 0.18879 0)
(1.19783 0.180201 0)
(1.20953 0.170912 0)
(1.22469 0.159388 0)
(1.23891 0.147919 0)
(1.24955 0.139093 0)
(1.2637 0.126285 0)
(1.27669 0.113537 0)
(1.28762 0.103313 0)
(1.29985 0.0901109 0)
(1.31 0.0779185 0)
(1.32297 0.0638588 0)
(1.33274 0.0509488 0)
(1.33996 0.038635 0)
(1.35152 0.02215 0)
(1.35961 0.00962803 0)
(1.36927 -0.00274642 0)
(1.3769 -0.0176763 0)
(1.38218 -0.0281127 0)
(1.39176 -0.04372 0)
(1.39775 -0.0593451 0)
(1.16556 0.200024 0)
(1.1809 0.189843 0)
(1.19389 0.18105 0)
(1.20542 0.172176 0)
(1.22019 0.161336 0)
(1.23455 0.149932 0)
(1.2453 0.141354 0)
(1.25896 0.128858 0)
(1.27201 0.115952 0)
(1.28327 0.105501 0)
(1.29507 0.0929132 0)
(1.30529 0.0806117 0)
(1.31793 0.0668141 0)
(1.32787 0.0539761 0)
(1.33509 0.0415204 0)
(1.34645 0.0259633 0)
(1.35518 0.0128937 0)
(1.36425 0.00226485 0)
(1.37283 -0.0134782 0)
(1.37791 -0.0245525 0)
(1.3864 -0.0392832 0)
(1.39342 -0.0559413 0)
(1.16169 0.200808 0)
(1.17686 0.190948 0)
(1.19009 0.182005 0)
(1.20149 0.17359 0)
(1.2158 0.163319 0)
(1.23027 0.151844 0)
(1.24113 0.143271 0)
(1.25421 0.131061 0)
(1.26726 0.118165 0)
(1.27891 0.10741 0)
(1.29031 0.0954386 0)
(1.30066 0.0830716 0)
(1.31296 0.0694313 0)
(1.32302 0.0570554 0)
(1.3305 0.0446171 0)
(1.34138 0.030204 0)
(1.35096 0.0163621 0)
(1.3592 0.00677498 0)
(1.36861 -0.00928912 0)
(1.37378 -0.0218326 0)
(1.38116 -0.0353877 0)
(1.38909 -0.0514366 0)
(1.15794 0.201591 0)
(1.17286 0.19223 0)
(1.18637 0.183169 0)
(1.19773 0.17502 0)
(1.21138 0.16508 0)
(1.22594 0.153512 0)
(1.23695 0.144801 0)
(1.24956 0.132894 0)
(1.26249 0.12019 0)
(1.2746 0.109139 0)
(1.28559 0.0978721 0)
(1.2961 0.0855262 0)
(1.30819 0.0718042 0)
(1.31814 0.0602665 0)
(1.32627 0.047909 0)
(1.33641 0.034528 0)
(1.34678 0.0200101 0)
(1.3543 0.0104969 0)
(1.36403 -0.00515507 0)
(1.36961 -0.0193388 0)
(1.37641 -0.0316971 0)
(1.38495 -0.0464748 0)
(1.15439 0.202447 0)
(1.16904 0.193536 0)
(1.18271 0.184305 0)
(1.19402 0.176203 0)
(1.20701 0.166394 0)
(1.22175 0.154746 0)
(1.23289 0.145945 0)
(1.24499 0.134545 0)
(1.25773 0.122208 0)
(1.27036 0.110896 0)
(1.28098 0.100309 0)
(1.29151 0.088213 0)
(1.30356 0.0742634 0)
(1.3133 0.0635229 0)
(1.32233 0.0512387 0)
(1.33144 0.0386486 0)
(1.34249 0.0236998 0)
(1.34971 0.013456 0)
(1.35901 -0.00124826 0)
(1.36557 -0.0165501 0)
(1.37194 -0.0276019 0)
(1.38092 -0.0414325 0)
(1.151 0.20325 0)
(1.16524 0.19457 0)
(1.17902 0.185122 0)
(1.19036 0.176946 0)
(1.20283 0.167312 0)
(1.21756 0.155813 0)
(1.22878 0.147067 0)
(1.24057 0.136246 0)
(1.25316 0.124326 0)
(1.2662 0.112827 0)
(1.2765 0.102809 0)
(1.28695 0.0910337 0)
(1.29906 0.0768756 0)
(1.30858 0.0666924 0)
(1.31846 0.0543941 0)
(1.32663 0.0422546 0)
(1.33803 0.0271837 0)
(1.34525 0.0161173 0)
(1.35387 0.00241937 0)
(1.36171 -0.0130498 0)
(1.36768 -0.023029 0)
(1.37693 -0.0366664 0)
(1.1477 0.203705 0)
(1.16144 0.195046 0)
(1.1753 0.185552 0)
(1.18672 0.177426 0)
(1.19874 0.168132 0)
(1.21345 0.156933 0)
(1.22484 0.148246 0)
(1.23638 0.138099 0)
(1.24872 0.126678 0)
(1.26203 0.114996 0)
(1.27211 0.105339 0)
(1.28238 0.0938665 0)
(1.2946 0.0795959 0)
(1.30397 0.0696409 0)
(1.31451 0.0572358 0)
(1.32199 0.0453696 0)
(1.33346 0.0303919 0)
(1.34079 0.0189461 0)
(1.3491 0.0060487 0)
(1.35775 -0.00875656 0)
(1.36349 -0.0183214 0)
(1.37287 -0.0324583 0)
(1.14439 0.203799 0)
(1.15766 0.19517 0)
(1.17163 0.185834 0)
(1.18317 0.177862 0)
(1.19484 0.169078 0)
(1.2094 0.158391 0)
(1.221 0.149771 0)
(1.23234 0.140209 0)
(1.24438 0.129171 0)
(1.25783 0.117228 0)
(1.2678 0.107707 0)
(1.27791 0.096434 0)
(1.29018 0.0822061 0)
(1.29944 0.0722521 0)
(1.3104 0.0598107 0)
(1.31753 0.0481796 0)
(1.32896 0.0334643 0)
(1.3365 0.0220777 0)
(1.34474 0.010002 0)
(1.35375 -0.00439853 0)
(1.35923 -0.0140155 0)
(1.36848 -0.0287936 0)
(1.141 0.203719 0)
(1.15393 0.195285 0)
(1.16807 0.186223 0)
(1.17978 0.178509 0)
(1.19114 0.170381 0)
(1.20548 0.160252 0)
(1.2173 0.151558 0)
(1.22846 0.142315 0)
(1.24004 0.131516 0)
(1.25354 0.119323 0)
(1.26355 0.109772 0)
(1.27348 0.0987038 0)
(1.28574 0.0846906 0)
(1.295 0.0745859 0)
(1.30625 0.0621778 0)
(1.31317 0.0509897 0)
(1.32454 0.0367158 0)
(1.33231 0.0256204 0)
(1.34057 0.014175 0)
(1.34975 -0.000427258 0)
(1.35484 -0.0104591 0)
(1.36386 -0.025671 0)
(1.13767 0.203645 0)
(1.15035 0.195566 0)
(1.16456 0.186996 0)
(1.17653 0.179657 0)
(1.18759 0.172121 0)
(1.20168 0.16231 0)
(1.2136 0.15332 0)
(1.22457 0.144141 0)
(1.23564 0.13347 0)
(1.24928 0.121114 0)
(1.25942 0.111512 0)
(1.26926 0.100667 0)
(1.28135 0.0870682 0)
(1.29066 0.0768378 0)
(1.30211 0.0645967 0)
(1.30898 0.0540075 0)
(1.32026 0.0402337 0)
(1.3282 0.029294 0)
(1.33632 0.0181127 0)
(1.34557 0.00309866 0)
(1.35035 -0.00761229 0)
(1.35915 -0.022859 0)
(1.13448 0.203664 0)
(1.14703 0.196215 0)
(1.1612 0.188299 0)
(1.17343 0.181269 0)
(1.1841 0.173978 0)
(1.19783 0.164084 0)
(1.20982 0.154585 0)
(1.22072 0.145393 0)
(1.23139 0.134968 0)
(1.24508 0.122718 0)
(1.25534 0.113176 0)
(1.26511 0.10263 0)
(1.27702 0.089545 0)
(1.28649 0.0791927 0)
(1.29808 0.0671875 0)
(1.30493 0.0573034 0)
(1.31609 0.0438337 0)
(1.32406 0.0326946 0)
(1.33202 0.0213648 0)
(1.34119 0.00618828 0)
(1.34583 -0.00515321 0)
(1.35463 -0.0200609 0)
(1.1315 0.203918 0)
(1.144 0.19739 0)
(1.15802 0.189991 0)
(1.17032 0.182918 0)
(1.18063 0.17528 0)
(1.19388 0.165154 0)
(1.20595 0.155298 0)
(1.2169 0.146252 0)
(1.22726 0.136279 0)
(1.241 0.124356 0)
(1.25137 0.114964 0)
(1.26116 0.104713 0)
(1.27279 0.092216 0)
(1.28245 0.0818628 0)
(1.2941 0.070011 0)
(1.30096 0.0606364 0)
(1.3119 0.0471581 0)
(1.31983 0.0355604 0)
(1.32765 0.0239424 0)
(1.33667 0.00907824 0)
(1.34142 -0.00261848 0)
(1.35049 -0.0169298 0)
(1.12878 0.204688 0)
(1.14107 0.198922 0)
(1.15486 0.191563 0)
(1.16713 0.18398 0)
(1.17714 0.175827 0)
(1.18987 0.165699 0)
(1.20215 0.155781 0)
(1.21328 0.146946 0)
(1.22339 0.137642 0)
(1.23705 0.126266 0)
(1.24744 0.117126 0)
(1.25733 0.107108 0)
(1.26866 0.0950829 0)
(1.27849 0.0847492 0)
(1.29015 0.0727999 0)
(1.29698 0.0635714 0)
(1.30765 0.0499207 0)
(1.31544 0.0380012 0)
(1.32336 0.026054 0)
(1.33214 0.0120276 0)
(1.33725 0.000498382 0)
(1.34666 -0.0131797 0)
(1.12626 0.20582 0)
(1.13813 0.200136 0)
(1.15161 0.192502 0)
(1.16372 0.184417 0)
(1.17356 0.175985 0)
(1.18586 0.166181 0)
(1.19846 0.156445 0)
(1.20982 0.147946 0)
(1.21972 0.139427 0)
(1.23326 0.128556 0)
(1.24362 0.119569 0)
(1.25367 0.109588 0)
(1.26459 0.0978986 0)
(1.27452 0.0875271 0)
(1.28611 0.0752877 0)
(1.29293 0.0659223 0)
(1.30334 0.0521714 0)
(1.31096 0.0402702 0)
(1.31926 0.0281014 0)
(1.32776 0.0152573 0)
(1.33337 0.0044168 0)
(1.34296 -0.00903799 0)
(1.12378 0.206664 0)
(1.13517 0.200606 0)
(1.14835 0.192798 0)
(1.16029 0.184471 0)
(1.17005 0.176094 0)
(1.18202 0.166856 0)
(1.19493 0.157624 0)
(1.20659 0.149588 0)
(1.21623 0.141802 0)
(1.22957 0.131065 0)
(1.23979 0.12197 0)
(1.25 0.111831 0)
(1.26048 0.100378 0)
(1.27044 0.0899014 0)
(1.28204 0.0773138 0)
(1.28888 0.0677635 0)
(1.29909 0.0541637 0)
(1.30649 0.0427009 0)
(1.31541 0.0305731 0)
(1.32362 0.0188991 0)
(1.32964 0.00882923 0)
(1.33922 -0.00501735 0)
(1.12122 0.206953 0)
(1.13223 0.20061 0)
(1.14511 0.192904 0)
(1.15693 0.184523 0)
(1.16669 0.176359 0)
(1.17853 0.167944 0)
(1.19166 0.15948 0)
(1.20348 0.151935 0)
(1.21281 0.144406 0)
(1.22586 0.133225 0)
(1.23586 0.123828 0)
(1.24631 0.113521 0)
(1.2564 0.102354 0)
(1.26634 0.091796 0)
(1.27788 0.0791029 0)
(1.28478 0.0695155 0)
(1.29501 0.0562434 0)
(1.30224 0.0454865 0)
(1.31177 0.033707 0)
(1.31972 0.0228168 0)
(1.32586 0.0130975 0)
(1.33533 -0.00152154 0)
(1.11857 0.206958 0)
(1.1293 0.200559 0)
(1.14183 0.193097 0)
(1.15369 0.184733 0)
(1.16358 0.177048 0)
(1.17543 0.169683 0)
(1.18857 0.161765 0)
(1.20033 0.154254 0)
(1.20926 0.146329 0)
(1.22202 0.134575 0)
(1.23189 0.125011 0)
(1.24263 0.114739 0)
(1.25236 0.104004 0)
(1.26229 0.0934506 0)
(1.2738 0.0808824 0)
(1.2808 0.0714596 0)
(1.29116 0.058736 0)
(1.29824 0.048804 0)
(1.30815 0.0373943 0)
(1.31588 0.0266474 0)
(1.32192 0.0166862 0)
(1.33126 0.00131185 0)
(1.1159 0.206954 0)
(1.12641 0.200618 0)
(1.13857 0.193458 0)
(1.15062 0.185354 0)
(1.16078 0.178402 0)
(1.17252 0.171756 0)
(1.18547 0.163731 0)
(1.19701 0.155731 0)
(1.20563 0.147162 0)
)
;

boundaryField
{
    inlet
    {
        type            uniformFixedValue;
        uniformValue    table
        
2
(
(0 (1.1 0 0))
(8 (3 0 0))
)
;
        value           nonuniform 0();
    }
    outlet
    {
        type            inletOutlet;
        inletValue      nonuniform 0();
        value           nonuniform 0();
    }
    triangle
    {
        type            slip;
    }
    top
    {
        type            symmetryPlane;
    }
    bottom
    {
        type            symmetryPlane;
    }
    defaultFaces
    {
        type            empty;
    }
    procBoundary22to14
    {
        type            processor;
        value           nonuniform List<vector> 
23
(
(-1.09651 0.0373189 0)
(-1.12133 0.0416534 0)
(-1.10075 0.049191 0)
(-1.0772 0.0542461 0)
(-0.0855577 -0.0290299 0)
(-0.0810407 -0.0385039 0)
(-0.0736363 -0.0562946 0)
(-0.0569566 -0.076747 0)
(-0.0375303 -0.0928619 0)
(-0.011265 -0.093632 0)
(0.0155653 -0.0631138 0)
(0.043218 -0.00308852 0)
(0.0617468 0.0637337 0)
(0.0569111 0.103992 0)
(0.0447227 0.105775 0)
(0.0279111 0.0759666 0)
(0.0123887 0.024473 0)
(0.00176447 -0.0202225 0)
(0.0293954 -0.0515714 0)
(0.0510777 -0.0744935 0)
(0.0304832 -0.112192 0)
(-0.263501 -0.107378 0)
(-0.263501 -0.107378 0)
)
;
    }
    procBoundary22to21
    {
        type            processor;
        value           nonuniform List<vector> 
146
(
(-0.0867304 -0.0318736 0)
(-0.0805453 -0.0366838 0)
(-0.0732484 -0.039494 0)
(-0.0657978 -0.0412219 0)
(-0.0577369 -0.0408895 0)
(-0.0493296 -0.0380304 0)
(-0.0408494 -0.034994 0)
(-0.0333524 -0.0317736 0)
(-0.0267178 -0.0312244 0)
(-0.0217528 -0.0326453 0)
(-0.0181193 -0.0338723 0)
(-0.0154068 -0.0332491 0)
(-0.0140714 -0.0306221 0)
(-0.013664 -0.025758 0)
(-0.0155737 -0.0199137 0)
(-0.0199713 -0.0133049 0)
(-0.026755 -0.00669541 0)
(-0.0352492 -0.000143659 0)
(-0.0450353 0.00628716 0)
(-0.0557602 0.0133481 0)
(-0.0674893 0.021137 0)
(-0.0804546 0.0297656 0)
(-0.0963819 0.0387455 0)
(-0.115876 0.0500443 0)
(-0.140885 0.0632952 0)
(-0.171838 0.0794365 0)
(-0.208494 0.0981672 0)
(-0.249013 0.119197 0)
(-0.290242 0.142658 0)
(-0.330302 0.16613 0)
(-0.36437 0.189338 0)
(-0.388401 0.208066 0)
(-0.391706 0.22557 0)
(-0.392053 0.235773 0)
(-0.383255 0.243279 0)
(-0.374589 0.250107 0)
(-0.363123 0.256349 0)
(-0.349646 0.263117 0)
(-0.331836 0.267838 0)
(-0.309811 0.272704 0)
(-0.28346 0.276801 0)
(-0.252729 0.279735 0)
(-0.216886 0.280881 0)
(-0.177003 0.278814 0)
(-0.136279 0.272437 0)
(-0.0970638 0.27015 0)
(-0.0637805 0.272493 0)
(-0.0348809 0.276123 0)
(-0.0060396 0.273125 0)
(0.0205466 0.255767 0)
(0.0638249 0.243158 0)
(0.127895 0.212016 0)
(0.242079 0.187497 0)
(0.459654 0.142566 0)
(0.798018 0.104743 0)
(1.18684 0.0498828 0)
(1.50831 0.0189182 0)
(1.67609 -0.0237671 0)
(1.72001 -0.0241701 0)
(1.70732 0.000838837 0)
(1.68623 0.00770012 0)
(1.6707 0.00107578 0)
(1.65768 -0.00603291 0)
(1.64457 -0.0163243 0)
(1.63358 -0.0192977 0)
(1.62495 -0.0119757 0)
(1.61592 -0.00646905 0)
(1.60713 -0.00571928 0)
(1.59872 -0.00549775 0)
(1.58907 -0.00452087 0)
(1.57814 -0.00375083 0)
(1.56904 -0.00663347 0)
(1.56198 -0.0104977 0)
(1.5557 -0.0140626 0)
(1.54949 -0.0154705 0)
(1.5423 -0.013819 0)
(1.53349 -0.010527 0)
(1.52478 -0.00684137 0)
(1.51626 -0.00360385 0)
(1.50607 0.00124094 0)
(1.49642 0.00378715 0)
(1.48603 0.00890006 0)
(1.47563 0.0168287 0)
(1.46545 0.027723 0)
(1.45487 0.0411465 0)
(1.4433 0.055014 0)
(1.43103 0.0674066 0)
(1.41964 0.0777121 0)
(1.40978 0.0857873 0)
(1.40125 0.09131 0)
(1.39266 0.095184 0)
(1.38325 0.0994846 0)
(1.37365 0.105629 0)
(1.36399 0.114245 0)
(1.35393 0.123585 0)
(1.34375 0.131273 0)
(1.33506 0.136514 0)
(1.32833 0.139396 0)
(1.32267 0.141268 0)
(1.31723 0.144107 0)
(1.31157 0.148511 0)
(1.30564 0.153273 0)
(1.29953 0.157358 0)
(1.29344 0.160549 0)
(1.28715 0.163416 0)
(1.28062 0.166428 0)
(1.27377 0.169916 0)
(1.26668 0.173734 0)
(1.25941 0.177451 0)
(1.25236 0.180544 0)
(1.24579 0.182904 0)
(1.2399 0.184613 0)
(1.23454 0.186011 0)
(1.22944 0.187557 0)
(1.22448 0.189381 0)
(1.21946 0.191475 0)
(1.21441 0.193535 0)
(1.20946 0.195367 0)
(1.20438 0.197014 0)
(1.19942 0.198406 0)
(1.19459 0.199637 0)
(1.18985 0.200835 0)
(1.18525 0.202035 0)
(1.18068 0.203212 0)
(1.17615 0.204193 0)
(1.17167 0.20493 0)
(1.16733 0.205537 0)
(1.16312 0.206151 0)
(1.1591 0.20684 0)
(1.15534 0.20755 0)
(1.15182 0.20817 0)
(1.14841 0.208671 0)
(1.1451 0.209096 0)
(1.14194 0.209608 0)
(1.13897 0.21024 0)
(1.13605 0.210867 0)
(1.13303 0.211284 0)
(1.12981 0.211391 0)
(1.12662 0.211259 0)
(1.12349 0.211096 0)
(1.12047 0.21096 0)
(1.11761 0.211023 0)
(1.11491 0.211587 0)
(1.11233 0.212488 0)
(1.10971 0.21318 0)
(1.10693 0.213358 0)
)
;
    }
    procBoundary22to23
    {
        type            processor;
        value           nonuniform List<vector> 
141
(
(-1.05246 0.0671911 0)
(-1.05201 0.0701011 0)
(-1.04959 0.0657582 0)
(-1.04307 0.0473549 0)
(-1.03169 0.0163667 0)
(-1.01947 -0.0167892 0)
(-1.00643 -0.0479959 0)
(-0.993207 -0.0756362 0)
(-0.982995 -0.09611 0)
(-0.974028 -0.108991 0)
(-0.965686 -0.115385 0)
(-0.957538 -0.117577 0)
(-0.948602 -0.119769 0)
(-0.940259 -0.124998 0)
(-0.931241 -0.134071 0)
(-0.922499 -0.145547 0)
(-0.916848 -0.151557 0)
(-0.913719 -0.148175 0)
(-0.90402 -0.141096 0)
(-0.87625 -0.137221 0)
(-0.813251 -0.136089 0)
(-0.693222 -0.138941 0)
(-0.504495 -0.147364 0)
(-0.259487 -0.17091 0)
(0.00785802 -0.209016 0)
(0.25299 -0.228631 0)
(0.457667 -0.233569 0)
(0.646202 -0.266721 0)
(0.83603 -0.351199 0)
(1.02457 -0.416829 0)
(1.2002 -0.440193 0)
(1.34882 -0.459646 0)
(1.46845 -0.499157 0)
(1.54351 -0.533883 0)
(1.58255 -0.556039 0)
(1.60287 -0.568471 0)
(1.60836 -0.581706 0)
(1.60991 -0.580739 0)
(1.60843 -0.57977 0)
(1.6075 -0.579025 0)
(1.60843 -0.577342 0)
(1.61117 -0.575974 0)
(1.61699 -0.574702 0)
(1.6212 -0.573587 0)
(1.62341 -0.575718 0)
(1.62394 -0.579322 0)
(1.62284 -0.582552 0)
(1.62292 -0.582736 0)
(1.61849 -0.57729 0)
(1.6132 -0.568087 0)
(1.60917 -0.558993 0)
(1.60941 -0.551277 0)
(1.60747 -0.542115 0)
(1.60339 -0.530561 0)
(1.5987 -0.516984 0)
(1.59466 -0.49517 0)
(1.58565 -0.471479 0)
(1.579 -0.458979 0)
(1.57402 -0.449574 0)
(1.5702 -0.440862 0)
(1.56706 -0.427736 0)
(1.56422 -0.415616 0)
(1.56049 -0.405288 0)
(1.55626 -0.395238 0)
(1.55235 -0.381967 0)
(1.54822 -0.365781 0)
(1.54482 -0.35385 0)
(1.54419 -0.348488 0)
(1.54175 -0.346 0)
(1.53754 -0.342121 0)
(1.53365 -0.333933 0)
(1.53051 -0.322725 0)
(1.52893 -0.311785 0)
(1.5294 -0.30451 0)
(1.53117 -0.301297 0)
(1.533 -0.300747 0)
(1.53475 -0.302557 0)
(1.53749 -0.306904 0)
(1.54082 -0.310384 0)
(1.5437 -0.31171 0)
(1.54566 -0.311386 0)
(1.546 -0.310118 0)
(1.54632 -0.307432 0)
(1.54704 -0.303727 0)
(1.54766 -0.29936 0)
(1.54819 -0.29567 0)
(1.54786 -0.293659 0)
(1.5462 -0.292887 0)
(1.54382 -0.291221 0)
(1.54158 -0.288197 0)
(1.5398 -0.283893 0)
(1.53826 -0.279327 0)
(1.53663 -0.274623 0)
(1.53483 -0.270431 0)
(1.53223 -0.264447 0)
(1.52991 -0.256529 0)
(1.52731 -0.245846 0)
(1.52442 -0.23542 0)
(1.52113 -0.227624 0)
(1.51849 -0.222792 0)
(1.51555 -0.218942 0)
(1.51385 -0.216209 0)
(1.51252 -0.213607 0)
(1.51032 -0.20971 0)
(1.50704 -0.203748 0)
(1.50275 -0.19693 0)
(1.49908 -0.191195 0)
(1.49618 -0.186352 0)
(1.49339 -0.181888 0)
(1.49061 -0.177324 0)
(1.48788 -0.172411 0)
(1.48525 -0.167919 0)
(1.48208 -0.163165 0)
(1.47828 -0.157356 0)
(1.47408 -0.150794 0)
(1.46979 -0.144574 0)
(1.46551 -0.139305 0)
(1.4611 -0.134764 0)
(1.45675 -0.130801 0)
(1.45233 -0.126802 0)
(1.44786 -0.122564 0)
(1.44341 -0.117655 0)
(1.439 -0.111902 0)
(1.43471 -0.105853 0)
(1.43052 -0.100065 0)
(1.42618 -0.0944195 0)
(1.42162 -0.0888591 0)
(1.41654 -0.0835031 0)
(1.41106 -0.0787825 0)
(1.40618 -0.0749433 0)
(1.40168 -0.0710772 0)
(1.39737 -0.0665762 0)
(1.3933 -0.061478 0)
(1.3894 -0.0562316 0)
(1.3855 -0.0513806 0)
(1.38153 -0.0473836 0)
(1.37734 -0.0441998 0)
(1.37285 -0.0414928 0)
(1.36844 -0.0390122 0)
(1.36418 -0.0359982 0)
(1.3601 -0.0320928 0)
)
;
    }
    procBoundary22to29
    {
        type            processor;
        value           uniform (1.10423 0.213232 0);
    }
    procBoundary22to30
    {
        type            processor;
        value           nonuniform List<vector> 
23
(
(1.21814 0.135254 0)
(1.22789 0.125869 0)
(1.23898 0.115793 0)
(1.24845 0.105555 0)
(1.25839 0.0951452 0)
(1.26979 0.0830186 0)
(1.27694 0.0739607 0)
(1.28752 0.0617434 0)
(1.29443 0.0523996 0)
(1.30448 0.0410028 0)
(1.31202 0.0298846 0)
(1.31785 0.0194115 0)
(1.327 0.00371124 0)
(1.11331 0.207045 0)
(1.12364 0.200848 0)
(1.1355 0.194056 0)
(1.14772 0.186514 0)
(1.15819 0.180009 0)
(1.16955 0.173359 0)
(1.18224 0.164886 0)
(1.19357 0.156297 0)
(1.21814 0.135254 0)
(1.20201 0.147385 0)
)
;
    }
    procBoundary22to31
    {
        type            processor;
        value           nonuniform List<vector> 6((1.3562 -0.0275607 0) (1.3523 -0.0227838 0) (1.34827 -0.0182914 0) (1.34403 -0.0144664 0) (1.33959 -0.0114176 0) (1.33515 -0.00897389 0));
    }
}


// ************************************************************************* //
