/*--------------------------------*- C++ -*----------------------------------*\
  =========                 |
  \\      /  F ield         | OpenFOAM: The Open Source CFD Toolbox
   \\    /   O peration     | Website:  https://openfoam.org
    \\  /    A nd           | Version:  8
     \\/     M anipulation  |
\*---------------------------------------------------------------------------*/
FoamFile
{
    version     2.0;
    format      ascii;
    class       volVectorField;
    location    "0.8";
    object      U;
}
// * * * * * * * * * * * * * * * * * * * * * * * * * * * * * * * * * * * * * //

dimensions      [0 1 -1 0 0 0 0];

internalField   nonuniform List<vector> 
2600
(
(0.658979 0.0279903 0)
(1.03419 0.0972811 0)
(1.31603 0.194931 0)
(1.48968 0.221924 0)
(1.51966 0.184208 0)
(1.43179 0.136254 0)
(1.09878 0.120975 0)
(1.0125 0.0783318 0)
(1.01303 0.0549611 0)
(1.03222 0.0285939 0)
(0.21244 -0.105758 0)
(0.665344 0.0356257 0)
(1.09052 0.158017 0)
(1.37638 0.196297 0)
(1.46731 0.165274 0)
(1.41718 0.129281 0)
(1.09371 0.126692 0)
(1.00602 0.0808533 0)
(1.01024 0.0503329 0)
(1.02868 0.0208467 0)
(0.0226407 -0.108761 0)
(0.343618 0.0204464 0)
(0.799523 0.121625 0)
(1.18394 0.16295 0)
(1.35643 0.146382 0)
(1.3626 0.125455 0)
(1.08244 0.134123 0)
(0.997068 0.0803786 0)
(1.00667 0.044838 0)
(1.02389 0.0167964 0)
(-0.0458538 -0.133003 0)
(0.142827 -0.0439512 0)
(0.499512 0.0666271 0)
(0.912178 0.119204 0)
(1.15698 0.116301 0)
(1.23238 0.106438 0)
(1.04706 0.136108 0)
(0.984409 0.0743937 0)
(0.999941 0.0407583 0)
(1.01652 0.0148828 0)
(-0.0884605 -0.121905 0)
(-0.00366442 -0.0502918 0)
(0.211896 0.0344695 0)
(0.571807 0.081122 0)
(0.849196 0.0893162 0)
(0.994274 0.102258 0)
(0.963679 0.137805 0)
(0.95716 0.077433 0)
(0.982809 0.0432127 0)
(1.00331 0.0157452 0)
(-0.124256 -0.121062 0)
(-0.126613 -0.0721133 0)
(-0.057889 0.0053255 0)
(0.195262 0.0429709 0)
(0.450453 0.0597237 0)
(0.657919 0.0661845 0)
(0.816277 0.121301 0)
(0.897552 0.0711019 0)
(0.945359 0.0375732 0)
(0.981518 0.0136352 0)
(-0.154606 -0.104569 0)
(-0.246476 -0.0579606 0)
(-0.296177 0.00315617 0)
(-0.159307 0.0242407 0)
(0.0419165 0.0404786 0)
(0.290469 0.0691266 0)
(0.608046 0.107711 0)
(0.791927 0.0666927 0)
(0.882928 0.0366625 0)
(0.952282 0.0134155 0)
(-0.185006 -0.0836096 0)
(-0.348805 -0.0511111 0)
(-0.472792 -0.00172282 0)
(-0.420665 0.0095135 0)
(-0.273334 0.0232189 0)
(-0.011325 0.032386 0)
(0.386221 0.0738251 0)
(0.65794 0.0498454 0)
(0.807594 0.0279153 0)
(0.922372 0.00953418 0)
(-0.20584 -0.0522247 0)
(-0.411919 -0.0325043 0)
(-0.570721 -0.00204976 0)
(-0.557454 0.00675155 0)
(-0.443366 0.0144885 0)
(-0.192879 0.0257793 0)
(0.218955 0.0542958 0)
(0.544927 0.0409354 0)
(0.745909 0.0230574 0)
(0.900257 0.00756838 0)
(-0.220687 -0.0182095 0)
(-0.438583 -0.0115817 0)
(-0.601344 -0.000588875 0)
(-0.59631 0.00313169 0)
(-0.494391 0.00617888 0)
(-0.255786 0.0108222 0)
(0.145726 0.021832 0)
(0.492071 0.0164773 0)
(0.717167 0.00941024 0)
(0.890453 0.00303547 0)
(-0.220867 0.0178967 0)
(-0.438389 0.0114736 0)
(-0.600836 0.00132103 0)
(-0.596368 -0.00251532 0)
(-0.49442 -0.00596469 0)
(-0.255778 -0.0110719 0)
(0.145722 -0.0219393 0)
(0.492065 -0.0163746 0)
(0.717179 -0.0092702 0)
(0.89045 -0.00317852 0)
(-0.206353 0.0518709 0)
(-0.412489 0.0326916 0)
(-0.570301 0.000905403 0)
(-0.557523 -0.00656134 0)
(-0.443398 -0.0144211 0)
(-0.192849 -0.0259106 0)
(0.218939 -0.0542766 0)
(0.544908 -0.0409718 0)
(0.745905 -0.0231628 0)
(0.900272 -0.00743381 0)
(-0.1856 0.0833826 0)
(-0.349695 0.0516203 0)
(-0.473476 0.00229736 0)
(-0.420932 -0.00917695 0)
(-0.273289 -0.0237106 0)
(-0.0111752 -0.0324589 0)
(0.386225 -0.0737998 0)
(0.657915 -0.0498766 0)
(0.807572 -0.0281109 0)
(0.9224 -0.00951637 0)
(-0.15512 0.104515 0)
(-0.247197 0.0585698 0)
(-0.296749 -0.000764013 0)
(-0.159757 -0.0240026 0)
(0.0421099 -0.0406248 0)
(0.290754 -0.0692175 0)
(0.60809 -0.107686 0)
(0.791928 -0.0666375 0)
(0.882899 -0.0365303 0)
(0.952289 -0.0134048 0)
(-0.124661 0.12104 0)
(-0.126925 0.0714597 0)
(-0.0584477 -0.00923163 0)
(0.194788 -0.0430235 0)
(0.450692 -0.0601234 0)
(0.658267 -0.0664239 0)
(0.81632 -0.12153 0)
(0.897595 -0.0712522 0)
(0.945381 -0.0375134 0)
(0.981524 -0.013635 0)
(-0.0887446 0.121714 0)
(-0.00371981 0.0496932 0)
(0.211916 -0.0328796 0)
(0.571421 -0.0809501 0)
(0.849428 -0.0892866 0)
(0.994443 -0.102171 0)
(0.963687 -0.137679 0)
(0.957271 -0.0774133 0)
(0.98288 -0.0433076 0)
(1.00332 -0.0157839 0)
(-0.046031 0.132865 0)
(0.142697 0.0436197 0)
(0.499068 -0.0685239 0)
(0.911927 -0.119365 0)
(1.15717 -0.116239 0)
(1.23249 -0.106644 0)
(1.047 -0.135871 0)
(0.984508 -0.0741978 0)
(0.999989 -0.0407369 0)
(1.01653 -0.0148783 0)
(0.0225979 0.108777 0)
(0.343473 -0.0203371 0)
(0.799435 -0.120384 0)
(1.18383 -0.162776 0)
(1.35657 -0.146035 0)
(1.36288 -0.126117 0)
(1.0825 -0.13436 0)
(0.99711 -0.0803599 0)
(1.0067 -0.0447618 0)
(1.02389 -0.016783 0)
(0.212473 0.10584 0)
(0.665229 -0.0354792 0)
(1.09008 -0.158314 0)
(1.3763 -0.196512 0)
(1.46743 -0.164872 0)
(1.41726 -0.128626 0)
(1.09376 -0.12639 0)
(1.00607 -0.0809598 0)
(1.01024 -0.0503682 0)
(1.02868 -0.0208438 0)
(0.659051 -0.027929 0)
(1.03412 -0.0974053 0)
(1.3158 -0.194358 0)
(1.4897 -0.221807 0)
(1.51975 -0.184378 0)
(1.43169 -0.135702 0)
(1.09879 -0.120684 0)
(1.01247 -0.0783366 0)
(1.01301 -0.0549967 0)
(1.03221 -0.0285934 0)
(1.18153 0.00808036 0)
(1.33418 -0.092701 0)
(1.46155 -0.198728 0)
(1.54993 -0.246649 0)
(1.54659 -0.200067 0)
(1.43468 -0.143373 0)
(1.1027 -0.112181 0)
(1.0181 -0.0772262 0)
(1.01534 -0.0622019 0)
(1.03601 -0.0418824 0)
(1.2977 0.130552 0)
(1.46286 -0.0812969 0)
(1.53966 -0.21337 0)
(1.5807 -0.256989 0)
(1.55917 -0.221911 0)
(1.43271 -0.153779 0)
(1.10726 -0.106277 0)
(1.0227 -0.0816344 0)
(1.0181 -0.0743452 0)
(1.03975 -0.0605221 0)
(1.3023 0.155219 0)
(1.48082 -0.0812964 0)
(1.55828 -0.207191 0)
(1.58993 -0.261565 0)
(1.55967 -0.239982 0)
(1.42918 -0.162603 0)
(1.10997 -0.0995137 0)
(1.02851 -0.0874307 0)
(1.02166 -0.0887411 0)
(1.04322 -0.07606 0)
(1.26329 0.18927 0)
(1.46498 -0.0548314 0)
(1.55207 -0.195238 0)
(1.58765 -0.256851 0)
(1.5666 -0.252559 0)
(1.43428 -0.170849 0)
(1.11825 -0.0962629 0)
(1.03275 -0.0966738 0)
(1.02561 -0.101128 0)
(1.04682 -0.0861357 0)
(1.23606 0.198326 0)
(1.44728 -0.0407137 0)
(1.53988 -0.179099 0)
(1.58312 -0.256507 0)
(1.56667 -0.262423 0)
(1.44391 -0.178791 0)
(1.12805 -0.0966329 0)
(1.03672 -0.105894 0)
(1.03062 -0.109373 0)
(1.05042 -0.092607 0)
(1.21109 0.207463 0)
(1.42587 -0.0144627 0)
(1.52718 -0.158456 0)
(1.57964 -0.25229 0)
(1.56945 -0.267032 0)
(1.4581 -0.193193 0)
(1.13689 -0.100215 0)
(1.03922 -0.117322 0)
(1.03537 -0.11658 0)
(1.05381 -0.097019 0)
(1.18969 0.211838 0)
(1.40632 0.00413985 0)
(1.51407 -0.142829 0)
(1.57819 -0.253515 0)
(1.56746 -0.270955 0)
(1.46709 -0.202406 0)
(1.14309 -0.10606 0)
(1.04149 -0.128813 0)
(1.03989 -0.123208 0)
(1.05675 -0.100349 0)
(1.17076 0.213839 0)
(1.38402 0.0267811 0)
(1.49334 -0.117826 0)
(1.57689 -0.245935 0)
(1.56331 -0.270879 0)
(1.47627 -0.216121 0)
(1.14918 -0.114253 0)
(1.04291 -0.139337 0)
(1.04394 -0.129055 0)
(1.05981 -0.101686 0)
(1.15374 0.214723 0)
(1.36299 0.0449975 0)
(1.4791 -0.103129 0)
(1.56867 -0.242074 0)
(1.56063 -0.269249 0)
(1.48442 -0.226364 0)
(1.15626 -0.124341 0)
(1.04549 -0.147287 0)
(1.04796 -0.133611 0)
(1.06141 -0.104217 0)
(1.1391 0.214578 0)
(1.3426 0.0610762 0)
(1.46098 -0.0793212 0)
(1.55373 -0.2254 0)
(1.55904 -0.26537 0)
(1.49223 -0.238116 0)
(1.16462 -0.137081 0)
(1.04965 -0.153582 0)
(1.05201 -0.137931 0)
(1.06452 -0.10588 0)
(1.12675 0.213596 0)
(1.32302 0.0757968 0)
(1.4463 -0.0628986 0)
(1.54009 -0.216793 0)
(1.55821 -0.262422 0)
(1.49835 -0.249346 0)
(1.1728 -0.152882 0)
(1.0554 -0.159046 0)
(1.05662 -0.142123 0)
(1.06816 -0.10679 0)
(1.11628 0.212558 0)
(1.30589 0.0872929 0)
(1.43016 -0.0440221 0)
(1.52224 -0.193582 0)
(1.55256 -0.253451 0)
(1.49892 -0.257803 0)
(1.17981 -0.17092 0)
(1.06135 -0.164381 0)
(1.06245 -0.144563 0)
(1.07171 -0.105172 0)
(1.10784 0.210601 0)
(1.28861 0.0987924 0)
(1.4147 -0.0281794 0)
(1.51012 -0.179903 0)
(1.55029 -0.247353 0)
(1.49852 -0.267175 0)
(1.18585 -0.189519 0)
(1.06696 -0.168218 0)
(1.06825 -0.145013 0)
(1.07487 -0.100464 0)
(1.1008 0.209192 0)
(1.27493 0.106765 0)
(1.39909 -0.0134738 0)
(1.49392 -0.155931 0)
(1.54402 -0.234081 0)
(1.49512 -0.275535 0)
(1.19323 -0.206593 0)
(1.07194 -0.171928 0)
(1.07351 -0.144681 0)
(1.07882 -0.095278 0)
(1.09509 0.206965 0)
(1.26054 0.11552 0)
(1.38391 -0.000321173 0)
(1.48184 -0.13897 0)
(1.54021 -0.224408 0)
(1.48937 -0.284591 0)
(1.20351 -0.222622 0)
(1.07698 -0.175626 0)
(1.07891 -0.144029 0)
(1.08313 -0.0908863 0)
(1.09031 0.2053 0)
(1.24902 0.121465 0)
(1.36974 0.0106372 0)
(1.46591 -0.116263 0)
(1.53337 -0.210771 0)
(1.47928 -0.294319 0)
(1.21839 -0.236766 0)
(1.08231 -0.178939 0)
(1.08427 -0.14267 0)
(1.0864 -0.0877265 0)
(1.08621 0.203037 0)
(1.23718 0.127524 0)
(1.35435 0.0225938 0)
(1.45441 -0.0987403 0)
(1.52617 -0.199894 0)
(1.46668 -0.304597 0)
(1.23426 -0.250606 0)
(1.08789 -0.181348 0)
(1.08854 -0.141342 0)
(1.08958 -0.0847677 0)
(1.08258 0.201118 0)
(1.22622 0.132281 0)
(1.34118 0.0310227 0)
(1.43933 -0.0776253 0)
(1.51386 -0.186049 0)
(1.4529 -0.316043 0)
(1.25128 -0.262571 0)
(1.09203 -0.183658 0)
(1.09346 -0.139448 0)
(1.09281 -0.0815488 0)
(1.07917 0.198977 0)
(1.21548 0.13628 0)
(1.32525 0.0423308 0)
(1.42788 -0.0601987 0)
(1.50256 -0.177163 0)
(1.44126 -0.326375 0)
(1.26621 -0.272496 0)
(1.09544 -0.185307 0)
(1.0975 -0.136693 0)
(1.09612 -0.0778943 0)
(1.07574 0.197125 0)
(1.20437 0.14024 0)
(1.31285 0.0507064 0)
(1.41589 -0.0426572 0)
(1.48941 -0.168756 0)
(1.43107 -0.335348 0)
(1.27758 -0.280176 0)
(1.09954 -0.185652 0)
(1.10183 -0.133377 0)
(1.09963 -0.0738688 0)
(0.36296 0.1253 0)
(0.428118 0.157527 0)
(0.464763 0.20695 0)
(0.505634 0.24304 0)
(0.542284 0.273828 0)
(0.579756 0.299738 0)
(0.620378 0.325253 0)
(0.670977 0.351018 0)
(0.740536 0.38514 0)
(0.868295 0.418964 0)
(0.388442 0.1519 0)
(0.437204 0.171808 0)
(0.463519 0.210113 0)
(0.50186 0.242165 0)
(0.537807 0.272679 0)
(0.576525 0.298845 0)
(0.618785 0.324886 0)
(0.671192 0.351319 0)
(0.743386 0.385339 0)
(0.867999 0.410808 0)
(0.43712 0.147743 0)
(0.473692 0.1602 0)
(0.48952 0.189591 0)
(0.519919 0.218878 0)
(0.5497 0.250532 0)
(0.586629 0.278441 0)
(0.629133 0.306674 0)
(0.683467 0.333962 0)
(0.759722 0.36758 0)
(0.889646 0.382149 0)
(0.484911 0.157309 0)
(0.515361 0.174233 0)
(0.525553 0.201057 0)
(0.552014 0.223119 0)
(0.576821 0.248806 0)
(0.610481 0.272541 0)
(0.649962 0.298641 0)
(0.702148 0.322948 0)
(0.777231 0.352259 0)
(0.901271 0.357734 0)
(0.527803 0.157676 0)
(0.554333 0.17416 0)
(0.563381 0.199908 0)
(0.588166 0.221226 0)
(0.609237 0.246542 0)
(0.640377 0.268856 0)
(0.677246 0.293382 0)
(0.727914 0.314797 0)
(0.801799 0.340954 0)
(0.922324 0.341269 0)
(0.565764 0.161717 0)
(0.588559 0.178088 0)
(0.596368 0.20269 0)
(0.61952 0.223038 0)
(0.638703 0.246976 0)
(0.668766 0.266878 0)
(0.703977 0.289502 0)
(0.753184 0.307663 0)
(0.824119 0.329386 0)
(0.937256 0.326964 0)
(0.600688 0.164734 0)
(0.619837 0.179974 0)
(0.626011 0.201911 0)
(0.646658 0.220373 0)
(0.663798 0.242676 0)
(0.692547 0.260912 0)
(0.726191 0.2822 0)
(0.773894 0.298172 0)
(0.841177 0.316478 0)
(0.945837 0.313398 0)
(0.633022 0.170435 0)
(0.648809 0.184779 0)
(0.653626 0.204405 0)
(0.671828 0.220948 0)
(0.687356 0.241026 0)
(0.714594 0.256616 0)
(0.746417 0.275693 0)
(0.792113 0.289264 0)
(0.85512 0.304157 0)
(0.951324 0.300766 0)
(0.663137 0.176782 0)
(0.675605 0.189691 0)
(0.679174 0.206522 0)
(0.694973 0.220565 0)
(0.709128 0.238142 0)
(0.734774 0.251442 0)
(0.764783 0.268598 0)
(0.808346 0.28036 0)
(0.86724 0.292661 0)
(0.954969 0.28917 0)
(0.690385 0.184847 0)
(0.699743 0.195716 0)
(0.702497 0.209622 0)
(0.716408 0.220918 0)
(0.729698 0.23595 0)
(0.753861 0.246944 0)
(0.782142 0.262088 0)
(0.823417 0.272168 0)
(0.878083 0.282115 0)
(0.958115 0.278949 0)
(0.713925 0.193119 0)
(0.721084 0.201073 0)
(0.723705 0.211763 0)
(0.736302 0.220167 0)
(0.748959 0.232941 0)
(0.771739 0.242224 0)
(0.798388 0.255679 0)
(0.83737 0.264502 0)
(0.888058 0.272605 0)
(0.961023 0.269723 0)
(0.733745 0.197433 0)
(0.739748 0.203601 0)
(0.743082 0.212462 0)
(0.755153 0.21893 0)
(0.76737 0.229882 0)
(0.788731 0.237762 0)
(0.813743 0.249694 0)
(0.850329 0.257425 0)
(0.897184 0.26395 0)
(0.9638 0.261483 0)
(0.749946 0.197742 0)
(0.756013 0.202866 0)
(0.760668 0.210611 0)
(0.772715 0.21658 0)
(0.784735 0.226684 0)
(0.804878 0.233766 0)
(0.828359 0.244348 0)
(0.862595 0.25116 0)
(0.906048 0.256546 0)
(0.96669 0.254266 0)
(0.763682 0.197007 0)
(0.770965 0.200969 0)
(0.776649 0.207967 0)
(0.788563 0.213725 0)
(0.800421 0.223086 0)
(0.819568 0.229712 0)
(0.841789 0.239319 0)
(0.873798 0.245297 0)
(0.913888 0.249552 0)
(0.969535 0.247696 0)
(0.776482 0.195238 0)
(0.785466 0.198846 0)
(0.791608 0.205557 0)
(0.803118 0.211229 0)
(0.814701 0.219739 0)
(0.832858 0.225844 0)
(0.85395 0.234486 0)
(0.884146 0.240004 0)
(0.921609 0.243614 0)
(0.972544 0.24188 0)
(0.788736 0.19143 0)
(0.798712 0.195608 0)
(0.804848 0.202339 0)
(0.815961 0.208162 0)
(0.827327 0.216221 0)
(0.844641 0.221929 0)
(0.864758 0.22966 0)
(0.893098 0.234498 0)
(0.927854 0.237357 0)
(0.975056 0.236109 0)
(0.800675 0.187914 0)
(0.810634 0.192172 0)
(0.816478 0.198632 0)
(0.82714 0.204323 0)
(0.838226 0.211964 0)
(0.854878 0.217554 0)
(0.874321 0.224783 0)
(0.901422 0.22946 0)
(0.934265 0.232083 0)
(0.977899 0.230902 0)
(0.812555 0.184275 0)
(0.822013 0.188545 0)
(0.827399 0.194743 0)
(0.837469 0.200199 0)
(0.848093 0.207416 0)
(0.863959 0.212839 0)
(0.882629 0.219516 0)
(0.908388 0.223843 0)
(0.939411 0.226236 0)
(0.980396 0.22563 0)
(0.824136 0.18043 0)
(0.833077 0.184791 0)
(0.83804 0.190821 0)
(0.847459 0.195946 0)
(0.857423 0.202589 0)
(0.872447 0.207805 0)
(0.890447 0.214187 0)
(0.915247 0.218582 0)
(0.944963 0.221069 0)
(0.983078 0.220634 0)
(0.835404 0.176466 0)
(0.843896 0.18083 0)
(0.848695 0.186842 0)
(0.857778 0.191942 0)
(0.8673 0.198296 0)
(0.881432 0.203245 0)
(0.898331 0.209085 0)
(0.9217 0.21328 0)
(0.949983 0.215946 0)
(0.985734 0.216081 0)
(1.34098 -2.46134e-08 0)
(1.29734 1.8631e-07 0)
(1.23726 -8.60815e-09 0)
(1.21624 -1.57195e-06 0)
(1.209 2.82998e-06 0)
(1.20354 -2.94658e-06 0)
(1.19823 -1.02452e-06 0)
(1.19418 -0.000163762 0)
(0.904889 0.00551406 0)
(0.452784 0.0140322 0)
(1.34098 -7.56505e-08 0)
(1.29734 6.29775e-07 0)
(1.23726 -2.59407e-07 0)
(1.21624 -4.69558e-06 0)
(1.209 8.11124e-06 0)
(1.20352 -5.90669e-06 0)
(1.1983 -2.89041e-05 0)
(1.194 -0.000277982 0)
(0.910192 0.015806 0)
(0.476835 0.0401085 0)
(1.34098 -1.25891e-07 0)
(1.29734 1.08037e-06 0)
(1.23726 -5.48735e-07 0)
(1.21624 -7.78248e-06 0)
(1.20901 1.30236e-05 0)
(1.20349 -1.42765e-05 0)
(1.19847 -7.10278e-06 0)
(1.19373 -0.000424313 0)
(0.916679 0.0240399 0)
(0.509563 0.0605273 0)
(1.34098 -1.74958e-07 0)
(1.29734 1.52702e-06 0)
(1.23726 -8.51941e-07 0)
(1.21624 -1.08073e-05 0)
(1.20902 1.72962e-05 0)
(1.20343 -1.32951e-05 0)
(1.19869 -2.33628e-05 0)
(1.19334 -0.000552069 0)
(0.92164 0.0320992 0)
(0.540636 0.0799843 0)
(1.34098 -2.22645e-07 0)
(1.29734 1.97171e-06 0)
(1.23726 -1.19299e-06 0)
(1.21624 -1.38814e-05 0)
(1.20903 2.37205e-05 0)
(1.20336 -2.8044e-05 0)
(1.19892 1.45363e-06 0)
(1.19282 -0.000639159 0)
(0.927755 0.0390493 0)
(0.571048 0.0939466 0)
(1.34098 -2.68553e-07 0)
(1.29734 2.41622e-06 0)
(1.23726 -1.60561e-06 0)
(1.21623 -1.6695e-05 0)
(1.20905 2.70013e-05 0)
(1.20331 -2.57739e-05 0)
(1.19912 2.33999e-06 0)
(1.19219 -0.000738208 0)
(0.934686 0.0452755 0)
(0.599142 0.106593 0)
(1.34098 -3.12291e-07 0)
(1.29734 2.85929e-06 0)
(1.23725 -2.0939e-06 0)
(1.21623 -1.96984e-05 0)
(1.20906 3.31156e-05 0)
(1.20326 -3.71331e-05 0)
(1.19926 1.92325e-05 0)
(1.19152 -0.000728741 0)
(0.942682 0.0505196 0)
(0.626352 0.115869 0)
(1.34098 -3.5349e-07 0)
(1.29734 3.3003e-06 0)
(1.23725 -2.66987e-06 0)
(1.21623 -2.25855e-05 0)
(1.20906 3.76265e-05 0)
(1.20323 -4.10987e-05 0)
(1.19935 4.39448e-05 0)
(1.19094 -0.000827946 0)
(0.951541 0.0547845 0)
(0.652115 0.123864 0)
(1.34098 -3.91792e-07 0)
(1.29734 3.73647e-06 0)
(1.23725 -3.332e-06 0)
(1.21623 -2.55362e-05 0)
(1.20907 4.37927e-05 0)
(1.2032 -4.96577e-05 0)
(1.19939 6.02691e-05 0)
(1.19053 -0.000714459 0)
(0.960989 0.0581552 0)
(0.67659 0.129764 0)
(1.34098 -4.26867e-07 0)
(1.29734 4.16462e-06 0)
(1.23725 -4.08158e-06 0)
(1.21623 -2.85011e-05 0)
(1.20908 4.97415e-05 0)
(1.20319 -5.90058e-05 0)
(1.1994 9.57712e-05 0)
(1.19031 -0.000817559 0)
(0.970789 0.0606622 0)
(0.699373 0.134538 0)
(1.34098 -4.58412e-07 0)
(1.29734 4.58023e-06 0)
(1.23724 -4.91085e-06 0)
(1.21624 -3.14648e-05 0)
(1.20908 5.59872e-05 0)
(1.20319 -6.91826e-05 0)
(1.19939 0.000118921 0)
(1.19022 -0.000687966 0)
(0.980694 0.0627003 0)
(0.720313 0.138027 0)
(1.34098 -4.86163e-07 0)
(1.29735 4.97849e-06 0)
(1.23724 -5.81177e-06 0)
(1.21624 -3.45417e-05 0)
(1.20908 6.28511e-05 0)
(1.20318 -7.91721e-05 0)
(1.19937 0.000146793 0)
(1.19018 -0.000622861 0)
(0.990946 0.0646374 0)
(0.738851 0.14079 0)
(1.34098 -5.0989e-07 0)
(1.29735 5.35432e-06 0)
(1.23723 -6.77337e-06 0)
(1.21624 -3.76759e-05 0)
(1.20909 7.01131e-05 0)
(1.20318 -8.91537e-05 0)
(1.19936 0.000167546 0)
(1.19009 -0.000582597 0)
(1.00187 0.0663789 0)
(0.754624 0.143184 0)
(1.34098 -5.29386e-07 0)
(1.29735 5.70223e-06 0)
(1.23723 -7.78085e-06 0)
(1.21624 -4.08761e-05 0)
(1.20909 7.78817e-05 0)
(1.20318 -9.97087e-05 0)
(1.19935 0.000187775 0)
(1.19002 -0.00053694 0)
(1.01343 0.0675913 0)
(0.768047 0.144841 0)
(1.34098 -5.44425e-07 0)
(1.29735 6.01563e-06 0)
(1.23722 -8.81374e-06 0)
(1.21624 -4.41523e-05 0)
(1.20909 8.61936e-05 0)
(1.20317 -0.000109715 0)
(1.19935 0.000205558 0)
(1.18997 -0.000500345 0)
(1.0256 0.0683204 0)
(0.779616 0.145864 0)
(1.34098 -5.54781e-07 0)
(1.29735 6.28602e-06 0)
(1.23722 -9.8434e-06 0)
(1.21625 -4.75118e-05 0)
(1.20909 9.50534e-05 0)
(1.20317 -0.000120187 0)
(1.19935 0.000221003 0)
(1.18993 -0.000467742 0)
(1.03814 0.0684142 0)
(0.790312 0.14639 0)
(1.34098 -5.59812e-07 0)
(1.29735 6.50303e-06 0)
(1.23721 -1.08353e-05 0)
(1.21625 -5.10009e-05 0)
(1.20909 0.000104696 0)
(1.20317 -0.000130837 0)
(1.19935 0.000234481 0)
(1.18988 -0.000438998 0)
(1.05056 0.0678832 0)
(0.801021 0.146605 0)
(1.34098 -5.58872e-07 0)
(1.29735 6.65746e-06 0)
(1.2372 -1.1747e-05 0)
(1.21626 -5.46474e-05 0)
(1.20909 0.00011501 0)
(1.20317 -0.000141762 0)
(1.19935 0.000244914 0)
(1.18982 -0.000413184 0)
(1.06272 0.0668741 0)
(0.812002 0.146792 0)
(1.34098 -5.52147e-07 0)
(1.29735 6.73387e-06 0)
(1.23719 -1.25257e-05 0)
(1.21626 -5.852e-05 0)
(1.20909 0.000126138 0)
(1.20318 -0.000153097 0)
(1.19936 0.000253846 0)
(1.18978 -0.0003903 0)
(1.07461 0.0654144 0)
(0.823168 0.146698 0)
(1.34098 -5.39955e-07 0)
(1.29736 6.70678e-06 0)
(1.23719 -1.31076e-05 0)
(1.21627 -6.27378e-05 0)
(1.20909 0.000138986 0)
(1.20318 -0.000165928 0)
(1.19936 0.000260008 0)
(1.18973 -0.000369901 0)
(1.08619 0.0635241 0)
(0.834435 0.146362 0)
(1.34098 5.39955e-07 0)
(1.29736 -6.70691e-06 0)
(1.23719 1.31086e-05 0)
(1.21627 6.27265e-05 0)
(1.20909 -0.000138969 0)
(1.20318 0.00016588 0)
(1.19936 -0.000259951 0)
(1.18973 0.000370037 0)
(1.08619 -0.063524 0)
(0.834435 -0.146362 0)
(1.34098 5.52148e-07 0)
(1.29735 -6.73412e-06 0)
(1.23719 1.2527e-05 0)
(1.21626 5.85116e-05 0)
(1.20909 -0.000126121 0)
(1.20318 0.000153106 0)
(1.19936 -0.000253778 0)
(1.18978 0.000390304 0)
(1.07461 -0.0654144 0)
(0.823168 -0.146698 0)
(1.34098 5.58874e-07 0)
(1.29735 -6.65758e-06 0)
(1.2372 1.17474e-05 0)
(1.21626 5.46552e-05 0)
(1.20909 -0.00011503 0)
(1.20317 0.000141863 0)
(1.19935 -0.000244935 0)
(1.18982 0.000412901 0)
(1.06272 -0.0668744 0)
(0.812002 -0.146792 0)
(1.34098 5.59813e-07 0)
(1.29735 -6.50287e-06 0)
(1.23721 1.08338e-05 0)
(1.21625 5.10341e-05 0)
(1.20909 -0.000104789 0)
(1.20317 0.000131047 0)
(1.19935 -0.00023457 0)
(1.18988 0.000438446 0)
(1.05056 -0.0678838 0)
(0.801021 -0.146605 0)
(1.34098 5.54778e-07 0)
(1.29735 -6.28554e-06 0)
(1.23722 9.84017e-06 0)
(1.21625 4.75636e-05 0)
(1.20909 -9.52154e-05 0)
(1.20317 0.00012045 0)
(1.19935 -0.000221298 0)
(1.18993 0.00046703 0)
(1.03814 -0.0684149 0)
(0.790312 -0.146391 0)
(1.34098 5.4442e-07 0)
(1.29735 -6.01501e-06 0)
(1.23722 8.81024e-06 0)
(1.21624 4.42006e-05 0)
(1.20909 -8.63681e-05 0)
(1.20317 0.000110012 0)
(1.19935 -0.000205951 0)
(1.18997 0.000499723 0)
(1.0256 -0.0683209 0)
(0.779616 -0.145864 0)
(1.34098 5.2938e-07 0)
(1.29735 -5.70176e-06 0)
(1.23723 7.77891e-06 0)
(1.21624 4.08996e-05 0)
(1.20909 -7.79995e-05 0)
(1.20318 9.99178e-05 0)
(1.19935 -0.000188203 0)
(1.19002 0.000536606 0)
(1.01343 -0.0675913 0)
(0.768047 -0.144841 0)
(1.34098 5.09888e-07 0)
(1.29735 -5.35423e-06 0)
(1.23723 6.77386e-06 0)
(1.21624 3.76703e-05 0)
(1.20909 -7.01252e-05 0)
(1.20318 8.92865e-05 0)
(1.19936 -0.000167906 0)
(1.19009 0.000582515 0)
(1.00187 -0.0663786 0)
(0.754624 -0.143184 0)
(1.34098 4.86165e-07 0)
(1.29735 -4.97874e-06 0)
(1.23724 5.81397e-06 0)
(1.21624 3.45245e-05 0)
(1.20908 -6.27792e-05 0)
(1.20318 7.91787e-05 0)
(1.19937 -0.000147071 0)
(1.19018 0.00062297 0)
(0.990947 -0.064637 0)
(0.738851 -0.140789 0)
(1.34098 4.58417e-07 0)
(1.29734 -4.58059e-06 0)
(1.23724 4.9131e-06 0)
(1.21624 3.14596e-05 0)
(1.20908 -5.59231e-05 0)
(1.20319 6.91163e-05 0)
(1.19939 -0.000119037 0)
(1.19022 0.000688108 0)
(0.980694 -0.0627 0)
(0.720313 -0.138026 0)
(1.34098 4.26871e-07 0)
(1.29734 -4.16487e-06 0)
(1.23725 4.08259e-06 0)
(1.21623 2.85141e-05 0)
(1.20908 -4.97899e-05 0)
(1.20319 5.91173e-05 0)
(1.1994 -9.60131e-05 0)
(1.19031 0.000817908 0)
(0.970789 -0.0606622 0)
(0.699373 -0.134538 0)
(1.34098 3.91795e-07 0)
(1.29734 -3.73662e-06 0)
(1.23725 3.3323e-06 0)
(1.21623 2.55538e-05 0)
(1.20907 -4.39034e-05 0)
(1.2032 4.95775e-05 0)
(1.19939 -5.9927e-05 0)
(1.19053 0.000714588 0)
(0.960989 -0.0581549 0)
(0.67659 -0.129764 0)
(1.34098 3.53491e-07 0)
(1.29734 -3.30043e-06 0)
(1.23725 2.67068e-06 0)
(1.21623 2.25914e-05 0)
(1.20907 -3.77083e-05 0)
(1.20323 4.15037e-05 0)
(1.19935 -4.41979e-05 0)
(1.19094 0.000827269 0)
(0.951541 -0.0547848 0)
(0.652115 -0.123864 0)
(1.34098 3.12292e-07 0)
(1.29734 -2.85946e-06 0)
(1.23725 2.09551e-06 0)
(1.21623 1.96635e-05 0)
(1.20906 -3.29106e-05 0)
(1.20326 3.62439e-05 0)
(1.19926 -1.69573e-05 0)
(1.19152 0.000730935 0)
(0.942683 -0.0505188 0)
(0.626352 -0.115869 0)
(1.34098 2.68554e-07 0)
(1.29734 -2.4164e-06 0)
(1.23726 1.60656e-06 0)
(1.21623 1.66805e-05 0)
(1.20905 -2.70786e-05 0)
(1.20331 2.62374e-05 0)
(1.19912 -1.98964e-06 0)
(1.19219 0.000737253 0)
(0.934686 -0.0452756 0)
(0.599142 -0.106593 0)
(1.34098 2.22646e-07 0)
(1.29734 -1.97187e-06 0)
(1.23726 1.19331e-06 0)
(1.21624 1.38291e-05 0)
(1.20903 -2.31375e-05 0)
(1.20336 2.59049e-05 0)
(1.19892 1.35624e-06 0)
(1.19282 0.000640892 0)
(0.927756 -0.0390487 0)
(0.571048 -0.0939466 0)
(1.34098 1.74958e-07 0)
(1.29734 -1.52696e-06 0)
(1.23726 8.50653e-07 0)
(1.21624 1.08222e-05 0)
(1.20902 -1.75102e-05 0)
(1.20343 1.3835e-05 0)
(1.19869 2.53969e-05 0)
(1.19334 0.000551537 0)
(0.92164 -0.032099 0)
(0.540637 -0.0799839 0)
(1.34098 1.2589e-07 0)
(1.29734 -1.08024e-06 0)
(1.23726 5.4698e-07 0)
(1.21624 7.80916e-06 0)
(1.20901 -1.33409e-05 0)
(1.20349 1.51955e-05 0)
(1.19847 2.81329e-06 0)
(1.19372 0.000421972 0)
(0.916679 -0.0240398 0)
(0.509563 -0.060527 0)
(1.34098 7.56498e-08 0)
(1.29734 -6.29788e-07 0)
(1.23726 2.59493e-07 0)
(1.21624 4.66666e-06 0)
(1.209 -7.96196e-06 0)
(1.20353 5.67704e-06 0)
(1.19829 3.15711e-05 0)
(1.194 0.00027732 0)
(0.910192 -0.015806 0)
(0.476835 -0.0401082 0)
(1.34098 2.46134e-08 0)
(1.29734 -1.86423e-07 0)
(1.23726 1.00774e-08 0)
(1.21624 1.50748e-06 0)
(1.209 -2.46111e-06 0)
(1.20354 2.37281e-06 0)
(1.19823 -8.74344e-07 0)
(1.19418 0.000163956 0)
(0.904889 -0.00551442 0)
(0.452784 -0.014032 0)
(0.835404 -0.176465 0)
(0.843896 -0.18083 0)
(0.848695 -0.186842 0)
(0.857778 -0.191942 0)
(0.8673 -0.198296 0)
(0.881432 -0.203245 0)
(0.898331 -0.209085 0)
(0.9217 -0.21328 0)
(0.949983 -0.215946 0)
(0.985734 -0.21608 0)
(0.824136 -0.18043 0)
(0.833077 -0.184791 0)
(0.83804 -0.190821 0)
(0.847459 -0.195946 0)
(0.857423 -0.202589 0)
(0.872447 -0.207805 0)
(0.890447 -0.214187 0)
(0.915247 -0.218582 0)
(0.944963 -0.221068 0)
(0.983078 -0.220633 0)
(0.812555 -0.184275 0)
(0.822013 -0.188545 0)
(0.827399 -0.194743 0)
(0.837469 -0.200199 0)
(0.848093 -0.207416 0)
(0.86396 -0.212839 0)
(0.882629 -0.219516 0)
(0.908388 -0.223844 0)
(0.939411 -0.226235 0)
(0.980397 -0.225629 0)
(0.800675 -0.187914 0)
(0.810634 -0.192173 0)
(0.816478 -0.198632 0)
(0.82714 -0.204323 0)
(0.838226 -0.211964 0)
(0.854878 -0.217554 0)
(0.874321 -0.224783 0)
(0.901421 -0.22946 0)
(0.934266 -0.232083 0)
(0.977899 -0.230901 0)
(0.788736 -0.191431 0)
(0.798712 -0.195609 0)
(0.804848 -0.202339 0)
(0.815961 -0.208162 0)
(0.827327 -0.216221 0)
(0.844641 -0.22193 0)
(0.864757 -0.22966 0)
(0.893098 -0.234498 0)
(0.927854 -0.237357 0)
(0.975055 -0.23611 0)
(0.776482 -0.195239 0)
(0.785466 -0.198846 0)
(0.791608 -0.205557 0)
(0.803118 -0.211229 0)
(0.814701 -0.219739 0)
(0.832858 -0.225845 0)
(0.85395 -0.234486 0)
(0.884146 -0.240003 0)
(0.921609 -0.243615 0)
(0.972545 -0.24188 0)
(0.763682 -0.197007 0)
(0.770964 -0.200969 0)
(0.776649 -0.207967 0)
(0.788563 -0.213725 0)
(0.800421 -0.223086 0)
(0.819568 -0.229712 0)
(0.841789 -0.23932 0)
(0.873798 -0.245296 0)
(0.913888 -0.249553 0)
(0.969536 -0.247696 0)
(0.749946 -0.197742 0)
(0.756012 -0.202866 0)
(0.760668 -0.210612 0)
(0.772715 -0.21658 0)
(0.784735 -0.226684 0)
(0.804878 -0.233766 0)
(0.828359 -0.244348 0)
(0.862596 -0.25116 0)
(0.906048 -0.256546 0)
(0.966692 -0.254264 0)
(0.733745 -0.197433 0)
(0.739748 -0.203601 0)
(0.743082 -0.212462 0)
(0.755153 -0.21893 0)
(0.76737 -0.229882 0)
(0.788731 -0.237762 0)
(0.813743 -0.249694 0)
(0.85033 -0.257425 0)
(0.897186 -0.263949 0)
(0.963803 -0.261481 0)
(0.713925 -0.193119 0)
(0.721084 -0.201073 0)
(0.723705 -0.211763 0)
(0.736302 -0.220167 0)
(0.748959 -0.232941 0)
(0.771739 -0.242224 0)
(0.798388 -0.255679 0)
(0.837371 -0.264503 0)
(0.88806 -0.272604 0)
(0.961027 -0.26972 0)
(0.690385 -0.184847 0)
(0.699743 -0.195716 0)
(0.702497 -0.209622 0)
(0.716408 -0.220918 0)
(0.729698 -0.23595 0)
(0.753861 -0.246944 0)
(0.782143 -0.262088 0)
(0.823418 -0.272168 0)
(0.878085 -0.282113 0)
(0.958118 -0.278947 0)
(0.663137 -0.176782 0)
(0.675606 -0.189691 0)
(0.679174 -0.206522 0)
(0.694973 -0.220566 0)
(0.709128 -0.238142 0)
(0.734774 -0.251442 0)
(0.764783 -0.268598 0)
(0.808347 -0.280359 0)
(0.867242 -0.29266 0)
(0.954972 -0.289169 0)
(0.633022 -0.170435 0)
(0.648809 -0.184779 0)
(0.653626 -0.204405 0)
(0.671828 -0.220948 0)
(0.687356 -0.241027 0)
(0.714594 -0.256616 0)
(0.746417 -0.275693 0)
(0.792115 -0.289263 0)
(0.855122 -0.304157 0)
(0.951326 -0.300767 0)
(0.600688 -0.164735 0)
(0.619837 -0.179974 0)
(0.626011 -0.201911 0)
(0.646659 -0.220374 0)
(0.663798 -0.242676 0)
(0.692548 -0.260912 0)
(0.726191 -0.2822 0)
(0.773895 -0.298172 0)
(0.841179 -0.316478 0)
(0.945838 -0.313399 0)
(0.565765 -0.161716 0)
(0.588559 -0.178088 0)
(0.596369 -0.20269 0)
(0.619521 -0.223038 0)
(0.638703 -0.246976 0)
(0.668767 -0.266878 0)
(0.703978 -0.289502 0)
(0.753185 -0.307663 0)
(0.824121 -0.329386 0)
(0.937257 -0.326964 0)
(0.527803 -0.157676 0)
(0.554333 -0.174161 0)
(0.563381 -0.199908 0)
(0.588166 -0.221227 0)
(0.609237 -0.246542 0)
(0.640378 -0.268856 0)
(0.677246 -0.293382 0)
(0.727915 -0.314797 0)
(0.801801 -0.340955 0)
(0.922327 -0.341269 0)
(0.484911 -0.157309 0)
(0.515361 -0.174233 0)
(0.525553 -0.201057 0)
(0.552014 -0.223119 0)
(0.576821 -0.248806 0)
(0.610481 -0.272541 0)
(0.649962 -0.298641 0)
(0.702149 -0.322948 0)
(0.777233 -0.35226 0)
(0.901272 -0.357735 0)
(0.43712 -0.147743 0)
(0.473692 -0.1602 0)
(0.48952 -0.18959 0)
(0.519919 -0.218878 0)
(0.5497 -0.250532 0)
(0.586629 -0.278441 0)
(0.629133 -0.306674 0)
(0.683467 -0.333962 0)
(0.759723 -0.36758 0)
(0.889645 -0.382152 0)
(0.388441 -0.1519 0)
(0.437204 -0.171807 0)
(0.463519 -0.210113 0)
(0.50186 -0.242165 0)
(0.537807 -0.272678 0)
(0.576525 -0.298845 0)
(0.618785 -0.324886 0)
(0.671193 -0.351319 0)
(0.743386 -0.385339 0)
(0.867997 -0.410809 0)
(0.36296 -0.1253 0)
(0.428117 -0.157526 0)
(0.464762 -0.20695 0)
(0.505634 -0.243039 0)
(0.542284 -0.273828 0)
(0.579756 -0.299738 0)
(0.620378 -0.325253 0)
(0.670977 -0.351018 0)
(0.740536 -0.38514 0)
(0.868294 -0.418963 0)
(1.07574 -0.197122 0)
(1.20437 -0.140242 0)
(1.31285 -0.0507117 0)
(1.4159 0.0426511 0)
(1.48942 0.168735 0)
(1.43107 0.335382 0)
(1.27759 0.280293 0)
(1.09949 0.185731 0)
(1.10182 0.133419 0)
(1.09963 0.0738849 0)
(1.07917 -0.198978 0)
(1.21548 -0.136287 0)
(1.32526 -0.0423281 0)
(1.42787 0.0601836 0)
(1.50256 0.177115 0)
(1.44126 0.326418 0)
(1.26619 0.272513 0)
(1.09545 0.185327 0)
(1.09751 0.136722 0)
(1.09611 0.0779154 0)
(1.08258 -0.201122 0)
(1.22622 -0.132285 0)
(1.34117 -0.031031 0)
(1.43934 0.077656 0)
(1.51385 0.185992 0)
(1.4529 0.316026 0)
(1.25129 0.262359 0)
(1.09204 0.183561 0)
(1.09344 0.139448 0)
(1.0928 0.0815611 0)
(1.08621 -0.203039 0)
(1.23718 -0.127524 0)
(1.35436 -0.0225879 0)
(1.45441 0.0987806 0)
(1.52617 0.199866 0)
(1.46668 0.304484 0)
(1.23426 0.25041 0)
(1.08787 0.181227 0)
(1.08856 0.141319 0)
(1.08959 0.0847632 0)
(1.09031 -0.205298 0)
(1.24902 -0.121451 0)
(1.36974 -0.0106291 0)
(1.46591 0.116317 0)
(1.53335 0.210721 0)
(1.47927 0.294193 0)
(1.2184 0.236777 0)
(1.08232 0.178942 0)
(1.08427 0.142647 0)
(1.0864 0.0877093 0)
(1.09509 -0.206956 0)
(1.26055 -0.115502 0)
(1.38391 0.000319907 0)
(1.48185 0.139017 0)
(1.54021 0.224466 0)
(1.48939 0.284548 0)
(1.20351 0.222826 0)
(1.07701 0.175659 0)
(1.07892 0.144024 0)
(1.08314 0.0908735 0)
(1.1008 -0.209184 0)
(1.27493 -0.106763 0)
(1.3991 0.0134958 0)
(1.49392 0.15593 0)
(1.54399 0.234153 0)
(1.49505 0.275715 0)
(1.19342 0.206657 0)
(1.07189 0.172064 0)
(1.07351 0.144695 0)
(1.07882 0.0952825 0)
(1.10785 -0.210598 0)
(1.28861 -0.0988054 0)
(1.4147 0.0281766 0)
(1.51012 0.17984 0)
(1.55031 0.247504 0)
(1.49855 0.267378 0)
(1.18567 0.189566 0)
(1.06695 0.168217 0)
(1.06824 0.14501 0)
(1.07487 0.100472 0)
(1.11628 -0.212557 0)
(1.30588 -0.0873395 0)
(1.43018 0.0440477 0)
(1.52226 0.19349 0)
(1.55263 0.253652 0)
(1.49896 0.258033 0)
(1.17983 0.170874 0)
(1.06136 0.164261 0)
(1.06245 0.144524 0)
(1.07171 0.10517 0)
(1.12675 -0.213599 0)
(1.32302 -0.0758234 0)
(1.44631 0.0629039 0)
(1.54009 0.216697 0)
(1.55823 0.262535 0)
(1.49831 0.249498 0)
(1.17279 0.152902 0)
(1.05543 0.15902 0)
(1.05664 0.142075 0)
(1.06817 0.106784 0)
(1.13909 -0.214577 0)
(1.34258 -0.0610841 0)
(1.46098 0.0793064 0)
(1.55371 0.225367 0)
(1.55911 0.265497 0)
(1.49222 0.238127 0)
(1.16461 0.137152 0)
(1.04968 0.153669 0)
(1.05201 0.13796 0)
(1.06453 0.105869 0)
(1.15374 -0.214728 0)
(1.36298 -0.044949 0)
(1.47912 0.103087 0)
(1.56866 0.242232 0)
(1.56072 0.269242 0)
(1.48443 0.226176 0)
(1.15623 0.12426 0)
(1.04552 0.147326 0)
(1.04797 0.133642 0)
(1.06142 0.104219 0)
(1.17077 -0.213841 0)
(1.384 -0.0267341 0)
(1.49338 0.117834 0)
(1.57688 0.245968 0)
(1.56331 0.270734 0)
(1.47632 0.215837 0)
(1.14922 0.114027 0)
(1.04296 0.139275 0)
(1.04396 0.129065 0)
(1.0598 0.101704 0)
(1.18969 -0.211851 0)
(1.40632 -0.00406721 0)
(1.51408 0.142839 0)
(1.57812 0.253449 0)
(1.56757 0.270757 0)
(1.46713 0.202215 0)
(1.14318 0.105944 0)
(1.04151 0.128779 0)
(1.03991 0.123203 0)
(1.05675 0.100355 0)
(1.2111 -0.207454 0)
(1.42585 0.0144367 0)
(1.52716 0.158404 0)
(1.57967 0.252138 0)
(1.56949 0.266802 0)
(1.4581 0.193282 0)
(1.13686 0.100399 0)
(1.03925 0.117351 0)
(1.03539 0.11658 0)
(1.05382 0.0970109 0)
(1.23607 -0.198321 0)
(1.44725 0.0406619 0)
(1.53985 0.179021 0)
(1.58316 0.256428 0)
(1.56663 0.262286 0)
(1.44381 0.178935 0)
(1.12797 0.0969105 0)
(1.03671 0.105981 0)
(1.03061 0.109383 0)
(1.05042 0.0926003 0)
(1.26331 -0.18926 0)
(1.46493 0.0547793 0)
(1.55207 0.195222 0)
(1.58767 0.25689 0)
(1.56653 0.252471 0)
(1.43427 0.170965 0)
(1.11815 0.0962435 0)
(1.0327 0.0966942 0)
(1.0256 0.101121 0)
(1.04682 0.0861388 0)
(1.30229 -0.155239 0)
(1.48086 0.0814792 0)
(1.5583 0.207319 0)
(1.58997 0.261771 0)
(1.55951 0.240064 0)
(1.42899 0.162152 0)
(1.10986 0.09933 0)
(1.02849 0.087402 0)
(1.02165 0.0887585 0)
(1.04322 0.076059 0)
(1.29768 -0.130577 0)
(1.46295 0.0814995 0)
(1.53975 0.213699 0)
(1.5807 0.257281 0)
(1.5591 0.222101 0)
(1.43266 0.153525 0)
(1.10736 0.106172 0)
(1.02274 0.081599 0)
(1.01812 0.0743669 0)
(1.03975 0.0605213 0)
(1.18148 -0.00803485 0)
(1.33418 0.0925025 0)
(1.46171 0.198884 0)
(1.54993 0.24673 0)
(1.5466 0.19994 0)
(1.43479 0.143141 0)
(1.1028 0.112208 0)
(1.01816 0.0772469 0)
(1.01536 0.062217 0)
(1.03601 0.0418852 0)
(0.89641 -0.00498416 0)
(0.955078 -0.00117069 0)
(1.01976 0.000242662 0)
(1.08904 0.0017738 0)
(1.16155 0.00372749 0)
(1.23551 0.00589916 0)
(1.30711 0.00875229 0)
(1.34391 0.00913834 0)
(1.27352 0.00743007 0)
(1.1901 0.00320505 0)
(0.896111 -0.00602109 0)
(0.954547 -0.0020892 0)
(1.01982 0.00143489 0)
(1.0891 0.00641882 0)
(1.16097 0.0123824 0)
(1.23405 0.0187574 0)
(1.30199 0.02613 0)
(1.34802 0.0238158 0)
(1.27694 0.0182401 0)
(1.19165 0.00639572 0)
(0.899574 -0.0098929 0)
(0.956531 -0.00378805 0)
(1.02237 0.00274516 0)
(1.09166 0.0110905 0)
(1.16404 0.0208576 0)
(1.23701 0.0318277 0)
(1.30506 0.0445034 0)
(1.34267 0.0399579 0)
(1.27097 0.0259226 0)
(1.19007 0.0102496 0)
(0.904694 -0.0121307 0)
(0.9603 -0.00367732 0)
(1.02575 0.00499976 0)
(1.09558 0.0158879 0)
(1.16856 0.0292404 0)
(1.2409 0.045197 0)
(1.30642 0.063329 0)
(1.33992 0.0573481 0)
(1.27015 0.0350407 0)
(1.18916 0.0107497 0)
(0.913557 -0.019369 0)
(0.96383 -0.00400356 0)
(1.03006 0.0077471 0)
(1.10103 0.0205063 0)
(1.1738 0.0378955 0)
(1.24422 0.0591944 0)
(1.30799 0.0824667 0)
(1.33388 0.0739712 0)
(1.27301 0.0392469 0)
(1.18822 0.00844936 0)
(0.926744 -0.0320796 0)
(0.966674 -0.00301579 0)
(1.03533 0.0108351 0)
(1.10733 0.0254478 0)
(1.17885 0.0472243 0)
(1.24837 0.0736746 0)
(1.31032 0.101396 0)
(1.32577 0.0889847 0)
(1.26844 0.0471411 0)
(1.18522 0.00593076 0)
(0.945853 -0.0534295 0)
(0.972872 -0.00605399 0)
(1.04232 0.0126732 0)
(1.11497 0.030941 0)
(1.1859 0.0573399 0)
(1.25557 0.0887424 0)
(1.31444 0.120238 0)
(1.31565 0.103506 0)
(1.26468 0.0519285 0)
(1.18191 0.00309955 0)
(0.96828 -0.0828709 0)
(0.983088 -0.0145904 0)
(1.04846 0.0151205 0)
(1.12152 0.0380426 0)
(1.1934 0.0682983 0)
(1.26307 0.104337 0)
(1.31827 0.13884 0)
(1.30222 0.116651 0)
(1.25619 0.0597595 0)
(1.17689 0.00196687 0)
(0.990761 -0.114528 0)
(0.99777 -0.0309552 0)
(1.05533 0.0166014 0)
(1.12855 0.0453724 0)
(1.20267 0.0797789 0)
(1.27307 0.121509 0)
(1.32233 0.157318 0)
(1.28903 0.129295 0)
(1.24607 0.0666813 0)
(1.17033 0.00396089 0)
(1.00829 -0.140893 0)
(1.01997 -0.0570286 0)
(1.06641 0.0126646 0)
(1.13718 0.0518264 0)
(1.21275 0.0917696 0)
(1.28214 0.139828 0)
(1.32641 0.175802 0)
(1.27863 0.141709 0)
(1.23372 0.0740411 0)
(1.1642 0.00763636 0)
(1.02014 -0.1584 0)
(1.04724 -0.0890386 0)
(1.07924 0.00440769 0)
(1.14851 0.0579953 0)
(1.22466 0.105176 0)
(1.29307 0.160892 0)
(1.32405 0.193058 0)
(1.26872 0.154193 0)
(1.21924 0.0814946 0)
(1.15794 0.0128954 0)
(1.02612 -0.168343 0)
(1.07262 -0.119952 0)
(1.10128 -0.0147185 0)
(1.16417 0.062593 0)
(1.23601 0.120906 0)
(1.30427 0.183915 0)
(1.319 0.209441 0)
(1.26263 0.165217 0)
(1.20541 0.0878097 0)
(1.15227 0.0187189 0)
(1.02975 -0.173923 0)
(1.09106 -0.142053 0)
(1.13209 -0.0425951 0)
(1.18611 0.0613741 0)
(1.24889 0.136284 0)
(1.32018 0.209298 0)
(1.31156 0.22561 0)
(1.25422 0.174696 0)
(1.19218 0.0934742 0)
(1.14621 0.0256187 0)
(1.03195 -0.177127 0)
(1.10417 -0.155204 0)
(1.16594 -0.0731352 0)
(1.20685 0.0556474 0)
(1.26972 0.155032 0)
(1.33725 0.234782 0)
(1.30175 0.239655 0)
(1.23945 0.182856 0)
(1.17941 0.0988362 0)
(1.14016 0.0327969 0)
(1.03327 -0.180166 0)
(1.11537 -0.160535 0)
(1.19386 -0.0966644 0)
(1.22954 0.0415295 0)
(1.29702 0.170072 0)
(1.35453 0.26259 0)
(1.29926 0.258145 0)
(1.22281 0.186696 0)
(1.16736 0.104455 0)
(1.13358 0.0407536 0)
(1.03683 -0.183108 0)
(1.12543 -0.160278 0)
(1.21642 -0.109499 0)
(1.25949 0.0215941 0)
(1.33376 0.176572 0)
(1.3646 0.290853 0)
(1.30152 0.275541 0)
(1.20301 0.188315 0)
(1.15524 0.110886 0)
(1.12758 0.0483313 0)
(1.04316 -0.185722 0)
(1.13678 -0.157581 0)
(1.23567 -0.108395 0)
(1.29348 0.00378619 0)
(1.37478 0.175506 0)
(1.36711 0.308982 0)
(1.30939 0.291259 0)
(1.17918 0.18778 0)
(1.14146 0.116246 0)
(1.12054 0.0551324 0)
(1.05103 -0.188572 0)
(1.15148 -0.153564 0)
(1.2543 -0.0980623 0)
(1.32836 -0.00816111 0)
(1.41328 0.169748 0)
(1.37713 0.329895 0)
(1.31 0.299701 0)
(1.15317 0.18578 0)
(1.12853 0.120089 0)
(1.11385 0.060588 0)
(1.06029 -0.191521 0)
(1.16755 -0.149981 0)
(1.27515 -0.0814605 0)
(1.36331 -0.00215834 0)
(1.44302 0.161693 0)
(1.39803 0.343317 0)
(1.29965 0.298446 0)
(1.1282 0.185078 0)
(1.11779 0.123852 0)
(1.10832 0.0649266 0)
(1.06943 -0.194972 0)
(1.18874 -0.144521 0)
(1.29405 -0.065761 0)
(1.39685 0.021377 0)
(1.46872 0.163346 0)
(1.41618 0.345548 0)
(1.2889 0.289745 0)
(1.10989 0.184682 0)
(1.10887 0.128496 0)
(1.10343 0.0691358 0)
(1.06943 0.194974 0)
(1.18874 0.144524 0)
(1.29405 0.0657616 0)
(1.39685 -0.021391 0)
(1.46872 -0.163322 0)
(1.41618 -0.345539 0)
(1.2889 -0.289703 0)
(1.10988 -0.184654 0)
(1.10886 -0.12849 0)
(1.10343 -0.0691434 0)
(1.06029 0.191521 0)
(1.16755 0.149982 0)
(1.27515 0.0814625 0)
(1.36331 0.00216061 0)
(1.44302 -0.161685 0)
(1.39803 -0.343325 0)
(1.29966 -0.298468 0)
(1.12819 -0.185103 0)
(1.11779 -0.123876 0)
(1.10832 -0.0649355 0)
(1.05103 0.188571 0)
(1.15148 0.153564 0)
(1.2543 0.0980627 0)
(1.32836 0.00816493 0)
(1.41328 -0.169753 0)
(1.37713 -0.329902 0)
(1.31001 -0.29971 0)
(1.15317 -0.185797 0)
(1.12854 -0.120098 0)
(1.11385 -0.0605898 0)
(1.04316 0.185721 0)
(1.13678 0.157581 0)
(1.23567 0.108395 0)
(1.29348 -0.00378765 0)
(1.37478 -0.175512 0)
(1.36711 -0.308983 0)
(1.30939 -0.291258 0)
(1.17918 -0.187773 0)
(1.14146 -0.116242 0)
(1.12054 -0.0551312 0)
(1.03683 0.183108 0)
(1.12543 0.160278 0)
(1.21642 0.109499 0)
(1.25949 -0.0215957 0)
(1.33376 -0.176572 0)
(1.3646 -0.290852 0)
(1.30152 -0.275538 0)
(1.203 -0.188307 0)
(1.15524 -0.110879 0)
(1.12758 -0.0483301 0)
(1.03327 0.180166 0)
(1.11537 0.160535 0)
(1.19386 0.0966646 0)
(1.22954 -0.0415295 0)
(1.29702 -0.170071 0)
(1.35453 -0.262589 0)
(1.29926 -0.258144 0)
(1.22281 -0.186694 0)
(1.16736 -0.104453 0)
(1.13358 -0.0407535 0)
(1.03195 0.177127 0)
(1.10417 0.155204 0)
(1.16594 0.0731353 0)
(1.20685 -0.0556465 0)
(1.26972 -0.155031 0)
(1.33725 -0.234781 0)
(1.30175 -0.239656 0)
(1.23945 -0.182857 0)
(1.17941 -0.0988371 0)
(1.14016 -0.0327972 0)
(1.02975 0.173923 0)
(1.09106 0.142053 0)
(1.13209 0.0425952 0)
(1.18611 -0.0613737 0)
(1.24889 -0.136284 0)
(1.32018 -0.209298 0)
(1.31156 -0.225611 0)
(1.25422 -0.174697 0)
(1.19218 -0.0934749 0)
(1.14621 -0.0256188 0)
(1.02612 0.168343 0)
(1.07262 0.119952 0)
(1.10128 0.0147184 0)
(1.16417 -0.062593 0)
(1.23601 -0.120906 0)
(1.30427 -0.183915 0)
(1.319 -0.209442 0)
(1.26263 -0.165218 0)
(1.20541 -0.0878098 0)
(1.15227 -0.0187189 0)
(1.02014 0.1584 0)
(1.04724 0.0890386 0)
(1.07924 -0.00440773 0)
(1.14851 -0.0579954 0)
(1.22466 -0.105177 0)
(1.29307 -0.160892 0)
(1.32405 -0.193058 0)
(1.26872 -0.154193 0)
(1.21924 -0.0814946 0)
(1.15794 -0.0128954 0)
(1.00829 0.140893 0)
(1.01997 0.0570286 0)
(1.06641 -0.0126647 0)
(1.13718 -0.0518265 0)
(1.21275 -0.0917697 0)
(1.28214 -0.139828 0)
(1.32641 -0.175802 0)
(1.27863 -0.141709 0)
(1.23372 -0.074041 0)
(1.1642 -0.00763636 0)
(0.990761 0.114528 0)
(0.99777 0.0309552 0)
(1.05533 -0.0166014 0)
(1.12855 -0.0453724 0)
(1.20267 -0.0797788 0)
(1.27307 -0.121508 0)
(1.32233 -0.157318 0)
(1.28903 -0.129295 0)
(1.24607 -0.0666813 0)
(1.17033 -0.00396089 0)
(0.96828 0.0828709 0)
(0.983088 0.0145904 0)
(1.04846 -0.0151205 0)
(1.12152 -0.0380426 0)
(1.1934 -0.0682983 0)
(1.26307 -0.104337 0)
(1.31827 -0.13884 0)
(1.30222 -0.116651 0)
(1.25619 -0.0597595 0)
(1.17689 -0.00196687 0)
(0.945853 0.0534295 0)
(0.972872 0.00605398 0)
(1.04232 -0.0126732 0)
(1.11497 -0.030941 0)
(1.1859 -0.0573399 0)
(1.25557 -0.0887424 0)
(1.31444 -0.120238 0)
(1.31565 -0.103506 0)
(1.26468 -0.0519285 0)
(1.18191 -0.00309955 0)
(0.926744 0.0320796 0)
(0.966674 0.00301579 0)
(1.03533 -0.0108351 0)
(1.10733 -0.0254478 0)
(1.17885 -0.0472243 0)
(1.24837 -0.0736746 0)
(1.31032 -0.101396 0)
(1.32577 -0.0889847 0)
(1.26844 -0.0471411 0)
(1.18522 -0.00593076 0)
(0.913557 0.019369 0)
(0.96383 0.00400355 0)
(1.03006 -0.0077471 0)
(1.10103 -0.0205064 0)
(1.1738 -0.0378955 0)
(1.24422 -0.0591944 0)
(1.30799 -0.0824667 0)
(1.33388 -0.0739712 0)
(1.27301 -0.0392469 0)
(1.18822 -0.00844936 0)
(0.904694 0.0121307 0)
(0.9603 0.00367732 0)
(1.02575 -0.00499976 0)
(1.09558 -0.0158879 0)
(1.16856 -0.0292404 0)
(1.2409 -0.045197 0)
(1.30642 -0.063329 0)
(1.33992 -0.0573481 0)
(1.27015 -0.0350407 0)
(1.18916 -0.0107497 0)
(0.899574 0.0098929 0)
(0.956531 0.00378805 0)
(1.02237 -0.00274516 0)
(1.09166 -0.0110905 0)
(1.16404 -0.0208576 0)
(1.23701 -0.0318277 0)
(1.30506 -0.0445034 0)
(1.34267 -0.0399579 0)
(1.27097 -0.0259226 0)
(1.19007 -0.0102496 0)
(0.896111 0.00602109 0)
(0.954547 0.0020892 0)
(1.01982 -0.00143489 0)
(1.0891 -0.00641882 0)
(1.16097 -0.0123824 0)
(1.23405 -0.0187574 0)
(1.30199 -0.02613 0)
(1.34802 -0.0238158 0)
(1.27694 -0.0182401 0)
(1.19165 -0.00639572 0)
(0.89641 0.00498416 0)
(0.955078 0.00117069 0)
(1.01976 -0.000242662 0)
(1.08904 -0.0017738 0)
(1.16155 -0.00372749 0)
(1.23551 -0.00589916 0)
(1.30711 -0.00875229 0)
(1.34391 -0.00913834 0)
(1.27352 -0.00743007 0)
(1.1901 -0.00320505 0)
(0.849571 0.171639 0)
(0.857402 0.175845 0)
(0.862228 0.18142 0)
(0.871051 0.186089 0)
(0.880126 0.191852 0)
(0.893192 0.196673 0)
(0.908403 0.202082 0)
(0.929588 0.206026 0)
(0.955389 0.208605 0)
(0.988348 0.209611 0)
(0.866958 0.164512 0)
(0.873344 0.169053 0)
(0.878427 0.174716 0)
(0.887227 0.179768 0)
(0.896096 0.185495 0)
(0.907833 0.190614 0)
(0.921093 0.195777 0)
(0.9392 0.198938 0)
(0.961451 0.201065 0)
(0.989918 0.202177 0)
(0.885784 0.156868 0)
(0.889611 0.161797 0)
(0.892609 0.167337 0)
(0.899069 0.172845 0)
(0.906759 0.178631 0)
(0.916924 0.184319 0)
(0.928889 0.189679 0)
(0.944744 0.192838 0)
(0.964182 0.194805 0)
(0.988807 0.196177 0)
(0.901403 0.151392 0)
(0.904044 0.156129 0)
(0.904851 0.16211 0)
(0.908718 0.168057 0)
(0.914852 0.173699 0)
(0.92309 0.179266 0)
(0.93385 0.184027 0)
(0.947636 0.187592 0)
(0.964793 0.189724 0)
(0.98654 0.191435 0)
(0.906557 0.155898 0)
(0.910299 0.157654 0)
(0.912045 0.160466 0)
(0.915021 0.164541 0)
(0.919934 0.169399 0)
(0.926857 0.174761 0)
(0.936755 0.179068 0)
(0.948852 0.183167 0)
(0.96465 0.185586 0)
(0.984538 0.18706 0)
(0.901769 0.159942 0)
(0.909806 0.159372 0)
(0.913518 0.160598 0)
(0.918 0.162929 0)
(0.923365 0.166432 0)
(0.929975 0.170858 0)
(0.939262 0.174716 0)
(0.950434 0.178892 0)
(0.965324 0.181439 0)
(0.983171 0.183088 0)
(0.895988 0.158438 0)
(0.907409 0.157857 0)
(0.913683 0.159076 0)
(0.920376 0.160904 0)
(0.927314 0.163431 0)
(0.934717 0.1667 0)
(0.943595 0.170199 0)
(0.954107 0.174183 0)
(0.968139 0.17713 0)
(0.985251 0.178889 0)
(0.896086 0.15411 0)
(0.908763 0.154616 0)
(0.916432 0.156467 0)
(0.924283 0.158403 0)
(0.932309 0.160655 0)
(0.94075 0.163547 0)
(0.949661 0.166674 0)
(0.959357 0.169829 0)
(0.971824 0.172633 0)
(0.988091 0.174874 0)
(0.902137 0.151552 0)
(0.91399 0.152541 0)
(0.921832 0.154514 0)
(0.929385 0.156401 0)
(0.937167 0.158214 0)
(0.945578 0.160534 0)
(0.954299 0.163186 0)
(0.963649 0.165848 0)
(0.975499 0.168339 0)
(0.991457 0.170837 0)
(0.911386 0.146347 0)
(0.919965 0.14835 0)
(0.928243 0.151839 0)
(0.934762 0.154905 0)
(0.941745 0.157126 0)
(0.949588 0.158972 0)
(0.957668 0.160615 0)
(0.966664 0.162628 0)
(0.978371 0.164794 0)
(0.993687 0.16695 0)
(0.928005 0.141489 0)
(0.927896 0.146019 0)
(0.934883 0.149783 0)
(0.939041 0.152806 0)
(0.94435 0.15538 0)
(0.951236 0.157232 0)
(0.958568 0.15873 0)
(0.967351 0.160229 0)
(0.979067 0.161867 0)
(0.992267 0.163093 0)
(0.944548 0.135734 0)
(0.937148 0.142212 0)
(0.939891 0.147378 0)
(0.941454 0.150893 0)
(0.945568 0.15289 0)
(0.951779 0.154635 0)
(0.959408 0.156159 0)
(0.968425 0.157488 0)
(0.979627 0.158486 0)
(0.989373 0.156675 0)
(0.972339 0.131579 0)
(0.951088 0.139394 0)
(0.946466 0.143454 0)
(0.946506 0.146579 0)
(0.949807 0.149095 0)
(0.955589 0.151744 0)
(0.96278 0.153135 0)
(0.971301 0.153949 0)
(0.979996 0.153417 0)
(0.979563 0.143009 0)
(1.0117 0.122408 0)
(0.970372 0.134033 0)
(0.955401 0.138686 0)
(0.9544 0.142308 0)
(0.957471 0.145805 0)
(0.961936 0.147901 0)
(0.967559 0.14879 0)
(0.973762 0.148849 0)
(0.975701 0.14242 0)
(0.953942 0.116692 0)
(1.058 0.103392 0)
(1.0031 0.121821 0)
(0.968991 0.132148 0)
(0.964147 0.138735 0)
(0.964715 0.141393 0)
(0.968141 0.142723 0)
(0.971193 0.143639 0)
(0.972361 0.13953 0)
(0.952317 0.117718 0)
(0.920599 0.080475 0)
(1.09704 0.0778171 0)
(1.05475 0.0977062 0)
(0.99663 0.119942 0)
(0.974461 0.134099 0)
(0.969233 0.13542 0)
(0.971836 0.136981 0)
(0.971954 0.135278 0)
(0.951297 0.116741 0)
(0.908338 0.0796151 0)
(0.893394 0.0462185 0)
(1.12284 0.0540054 0)
(1.10253 0.0667363 0)
(1.04883 0.0950978 0)
(0.992646 0.121203 0)
(0.975688 0.12917 0)
(0.974441 0.130986 0)
(0.952493 0.116202 0)
(0.902446 0.0789106 0)
(0.871052 0.0449088 0)
(0.871709 0.0240503 0)
(1.13744 0.0350567 0)
(1.12992 0.0407661 0)
(1.10181 0.0588965 0)
(1.04206 0.0923599 0)
(0.992698 0.120081 0)
(0.961252 0.112006 0)
(0.899159 0.0810463 0)
(0.853322 0.0442109 0)
(0.849361 0.022958 0)
(0.865027 0.0164373 0)
(1.14744 0.0191992 0)
(1.1439 0.0215344 0)
(1.13437 0.0276999 0)
(1.10117 0.0485488 0)
(1.03606 0.0883845 0)
(0.931795 0.074494 0)
(0.84369 0.0471216 0)
(0.828685 0.0219291 0)
(0.83779 0.00937672 0)
(0.859464 0.00914097 0)
(1.14818 0.00486471 0)
(1.14502 0.00550996 0)
(1.14033 0.0059205 0)
(1.12459 0.00939483 0)
(1.06677 0.0217658 0)
(0.891838 0.0258481 0)
(0.802881 0.0219979 0)
(0.802494 0.0209579 0)
(0.829287 0.0157827 0)
(0.856635 0.00998811 0)
(1.34098 -5.14501e-07 0)
(1.29736 6.50158e-06 0)
(1.23717 -1.32772e-05 0)
(1.21628 -6.89917e-05 0)
(1.20908 0.000157335 0)
(1.2032 -0.00018381 0)
(1.19937 0.000270273 0)
(1.18967 -0.000347451 0)
(1.09987 0.0604962 0)
(0.848617 0.145673 0)
(1.34098 -4.68553e-07 0)
(1.29736 5.80839e-06 0)
(1.23716 -1.24294e-05 0)
(1.2163 -7.82146e-05 0)
(1.20907 0.000183859 0)
(1.20322 -0.000213001 0)
(1.19936 0.000285858 0)
(1.18962 -0.000333636 0)
(1.11528 0.0562293 0)
(0.865684 0.143212 0)
(1.34098 -4.09997e-07 0)
(1.29736 4.95907e-06 0)
(1.23714 -1.05432e-05 0)
(1.21631 -8.97671e-05 0)
(1.20905 0.000216346 0)
(1.20326 -0.0002528 0)
(1.19932 0.000319948 0)
(1.1896 -0.000342602 0)
(1.13034 0.0514043 0)
(0.883999 0.140768 0)
(1.34098 -3.36506e-07 0)
(1.29737 3.76775e-06 0)
(1.23713 -7.25265e-06 0)
(1.21633 -0.000104096 0)
(1.20903 0.000256171 0)
(1.20331 -0.000307841 0)
(1.19924 0.000380469 0)
(1.18964 -0.000384023 0)
(1.1449 0.0457301 0)
(0.902501 0.137043 0)
(1.34098 -2.48199e-07 0)
(1.29737 2.19289e-06 0)
(1.23712 -2.44541e-06 0)
(1.21634 -0.00012118 0)
(1.209 0.000303922 0)
(1.20338 -0.000383054 0)
(1.1991 0.000489928 0)
(1.1898 -0.000481748 0)
(1.15734 0.0386923 0)
(0.922773 0.131958 0)
(1.34098 -1.469e-07 0)
(1.29737 2.53779e-07 0)
(1.2371 3.83167e-06 0)
(1.21636 -0.000140589 0)
(1.20898 0.000358873 0)
(1.20346 -0.000482305 0)
(1.19888 0.000677268 0)
(1.19015 -0.000713191 0)
(1.16601 0.0308815 0)
(0.946911 0.128448 0)
(1.34098 -3.4582e-08 0)
(1.29737 -2.00544e-06 0)
(1.23709 1.12864e-05 0)
(1.21637 -0.000161628 0)
(1.20895 0.000418598 0)
(1.20355 -0.000602258 0)
(1.19856 0.000926889 0)
(1.19084 -0.00103467 0)
(1.1715 0.0231033 0)
(0.971184 0.126206 0)
(1.34098 8.19401e-08 0)
(1.29737 -4.29143e-06 0)
(1.23709 1.96026e-05 0)
(1.21638 -0.000183246 0)
(1.20893 0.00047945 0)
(1.20362 -0.000738179 0)
(1.19816 0.00123364 0)
(1.19196 -0.00153989 0)
(1.17495 0.0163734 0)
(0.993679 0.122782 0)
(1.34098 2.0092e-07 0)
(1.29737 -6.77447e-06 0)
(1.23708 2.84807e-05 0)
(1.21638 -0.000204628 0)
(1.20891 0.000537391 0)
(1.20367 -0.000881323 0)
(1.19779 0.00157784 0)
(1.19344 -0.00256057 0)
(1.17707 0.0116057 0)
(1.01644 0.118065 0)
(1.34098 3.16504e-07 0)
(1.29737 -9.18203e-06 0)
(1.23708 3.64798e-05 0)
(1.21639 -0.00022426 0)
(1.20889 0.000589345 0)
(1.2037 -0.00102254 0)
(1.19756 0.0018916 0)
(1.19479 -0.00333059 0)
(1.17876 0.00799414 0)
(1.03985 0.111722 0)
(1.34098 4.20756e-07 0)
(1.29737 -1.15085e-05 0)
(1.23708 4.501e-05 0)
(1.21639 -0.000241412 0)
(1.20887 0.000632944 0)
(1.20371 -0.00115572 0)
(1.19749 0.00209736 0)
(1.19531 -0.0036164 0)
(1.18023 0.00546575 0)
(1.06267 0.103192 0)
(1.34098 5.13088e-07 0)
(1.29737 -1.36089e-05 0)
(1.23708 5.31432e-05 0)
(1.21639 -0.00025642 0)
(1.20886 0.000664993 0)
(1.20372 -0.00126623 0)
(1.1975 0.00217528 0)
(1.19524 -0.00368384 0)
(1.18138 0.00392277 0)
(1.08395 0.0929136 0)
(1.34098 5.84841e-07 0)
(1.29737 -1.53097e-05 0)
(1.23709 5.99648e-05 0)
(1.21639 -0.000269157 0)
(1.20886 0.000683856 0)
(1.20372 -0.00134923 0)
(1.19759 0.00215689 0)
(1.19489 -0.00345082 0)
(1.18211 0.00284753 0)
(1.10148 0.081288 0)
(1.34098 6.29902e-07 0)
(1.29736 -1.6417e-05 0)
(1.2371 6.47968e-05 0)
(1.21638 -0.000273356 0)
(1.20886 0.000681278 0)
(1.2037 -0.00137324 0)
(1.19775 0.00207134 0)
(1.1945 -0.00308505 0)
(1.1827 0.00215979 0)
(1.11641 0.0683871 0)
(1.34098 6.3994e-07 0)
(1.29736 -1.67279e-05 0)
(1.23711 6.6496e-05 0)
(1.21638 -0.000266224 0)
(1.20887 0.000651308 0)
(1.20367 -0.00132923 0)
(1.19796 0.00192443 0)
(1.19408 -0.00264159 0)
(1.18331 0.00175792 0)
(1.12977 0.054908 0)
(1.34098 6.05329e-07 0)
(1.29736 -1.59257e-05 0)
(1.23713 6.34235e-05 0)
(1.21637 -0.000248055 0)
(1.20889 0.000593684 0)
(1.20363 -0.00123511 0)
(1.19818 0.00171244 0)
(1.19368 -0.00216929 0)
(1.18404 0.00155457 0)
(1.14142 0.042102 0)
(1.34098 5.40272e-07 0)
(1.29735 -1.46697e-05 0)
(1.23715 5.63776e-05 0)
(1.21636 -0.000215427 0)
(1.2089 0.000506773 0)
(1.2036 -0.00108218 0)
(1.19842 0.0014327 0)
(1.1933 -0.0016708 0)
(1.18477 0.00134929 0)
(1.15058 0.030619 0)
(1.34098 4.28532e-07 0)
(1.29735 -1.18573e-05 0)
(1.23716 4.45191e-05 0)
(1.21636 -0.000167853 0)
(1.20892 0.000390744 0)
(1.20357 -0.000854925 0)
(1.19861 0.00108329 0)
(1.19303 -0.00116493 0)
(1.18549 0.00107929 0)
(1.15703 0.020615 0)
(1.34098 2.73655e-07 0)
(1.29735 -7.66046e-06 0)
(1.23717 2.84521e-05 0)
(1.21635 -0.000107084 0)
(1.20894 0.000248999 0)
(1.20351 -0.000553629 0)
(1.19881 0.000677004 0)
(1.19277 -0.000667753 0)
(1.18619 0.000747859 0)
(1.16258 0.0115538 0)
(1.34098 8.47902e-08 0)
(1.29735 -2.34442e-06 0)
(1.23717 8.72879e-06 0)
(1.21635 -3.76375e-05 0)
(1.20894 8.84285e-05 0)
(1.20354 -0.000184378 0)
(1.19884 0.00020304 0)
(1.1927 -0.000183138 0)
(1.18663 0.000289569 0)
(1.16298 0.00307558 0)
(1.34098 -8.47902e-08 0)
(1.29735 2.34442e-06 0)
(1.23717 -8.72879e-06 0)
(1.21635 3.76375e-05 0)
(1.20894 -8.84285e-05 0)
(1.20354 0.000184378 0)
(1.19884 -0.00020304 0)
(1.1927 0.000183138 0)
(1.18663 -0.000289569 0)
(1.16298 -0.00307558 0)
(1.34098 -2.73655e-07 0)
(1.29735 7.66046e-06 0)
(1.23717 -2.84521e-05 0)
(1.21635 0.000107084 0)
(1.20894 -0.000248999 0)
(1.20351 0.000553629 0)
(1.19881 -0.000677004 0)
(1.19277 0.000667753 0)
(1.18619 -0.000747859 0)
(1.16258 -0.0115538 0)
(1.34098 -4.28531e-07 0)
(1.29735 1.18573e-05 0)
(1.23716 -4.45191e-05 0)
(1.21636 0.000167853 0)
(1.20892 -0.000390744 0)
(1.20357 0.000854925 0)
(1.19861 -0.00108329 0)
(1.19303 0.00116493 0)
(1.18549 -0.00107929 0)
(1.15703 -0.020615 0)
(1.34098 -5.40272e-07 0)
(1.29735 1.46697e-05 0)
(1.23715 -5.63776e-05 0)
(1.21636 0.000215427 0)
(1.2089 -0.000506773 0)
(1.2036 0.00108218 0)
(1.19842 -0.0014327 0)
(1.1933 0.0016708 0)
(1.18477 -0.00134929 0)
(1.15058 -0.030619 0)
(1.34098 -6.05328e-07 0)
(1.29736 1.59257e-05 0)
(1.23713 -6.34235e-05 0)
(1.21637 0.000248055 0)
(1.20889 -0.000593684 0)
(1.20363 0.00123511 0)
(1.19818 -0.00171244 0)
(1.19368 0.00216929 0)
(1.18404 -0.00155457 0)
(1.14142 -0.042102 0)
(1.34098 -6.39939e-07 0)
(1.29736 1.67279e-05 0)
(1.23711 -6.6496e-05 0)
(1.21638 0.000266224 0)
(1.20887 -0.000651308 0)
(1.20367 0.00132923 0)
(1.19796 -0.00192443 0)
(1.19408 0.00264159 0)
(1.18331 -0.00175792 0)
(1.12977 -0.054908 0)
(1.34098 -6.29902e-07 0)
(1.29736 1.6417e-05 0)
(1.2371 -6.47968e-05 0)
(1.21638 0.000273356 0)
(1.20886 -0.000681278 0)
(1.2037 0.00137324 0)
(1.19775 -0.00207134 0)
(1.1945 0.00308505 0)
(1.1827 -0.00215979 0)
(1.11641 -0.0683871 0)
(1.34098 -5.84841e-07 0)
(1.29737 1.53097e-05 0)
(1.23709 -5.99648e-05 0)
(1.21639 0.000269157 0)
(1.20886 -0.000683856 0)
(1.20372 0.00134923 0)
(1.19759 -0.00215689 0)
(1.19489 0.00345082 0)
(1.18211 -0.00284753 0)
(1.10148 -0.081288 0)
(1.34098 -5.13088e-07 0)
(1.29737 1.36089e-05 0)
(1.23708 -5.31432e-05 0)
(1.21639 0.00025642 0)
(1.20886 -0.000664993 0)
(1.20372 0.00126623 0)
(1.1975 -0.00217528 0)
(1.19524 0.00368384 0)
(1.18138 -0.00392277 0)
(1.08395 -0.0929136 0)
(1.34098 -4.20755e-07 0)
(1.29737 1.15085e-05 0)
(1.23708 -4.501e-05 0)
(1.21639 0.000241412 0)
(1.20887 -0.000632944 0)
(1.20371 0.00115572 0)
(1.19749 -0.00209736 0)
(1.19531 0.0036164 0)
(1.18023 -0.00546575 0)
(1.06267 -0.103192 0)
(1.34098 -3.16504e-07 0)
(1.29737 9.18203e-06 0)
(1.23708 -3.64798e-05 0)
(1.21639 0.00022426 0)
(1.20889 -0.000589345 0)
(1.2037 0.00102253 0)
(1.19756 -0.0018916 0)
(1.19479 0.00333059 0)
(1.17876 -0.00799414 0)
(1.03985 -0.111722 0)
(1.34098 -2.0092e-07 0)
(1.29737 6.77447e-06 0)
(1.23708 -2.84807e-05 0)
(1.21638 0.000204628 0)
(1.20891 -0.000537391 0)
(1.20367 0.000881323 0)
(1.19779 -0.00157784 0)
(1.19344 0.00256057 0)
(1.17707 -0.0116057 0)
(1.01644 -0.118065 0)
(1.34098 -8.194e-08 0)
(1.29737 4.29143e-06 0)
(1.23709 -1.96026e-05 0)
(1.21638 0.000183246 0)
(1.20893 -0.00047945 0)
(1.20362 0.000738178 0)
(1.19816 -0.00123364 0)
(1.19196 0.00153989 0)
(1.17495 -0.0163734 0)
(0.993679 -0.122782 0)
(1.34098 3.45822e-08 0)
(1.29737 2.00544e-06 0)
(1.23709 -1.12864e-05 0)
(1.21637 0.000161628 0)
(1.20895 -0.000418598 0)
(1.20355 0.000602258 0)
(1.19856 -0.000926888 0)
(1.19084 0.00103467 0)
(1.1715 -0.0231033 0)
(0.971184 -0.126206 0)
(1.34098 1.46901e-07 0)
(1.29737 -2.53791e-07 0)
(1.2371 -3.83159e-06 0)
(1.21636 0.000140589 0)
(1.20898 -0.000358873 0)
(1.20346 0.000482306 0)
(1.19888 -0.000677267 0)
(1.19015 0.00071319 0)
(1.16601 -0.0308815 0)
(0.946911 -0.128448 0)
(1.34098 2.48199e-07 0)
(1.29737 -2.19291e-06 0)
(1.23712 2.44552e-06 0)
(1.21634 0.00012118 0)
(1.209 -0.000303922 0)
(1.20338 0.000383056 0)
(1.1991 -0.000489929 0)
(1.1898 0.000481745 0)
(1.15734 -0.0386923 0)
(0.922773 -0.131958 0)
(1.34098 3.36506e-07 0)
(1.29737 -3.76775e-06 0)
(1.23713 7.25263e-06 0)
(1.21633 0.000104097 0)
(1.20903 -0.000256172 0)
(1.20331 0.000307845 0)
(1.19924 -0.000380472 0)
(1.18964 0.000384018 0)
(1.1449 -0.0457301 0)
(0.902501 -0.137043 0)
(1.34098 4.09997e-07 0)
(1.29736 -4.95902e-06 0)
(1.23714 1.05429e-05 0)
(1.21631 8.97696e-05 0)
(1.20905 -0.000216347 0)
(1.20326 0.000252801 0)
(1.19932 -0.000319952 0)
(1.1896 0.000342599 0)
(1.13034 -0.0514043 0)
(0.883999 -0.140768 0)
(1.34098 4.68552e-07 0)
(1.29736 -5.80829e-06 0)
(1.23716 1.24289e-05 0)
(1.2163 7.82165e-05 0)
(1.20907 -0.000183857 0)
(1.20322 0.000212984 0)
(1.19936 -0.000285864 0)
(1.18962 0.000333663 0)
(1.11528 -0.0562292 0)
(0.865684 -0.143212 0)
(1.34098 5.145e-07 0)
(1.29736 -6.50149e-06 0)
(1.23717 1.3277e-05 0)
(1.21628 6.89876e-05 0)
(1.20908 -0.000157326 0)
(1.2032 0.000183766 0)
(1.19937 -0.000270242 0)
(1.18967 0.000347568 0)
(1.09987 -0.0604961 0)
(0.848617 -0.145673 0)
(1.14818 -0.00486471 0)
(1.14502 -0.00550996 0)
(1.14033 -0.0059205 0)
(1.12459 -0.00939483 0)
(1.06677 -0.0217658 0)
(0.891838 -0.0258481 0)
(0.802881 -0.0219979 0)
(0.802494 -0.0209579 0)
(0.829287 -0.0157827 0)
(0.856635 -0.00998811 0)
(1.14744 -0.0191992 0)
(1.1439 -0.0215344 0)
(1.13437 -0.0276999 0)
(1.10117 -0.0485488 0)
(1.03606 -0.0883845 0)
(0.931795 -0.074494 0)
(0.84369 -0.0471216 0)
(0.828685 -0.0219291 0)
(0.83779 -0.00937672 0)
(0.859464 -0.00914097 0)
(1.13744 -0.0350567 0)
(1.12992 -0.0407661 0)
(1.10181 -0.0588965 0)
(1.04206 -0.0923599 0)
(0.992698 -0.120081 0)
(0.961252 -0.112006 0)
(0.899159 -0.0810463 0)
(0.853322 -0.0442109 0)
(0.849361 -0.022958 0)
(0.865027 -0.0164373 0)
(1.12284 -0.0540054 0)
(1.10253 -0.0667363 0)
(1.04883 -0.0950978 0)
(0.992646 -0.121203 0)
(0.975688 -0.12917 0)
(0.974441 -0.130986 0)
(0.952493 -0.116202 0)
(0.902446 -0.0789106 0)
(0.871052 -0.0449088 0)
(0.871709 -0.0240503 0)
(1.09704 -0.0778171 0)
(1.05475 -0.0977062 0)
(0.99663 -0.119942 0)
(0.974461 -0.134099 0)
(0.969233 -0.13542 0)
(0.971836 -0.136981 0)
(0.971954 -0.135278 0)
(0.951297 -0.116741 0)
(0.908338 -0.0796151 0)
(0.893394 -0.0462185 0)
(1.058 -0.103392 0)
(1.0031 -0.121821 0)
(0.968991 -0.132148 0)
(0.964147 -0.138735 0)
(0.964715 -0.141393 0)
(0.968141 -0.142723 0)
(0.971193 -0.143639 0)
(0.972361 -0.13953 0)
(0.952317 -0.117718 0)
(0.920599 -0.080475 0)
(1.0117 -0.122408 0)
(0.970372 -0.134033 0)
(0.955401 -0.138686 0)
(0.9544 -0.142308 0)
(0.957471 -0.145805 0)
(0.961936 -0.147901 0)
(0.967559 -0.14879 0)
(0.973762 -0.148849 0)
(0.975701 -0.14242 0)
(0.953942 -0.116692 0)
(0.972339 -0.131579 0)
(0.951088 -0.139394 0)
(0.946466 -0.143454 0)
(0.946506 -0.146579 0)
(0.949807 -0.149095 0)
(0.955589 -0.151744 0)
(0.96278 -0.153135 0)
(0.971301 -0.153949 0)
(0.979996 -0.153417 0)
(0.979563 -0.143009 0)
(0.944548 -0.135734 0)
(0.937148 -0.142212 0)
(0.939891 -0.147378 0)
(0.941454 -0.150893 0)
(0.945568 -0.15289 0)
(0.951779 -0.154635 0)
(0.959408 -0.156159 0)
(0.968425 -0.157488 0)
(0.979627 -0.158486 0)
(0.989373 -0.156675 0)
(0.928005 -0.141489 0)
(0.927896 -0.146019 0)
(0.934883 -0.149783 0)
(0.939041 -0.152806 0)
(0.94435 -0.15538 0)
(0.951236 -0.157232 0)
(0.958568 -0.15873 0)
(0.967351 -0.160229 0)
(0.979067 -0.161867 0)
(0.992267 -0.163093 0)
(0.911386 -0.146347 0)
(0.919965 -0.14835 0)
(0.928243 -0.151839 0)
(0.934762 -0.154905 0)
(0.941745 -0.157126 0)
(0.949588 -0.158972 0)
(0.957668 -0.160615 0)
(0.966664 -0.162628 0)
(0.978371 -0.164794 0)
(0.993687 -0.16695 0)
(0.902137 -0.151552 0)
(0.91399 -0.152541 0)
(0.921832 -0.154514 0)
(0.929385 -0.156401 0)
(0.937167 -0.158214 0)
(0.945578 -0.160534 0)
(0.954299 -0.163186 0)
(0.963649 -0.165848 0)
(0.975499 -0.168339 0)
(0.991457 -0.170837 0)
(0.896086 -0.15411 0)
(0.908763 -0.154616 0)
(0.916432 -0.156467 0)
(0.924283 -0.158403 0)
(0.932309 -0.160655 0)
(0.94075 -0.163547 0)
(0.949661 -0.166674 0)
(0.959357 -0.169829 0)
(0.971824 -0.172633 0)
(0.988091 -0.174874 0)
(0.895988 -0.158438 0)
(0.907409 -0.157857 0)
(0.913683 -0.159076 0)
(0.920376 -0.160904 0)
(0.927314 -0.163431 0)
(0.934717 -0.1667 0)
(0.943595 -0.170199 0)
(0.954107 -0.174183 0)
(0.968139 -0.17713 0)
(0.985251 -0.178889 0)
(0.901769 -0.159942 0)
(0.909806 -0.159372 0)
(0.913518 -0.160598 0)
(0.918 -0.162929 0)
(0.923365 -0.166432 0)
(0.929975 -0.170858 0)
(0.939262 -0.174716 0)
(0.950434 -0.178892 0)
(0.965324 -0.181439 0)
(0.983171 -0.183088 0)
(0.906557 -0.155898 0)
(0.910299 -0.157654 0)
(0.912045 -0.160466 0)
(0.915021 -0.164541 0)
(0.919934 -0.169399 0)
(0.926857 -0.174761 0)
(0.936755 -0.179068 0)
(0.948852 -0.183167 0)
(0.96465 -0.185586 0)
(0.984538 -0.18706 0)
(0.901403 -0.151392 0)
(0.904044 -0.156129 0)
(0.904851 -0.16211 0)
(0.908718 -0.168057 0)
(0.914852 -0.173699 0)
(0.92309 -0.179266 0)
(0.93385 -0.184027 0)
(0.947636 -0.187592 0)
(0.964793 -0.189724 0)
(0.98654 -0.191435 0)
(0.885784 -0.156868 0)
(0.889611 -0.161797 0)
(0.892609 -0.167337 0)
(0.899069 -0.172845 0)
(0.906759 -0.178631 0)
(0.916924 -0.184319 0)
(0.928889 -0.189679 0)
(0.944744 -0.192838 0)
(0.964182 -0.194805 0)
(0.988807 -0.196177 0)
(0.866958 -0.164512 0)
(0.873344 -0.169053 0)
(0.878427 -0.174716 0)
(0.887227 -0.179768 0)
(0.896096 -0.185495 0)
(0.907833 -0.190614 0)
(0.921092 -0.195777 0)
(0.9392 -0.198938 0)
(0.961451 -0.201065 0)
(0.989918 -0.202177 0)
(0.849571 -0.171639 0)
(0.857402 -0.175845 0)
(0.862228 -0.18142 0)
(0.871051 -0.186089 0)
(0.880126 -0.191852 0)
(0.893191 -0.196673 0)
(0.908403 -0.202082 0)
(0.929588 -0.206026 0)
(0.955389 -0.208605 0)
(0.988348 -0.209611 0)
)
;

boundaryField
{
    inlet
    {
        type            uniformFixedValue;
        uniformValue    table;
        uniformValueCoeffs
        {
            values
2
(
(0 (1.1 0 0))
(6 (3 0 0))
)
;
        }
        value           uniform (1.35333 0 0);
    }
    outlet
    {
        type            inletOutlet;
        inletValue      uniform (3 0 0);
        value           nonuniform List<vector> 
100
(
(1.10343 -0.0691434 0)
(1.10832 -0.0649355 0)
(1.11385 -0.0605898 0)
(1.12054 -0.0551312 0)
(1.12758 -0.0483301 0)
(1.13358 -0.0407535 0)
(1.14016 -0.0327972 0)
(1.14621 -0.0256188 0)
(1.15227 -0.0187189 0)
(1.15794 -0.0128954 0)
(1.1642 -0.00763636 0)
(1.17033 -0.00396089 0)
(1.17689 -0.00196687 0)
(1.18191 -0.00309955 0)
(1.18522 -0.00593076 0)
(1.18822 -0.00844936 0)
(1.18916 -0.0107497 0)
(1.19007 -0.0102496 0)
(1.19165 -0.00639572 0)
(1.1901 -0.00320505 0)
(1.03601 -0.0418824 0)
(1.03975 -0.0605221 0)
(1.04322 -0.07606 0)
(1.04682 -0.0861357 0)
(1.05042 -0.092607 0)
(1.05381 -0.097019 0)
(1.05675 -0.100349 0)
(1.05981 -0.101686 0)
(1.06141 -0.104217 0)
(1.06452 -0.10588 0)
(1.06816 -0.10679 0)
(1.07171 -0.105172 0)
(1.07487 -0.100464 0)
(1.07882 -0.095278 0)
(1.08313 -0.0908863 0)
(1.0864 -0.0877265 0)
(1.08958 -0.0847677 0)
(1.09281 -0.0815488 0)
(1.09612 -0.0778943 0)
(1.09963 -0.0738688 0)
(1.03222 0.0285939 0)
(1.02868 0.0208467 0)
(1.02389 0.0167964 0)
(1.01652 0.0148828 0)
(1.00331 0.0157452 0)
(0.981518 0.0136352 0)
(0.952282 0.0134155 0)
(0.922372 0.00953418 0)
(0.900257 0.00756838 0)
(0.890453 0.00303547 0)
(0.89045 -0.00317852 0)
(0.900272 -0.00743381 0)
(0.9224 -0.00951637 0)
(0.952289 -0.0134048 0)
(0.981524 -0.013635 0)
(1.00332 -0.0157839 0)
(1.01653 -0.0148783 0)
(1.02389 -0.016783 0)
(1.02868 -0.0208438 0)
(1.03221 -0.0285934 0)
(1.09963 0.0738849 0)
(1.09611 0.0779154 0)
(1.0928 0.0815611 0)
(1.08959 0.0847632 0)
(1.0864 0.0877093 0)
(1.08314 0.0908735 0)
(1.07882 0.0952825 0)
(1.07487 0.100472 0)
(1.07171 0.10517 0)
(1.06817 0.106784 0)
(1.06453 0.105869 0)
(1.06142 0.104219 0)
(1.0598 0.101704 0)
(1.05675 0.100355 0)
(1.05382 0.0970109 0)
(1.05042 0.0926003 0)
(1.04682 0.0861388 0)
(1.04322 0.076059 0)
(1.03975 0.0605213 0)
(1.03601 0.0418852 0)
(1.1901 0.00320505 0)
(1.19165 0.00639572 0)
(1.19007 0.0102496 0)
(1.18916 0.0107497 0)
(1.18822 0.00844936 0)
(1.18522 0.00593076 0)
(1.18191 0.00309955 0)
(1.17689 0.00196687 0)
(1.17033 0.00396089 0)
(1.1642 0.00763636 0)
(1.15794 0.0128954 0)
(1.15227 0.0187189 0)
(1.14621 0.0256187 0)
(1.14016 0.0327969 0)
(1.13358 0.0407536 0)
(1.12758 0.0483313 0)
(1.12054 0.0551324 0)
(1.11385 0.060588 0)
(1.10832 0.0649266 0)
(1.10343 0.0691358 0)
)
;
    }
    triangle
    {
        type            slip;
    }
    top
    {
        type            symmetryPlane;
    }
    bottom
    {
        type            symmetryPlane;
    }
    defaultFaces
    {
        type            empty;
    }
}


// ************************************************************************* //
