/*--------------------------------*- C++ -*----------------------------------*\
  =========                 |
  \\      /  F ield         | OpenFOAM: The Open Source CFD Toolbox
   \\    /   O peration     | Website:  https://openfoam.org
    \\  /    A nd           | Version:  7
     \\/     M anipulation  |
\*---------------------------------------------------------------------------*/
FoamFile
{
    version     2.0;
    format      ascii;
    class       volScalarField;
    location    "0.3";
    object      p;
}
// * * * * * * * * * * * * * * * * * * * * * * * * * * * * * * * * * * * * * //

dimensions      [1 -1 -2 0 0 0 0];

internalField   nonuniform List<scalar> 
3225
(
1.01762
1.01683
1.01604
1.01524
1.01444
1.01362
1.0128
1.01198
1.01115
1.01031
1.00946
1.00861
1.00775
1.00688
1.00601
1.00512
1.00421
1.00325
1.00223
1.00122
1.00043
1.00007
1
1
1
1
1
1.01762
1.01683
1.01604
1.01524
1.01444
1.01362
1.0128
1.01198
1.01115
1.01031
1.00946
1.00861
1.00775
1.00688
1.00601
1.00512
1.00421
1.00325
1.00223
1.00122
1.00043
1.00007
1
1
1
1
1
1.01762
1.01683
1.01604
1.01524
1.01444
1.01362
1.0128
1.01198
1.01115
1.01031
1.00946
1.00861
1.00775
1.00688
1.00601
1.00512
1.00421
1.00325
1.00223
1.00122
1.00043
1.00007
1
1
1
1
1
1.01762
1.01683
1.01604
1.01524
1.01444
1.01362
1.0128
1.01198
1.01115
1.01031
1.00946
1.00861
1.00775
1.00688
1.00601
1.00512
1.00421
1.00325
1.00223
1.00122
1.00043
1.00007
1
1
1
1
1
1.01762
1.01683
1.01604
1.01524
1.01444
1.01362
1.0128
1.01198
1.01115
1.01031
1.00946
1.00861
1.00775
1.00688
1.00601
1.00512
1.00421
1.00325
1.00223
1.00122
1.00043
1.00007
1
1
1
1
1
1.01762
1.01683
1.01604
1.01524
1.01444
1.01362
1.0128
1.01198
1.01115
1.01031
1.00946
1.00861
1.00775
1.00688
1.00601
1.00512
1.00421
1.00325
1.00223
1.00122
1.00043
1.00007
1
1
1
1
1
1.01762
1.01683
1.01604
1.01524
1.01444
1.01362
1.0128
1.01198
1.01115
1.01031
1.00946
1.00861
1.00775
1.00688
1.00601
1.00512
1.00421
1.00325
1.00223
1.00122
1.00043
1.00007
1
1
1
1
1
1.01762
1.01683
1.01604
1.01524
1.01444
1.01362
1.0128
1.01198
1.01115
1.01031
1.00946
1.00861
1.00775
1.00688
1.00601
1.00512
1.00421
1.00325
1.00223
1.00122
1.00043
1.00007
1
1
1
1
1
1.01762
1.01683
1.01604
1.01524
1.01444
1.01362
1.0128
1.01198
1.01115
1.01031
1.00946
1.00861
1.00775
1.00688
1.00601
1.00512
1.00421
1.00325
1.00223
1.00122
1.00043
1.00007
1
1
1
1
1
1.01762
1.01683
1.01604
1.01524
1.01444
1.01362
1.0128
1.01198
1.01115
1.01031
1.00946
1.00861
1.00775
1.00688
1.00601
1.00512
1.00421
1.00325
1.00223
1.00122
1.00043
1.00007
1
1
1
1
1
1.01762
1.01683
1.01604
1.01524
1.01444
1.01362
1.0128
1.01198
1.01115
1.01031
1.00946
1.00861
1.00775
1.00688
1.00601
1.00512
1.00421
1.00325
1.00223
1.00122
1.00043
1.00007
1
1
1
1
1
1.01762
1.01683
1.01604
1.01524
1.01444
1.01362
1.0128
1.01198
1.01115
1.01031
1.00946
1.00861
1.00775
1.00688
1.00601
1.00512
1.00421
1.00325
1.00223
1.00122
1.00043
1.00007
1
1
1
1
1
1.01762
1.01683
1.01604
1.01524
1.01444
1.01362
1.0128
1.01198
1.01115
1.01031
1.00946
1.00861
1.00775
1.00688
1.00601
1.00512
1.00421
1.00325
1.00223
1.00122
1.00043
1.00007
1
1
1
1
1
1.01762
1.01683
1.01604
1.01524
1.01444
1.01362
1.0128
1.01198
1.01115
1.01031
1.00946
1.00861
1.00775
1.00688
1.00601
1.00512
1.00421
1.00325
1.00223
1.00122
1.00043
1.00007
1
1
1
1
1
1.01762
1.01683
1.01604
1.01524
1.01444
1.01362
1.0128
1.01198
1.01115
1.01031
1.00946
1.00861
1.00775
1.00688
1.00601
1.00512
1.00421
1.00325
1.00223
1.00122
1.00043
1.00007
1
1
1
1
1
1.01762
1.01683
1.01604
1.01524
1.01444
1.01362
1.0128
1.01198
1.01115
1.01031
1.00946
1.00861
1.00775
1.00688
1.00601
1.00512
1.00421
1.00325
1.00223
1.00122
1.00043
1.00007
1
1
1
1
1
1.01762
1.01683
1.01604
1.01524
1.01444
1.01362
1.0128
1.01198
1.01115
1.01031
1.00946
1.00861
1.00775
1.00688
1.00601
1.00512
1.00421
1.00325
1.00223
1.00122
1.00043
1.00007
1
1
1
1
1
1.01762
1.01683
1.01604
1.01524
1.01444
1.01362
1.0128
1.01198
1.01115
1.01031
1.00946
1.00861
1.00775
1.00688
1.00601
1.00512
1.00421
1.00325
1.00223
1.00122
1.00043
1.00007
1
1
1
1
1
1.01762
1.01683
1.01604
1.01524
1.01444
1.01362
1.0128
1.01198
1.01115
1.01031
1.00946
1.00861
1.00775
1.00688
1.00601
1.00512
1.00421
1.00325
1.00223
1.00122
1.00043
1.00007
1
1
1
1
1
1.01762
1.01683
1.01604
1.01524
1.01444
1.01362
1.0128
1.01198
1.01115
1.01031
1.00946
1.00861
1.00775
1.00688
1.00601
1.00512
1.00421
1.00325
1.00223
1.00122
1.00043
1.00007
1
1
1
1
1
1.01762
1.01683
1.01604
1.01524
1.01444
1.01362
1.0128
1.01198
1.01115
1.01031
1.00946
1.00861
1.00775
1.00688
1.00601
1.00512
1.00421
1.00325
1.00223
1.00122
1.00043
1.00007
1
1
1
1
1
1.01762
1.01683
1.01604
1.01524
1.01444
1.01362
1.0128
1.01198
1.01115
1.01031
1.00946
1.00861
1.00775
1.00688
1.00601
1.00512
1.00421
1.00325
1.00223
1.00122
1.00043
1.00007
1
1
1
1
1
1.01762
1.01683
1.01604
1.01524
1.01444
1.01362
1.0128
1.01198
1.01115
1.01031
1.00946
1.00861
1.00775
1.00688
1.00601
1.00512
1.00421
1.00325
1.00223
1.00122
1.00043
1.00007
1
1
1
1
1
1.01762
1.01683
1.01604
1.01524
1.01444
1.01362
1.0128
1.01198
1.01115
1.01031
1.00946
1.00861
1.00775
1.00688
1.00601
1.00512
1.00421
1.00325
1.00223
1.00122
1.00043
1.00007
1
1
1
1
1
1.01762
1.01683
1.01604
1.01524
1.01444
1.01362
1.0128
1.01198
1.01115
1.01031
1.00946
1.00861
1.00775
1.00688
1.00601
1.00512
1.00421
1.00325
1.00223
1.00122
1.00043
1.00007
1
1
1
1
1
1.01762
1.01683
1.01604
1.01524
1.01444
1.01362
1.0128
1.01198
1.01115
1.01031
1.00946
1.00861
1.00775
1.00688
1.00601
1.00512
1.00421
1.00325
1.00223
1.00122
1.00043
1.00007
1
1
1
1
1
1.01762
1.01683
1.01604
1.01524
1.01444
1.01362
1.0128
1.01198
1.01115
1.01031
1.00946
1.00861
1.00775
1.00688
1.00601
1.00512
1.00421
1.00325
1.00223
1.00122
1.00043
1.00007
1
1
1
1
1
1.01762
1.01683
1.01604
1.01524
1.01444
1.01362
1.0128
1.01198
1.01115
1.01031
1.00946
1.00861
1.00775
1.00688
1.00601
1.00512
1.00421
1.00325
1.00223
1.00122
1.00043
1.00007
1
1
1
1
1
1.01762
1.01683
1.01604
1.01524
1.01444
1.01362
1.0128
1.01198
1.01115
1.01031
1.00946
1.00861
1.00775
1.00688
1.00601
1.00512
1.00421
1.00325
1.00223
1.00122
1.00043
1.00007
1
1
1
1
1
1.01762
1.01683
1.01604
1.01524
1.01444
1.01362
1.0128
1.01198
1.01115
1.01031
1.00946
1.00861
1.00775
1.00688
1.00601
1.00512
1.00421
1.00325
1.00223
1.00122
1.00043
1.00007
1
1
1
1
1
1.01762
1.01683
1.01604
1.01524
1.01444
1.01362
1.0128
1.01198
1.01115
1.01031
1.00946
1.00861
1.00775
1.00688
1.00601
1.00512
1.00421
1.00325
1.00223
1.00122
1.00043
1.00007
1
1
1
1
1
1.01762
1.01683
1.01604
1.01524
1.01444
1.01362
1.0128
1.01198
1.01115
1.01031
1.00946
1.00861
1.00775
1.00688
1.00601
1.00512
1.00421
1.00325
1.00223
1.00122
1.00043
1.00007
1
1
1
1
1
1.01762
1.01683
1.01604
1.01524
1.01444
1.01362
1.0128
1.01198
1.01115
1.01031
1.00946
1.00861
1.00775
1.00688
1.00601
1.00512
1.00421
1.00325
1.00223
1.00122
1.00043
1.00007
1
1
1
1
1
1.01762
1.01683
1.01604
1.01524
1.01444
1.01362
1.0128
1.01198
1.01115
1.01031
1.00946
1.00861
1.00775
1.00688
1.00601
1.00512
1.00421
1.00325
1.00223
1.00122
1.00043
1.00007
1
1
1
1
1
1.01762
1.01683
1.01604
1.01524
1.01444
1.01362
1.0128
1.01198
1.01115
1.01031
1.00946
1.00861
1.00775
1.00688
1.00601
1.00512
1.00421
1.00325
1.00223
1.00122
1.00043
1.00007
1
1
1
1
1
1.01762
1.01683
1.01604
1.01524
1.01444
1.01362
1.0128
1.01198
1.01115
1.01031
1.00946
1.00861
1.00775
1.00688
1.00601
1.00512
1.00421
1.00325
1.00223
1.00122
1.00043
1.00007
1
1
1
1
1
1.01762
1.01683
1.01604
1.01524
1.01444
1.01362
1.0128
1.01198
1.01115
1.01031
1.00946
1.00861
1.00775
1.00688
1.00601
1.00512
1.00421
1.00325
1.00223
1.00122
1.00043
1.00007
1
1
1
1
1
1.01762
1.01683
1.01604
1.01524
1.01444
1.01362
1.0128
1.01198
1.01115
1.01031
1.00946
1.00861
1.00775
1.00688
1.00601
1.00512
1.00421
1.00325
1.00223
1.00122
1.00043
1.00007
1
1
1
1
1
1.01762
1.01683
1.01604
1.01524
1.01444
1.01362
1.0128
1.01198
1.01115
1.01031
1.00946
1.00861
1.00775
1.00688
1.00601
1.00512
1.00421
1.00325
1.00223
1.00122
1.00043
1.00007
1
1
1
1
1
1.01762
1.01683
1.01604
1.01524
1.01444
1.01362
1.0128
1.01198
1.01115
1.01031
1.00946
1.00861
1.00775
1.00688
1.00601
1.00512
1.00421
1.00325
1.00223
1.00122
1.00043
1.00007
1
1
1
1
1
1.01762
1.01683
1.01604
1.01524
1.01444
1.01362
1.0128
1.01198
1.01115
1.01031
1.00946
1.00861
1.00775
1.00688
1.00601
1.00512
1.00421
1.00325
1.00223
1.00122
1.00043
1.00007
1
1
1
1
1
1.01762
1.01683
1.01604
1.01524
1.01444
1.01362
1.0128
1.01198
1.01115
1.01031
1.00946
1.00861
1.00775
1.00688
1.00601
1.00512
1.00421
1.00325
1.00223
1.00122
1.00043
1.00007
1
1
1
1
1
1.01762
1.01683
1.01604
1.01524
1.01444
1.01362
1.0128
1.01198
1.01115
1.01031
1.00946
1.00861
1.00775
1.00688
1.00601
1.00512
1.00421
1.00325
1.00223
1.00122
1.00043
1.00007
1
1
1
1
1
1.01762
1.01683
1.01604
1.01524
1.01444
1.01362
1.0128
1.01198
1.01115
1.01031
1.00946
1.00861
1.00775
1.00688
1.00601
1.00512
1.00421
1.00325
1.00223
1.00122
1.00043
1.00007
1
1
1
1
1
1.01762
1.01683
1.01604
1.01524
1.01444
1.01362
1.0128
1.01198
1.01115
1.01031
1.00946
1.00861
1.00775
1.00688
1.00601
1.00512
1.00421
1.00325
1.00223
1.00122
1.00043
1.00007
1
1
1
1
1
1.01762
1.01683
1.01604
1.01524
1.01444
1.01362
1.0128
1.01198
1.01115
1.01031
1.00946
1.00861
1.00775
1.00688
1.00601
1.00512
1.00421
1.00325
1.00223
1.00122
1.00043
1.00007
1
1
1
1
1
1.01762
1.01683
1.01604
1.01524
1.01444
1.01362
1.0128
1.01198
1.01115
1.01031
1.00946
1.00861
1.00775
1.00688
1.00601
1.00512
1.00421
1.00325
1.00223
1.00122
1.00043
1.00007
1
1
1
1
1
1.01762
1.01683
1.01604
1.01524
1.01444
1.01362
1.0128
1.01198
1.01115
1.01031
1.00946
1.00861
1.00775
1.00688
1.00601
1.00512
1.00421
1.00325
1.00223
1.00122
1.00043
1.00007
1
1
1
1
1
1.01762
1.01683
1.01604
1.01524
1.01444
1.01362
1.0128
1.01198
1.01115
1.01031
1.00946
1.00861
1.00775
1.00688
1.00601
1.00512
1.00421
1.00325
1.00223
1.00122
1.00043
1.00007
1
1
1
1
1
1.01762
1.01683
1.01604
1.01524
1.01444
1.01362
1.0128
1.01198
1.01115
1.01031
1.00946
1.00861
1.00775
1.00688
1.00601
1.00512
1.00421
1.00325
1.00223
1.00122
1.00043
1.00007
1
1
1
1
1
1.01762
1.01683
1.01604
1.01524
1.01444
1.01362
1.0128
1.01198
1.01115
1.01031
1.00946
1.00861
1.00775
1.00688
1.00601
1.00512
1.00421
1.00325
1.00223
1.00122
1.00043
1.00007
1
1
1
1
1
1.01762
1.01683
1.01604
1.01524
1.01444
1.01362
1.0128
1.01198
1.01115
1.01031
1.00946
1.00861
1.00775
1.00688
1.00601
1.00512
1.00421
1.00325
1.00223
1.00122
1.00043
1.00007
1
1
1
1
1
1.01762
1.01683
1.01604
1.01524
1.01444
1.01362
1.0128
1.01198
1.01115
1.01031
1.00946
1.00861
1.00775
1.00688
1.00601
1.00512
1.00421
1.00325
1.00223
1.00122
1.00043
1.00007
1
1
1
1
1
1.01762
1.01683
1.01604
1.01524
1.01444
1.01362
1.0128
1.01198
1.01115
1.01031
1.00946
1.00861
1.00775
1.00688
1.00601
1.00512
1.00421
1.00325
1.00223
1.00122
1.00043
1.00007
1
1
1
1
1
1.01762
1.01683
1.01604
1.01524
1.01444
1.01362
1.0128
1.01198
1.01115
1.01031
1.00946
1.00861
1.00775
1.00688
1.00601
1.00512
1.00421
1.00325
1.00223
1.00122
1.00043
1.00007
1
1
1
1
1
1.01762
1.01683
1.01604
1.01524
1.01444
1.01362
1.0128
1.01198
1.01115
1.01031
1.00946
1.00861
1.00775
1.00688
1.00601
1.00512
1.00421
1.00325
1.00223
1.00122
1.00043
1.00007
1
1
1
1
1
1.01762
1.01683
1.01604
1.01524
1.01444
1.01362
1.0128
1.01198
1.01115
1.01031
1.00946
1.00861
1.00775
1.00688
1.00601
1.00512
1.00421
1.00325
1.00223
1.00122
1.00043
1.00007
1
1
1
1
1
1.01762
1.01683
1.01604
1.01524
1.01444
1.01362
1.0128
1.01198
1.01115
1.01031
1.00946
1.00861
1.00775
1.00688
1.00601
1.00512
1.00421
1.00325
1.00223
1.00122
1.00043
1.00007
1
1
1
1
1
1.01762
1.01683
1.01604
1.01524
1.01444
1.01362
1.0128
1.01198
1.01115
1.01031
1.00946
1.00861
1.00775
1.00688
1.00601
1.00512
1.00421
1.00325
1.00223
1.00122
1.00043
1.00007
1
1
1
1
1
1.01762
1.01683
1.01604
1.01524
1.01444
1.01362
1.0128
1.01198
1.01115
1.01031
1.00946
1.00861
1.00775
1.00688
1.00601
1.00512
1.00421
1.00325
1.00223
1.00122
1.00043
1.00007
1
1
1
1
1
1.01762
1.01683
1.01604
1.01524
1.01444
1.01362
1.0128
1.01198
1.01115
1.01031
1.00946
1.00861
1.00775
1.00688
1.00601
1.00512
1.00421
1.00325
1.00223
1.00122
1.00043
1.00007
1
1
1
1
1
1.01762
1.01683
1.01604
1.01524
1.01444
1.01362
1.0128
1.01198
1.01115
1.01031
1.00946
1.00861
1.00775
1.00688
1.00601
1.00512
1.00421
1.00325
1.00223
1.00122
1.00043
1.00007
1
1
1
1
1
1.01762
1.01683
1.01604
1.01524
1.01444
1.01362
1.0128
1.01198
1.01115
1.01031
1.00946
1.00861
1.00775
1.00688
1.00601
1.00512
1.00421
1.00325
1.00223
1.00122
1.00043
1.00007
1
1
1
1
1
1.01762
1.01683
1.01604
1.01524
1.01444
1.01362
1.0128
1.01198
1.01115
1.01031
1.00946
1.00861
1.00775
1.00688
1.00601
1.00512
1.00421
1.00325
1.00223
1.00122
1.00043
1.00007
1
1
1
1
1
1.01762
1.01683
1.01604
1.01524
1.01444
1.01362
1.0128
1.01198
1.01115
1.01031
1.00946
1.00861
1.00775
1.00688
1.00601
1.00512
1.00421
1.00325
1.00223
1.00122
1.00043
1.00007
1
1
1
1
1
1.01762
1.01683
1.01604
1.01524
1.01444
1.01362
1.0128
1.01198
1.01115
1.01031
1.00946
1.00861
1.00775
1.00688
1.00601
1.00512
1.00421
1.00325
1.00223
1.00122
1.00043
1.00007
1
1
1
1
1
1.01762
1.01683
1.01604
1.01524
1.01444
1.01362
1.0128
1.01198
1.01115
1.01031
1.00946
1.00861
1.00775
1.00688
1.00601
1.00512
1.00421
1.00325
1.00223
1.00122
1.00043
1.00007
1
1
1
1
1
1.01762
1.01683
1.01604
1.01524
1.01444
1.01362
1.0128
1.01198
1.01115
1.01031
1.00946
1.00861
1.00775
1.00688
1.00601
1.00512
1.00421
1.00325
1.00223
1.00122
1.00043
1.00007
1
1
1
1
1
1.01762
1.01683
1.01604
1.01524
1.01444
1.01362
1.0128
1.01198
1.01115
1.01031
1.00946
1.00861
1.00775
1.00688
1.00601
1.00512
1.00421
1.00325
1.00223
1.00122
1.00043
1.00007
1
1
1
1
1
1.01762
1.01683
1.01604
1.01524
1.01444
1.01362
1.0128
1.01198
1.01115
1.01031
1.00946
1.00861
1.00775
1.00688
1.00601
1.00512
1.00421
1.00325
1.00223
1.00122
1.00043
1.00007
1
1
1
1
1
1.01762
1.01683
1.01604
1.01524
1.01444
1.01362
1.0128
1.01198
1.01115
1.01031
1.00946
1.00861
1.00775
1.00688
1.00601
1.00512
1.00421
1.00325
1.00223
1.00122
1.00043
1.00007
1
1
1
1
1
1.01762
1.01683
1.01604
1.01524
1.01444
1.01362
1.0128
1.01198
1.01115
1.01031
1.00946
1.00861
1.00775
1.00688
1.00601
1.00512
1.00421
1.00325
1.00223
1.00122
1.00043
1.00007
1
1
1
1
1
1.01762
1.01683
1.01604
1.01524
1.01444
1.01362
1.0128
1.01198
1.01115
1.01031
1.00946
1.00861
1.00775
1.00688
1.00601
1.00512
1.00421
1.00325
1.00223
1.00122
1.00043
1.00007
1
1
1
1
1
1.01762
1.01683
1.01604
1.01524
1.01444
1.01362
1.0128
1.01198
1.01115
1.01031
1.00946
1.00861
1.00775
1.00688
1.00601
1.00512
1.00421
1.00325
1.00223
1.00122
1.00043
1.00007
1
1
1
1
1
1.01762
1.01683
1.01604
1.01524
1.01444
1.01362
1.0128
1.01198
1.01115
1.01031
1.00946
1.00861
1.00775
1.00688
1.00601
1.00512
1.00421
1.00325
1.00223
1.00122
1.00043
1.00007
1
1
1
1
1
1.01762
1.01683
1.01604
1.01524
1.01444
1.01362
1.0128
1.01198
1.01115
1.01031
1.00946
1.00861
1.00775
1.00688
1.00601
1.00512
1.00421
1.00325
1.00223
1.00122
1.00043
1.00007
1
1
1
1
1
1.01762
1.01683
1.01604
1.01524
1.01444
1.01362
1.0128
1.01198
1.01115
1.01031
1.00946
1.00861
1.00775
1.00688
1.00601
1.00512
1.00421
1.00325
1.00223
1.00122
1.00043
1.00007
1
1
1
1
1
1.01762
1.01683
1.01604
1.01524
1.01444
1.01362
1.0128
1.01198
1.01115
1.01031
1.00946
1.00861
1.00775
1.00688
1.00601
1.00512
1.00421
1.00325
1.00223
1.00122
1.00043
1.00007
1
1
1
1
1
1.01762
1.01683
1.01604
1.01524
1.01444
1.01362
1.0128
1.01198
1.01115
1.01031
1.00946
1.00861
1.00775
1.00688
1.00601
1.00512
1.00421
1.00325
1.00223
1.00122
1.00043
1.00007
1
1
1
1
1
1.01762
1.01683
1.01604
1.01524
1.01444
1.01362
1.0128
1.01198
1.01115
1.01031
1.00946
1.00861
1.00775
1.00688
1.00601
1.00512
1.00421
1.00325
1.00223
1.00122
1.00043
1.00007
1
1
1
1
1
1.01762
1.01683
1.01604
1.01524
1.01444
1.01362
1.0128
1.01198
1.01115
1.01031
1.00946
1.00861
1.00775
1.00688
1.00601
1.00512
1.00421
1.00325
1.00223
1.00122
1.00043
1.00007
1
1
1
1
1
1.01762
1.01683
1.01604
1.01524
1.01444
1.01362
1.0128
1.01198
1.01115
1.01031
1.00946
1.00861
1.00775
1.00688
1.00601
1.00512
1.00421
1.00325
1.00223
1.00122
1.00043
1.00007
1
1
1
1
1
1.01762
1.01683
1.01604
1.01524
1.01444
1.01362
1.0128
1.01198
1.01115
1.01031
1.00946
1.00861
1.00775
1.00688
1.00601
1.00512
1.00421
1.00325
1.00223
1.00122
1.00043
1.00007
1
1
1
1
1
1.01762
1.01683
1.01604
1.01524
1.01444
1.01362
1.0128
1.01198
1.01115
1.01031
1.00946
1.00861
1.00775
1.00688
1.00601
1.00512
1.00421
1.00325
1.00223
1.00122
1.00043
1.00007
1
1
1
1
1
1.01762
1.01683
1.01604
1.01524
1.01444
1.01362
1.0128
1.01198
1.01115
1.01031
1.00946
1.00861
1.00775
1.00688
1.00601
1.00512
1.00421
1.00325
1.00223
1.00122
1.00043
1.00007
1
1
1
1
1
1.01762
1.01683
1.01604
1.01524
1.01444
1.01362
1.0128
1.01198
1.01115
1.01031
1.00946
1.00861
1.00775
1.00688
1.00601
1.00512
1.00421
1.00325
1.00223
1.00122
1.00043
1.00007
1
1
1
1
1
1.01762
1.01683
1.01604
1.01524
1.01444
1.01362
1.0128
1.01198
1.01115
1.01031
1.00946
1.00861
1.00775
1.00688
1.00601
1.00512
1.00421
1.00325
1.00223
1.00122
1.00043
1.00007
1
1
1
1
1
1.01762
1.01683
1.01604
1.01524
1.01444
1.01362
1.0128
1.01198
1.01115
1.01031
1.00946
1.00861
1.00775
1.00688
1.00601
1.00512
1.00421
1.00325
1.00223
1.00122
1.00043
1.00007
1
1
1
1
1
1.01762
1.01683
1.01604
1.01524
1.01444
1.01362
1.0128
1.01198
1.01115
1.01031
1.00946
1.00861
1.00775
1.00688
1.00601
1.00512
1.00421
1.00325
1.00223
1.00122
1.00043
1.00007
1
1
1
1
1
1.01762
1.01683
1.01604
1.01524
1.01444
1.01362
1.0128
1.01198
1.01115
1.01031
1.00946
1.00861
1.00775
1.00688
1.00601
1.00512
1.00421
1.00325
1.00223
1.00122
1.00043
1.00007
1
1
1
1
1
1.01762
1.01683
1.01604
1.01524
1.01444
1.01362
1.0128
1.01198
1.01115
1.01031
1.00946
1.00861
1.00775
1.00688
1.00601
1.00512
1.00421
1.00325
1.00223
1.00122
1.00043
1.00007
1
1
1
1
1
1.01762
1.01683
1.01604
1.01524
1.01444
1.01362
1.0128
1.01198
1.01115
1.01031
1.00946
1.00861
1.00775
1.00688
1.00601
1.00512
1.00421
1.00325
1.00223
1.00122
1.00043
1.00007
1
1
1
1
1
1.01762
1.01683
1.01604
1.01524
1.01444
1.01362
1.0128
1.01198
1.01115
1.01031
1.00946
1.00861
1.00775
1.00688
1.00601
1.00512
1.00421
1.00325
1.00223
1.00122
1.00043
1.00007
1
1
1
1
1
1.01762
1.01683
1.01604
1.01524
1.01444
1.01362
1.0128
1.01198
1.01115
1.01031
1.00946
1.00861
1.00775
1.00688
1.00601
1.00512
1.00421
1.00325
1.00223
1.00122
1.00043
1.00007
1
1
1
1
1
1.01762
1.01683
1.01604
1.01524
1.01444
1.01362
1.0128
1.01198
1.01115
1.01031
1.00946
1.00861
1.00775
1.00688
1.00601
1.00512
1.00421
1.00325
1.00223
1.00122
1.00043
1.00007
1
1
1
1
1
1.01762
1.01683
1.01604
1.01524
1.01444
1.01362
1.0128
1.01198
1.01115
1.01031
1.00946
1.00861
1.00775
1.00688
1.00601
1.00512
1.00421
1.00325
1.00223
1.00122
1.00043
1.00007
1
1
1
1
1
1.01762
1.01683
1.01604
1.01524
1.01444
1.01362
1.0128
1.01198
1.01115
1.01031
1.00946
1.00861
1.00775
1.00688
1.00601
1.00512
1.00421
1.00325
1.00223
1.00122
1.00043
1.00007
1
1
1
1
1
1.01762
1.01683
1.01604
1.01524
1.01444
1.01362
1.0128
1.01198
1.01115
1.01031
1.00946
1.00861
1.00775
1.00688
1.00601
1.00512
1.00421
1.00325
1.00223
1.00122
1.00043
1.00007
1
1
1
1
1
1.01762
1.01683
1.01604
1.01524
1.01444
1.01362
1.0128
1.01198
1.01115
1.01031
1.00946
1.00861
1.00775
1.00688
1.00601
1.00512
1.00421
1.00325
1.00223
1.00122
1.00043
1.00007
1
1
1
1
1
1.01762
1.01683
1.01604
1.01524
1.01444
1.01362
1.0128
1.01198
1.01115
1.01031
1.00946
1.00861
1.00775
1.00688
1.00601
1.00512
1.00421
1.00325
1.00223
1.00122
1.00043
1.00007
1
1
1
1
1
1.01762
1.01683
1.01604
1.01524
1.01444
1.01362
1.0128
1.01198
1.01115
1.01031
1.00946
1.00861
1.00775
1.00688
1.00601
1.00512
1.00421
1.00325
1.00223
1.00122
1.00043
1.00007
1
1
1
1
1
1.01762
1.01683
1.01604
1.01524
1.01444
1.01362
1.0128
1.01198
1.01115
1.01031
1.00946
1.00861
1.00775
1.00688
1.00601
1.00512
1.00421
1.00325
1.00223
1.00122
1.00043
1.00007
1
1
1
1
1
1.01762
1.01683
1.01604
1.01524
1.01444
1.01362
1.0128
1.01198
1.01115
1.01031
1.00946
1.00861
1.00775
1.00688
1.00601
1.00512
1.00421
1.00325
1.00223
1.00122
1.00043
1.00007
1
1
1
1
1
1.01762
1.01683
1.01604
1.01524
1.01444
1.01362
1.0128
1.01198
1.01115
1.01031
1.00946
1.00861
1.00775
1.00688
1.00601
1.00512
1.00421
1.00325
1.00223
1.00122
1.00043
1.00007
1
1
1
1
1
1.01762
1.01683
1.01604
1.01524
1.01444
1.01362
1.0128
1.01198
1.01115
1.01031
1.00946
1.00861
1.00775
1.00688
1.00601
1.00512
1.00421
1.00325
1.00223
1.00122
1.00043
1.00007
1
1
1
1
1
1.01762
1.01683
1.01604
1.01524
1.01444
1.01362
1.0128
1.01198
1.01115
1.01031
1.00946
1.00861
1.00775
1.00688
1.00601
1.00512
1.00421
1.00325
1.00223
1.00122
1.00043
1.00007
1
1
1
1
1
1.01762
1.01683
1.01604
1.01524
1.01444
1.01362
1.0128
1.01198
1.01115
1.01031
1.00946
1.00861
1.00775
1.00688
1.00601
1.00512
1.00421
1.00325
1.00223
1.00122
1.00043
1.00007
1
1
1
1
1
1.01762
1.01683
1.01604
1.01524
1.01444
1.01362
1.0128
1.01198
1.01115
1.01031
1.00946
1.00861
1.00775
1.00688
1.00601
1.00512
1.00421
1.00325
1.00223
1.00122
1.00043
1.00007
1
1
1
1
1
1.01762
1.01683
1.01604
1.01524
1.01444
1.01362
1.0128
1.01198
1.01115
1.01031
1.00946
1.00861
1.00775
1.00688
1.00601
1.00512
1.00421
1.00325
1.00223
1.00122
1.00043
1.00007
1
1
1
1
1
1.01762
1.01683
1.01604
1.01524
1.01444
1.01362
1.0128
1.01198
1.01115
1.01031
1.00946
1.00861
1.00775
1.00688
1.00601
1.00512
1.00421
1.00325
1.00223
1.00122
1.00043
1.00007
1
1
1
1
1
1.01762
1.01683
1.01604
1.01524
1.01444
1.01362
1.0128
1.01198
1.01115
1.01031
1.00946
1.00861
1.00775
1.00688
1.00601
1.00512
1.00421
1.00325
1.00223
1.00122
1.00043
1.00007
1
1
1
1
1
1.01762
1.01683
1.01604
1.01524
1.01444
1.01362
1.0128
1.01198
1.01115
1.01031
1.00946
1.00861
1.00775
1.00688
1.00601
1.00512
1.00421
1.00325
1.00223
1.00122
1.00043
1.00007
1
1
1
1
1
1.01762
1.01683
1.01604
1.01524
1.01444
1.01362
1.0128
1.01198
1.01115
1.01031
1.00946
1.00861
1.00775
1.00688
1.00601
1.00512
1.00421
1.00325
1.00223
1.00122
1.00043
1.00007
1
1
1
1
1.00001
1.01762
1.01683
1.01604
1.01524
1.01444
1.01362
1.0128
1.01198
1.01115
1.01031
1.00946
1.00861
1.00775
1.00688
1.00601
1.00512
1.00421
1.00325
1.00223
1.00122
1.00043
1.00007
1
1
1
1
1.00002
1.01762
1.01683
1.01604
1.01524
1.01444
1.01362
1.0128
1.01198
1.01115
1.01031
1.00946
1.00861
1.00775
1.00688
1.00601
1.00512
1.00421
1.00325
1.00223
1.00122
1.00043
1.00007
1
1
1
1
1.00004
1.01762
1.01683
1.01604
1.01524
1.01444
1.01362
1.0128
1.01198
1.01115
1.01031
1.00946
1.00861
1.00775
1.00688
1.00601
1.00512
1.00421
1.00325
1.00223
1.00122
1.00043
1.00007
1
1
1
1
1.00009
1.01762
1.01683
1.01604
1.01524
1.01444
1.01362
1.0128
1.01198
1.01115
1.01031
1.00946
1.00861
1.00775
1.00688
1.00601
1.00512
1.00421
1.00325
1.00223
1.00122
1.00043
1.00007
1
1
1
1
1.00022
1.01762
1.01683
1.01604
1.01524
1.01444
1.01362
1.0128
1.01198
1.01115
1.01031
1.00946
1.00861
1.00775
1.00688
1.00601
1.00512
1.00421
1.00325
1.00223
1.00122
1.00043
1.00007
1
1
1
1
1.00053
1.01762
1.01683
1.01604
1.01524
1.01444
1.01362
1.0128
1.01198
1.01115
1.01031
1.00946
1.00861
1.00775
1.00688
1.00601
1.00512
1.00421
1.00325
1.00223
1.00122
1.00043
1.00007
1
1
1
1
1.00128
1.01762
1.01683
1.01604
1.01524
1.01444
1.01362
1.0128
1.01198
1.01115
1.01031
1.00946
1.00861
)
;

boundaryField
{
    inlet
    {
        type            fixedValue;
        value           nonuniform 0();
    }
    outlet
    {
        type            zeroGradient;
    }
    triangle
    {
        type            zeroGradient;
    }
    top
    {
        type            symmetryPlane;
    }
    bottom
    {
        type            symmetryPlane;
    }
    defaultFaces
    {
        type            empty;
    }
    procBoundary2to1
    {
        type            processor;
        value           nonuniform List<scalar> 
121
(
1.01762
1.0184
1.0184
1.0184
1.0184
1.0184
1.0184
1.0184
1.0184
1.0184
1.0184
1.0184
1.0184
1.0184
1.0184
1.0184
1.0184
1.0184
1.0184
1.0184
1.0184
1.0184
1.0184
1.0184
1.0184
1.0184
1.0184
1.0184
1.0184
1.0184
1.0184
1.0184
1.0184
1.0184
1.0184
1.0184
1.0184
1.0184
1.0184
1.0184
1.0184
1.0184
1.0184
1.0184
1.0184
1.0184
1.0184
1.0184
1.0184
1.0184
1.0184
1.0184
1.0184
1.0184
1.0184
1.0184
1.0184
1.0184
1.0184
1.0184
1.0184
1.0184
1.0184
1.0184
1.0184
1.0184
1.0184
1.0184
1.0184
1.0184
1.0184
1.0184
1.0184
1.0184
1.0184
1.0184
1.0184
1.0184
1.0184
1.0184
1.0184
1.0184
1.0184
1.0184
1.0184
1.0184
1.0184
1.0184
1.0184
1.0184
1.0184
1.0184
1.0184
1.0184
1.0184
1.0184
1.0184
1.0184
1.0184
1.0184
1.0184
1.0184
1.0184
1.0184
1.0184
1.0184
1.0184
1.0184
1.0184
1.0184
1.0184
1.0184
1.0184
1.0184
1.0184
1.0184
1.0184
1.0184
1.0184
1.0184
1.0184
)
;
    }
    procBoundary2to3
    {
        type            processor;
        value           nonuniform List<scalar> 
119
(
1
1
1
1
1
1
1
1
1
1
1
1
1
1
1
1
1
1
1
1
1
1
1
1
1
1
1
1
1
1
1
1
1
1
1
1
1
1
1
1
1
1
1
1
1
1
1
1
1
1
1
1
1
1
1
1
1
1
1
1
1
1
1
1
1
1
1
1
1
1
1
1
1
1
1
1
1
1
1
1
1
1
1
1
1
1
1
1
1
1
1
1
1
1
1
1
1
1
1
1
1
1
1
1
1
1
1
1
1
1
1
1
1.00001
1.00003
1.00007
1.00016
1.00039
1.00094
1.00225
)
;
    }
    procBoundary2to10
    {
        type            processor;
        value           nonuniform List<scalar> 
27
(
1.01683
1.01604
1.01524
1.01444
1.01362
1.0128
1.01198
1.01115
1.01031
1.00946
1.00861
1.00775
1.00688
1.00601
1.00512
1.00421
1.00325
1.00223
1.00122
1.00043
1.00007
1
1
1
1
1.00297
1.00775
)
;
    }
}


// ************************************************************************* //
