/*--------------------------------*- C++ -*----------------------------------*\
  =========                 |
  \\      /  F ield         | OpenFOAM: The Open Source CFD Toolbox
   \\    /   O peration     | Website:  https://openfoam.org
    \\  /    A nd           | Version:  7
     \\/     M anipulation  |
\*---------------------------------------------------------------------------*/
FoamFile
{
    version     2.0;
    format      ascii;
    class       volScalarField;
    location    "0.3";
    object      rho;
}
// * * * * * * * * * * * * * * * * * * * * * * * * * * * * * * * * * * * * * //

dimensions      [1 -3 0 0 0 0 0];

internalField   nonuniform List<scalar> 
3225
(
1.41758
1.4168
1.41601
1.41521
1.41441
1.4136
1.41279
1.41196
1.41114
1.4103
1.40946
1.4086
1.40774
1.40688
1.40601
1.40512
1.40422
1.40326
1.40224
1.40122
1.40043
1.40007
1.40001
1.40001
1.40001
1.40001
1.40001
1.41758
1.4168
1.41601
1.41521
1.41441
1.4136
1.41279
1.41196
1.41114
1.4103
1.40946
1.4086
1.40774
1.40688
1.40601
1.40512
1.40422
1.40326
1.40224
1.40122
1.40043
1.40007
1.40001
1.40001
1.40001
1.40001
1.40001
1.41758
1.4168
1.41601
1.41521
1.41441
1.4136
1.41279
1.41196
1.41114
1.4103
1.40946
1.4086
1.40774
1.40688
1.40601
1.40512
1.40422
1.40326
1.40224
1.40122
1.40043
1.40007
1.40001
1.40001
1.40001
1.40001
1.40001
1.41758
1.4168
1.41601
1.41521
1.41441
1.4136
1.41279
1.41196
1.41114
1.4103
1.40946
1.4086
1.40774
1.40688
1.40601
1.40512
1.40422
1.40326
1.40224
1.40122
1.40043
1.40007
1.40001
1.40001
1.40001
1.40001
1.40001
1.41758
1.4168
1.41601
1.41521
1.41441
1.4136
1.41279
1.41196
1.41114
1.4103
1.40946
1.4086
1.40774
1.40688
1.40601
1.40512
1.40422
1.40326
1.40224
1.40122
1.40043
1.40007
1.40001
1.40001
1.40001
1.40001
1.40001
1.41758
1.4168
1.41601
1.41521
1.41441
1.4136
1.41279
1.41196
1.41114
1.4103
1.40946
1.4086
1.40774
1.40688
1.40601
1.40512
1.40422
1.40326
1.40224
1.40122
1.40043
1.40007
1.40001
1.40001
1.40001
1.40001
1.40001
1.41758
1.4168
1.41601
1.41521
1.41441
1.4136
1.41279
1.41196
1.41114
1.4103
1.40946
1.4086
1.40774
1.40688
1.40601
1.40512
1.40422
1.40326
1.40224
1.40122
1.40043
1.40007
1.40001
1.40001
1.40001
1.40001
1.40001
1.41758
1.4168
1.41601
1.41521
1.41441
1.4136
1.41279
1.41196
1.41114
1.4103
1.40946
1.4086
1.40774
1.40688
1.40601
1.40512
1.40422
1.40326
1.40224
1.40122
1.40043
1.40007
1.40001
1.40001
1.40001
1.40001
1.40001
1.41758
1.4168
1.41601
1.41521
1.41441
1.4136
1.41279
1.41196
1.41114
1.4103
1.40946
1.4086
1.40774
1.40688
1.40601
1.40512
1.40422
1.40326
1.40224
1.40122
1.40043
1.40007
1.40001
1.40001
1.40001
1.40001
1.40001
1.41758
1.4168
1.41601
1.41521
1.41441
1.4136
1.41279
1.41196
1.41114
1.4103
1.40946
1.4086
1.40774
1.40688
1.40601
1.40512
1.40422
1.40326
1.40224
1.40122
1.40043
1.40007
1.40001
1.40001
1.40001
1.40001
1.40001
1.41758
1.4168
1.41601
1.41521
1.41441
1.4136
1.41279
1.41196
1.41114
1.4103
1.40946
1.4086
1.40774
1.40688
1.40601
1.40512
1.40422
1.40326
1.40224
1.40122
1.40043
1.40007
1.40001
1.40001
1.40001
1.40001
1.40001
1.41758
1.4168
1.41601
1.41521
1.41441
1.4136
1.41279
1.41196
1.41114
1.4103
1.40946
1.4086
1.40774
1.40688
1.40601
1.40512
1.40422
1.40326
1.40224
1.40122
1.40043
1.40007
1.40001
1.40001
1.40001
1.40001
1.40001
1.41758
1.4168
1.41601
1.41521
1.41441
1.4136
1.41279
1.41196
1.41114
1.4103
1.40946
1.4086
1.40774
1.40688
1.40601
1.40512
1.40422
1.40326
1.40224
1.40122
1.40043
1.40007
1.40001
1.40001
1.40001
1.40001
1.40001
1.41758
1.4168
1.41601
1.41521
1.41441
1.4136
1.41279
1.41196
1.41114
1.4103
1.40946
1.4086
1.40774
1.40688
1.40601
1.40512
1.40422
1.40326
1.40224
1.40122
1.40043
1.40007
1.40001
1.40001
1.40001
1.40001
1.40001
1.41758
1.4168
1.41601
1.41521
1.41441
1.4136
1.41279
1.41196
1.41114
1.4103
1.40946
1.4086
1.40774
1.40688
1.40601
1.40512
1.40422
1.40326
1.40224
1.40122
1.40043
1.40007
1.40001
1.40001
1.40001
1.40001
1.40001
1.41758
1.4168
1.41601
1.41521
1.41441
1.4136
1.41279
1.41196
1.41114
1.4103
1.40946
1.4086
1.40774
1.40688
1.40601
1.40512
1.40422
1.40326
1.40224
1.40122
1.40043
1.40007
1.40001
1.40001
1.40001
1.40001
1.40001
1.41758
1.4168
1.41601
1.41521
1.41441
1.4136
1.41279
1.41196
1.41114
1.4103
1.40946
1.4086
1.40774
1.40688
1.40601
1.40512
1.40422
1.40326
1.40224
1.40122
1.40043
1.40007
1.40001
1.40001
1.40001
1.40001
1.40001
1.41758
1.4168
1.41601
1.41521
1.41441
1.4136
1.41279
1.41196
1.41114
1.4103
1.40946
1.4086
1.40774
1.40688
1.40601
1.40512
1.40422
1.40326
1.40224
1.40122
1.40043
1.40007
1.40001
1.40001
1.40001
1.40001
1.40001
1.41758
1.4168
1.41601
1.41521
1.41441
1.4136
1.41279
1.41196
1.41114
1.4103
1.40946
1.4086
1.40774
1.40688
1.40601
1.40512
1.40422
1.40326
1.40224
1.40122
1.40043
1.40007
1.40001
1.40001
1.40001
1.40001
1.40001
1.41758
1.4168
1.41601
1.41521
1.41441
1.4136
1.41279
1.41196
1.41114
1.4103
1.40946
1.4086
1.40774
1.40688
1.40601
1.40512
1.40422
1.40326
1.40224
1.40122
1.40043
1.40007
1.40001
1.40001
1.40001
1.40001
1.40001
1.41758
1.4168
1.41601
1.41521
1.41441
1.4136
1.41279
1.41196
1.41114
1.4103
1.40946
1.4086
1.40774
1.40688
1.40601
1.40512
1.40422
1.40326
1.40224
1.40122
1.40043
1.40007
1.40001
1.40001
1.40001
1.40001
1.40001
1.41758
1.4168
1.41601
1.41521
1.41441
1.4136
1.41279
1.41196
1.41114
1.4103
1.40946
1.4086
1.40774
1.40688
1.40601
1.40512
1.40422
1.40326
1.40224
1.40122
1.40043
1.40007
1.40001
1.40001
1.40001
1.40001
1.40001
1.41758
1.4168
1.41601
1.41521
1.41441
1.4136
1.41279
1.41196
1.41114
1.4103
1.40946
1.4086
1.40774
1.40688
1.40601
1.40512
1.40422
1.40326
1.40224
1.40122
1.40043
1.40007
1.40001
1.40001
1.40001
1.40001
1.40001
1.41758
1.4168
1.41601
1.41521
1.41441
1.4136
1.41279
1.41196
1.41114
1.4103
1.40946
1.4086
1.40774
1.40688
1.40601
1.40512
1.40422
1.40326
1.40224
1.40122
1.40043
1.40007
1.40001
1.40001
1.40001
1.40001
1.40001
1.41758
1.4168
1.41601
1.41521
1.41441
1.4136
1.41279
1.41196
1.41114
1.4103
1.40946
1.4086
1.40774
1.40688
1.40601
1.40512
1.40422
1.40326
1.40224
1.40122
1.40043
1.40007
1.40001
1.40001
1.40001
1.40001
1.40001
1.41758
1.4168
1.41601
1.41521
1.41441
1.4136
1.41279
1.41196
1.41114
1.4103
1.40946
1.4086
1.40774
1.40688
1.40601
1.40512
1.40422
1.40326
1.40224
1.40122
1.40043
1.40007
1.40001
1.40001
1.40001
1.40001
1.40001
1.41758
1.4168
1.41601
1.41521
1.41441
1.4136
1.41279
1.41196
1.41114
1.4103
1.40946
1.4086
1.40774
1.40688
1.40601
1.40512
1.40422
1.40326
1.40224
1.40122
1.40043
1.40007
1.40001
1.40001
1.40001
1.40001
1.40001
1.41758
1.4168
1.41601
1.41521
1.41441
1.4136
1.41279
1.41196
1.41114
1.4103
1.40946
1.4086
1.40774
1.40688
1.40601
1.40512
1.40422
1.40326
1.40224
1.40122
1.40043
1.40007
1.40001
1.40001
1.40001
1.40001
1.40001
1.41758
1.4168
1.41601
1.41521
1.41441
1.4136
1.41279
1.41196
1.41114
1.4103
1.40946
1.4086
1.40774
1.40688
1.40601
1.40512
1.40422
1.40326
1.40224
1.40122
1.40043
1.40007
1.40001
1.40001
1.40001
1.40001
1.40001
1.41758
1.4168
1.41601
1.41521
1.41441
1.4136
1.41279
1.41196
1.41114
1.4103
1.40946
1.4086
1.40774
1.40688
1.40601
1.40512
1.40422
1.40326
1.40224
1.40122
1.40043
1.40007
1.40001
1.40001
1.40001
1.40001
1.40001
1.41758
1.4168
1.41601
1.41521
1.41441
1.4136
1.41279
1.41196
1.41114
1.4103
1.40946
1.4086
1.40774
1.40688
1.40601
1.40512
1.40422
1.40326
1.40224
1.40122
1.40043
1.40007
1.40001
1.40001
1.40001
1.40001
1.40001
1.41758
1.4168
1.41601
1.41521
1.41441
1.4136
1.41279
1.41196
1.41114
1.4103
1.40946
1.4086
1.40774
1.40688
1.40601
1.40512
1.40422
1.40326
1.40224
1.40122
1.40043
1.40007
1.40001
1.40001
1.40001
1.40001
1.40001
1.41758
1.4168
1.41601
1.41521
1.41441
1.4136
1.41279
1.41196
1.41114
1.4103
1.40946
1.4086
1.40774
1.40688
1.40601
1.40512
1.40422
1.40326
1.40224
1.40122
1.40043
1.40007
1.40001
1.40001
1.40001
1.40001
1.40001
1.41758
1.4168
1.41601
1.41521
1.41441
1.4136
1.41279
1.41196
1.41114
1.4103
1.40946
1.4086
1.40774
1.40688
1.40601
1.40512
1.40422
1.40326
1.40224
1.40122
1.40043
1.40007
1.40001
1.40001
1.40001
1.40001
1.40001
1.41758
1.4168
1.41601
1.41521
1.41441
1.4136
1.41279
1.41196
1.41114
1.4103
1.40946
1.4086
1.40774
1.40688
1.40601
1.40512
1.40422
1.40326
1.40224
1.40122
1.40043
1.40007
1.40001
1.40001
1.40001
1.40001
1.40001
1.41758
1.4168
1.41601
1.41521
1.41441
1.4136
1.41279
1.41196
1.41114
1.4103
1.40946
1.4086
1.40774
1.40688
1.40601
1.40512
1.40422
1.40326
1.40224
1.40122
1.40043
1.40007
1.40001
1.40001
1.40001
1.40001
1.40001
1.41758
1.4168
1.41601
1.41521
1.41441
1.4136
1.41279
1.41196
1.41114
1.4103
1.40946
1.4086
1.40774
1.40688
1.40601
1.40512
1.40422
1.40326
1.40224
1.40122
1.40043
1.40007
1.40001
1.40001
1.40001
1.40001
1.40001
1.41758
1.4168
1.41601
1.41521
1.41441
1.4136
1.41279
1.41196
1.41114
1.4103
1.40946
1.4086
1.40774
1.40688
1.40601
1.40512
1.40422
1.40326
1.40224
1.40122
1.40043
1.40007
1.40001
1.40001
1.40001
1.40001
1.40001
1.41758
1.4168
1.41601
1.41521
1.41441
1.4136
1.41279
1.41196
1.41114
1.4103
1.40946
1.4086
1.40774
1.40688
1.40601
1.40512
1.40422
1.40326
1.40224
1.40122
1.40043
1.40007
1.40001
1.40001
1.40001
1.40001
1.40001
1.41758
1.4168
1.41601
1.41521
1.41441
1.4136
1.41279
1.41196
1.41114
1.4103
1.40946
1.4086
1.40774
1.40688
1.40601
1.40512
1.40422
1.40326
1.40224
1.40122
1.40043
1.40007
1.40001
1.40001
1.40001
1.40001
1.40001
1.41758
1.4168
1.41601
1.41521
1.41441
1.4136
1.41279
1.41196
1.41114
1.4103
1.40946
1.4086
1.40774
1.40688
1.40601
1.40512
1.40422
1.40326
1.40224
1.40122
1.40043
1.40007
1.40001
1.40001
1.40001
1.40001
1.40001
1.41758
1.4168
1.41601
1.41521
1.41441
1.4136
1.41279
1.41196
1.41114
1.4103
1.40946
1.4086
1.40774
1.40688
1.40601
1.40512
1.40422
1.40326
1.40224
1.40122
1.40043
1.40007
1.40001
1.40001
1.40001
1.40001
1.40001
1.41758
1.4168
1.41601
1.41521
1.41441
1.4136
1.41279
1.41196
1.41114
1.4103
1.40946
1.4086
1.40774
1.40688
1.40601
1.40512
1.40422
1.40326
1.40224
1.40122
1.40043
1.40007
1.40001
1.40001
1.40001
1.40001
1.40001
1.41758
1.4168
1.41601
1.41521
1.41441
1.4136
1.41279
1.41196
1.41114
1.4103
1.40946
1.4086
1.40774
1.40688
1.40601
1.40512
1.40422
1.40326
1.40224
1.40122
1.40043
1.40007
1.40001
1.40001
1.40001
1.40001
1.40001
1.41758
1.4168
1.41601
1.41521
1.41441
1.4136
1.41279
1.41196
1.41114
1.4103
1.40946
1.4086
1.40774
1.40688
1.40601
1.40512
1.40422
1.40326
1.40224
1.40122
1.40043
1.40007
1.40001
1.40001
1.40001
1.40001
1.40001
1.41758
1.4168
1.41601
1.41521
1.41441
1.4136
1.41279
1.41196
1.41114
1.4103
1.40946
1.4086
1.40774
1.40688
1.40601
1.40512
1.40422
1.40326
1.40224
1.40122
1.40043
1.40007
1.40001
1.40001
1.40001
1.40001
1.40001
1.41758
1.4168
1.41601
1.41521
1.41441
1.4136
1.41279
1.41196
1.41114
1.4103
1.40946
1.4086
1.40774
1.40688
1.40601
1.40512
1.40422
1.40326
1.40224
1.40122
1.40043
1.40007
1.40001
1.40001
1.40001
1.40001
1.40001
1.41758
1.4168
1.41601
1.41521
1.41441
1.4136
1.41279
1.41196
1.41114
1.4103
1.40946
1.4086
1.40774
1.40688
1.40601
1.40512
1.40422
1.40326
1.40224
1.40122
1.40043
1.40007
1.40001
1.40001
1.40001
1.40001
1.40001
1.41758
1.4168
1.41601
1.41521
1.41441
1.4136
1.41279
1.41196
1.41114
1.4103
1.40946
1.4086
1.40774
1.40688
1.40601
1.40512
1.40422
1.40326
1.40224
1.40122
1.40043
1.40007
1.40001
1.40001
1.40001
1.40001
1.40001
1.41758
1.4168
1.41601
1.41521
1.41441
1.4136
1.41279
1.41196
1.41114
1.4103
1.40946
1.4086
1.40774
1.40688
1.40601
1.40512
1.40422
1.40326
1.40224
1.40122
1.40043
1.40007
1.40001
1.40001
1.40001
1.40001
1.40001
1.41758
1.4168
1.41601
1.41521
1.41441
1.4136
1.41279
1.41196
1.41114
1.4103
1.40946
1.4086
1.40774
1.40688
1.40601
1.40512
1.40422
1.40326
1.40224
1.40122
1.40043
1.40007
1.40001
1.40001
1.40001
1.40001
1.40001
1.41758
1.4168
1.41601
1.41521
1.41441
1.4136
1.41279
1.41196
1.41114
1.4103
1.40946
1.4086
1.40774
1.40688
1.40601
1.40512
1.40422
1.40326
1.40224
1.40122
1.40043
1.40007
1.40001
1.40001
1.40001
1.40001
1.40001
1.41758
1.4168
1.41601
1.41521
1.41441
1.4136
1.41279
1.41196
1.41114
1.4103
1.40946
1.4086
1.40774
1.40688
1.40601
1.40512
1.40422
1.40326
1.40224
1.40122
1.40043
1.40007
1.40001
1.40001
1.40001
1.40001
1.40001
1.41758
1.4168
1.41601
1.41521
1.41441
1.4136
1.41279
1.41196
1.41114
1.4103
1.40946
1.4086
1.40774
1.40688
1.40601
1.40512
1.40422
1.40326
1.40224
1.40122
1.40043
1.40007
1.40001
1.40001
1.40001
1.40001
1.40001
1.41758
1.4168
1.41601
1.41521
1.41441
1.4136
1.41279
1.41196
1.41114
1.4103
1.40946
1.4086
1.40774
1.40688
1.40601
1.40512
1.40422
1.40326
1.40224
1.40122
1.40043
1.40007
1.40001
1.40001
1.40001
1.40001
1.40001
1.41758
1.4168
1.41601
1.41521
1.41441
1.4136
1.41279
1.41196
1.41114
1.4103
1.40946
1.4086
1.40774
1.40688
1.40601
1.40512
1.40422
1.40326
1.40224
1.40122
1.40043
1.40007
1.40001
1.40001
1.40001
1.40001
1.40001
1.41758
1.4168
1.41601
1.41521
1.41441
1.4136
1.41279
1.41196
1.41114
1.4103
1.40946
1.4086
1.40774
1.40688
1.40601
1.40512
1.40422
1.40326
1.40224
1.40122
1.40043
1.40007
1.40001
1.40001
1.40001
1.40001
1.40001
1.41758
1.4168
1.41601
1.41521
1.41441
1.4136
1.41279
1.41196
1.41114
1.4103
1.40946
1.4086
1.40774
1.40688
1.40601
1.40512
1.40422
1.40326
1.40224
1.40122
1.40043
1.40007
1.40001
1.40001
1.40001
1.40001
1.40001
1.41758
1.4168
1.41601
1.41521
1.41441
1.4136
1.41279
1.41196
1.41114
1.4103
1.40946
1.4086
1.40774
1.40688
1.40601
1.40512
1.40422
1.40326
1.40224
1.40122
1.40043
1.40007
1.40001
1.40001
1.40001
1.40001
1.40001
1.41758
1.4168
1.41601
1.41521
1.41441
1.4136
1.41279
1.41196
1.41114
1.4103
1.40946
1.4086
1.40774
1.40688
1.40601
1.40512
1.40422
1.40326
1.40224
1.40122
1.40043
1.40007
1.40001
1.40001
1.40001
1.40001
1.40001
1.41758
1.4168
1.41601
1.41521
1.41441
1.4136
1.41279
1.41196
1.41114
1.4103
1.40946
1.4086
1.40774
1.40688
1.40601
1.40512
1.40422
1.40326
1.40224
1.40122
1.40043
1.40007
1.40001
1.40001
1.40001
1.40001
1.40001
1.41758
1.4168
1.41601
1.41521
1.41441
1.4136
1.41279
1.41196
1.41114
1.4103
1.40946
1.4086
1.40774
1.40688
1.40601
1.40512
1.40422
1.40326
1.40224
1.40122
1.40043
1.40007
1.40001
1.40001
1.40001
1.40001
1.40001
1.41758
1.4168
1.41601
1.41521
1.41441
1.4136
1.41279
1.41196
1.41114
1.4103
1.40946
1.4086
1.40774
1.40688
1.40601
1.40512
1.40422
1.40326
1.40224
1.40122
1.40043
1.40007
1.40001
1.40001
1.40001
1.40001
1.40001
1.41758
1.4168
1.41601
1.41521
1.41441
1.4136
1.41279
1.41196
1.41114
1.4103
1.40946
1.4086
1.40774
1.40688
1.40601
1.40512
1.40422
1.40326
1.40224
1.40122
1.40043
1.40007
1.40001
1.40001
1.40001
1.40001
1.40001
1.41758
1.4168
1.41601
1.41521
1.41441
1.4136
1.41279
1.41196
1.41114
1.4103
1.40946
1.4086
1.40774
1.40688
1.40601
1.40512
1.40422
1.40326
1.40224
1.40122
1.40043
1.40007
1.40001
1.40001
1.40001
1.40001
1.40001
1.41758
1.4168
1.41601
1.41521
1.41441
1.4136
1.41279
1.41196
1.41114
1.4103
1.40946
1.4086
1.40774
1.40688
1.40601
1.40512
1.40422
1.40326
1.40224
1.40122
1.40043
1.40007
1.40001
1.40001
1.40001
1.40001
1.40001
1.41758
1.4168
1.41601
1.41521
1.41441
1.4136
1.41279
1.41196
1.41114
1.4103
1.40946
1.4086
1.40774
1.40688
1.40601
1.40512
1.40422
1.40326
1.40224
1.40122
1.40043
1.40007
1.40001
1.40001
1.40001
1.40001
1.40001
1.41758
1.4168
1.41601
1.41521
1.41441
1.4136
1.41279
1.41196
1.41114
1.4103
1.40946
1.4086
1.40774
1.40688
1.40601
1.40512
1.40422
1.40326
1.40224
1.40122
1.40043
1.40007
1.40001
1.40001
1.40001
1.40001
1.40001
1.41758
1.4168
1.41601
1.41521
1.41441
1.4136
1.41279
1.41196
1.41114
1.4103
1.40946
1.4086
1.40774
1.40688
1.40601
1.40512
1.40422
1.40326
1.40224
1.40122
1.40043
1.40007
1.40001
1.40001
1.40001
1.40001
1.40001
1.41758
1.4168
1.41601
1.41521
1.41441
1.4136
1.41279
1.41196
1.41114
1.4103
1.40946
1.4086
1.40774
1.40688
1.40601
1.40512
1.40422
1.40326
1.40224
1.40122
1.40043
1.40007
1.40001
1.40001
1.40001
1.40001
1.40001
1.41758
1.4168
1.41601
1.41521
1.41441
1.4136
1.41279
1.41196
1.41114
1.4103
1.40946
1.4086
1.40774
1.40688
1.40601
1.40512
1.40422
1.40326
1.40224
1.40122
1.40043
1.40007
1.40001
1.40001
1.40001
1.40001
1.40001
1.41758
1.4168
1.41601
1.41521
1.41441
1.4136
1.41279
1.41196
1.41114
1.4103
1.40946
1.4086
1.40774
1.40688
1.40601
1.40512
1.40422
1.40326
1.40224
1.40122
1.40043
1.40007
1.40001
1.40001
1.40001
1.40001
1.40001
1.41758
1.4168
1.41601
1.41521
1.41441
1.4136
1.41279
1.41196
1.41114
1.4103
1.40946
1.4086
1.40774
1.40688
1.40601
1.40512
1.40422
1.40326
1.40224
1.40122
1.40043
1.40007
1.40001
1.40001
1.40001
1.40001
1.40001
1.41758
1.4168
1.41601
1.41521
1.41441
1.4136
1.41279
1.41196
1.41114
1.4103
1.40946
1.4086
1.40774
1.40688
1.40601
1.40512
1.40422
1.40326
1.40224
1.40122
1.40043
1.40007
1.40001
1.40001
1.40001
1.40001
1.40001
1.41758
1.4168
1.41601
1.41521
1.41441
1.4136
1.41279
1.41196
1.41114
1.4103
1.40946
1.4086
1.40774
1.40688
1.40601
1.40512
1.40422
1.40326
1.40224
1.40122
1.40043
1.40007
1.40001
1.40001
1.40001
1.40001
1.40001
1.41758
1.4168
1.41601
1.41521
1.41441
1.4136
1.41279
1.41196
1.41114
1.4103
1.40946
1.4086
1.40774
1.40688
1.40601
1.40512
1.40422
1.40326
1.40224
1.40122
1.40043
1.40007
1.40001
1.40001
1.40001
1.40001
1.40001
1.41758
1.4168
1.41601
1.41521
1.41441
1.4136
1.41279
1.41196
1.41114
1.4103
1.40946
1.4086
1.40774
1.40688
1.40601
1.40512
1.40422
1.40326
1.40224
1.40122
1.40043
1.40007
1.40001
1.40001
1.40001
1.40001
1.40001
1.41758
1.4168
1.41601
1.41521
1.41441
1.4136
1.41279
1.41196
1.41114
1.4103
1.40946
1.4086
1.40774
1.40688
1.40601
1.40512
1.40422
1.40326
1.40224
1.40122
1.40043
1.40007
1.40001
1.40001
1.40001
1.40001
1.40001
1.41758
1.4168
1.41601
1.41521
1.41441
1.4136
1.41279
1.41196
1.41114
1.4103
1.40946
1.4086
1.40774
1.40688
1.40601
1.40512
1.40422
1.40326
1.40224
1.40122
1.40043
1.40007
1.40001
1.40001
1.40001
1.40001
1.40001
1.41758
1.4168
1.41601
1.41521
1.41441
1.4136
1.41279
1.41196
1.41114
1.4103
1.40946
1.4086
1.40774
1.40688
1.40601
1.40512
1.40422
1.40326
1.40224
1.40122
1.40043
1.40007
1.40001
1.40001
1.40001
1.40001
1.40001
1.41758
1.4168
1.41601
1.41521
1.41441
1.4136
1.41279
1.41196
1.41114
1.4103
1.40946
1.4086
1.40774
1.40688
1.40601
1.40512
1.40422
1.40326
1.40224
1.40122
1.40043
1.40007
1.40001
1.40001
1.40001
1.40001
1.40001
1.41758
1.4168
1.41601
1.41521
1.41441
1.4136
1.41279
1.41196
1.41114
1.4103
1.40946
1.4086
1.40774
1.40688
1.40601
1.40512
1.40422
1.40326
1.40224
1.40122
1.40043
1.40007
1.40001
1.40001
1.40001
1.40001
1.40001
1.41758
1.4168
1.41601
1.41521
1.41441
1.4136
1.41279
1.41196
1.41114
1.4103
1.40946
1.4086
1.40774
1.40688
1.40601
1.40512
1.40422
1.40326
1.40224
1.40122
1.40043
1.40007
1.40001
1.40001
1.40001
1.40001
1.40001
1.41758
1.4168
1.41601
1.41521
1.41441
1.4136
1.41279
1.41196
1.41114
1.4103
1.40946
1.4086
1.40774
1.40688
1.40601
1.40512
1.40422
1.40326
1.40224
1.40122
1.40043
1.40007
1.40001
1.40001
1.40001
1.40001
1.40001
1.41758
1.4168
1.41601
1.41521
1.41441
1.4136
1.41279
1.41196
1.41114
1.4103
1.40946
1.4086
1.40774
1.40688
1.40601
1.40512
1.40422
1.40326
1.40224
1.40122
1.40043
1.40007
1.40001
1.40001
1.40001
1.40001
1.40001
1.41758
1.4168
1.41601
1.41521
1.41441
1.4136
1.41279
1.41196
1.41114
1.4103
1.40946
1.4086
1.40774
1.40688
1.40601
1.40512
1.40422
1.40326
1.40224
1.40122
1.40043
1.40007
1.40001
1.40001
1.40001
1.40001
1.40001
1.41758
1.4168
1.41601
1.41521
1.41441
1.4136
1.41279
1.41196
1.41114
1.4103
1.40946
1.4086
1.40774
1.40688
1.40601
1.40512
1.40422
1.40326
1.40224
1.40122
1.40043
1.40007
1.40001
1.40001
1.40001
1.40001
1.40001
1.41758
1.4168
1.41601
1.41521
1.41441
1.4136
1.41279
1.41196
1.41114
1.4103
1.40946
1.4086
1.40774
1.40688
1.40601
1.40512
1.40422
1.40326
1.40224
1.40122
1.40043
1.40007
1.40001
1.40001
1.40001
1.40001
1.40001
1.41758
1.4168
1.41601
1.41521
1.41441
1.4136
1.41279
1.41196
1.41114
1.4103
1.40946
1.4086
1.40774
1.40688
1.40601
1.40512
1.40422
1.40326
1.40224
1.40122
1.40043
1.40007
1.40001
1.40001
1.40001
1.40001
1.40001
1.41758
1.4168
1.41601
1.41521
1.41441
1.4136
1.41279
1.41196
1.41114
1.4103
1.40946
1.4086
1.40774
1.40688
1.40601
1.40512
1.40422
1.40326
1.40224
1.40122
1.40043
1.40007
1.40001
1.40001
1.40001
1.40001
1.40001
1.41758
1.4168
1.41601
1.41521
1.41441
1.4136
1.41279
1.41196
1.41114
1.4103
1.40946
1.4086
1.40774
1.40688
1.40601
1.40512
1.40422
1.40326
1.40224
1.40122
1.40043
1.40007
1.40001
1.40001
1.40001
1.40001
1.40001
1.41758
1.4168
1.41601
1.41521
1.41441
1.4136
1.41279
1.41196
1.41114
1.4103
1.40946
1.4086
1.40774
1.40688
1.40601
1.40512
1.40422
1.40326
1.40224
1.40122
1.40043
1.40007
1.40001
1.40001
1.40001
1.40001
1.40001
1.41758
1.4168
1.41601
1.41521
1.41441
1.4136
1.41279
1.41196
1.41114
1.4103
1.40946
1.4086
1.40774
1.40688
1.40601
1.40512
1.40422
1.40326
1.40224
1.40122
1.40043
1.40007
1.40001
1.40001
1.40001
1.40001
1.40001
1.41758
1.4168
1.41601
1.41521
1.41441
1.4136
1.41279
1.41196
1.41114
1.4103
1.40946
1.4086
1.40774
1.40688
1.40601
1.40512
1.40422
1.40326
1.40224
1.40122
1.40043
1.40007
1.40001
1.40001
1.40001
1.40001
1.40001
1.41758
1.4168
1.41601
1.41521
1.41441
1.4136
1.41279
1.41196
1.41114
1.4103
1.40946
1.4086
1.40774
1.40688
1.40601
1.40512
1.40422
1.40326
1.40224
1.40122
1.40043
1.40007
1.40001
1.40001
1.40001
1.40001
1.40001
1.41758
1.4168
1.41601
1.41521
1.41441
1.4136
1.41279
1.41196
1.41114
1.4103
1.40946
1.4086
1.40774
1.40688
1.40601
1.40512
1.40422
1.40326
1.40224
1.40122
1.40043
1.40007
1.40001
1.40001
1.40001
1.40001
1.40001
1.41758
1.4168
1.41601
1.41521
1.41441
1.4136
1.41279
1.41196
1.41114
1.4103
1.40946
1.4086
1.40774
1.40688
1.40601
1.40512
1.40422
1.40326
1.40224
1.40122
1.40043
1.40007
1.40001
1.40001
1.40001
1.40001
1.40001
1.41758
1.4168
1.41601
1.41521
1.41441
1.4136
1.41279
1.41196
1.41114
1.4103
1.40946
1.4086
1.40774
1.40688
1.40601
1.40512
1.40422
1.40326
1.40224
1.40122
1.40043
1.40007
1.40001
1.40001
1.40001
1.40001
1.40001
1.41758
1.4168
1.41601
1.41521
1.41441
1.4136
1.41279
1.41196
1.41114
1.4103
1.40946
1.4086
1.40774
1.40688
1.40601
1.40512
1.40422
1.40326
1.40224
1.40122
1.40043
1.40007
1.40001
1.40001
1.40001
1.40001
1.40001
1.41758
1.4168
1.41601
1.41521
1.41441
1.4136
1.41279
1.41196
1.41114
1.4103
1.40946
1.4086
1.40774
1.40688
1.40601
1.40512
1.40422
1.40326
1.40224
1.40122
1.40043
1.40007
1.40001
1.40001
1.40001
1.40001
1.40001
1.41758
1.4168
1.41601
1.41521
1.41441
1.4136
1.41279
1.41196
1.41114
1.4103
1.40946
1.4086
1.40774
1.40688
1.40601
1.40512
1.40422
1.40326
1.40224
1.40122
1.40043
1.40007
1.40001
1.40001
1.40001
1.40001
1.40001
1.41758
1.4168
1.41601
1.41521
1.41441
1.4136
1.41279
1.41196
1.41114
1.4103
1.40946
1.4086
1.40774
1.40688
1.40601
1.40512
1.40422
1.40326
1.40224
1.40122
1.40043
1.40007
1.40001
1.40001
1.40001
1.40001
1.40001
1.41758
1.4168
1.41601
1.41521
1.41441
1.4136
1.41279
1.41196
1.41114
1.4103
1.40946
1.4086
1.40774
1.40688
1.40601
1.40512
1.40422
1.40326
1.40224
1.40122
1.40043
1.40007
1.40001
1.40001
1.40001
1.40001
1.40001
1.41758
1.4168
1.41601
1.41521
1.41441
1.4136
1.41279
1.41196
1.41114
1.4103
1.40946
1.4086
1.40774
1.40688
1.40601
1.40512
1.40422
1.40326
1.40224
1.40122
1.40043
1.40007
1.40001
1.40001
1.40001
1.40001
1.40001
1.41758
1.4168
1.41601
1.41521
1.41441
1.4136
1.41279
1.41196
1.41114
1.4103
1.40946
1.4086
1.40774
1.40688
1.40601
1.40512
1.40422
1.40326
1.40224
1.40122
1.40043
1.40007
1.40001
1.40001
1.40001
1.40001
1.40001
1.41758
1.4168
1.41601
1.41521
1.41441
1.4136
1.41279
1.41196
1.41114
1.4103
1.40946
1.4086
1.40774
1.40688
1.40601
1.40512
1.40422
1.40326
1.40224
1.40122
1.40043
1.40007
1.40001
1.40001
1.40001
1.40001
1.40001
1.41758
1.4168
1.41601
1.41521
1.41441
1.4136
1.41279
1.41196
1.41114
1.4103
1.40946
1.4086
1.40774
1.40688
1.40601
1.40512
1.40422
1.40326
1.40224
1.40122
1.40043
1.40007
1.40001
1.40001
1.40001
1.40001
1.40001
1.41758
1.4168
1.41601
1.41521
1.41441
1.4136
1.41279
1.41196
1.41114
1.4103
1.40946
1.4086
1.40774
1.40688
1.40601
1.40512
1.40422
1.40326
1.40224
1.40122
1.40043
1.40007
1.40001
1.40001
1.40001
1.40001
1.40001
1.41758
1.4168
1.41601
1.41521
1.41441
1.4136
1.41279
1.41196
1.41114
1.4103
1.40946
1.4086
1.40774
1.40688
1.40601
1.40512
1.40422
1.40326
1.40224
1.40122
1.40043
1.40007
1.40001
1.40001
1.40001
1.40001
1.40001
1.41758
1.4168
1.41601
1.41521
1.41441
1.4136
1.41279
1.41196
1.41114
1.4103
1.40946
1.4086
1.40774
1.40688
1.40601
1.40512
1.40422
1.40326
1.40224
1.40122
1.40043
1.40007
1.40001
1.40001
1.40001
1.40001
1.40001
1.41758
1.4168
1.41601
1.41521
1.41441
1.4136
1.41279
1.41196
1.41114
1.4103
1.40946
1.4086
1.40774
1.40688
1.40601
1.40512
1.40422
1.40326
1.40224
1.40122
1.40043
1.40007
1.40001
1.40001
1.40001
1.40001
1.40001
1.41758
1.4168
1.41601
1.41521
1.41441
1.4136
1.41279
1.41196
1.41114
1.4103
1.40946
1.4086
1.40774
1.40688
1.40601
1.40512
1.40422
1.40326
1.40224
1.40122
1.40043
1.40007
1.40001
1.40001
1.40001
1.40001
1.40001
1.41758
1.4168
1.41601
1.41521
1.41441
1.4136
1.41279
1.41196
1.41114
1.4103
1.40946
1.4086
1.40774
1.40688
1.40601
1.40512
1.40422
1.40326
1.40224
1.40122
1.40043
1.40007
1.40001
1.40001
1.40001
1.40001
1.40001
1.41758
1.4168
1.41601
1.41521
1.41441
1.4136
1.41279
1.41196
1.41114
1.4103
1.40946
1.4086
1.40774
1.40688
1.40601
1.40512
1.40422
1.40326
1.40224
1.40122
1.40043
1.40007
1.40001
1.40001
1.40001
1.40001
1.40002
1.41758
1.4168
1.41601
1.41521
1.41441
1.4136
1.41279
1.41196
1.41114
1.4103
1.40946
1.4086
1.40774
1.40688
1.40601
1.40512
1.40422
1.40326
1.40224
1.40122
1.40043
1.40007
1.40001
1.40001
1.40001
1.40001
1.40004
1.41758
1.4168
1.41601
1.41521
1.41441
1.4136
1.41279
1.41196
1.41114
1.4103
1.40946
1.4086
1.40774
1.40688
1.40601
1.40512
1.40422
1.40326
1.40224
1.40122
1.40043
1.40007
1.40001
1.40001
1.40001
1.40001
1.4001
1.41758
1.4168
1.41601
1.41521
1.41441
1.4136
1.41279
1.41196
1.41114
1.4103
1.40946
1.4086
1.40774
1.40688
1.40601
1.40512
1.40422
1.40326
1.40224
1.40122
1.40043
1.40007
1.40001
1.40001
1.40001
1.40001
1.40023
1.41758
1.4168
1.41601
1.41521
1.41441
1.4136
1.41279
1.41196
1.41114
1.4103
1.40946
1.4086
1.40774
1.40688
1.40601
1.40512
1.40422
1.40326
1.40224
1.40122
1.40043
1.40007
1.40001
1.40001
1.40001
1.40001
1.40054
1.41758
1.4168
1.41601
1.41521
1.41441
1.4136
1.41279
1.41196
1.41114
1.4103
1.40946
1.4086
1.40774
1.40688
1.40601
1.40512
1.40422
1.40326
1.40224
1.40122
1.40043
1.40007
1.40001
1.40001
1.40001
1.40001
1.40129
1.41758
1.4168
1.41601
1.41521
1.41441
1.4136
1.41279
1.41196
1.41114
1.4103
1.40946
1.4086
)
;

boundaryField
{
    inlet
    {
        type            calculated;
        value           nonuniform 0();
    }
    outlet
    {
        type            calculated;
        value           nonuniform 0();
    }
    triangle
    {
        type            calculated;
        value           nonuniform 0();
    }
    top
    {
        type            symmetryPlane;
    }
    bottom
    {
        type            symmetryPlane;
    }
    defaultFaces
    {
        type            empty;
    }
    procBoundary2to1
    {
        type            processor;
        value           nonuniform List<scalar> 
121
(
1.41758
1.41835
1.41835
1.41835
1.41835
1.41835
1.41835
1.41835
1.41835
1.41835
1.41835
1.41835
1.41835
1.41835
1.41835
1.41835
1.41835
1.41835
1.41835
1.41835
1.41835
1.41835
1.41835
1.41835
1.41835
1.41835
1.41835
1.41835
1.41835
1.41835
1.41835
1.41835
1.41835
1.41835
1.41835
1.41835
1.41835
1.41835
1.41835
1.41835
1.41835
1.41835
1.41835
1.41835
1.41835
1.41835
1.41835
1.41835
1.41835
1.41835
1.41835
1.41835
1.41835
1.41835
1.41835
1.41835
1.41835
1.41835
1.41835
1.41835
1.41835
1.41835
1.41835
1.41835
1.41835
1.41835
1.41835
1.41835
1.41835
1.41835
1.41835
1.41835
1.41835
1.41835
1.41835
1.41835
1.41835
1.41835
1.41835
1.41835
1.41835
1.41835
1.41835
1.41835
1.41835
1.41835
1.41835
1.41835
1.41835
1.41835
1.41835
1.41835
1.41835
1.41835
1.41835
1.41835
1.41835
1.41835
1.41835
1.41835
1.41835
1.41835
1.41835
1.41835
1.41835
1.41835
1.41835
1.41835
1.41835
1.41835
1.41835
1.41835
1.41835
1.41835
1.41835
1.41835
1.41835
1.41835
1.41835
1.41835
1.41835
)
;
    }
    procBoundary2to3
    {
        type            processor;
        value           nonuniform List<scalar> 
119
(
1.40001
1.40001
1.40001
1.40001
1.40001
1.40001
1.40001
1.40001
1.40001
1.40001
1.40001
1.40001
1.40001
1.40001
1.40001
1.40001
1.40001
1.40001
1.40001
1.40001
1.40001
1.40001
1.40001
1.40001
1.40001
1.40001
1.40001
1.40001
1.40001
1.40001
1.40001
1.40001
1.40001
1.40001
1.40001
1.40001
1.40001
1.40001
1.40001
1.40001
1.40001
1.40001
1.40001
1.40001
1.40001
1.40001
1.40001
1.40001
1.40001
1.40001
1.40001
1.40001
1.40001
1.40001
1.40001
1.40001
1.40001
1.40001
1.40001
1.40001
1.40001
1.40001
1.40001
1.40001
1.40001
1.40001
1.40001
1.40001
1.40001
1.40001
1.40001
1.40001
1.40001
1.40001
1.40001
1.40001
1.40001
1.40001
1.40001
1.40001
1.40001
1.40001
1.40001
1.40001
1.40001
1.40001
1.40001
1.40001
1.40001
1.40001
1.40001
1.40001
1.40001
1.40001
1.40001
1.40001
1.40001
1.40001
1.40001
1.40001
1.40001
1.40001
1.40001
1.40001
1.40001
1.40001
1.40001
1.40001
1.40001
1.40001
1.40001
1.40001
1.40002
1.40003
1.40007
1.40017
1.40039
1.40095
1.40226
)
;
    }
    procBoundary2to10
    {
        type            processor;
        value           nonuniform List<scalar> 
27
(
1.4168
1.41601
1.41521
1.41441
1.4136
1.41279
1.41196
1.41114
1.4103
1.40946
1.4086
1.40774
1.40688
1.40601
1.40512
1.40422
1.40326
1.40224
1.40122
1.40043
1.40007
1.40001
1.40001
1.40001
1.40001
1.40297
1.40774
)
;
    }
}


// ************************************************************************* //
