/*--------------------------------*- C++ -*----------------------------------*\
  =========                 |
  \\      /  F ield         | OpenFOAM: The Open Source CFD Toolbox
   \\    /   O peration     | Website:  https://openfoam.org
    \\  /    A nd           | Version:  7
     \\/     M anipulation  |
\*---------------------------------------------------------------------------*/
FoamFile
{
    version     2.0;
    format      ascii;
    class       labelList;
    location    "constant/polyMesh";
    object      pointProcAddressing;
}
// * * * * * * * * * * * * * * * * * * * * * * * * * * * * * * * * * * * * * //


6746
(
36618
36619
36620
36621
36622
36623
36624
36625
36626
36627
36628
36629
36630
43878
43879
43880
43881
43882
43883
43884
43885
43886
43887
43888
43889
43890
140921
140922
140923
140924
140925
140926
140927
140928
140929
140930
140931
140932
140933
140934
140935
140936
140937
140938
140939
140940
140941
140942
140943
140944
140945
140946
140947
140948
140981
140982
140983
140984
140985
140986
140987
140988
140989
140990
140991
140992
140993
140994
140995
140996
140997
140998
140999
141000
141001
141002
141003
141004
141005
141006
141007
141008
141041
141042
141043
141044
141045
141046
141047
141048
141049
141050
141051
141052
141053
141054
141055
141056
141057
141058
141059
141060
141061
141062
141063
141064
141065
141066
141067
141068
141101
141102
141103
141104
141105
141106
141107
141108
141109
141110
141111
141112
141113
141114
141115
141116
141117
141118
141119
141120
141121
141122
141123
141124
141125
141126
141127
141128
141161
141162
141163
141164
141165
141166
141167
141168
141169
141170
141171
141172
141173
141174
141175
141176
141177
141178
141179
141180
141181
141182
141183
141184
141185
141186
141187
141188
141221
141222
141223
141224
141225
141226
141227
141228
141229
141230
141231
141232
141233
141234
141235
141236
141237
141238
141239
141240
141241
141242
141243
141244
141245
141246
141247
141248
141281
141282
141283
141284
141285
141286
141287
141288
141289
141290
141291
141292
141293
141294
141295
141296
141297
141298
141299
141300
141301
141302
141303
141304
141305
141306
141307
141308
141341
141342
141343
141344
141345
141346
141347
141348
141349
141350
141351
141352
141353
141354
141355
141356
141357
141358
141359
141360
141361
141362
141363
141364
141365
141366
141367
141368
141401
141402
141403
141404
141405
141406
141407
141408
141409
141410
141411
141412
141413
141414
141415
141416
141417
141418
141419
141420
141421
141422
141423
141424
141425
141426
141427
141428
141461
141462
141463
141464
141465
141466
141467
141468
141469
141470
141471
141472
141473
141474
141475
141476
141477
141478
141479
141480
141481
141482
141483
141484
141485
141486
141487
141488
141521
141522
141523
141524
141525
141526
141527
141528
141529
141530
141531
141532
141533
141534
141535
141536
141537
141538
141539
141540
141541
141542
141543
141544
141545
141546
141547
141548
141581
141582
141583
141584
141585
141586
141587
141588
141589
141590
141591
141592
141593
141594
141595
141596
141597
141598
141599
141600
141601
141602
141603
141604
141605
141606
141607
141608
141641
141642
141643
141644
141645
141646
141647
141648
141649
141650
141651
141652
141653
141654
141655
141656
141657
141658
141659
141660
141661
141662
141663
141664
141665
141666
141667
141668
141701
141702
141703
141704
141705
141706
141707
141708
141709
141710
141711
141712
141713
141714
141715
141716
141717
141718
141719
141720
141721
141722
141723
141724
141725
141726
141727
141728
141761
141762
141763
141764
141765
141766
141767
141768
141769
141770
141771
141772
141773
141774
141775
141776
141777
141778
141779
141780
141781
141782
141783
141784
141785
141786
141787
141788
141821
141822
141823
141824
141825
141826
141827
141828
141829
141830
141831
141832
141833
141834
141835
141836
141837
141838
141839
141840
141841
141842
141843
141844
141845
141846
141847
141848
141881
141882
141883
141884
141885
141886
141887
141888
141889
141890
141891
141892
141893
141894
141895
141896
141897
141898
141899
141900
141901
141902
141903
141904
141905
141906
141907
141908
141941
141942
141943
141944
141945
141946
141947
141948
141949
141950
141951
141952
141953
141954
141955
141956
141957
141958
141959
141960
141961
141962
141963
141964
141965
141966
141967
141968
142001
142002
142003
142004
142005
142006
142007
142008
142009
142010
142011
142012
142013
142014
142015
142016
142017
142018
142019
142020
142021
142022
142023
142024
142025
142026
142027
142028
142061
142062
142063
142064
142065
142066
142067
142068
142069
142070
142071
142072
142073
142074
142075
142076
142077
142078
142079
142080
142081
142082
142083
142084
142085
142086
142087
142088
142121
142122
142123
142124
142125
142126
142127
142128
142129
142130
142131
142132
142133
142134
142135
142136
142137
142138
142139
142140
142141
142142
142143
142144
142145
142146
142147
142148
142181
142182
142183
142184
142185
142186
142187
142188
142189
142190
142191
142192
142193
142194
142195
142196
142197
142198
142199
142200
142201
142202
142203
142204
142205
142206
142207
142208
142241
142242
142243
142244
142245
142246
142247
142248
142249
142250
142251
142252
142253
142254
142255
142256
142257
142258
142259
142260
142261
142262
142263
142264
142265
142266
142267
142268
142301
142302
142303
142304
142305
142306
142307
142308
142309
142310
142311
142312
142313
142314
142315
142316
142317
142318
142319
142320
142321
142322
142323
142324
142325
142326
142327
142328
142361
142362
142363
142364
142365
142366
142367
142368
142369
142370
142371
142372
142373
142374
142375
142376
142377
142378
142379
142380
142381
142382
142383
142384
142385
142386
142387
142388
142421
142422
142423
142424
142425
142426
142427
142428
142429
142430
142431
142432
142433
142434
142435
142436
142437
142438
142439
142440
142441
142442
142443
142444
142445
142446
142447
142448
142481
142482
142483
142484
142485
142486
142487
142488
142489
142490
142491
142492
142493
142494
142495
142496
142497
142498
142499
142500
142501
142502
142503
142504
142505
142506
142507
142508
142541
142542
142543
142544
142545
142546
142547
142548
142549
142550
142551
142552
142553
142554
142555
142556
142557
142558
142559
142560
142561
142562
142563
142564
142565
142566
142567
142568
142601
142602
142603
142604
142605
142606
142607
142608
142609
142610
142611
142612
142613
142614
142615
142616
142617
142618
142619
142620
142621
142622
142623
142624
142625
142626
142627
142628
142661
142662
142663
142664
142665
142666
142667
142668
142669
142670
142671
142672
142673
142674
142675
142676
142677
142678
142679
142680
142681
142682
142683
142684
142685
142686
142687
142688
142721
142722
142723
142724
142725
142726
142727
142728
142729
142730
142731
142732
142733
142734
142735
142736
142737
142738
142739
142740
142741
142742
142743
142744
142745
142746
142747
142748
142781
142782
142783
142784
142785
142786
142787
142788
142789
142790
142791
142792
142793
142794
142795
142796
142797
142798
142799
142800
142801
142802
142803
142804
142805
142806
142807
142808
142841
142842
142843
142844
142845
142846
142847
142848
142849
142850
142851
142852
142853
142854
142855
142856
142857
142858
142859
142860
142861
142862
142863
142864
142865
142866
142867
142868
142901
142902
142903
142904
142905
142906
142907
142908
142909
142910
142911
142912
142913
142914
142915
142916
142917
142918
142919
142920
142921
142922
142923
142924
142925
142926
142927
142928
142961
142962
142963
142964
142965
142966
142967
142968
142969
142970
142971
142972
142973
142974
142975
142976
142977
142978
142979
142980
142981
142982
142983
142984
142985
142986
142987
142988
143021
143022
143023
143024
143025
143026
143027
143028
143029
143030
143031
143032
143033
143034
143035
143036
143037
143038
143039
143040
143041
143042
143043
143044
143045
143046
143047
143048
143081
143082
143083
143084
143085
143086
143087
143088
143089
143090
143091
143092
143093
143094
143095
143096
143097
143098
143099
143100
143101
143102
143103
143104
143105
143106
143107
143108
143141
143142
143143
143144
143145
143146
143147
143148
143149
143150
143151
143152
143153
143154
143155
143156
143157
143158
143159
143160
143161
143162
143163
143164
143165
143166
143167
143168
143201
143202
143203
143204
143205
143206
143207
143208
143209
143210
143211
143212
143213
143214
143215
143216
143217
143218
143219
143220
143221
143222
143223
143224
143225
143226
143227
143228
143261
143262
143263
143264
143265
143266
143267
143268
143269
143270
143271
143272
143273
143274
143275
143276
143277
143278
143279
143280
143281
143282
143283
143284
143285
143286
143287
143288
143321
143322
143323
143324
143325
143326
143327
143328
143329
143330
143331
143332
143333
143334
143335
143336
143337
143338
143339
143340
143341
143342
143343
143344
143345
143346
143347
143348
143381
143382
143383
143384
143385
143386
143387
143388
143389
143390
143391
143392
143393
143394
143395
143396
143397
143398
143399
143400
143401
143402
143403
143404
143405
143406
143407
143408
143441
143442
143443
143444
143445
143446
143447
143448
143449
143450
143451
143452
143453
143454
143455
143456
143457
143458
143459
143460
143461
143462
143463
143464
143465
143466
143467
143468
143501
143502
143503
143504
143505
143506
143507
143508
143509
143510
143511
143512
143513
143514
143515
143516
143517
143518
143519
143520
143521
143522
143523
143524
143525
143526
143527
143528
143561
143562
143563
143564
143565
143566
143567
143568
143569
143570
143571
143572
143573
143574
143575
143576
143577
143578
143579
143580
143581
143582
143583
143584
143585
143586
143587
143588
143621
143622
143623
143624
143625
143626
143627
143628
143629
143630
143631
143632
143633
143634
143635
143636
143637
143638
143639
143640
143641
143642
143643
143644
143645
143646
143647
143648
143681
143682
143683
143684
143685
143686
143687
143688
143689
143690
143691
143692
143693
143694
143695
143696
143697
143698
143699
143700
143701
143702
143703
143704
143705
143706
143707
143708
143741
143742
143743
143744
143745
143746
143747
143748
143749
143750
143751
143752
143753
143754
143755
143756
143757
143758
143759
143760
143761
143762
143763
143764
143765
143766
143767
143768
143801
143802
143803
143804
143805
143806
143807
143808
143809
143810
143811
143812
143813
143814
143815
143816
143817
143818
143819
143820
143821
143822
143823
143824
143825
143826
143827
143828
143861
143862
143863
143864
143865
143866
143867
143868
143869
143870
143871
143872
143873
143874
143875
143876
143877
143878
143879
143880
143881
143882
143883
143884
143885
143886
143887
143888
143921
143922
143923
143924
143925
143926
143927
143928
143929
143930
143931
143932
143933
143934
143935
143936
143937
143938
143939
143940
143941
143942
143943
143944
143945
143946
143947
143948
143981
143982
143983
143984
143985
143986
143987
143988
143989
143990
143991
143992
143993
143994
143995
143996
143997
143998
143999
144000
144001
144002
144003
144004
144005
144006
144007
144008
144041
144042
144043
144044
144045
144046
144047
144048
144049
144050
144051
144052
144053
144054
144055
144056
144057
144058
144059
144060
144061
144062
144063
144064
144065
144066
144067
144068
144101
144102
144103
144104
144105
144106
144107
144108
144109
144110
144111
144112
144113
144114
144115
144116
144117
144118
144119
144120
144121
144122
144123
144124
144125
144126
144127
144128
144161
144162
144163
144164
144165
144166
144167
144168
144169
144170
144171
144172
144173
144174
144175
144176
144177
144178
144179
144180
144181
144182
144183
144184
144185
144186
144187
144188
144221
144222
144223
144224
144225
144226
144227
144228
144229
144230
144231
144232
144233
144234
144235
144236
144237
144238
144239
144240
144241
144242
144243
144244
144245
144246
144247
144248
144281
144282
144283
144284
144285
144286
144287
144288
144289
144290
144291
144292
144293
144294
144295
144296
144297
144298
144299
144300
144301
144302
144303
144304
144305
144306
144307
144308
144341
144342
144343
144344
144345
144346
144347
144348
144349
144350
144351
144352
144353
144354
144355
144356
144357
144358
144359
144360
144361
144362
144363
144364
144365
144366
144367
144368
144401
144402
144403
144404
144405
144406
144407
144408
144409
144410
144411
144412
144413
144414
144415
144416
144417
144418
144419
144420
144421
144422
144423
144424
144425
144426
144427
144428
144461
144462
144463
144464
144465
144466
144467
144468
144469
144470
144471
144472
144473
144474
144475
144476
144477
144478
144479
144480
144481
144482
144483
144484
144485
144486
144487
144488
144521
144522
144523
144524
144525
144526
144527
144528
144529
144530
144531
144532
144533
144534
144535
144536
144537
144538
144539
144540
144541
144542
144543
144544
144545
144546
144547
144548
144581
144582
144583
144584
144585
144586
144587
144588
144589
144590
144591
144592
144593
144594
144595
144596
144597
144598
144599
144600
144601
144602
144603
144604
144605
144606
144607
144608
144641
144642
144643
144644
144645
144646
144647
144648
144649
144650
144651
144652
144653
144654
144655
144656
144657
144658
144659
144660
144661
144662
144663
144664
144665
144666
144667
144668
144701
144702
144703
144704
144705
144706
144707
144708
144709
144710
144711
144712
144713
144714
144715
144716
144717
144718
144719
144720
144721
144722
144723
144724
144725
144726
144727
144728
144761
144762
144763
144764
144765
144766
144767
144768
144769
144770
144771
144772
144773
144774
144775
144776
144777
144778
144779
144780
144781
144782
144783
144784
144785
144786
144787
144788
144821
144822
144823
144824
144825
144826
144827
144828
144829
144830
144831
144832
144833
144834
144835
144836
144837
144838
144839
144840
144841
144842
144843
144844
144845
144846
144847
144848
144881
144882
144883
144884
144885
144886
144887
144888
144889
144890
144891
144892
144893
144894
144895
144896
144897
144898
144899
144900
144901
144902
144903
144904
144905
144906
144907
144908
144941
144942
144943
144944
144945
144946
144947
144948
144949
144950
144951
144952
144953
144954
144955
144956
144957
144958
144959
144960
144961
144962
144963
144964
144965
144966
144967
144968
145001
145002
145003
145004
145005
145006
145007
145008
145009
145010
145011
145012
145013
145014
145015
145016
145017
145018
145019
145020
145021
145022
145023
145024
145025
145026
145027
145028
145061
145062
145063
145064
145065
145066
145067
145068
145069
145070
145071
145072
145073
145074
145075
145076
145077
145078
145079
145080
145081
145082
145083
145084
145085
145086
145087
145088
145121
145122
145123
145124
145125
145126
145127
145128
145129
145130
145131
145132
145133
145134
145135
145136
145137
145138
145139
145140
145141
145142
145143
145144
145145
145146
145147
145148
145181
145182
145183
145184
145185
145186
145187
145188
145189
145190
145191
145192
145193
145194
145195
145196
145197
145198
145199
145200
145201
145202
145203
145204
145205
145206
145207
145208
145241
145242
145243
145244
145245
145246
145247
145248
145249
145250
145251
145252
145253
145254
145255
145256
145257
145258
145259
145260
145261
145262
145263
145264
145265
145266
145267
145268
145301
145302
145303
145304
145305
145306
145307
145308
145309
145310
145311
145312
145313
145314
145315
145316
145317
145318
145319
145320
145321
145322
145323
145324
145325
145326
145327
145328
145361
145362
145363
145364
145365
145366
145367
145368
145369
145370
145371
145372
145373
145374
145375
145376
145377
145378
145379
145380
145381
145382
145383
145384
145385
145386
145387
145388
145421
145422
145423
145424
145425
145426
145427
145428
145429
145430
145431
145432
145433
145434
145435
145436
145437
145438
145439
145440
145441
145442
145443
145444
145445
145446
145447
145448
145481
145482
145483
145484
145485
145486
145487
145488
145489
145490
145491
145492
145493
145494
145495
145496
145497
145498
145499
145500
145501
145502
145503
145504
145505
145506
145507
145508
145541
145542
145543
145544
145545
145546
145547
145548
145549
145550
145551
145552
145553
145554
145555
145556
145557
145558
145559
145560
145561
145562
145563
145564
145565
145566
145567
145568
145601
145602
145603
145604
145605
145606
145607
145608
145609
145610
145611
145612
145613
145614
145615
145616
145617
145618
145619
145620
145621
145622
145623
145624
145625
145626
145627
145628
145661
145662
145663
145664
145665
145666
145667
145668
145669
145670
145671
145672
145673
145674
145675
145676
145677
145678
145679
145680
145681
145682
145683
145684
145685
145686
145687
145688
145721
145722
145723
145724
145725
145726
145727
145728
145729
145730
145731
145732
145733
145734
145735
145736
145737
145738
145739
145740
145741
145742
145743
145744
145745
145746
145747
145748
145781
145782
145783
145784
145785
145786
145787
145788
145789
145790
145791
145792
145793
145794
145795
145796
145797
145798
145799
145800
145801
145802
145803
145804
145805
145806
145807
145808
145841
145842
145843
145844
145845
145846
145847
145848
145849
145850
145851
145852
145853
145854
145855
145856
145857
145858
145859
145860
145861
145862
145863
145864
145865
145866
145867
145868
145901
145902
145903
145904
145905
145906
145907
145908
145909
145910
145911
145912
145913
145914
145915
145916
145917
145918
145919
145920
145921
145922
145923
145924
145925
145926
145927
145928
145961
145962
145963
145964
145965
145966
145967
145968
145969
145970
145971
145972
145973
145974
145975
145976
145977
145978
145979
145980
145981
145982
145983
145984
145985
145986
145987
145988
146021
146022
146023
146024
146025
146026
146027
146028
146029
146030
146031
146032
146033
146034
146035
146036
146037
146038
146039
146040
146041
146042
146043
146044
146045
146046
146047
146048
146081
146082
146083
146084
146085
146086
146087
146088
146089
146090
146091
146092
146093
146094
146095
146096
146097
146098
146099
146100
146101
146102
146103
146104
146105
146106
146107
146108
146141
146142
146143
146144
146145
146146
146147
146148
146149
146150
146151
146152
146153
146154
146155
146156
146157
146158
146159
146160
146161
146162
146163
146164
146165
146166
146167
146168
146201
146202
146203
146204
146205
146206
146207
146208
146209
146210
146211
146212
146213
146214
146215
146216
146217
146218
146219
146220
146221
146222
146223
146224
146225
146226
146227
146228
146261
146262
146263
146264
146265
146266
146267
146268
146269
146270
146271
146272
146273
146274
146275
146276
146277
146278
146279
146280
146281
146282
146283
146284
146285
146286
146287
146288
146321
146322
146323
146324
146325
146326
146327
146328
146329
146330
146331
146332
146333
146334
146335
146336
146337
146338
146339
146340
146341
146342
146343
146344
146345
146346
146347
146348
146381
146382
146383
146384
146385
146386
146387
146388
146389
146390
146391
146392
146393
146394
146395
146396
146397
146398
146399
146400
146401
146402
146403
146404
146405
146406
146407
146408
146441
146442
146443
146444
146445
146446
146447
146448
146449
146450
146451
146452
146453
146454
146455
146456
146457
146458
146459
146460
146461
146462
146463
146464
146465
146466
146467
146468
146501
146502
146503
146504
146505
146506
146507
146508
146509
146510
146511
146512
146513
146514
146515
146516
146517
146518
146519
146520
146521
146522
146523
146524
146525
146526
146527
146528
146561
146562
146563
146564
146565
146566
146567
146568
146569
146570
146571
146572
146573
146574
146575
146576
146577
146578
146579
146580
146581
146582
146583
146584
146585
146586
146587
146588
146621
146622
146623
146624
146625
146626
146627
146628
146629
146630
146631
146632
146633
146634
146635
146636
146637
146638
146639
146640
146641
146642
146643
146644
146645
146646
146647
146648
146681
146682
146683
146684
146685
146686
146687
146688
146689
146690
146691
146692
146693
146694
146695
146696
146697
146698
146699
146700
146701
146702
146703
146704
146705
146706
146707
146708
146741
146742
146743
146744
146745
146746
146747
146748
146749
146750
146751
146752
146753
146754
146755
146756
146757
146758
146759
146760
146761
146762
146763
146764
146765
146766
146767
146768
146801
146802
146803
146804
146805
146806
146807
146808
146809
146810
146811
146812
146813
146814
146815
146816
146817
146818
146819
146820
146821
146822
146823
146824
146825
146826
146827
146828
146861
146862
146863
146864
146865
146866
146867
146868
146869
146870
146871
146872
146873
146874
146875
146876
146877
146878
146879
146880
146881
146882
146883
146884
146885
146886
146887
146888
146921
146922
146923
146924
146925
146926
146927
146928
146929
146930
146931
146932
146933
146934
146935
146936
146937
146938
146939
146940
146941
146942
146943
146944
146945
146946
146947
146948
146981
146982
146983
146984
146985
146986
146987
146988
146989
146990
146991
146992
146993
146994
146995
146996
146997
146998
146999
147000
147001
147002
147003
147004
147005
147006
147007
147008
147041
147042
147043
147044
147045
147046
147047
147048
147049
147050
147051
147052
147053
147054
147055
147056
147057
147058
147059
147060
147061
147062
147063
147064
147065
147066
147067
147068
147101
147102
147103
147104
147105
147106
147107
147108
147109
147110
147111
147112
147113
147114
147115
147116
147117
147118
147119
147120
147121
147122
147123
147124
147125
147126
147127
147128
147161
147162
147163
147164
147165
147166
147167
147168
147169
147170
147171
147172
147173
147174
147175
147176
147177
147178
147179
147180
147181
147182
147183
147184
147185
147186
147187
147188
147221
147222
147223
147224
147225
147226
147227
147228
147229
147230
147231
147232
147233
147234
147235
147236
147237
147238
147239
147240
147241
147242
147243
147244
147245
147246
147247
147248
147281
147282
147283
147284
147285
147286
147287
147288
147289
147290
147291
147292
147293
147294
147295
147296
147297
147298
147299
147300
147301
147302
147303
147304
147305
147306
147307
147308
147341
147342
147343
147344
147345
147346
147347
147348
147349
147350
147351
147352
147353
147354
147355
147356
147357
147358
147359
147360
147361
147362
147363
147364
147365
147366
147367
147368
147401
147402
147403
147404
147405
147406
147407
147408
147409
147410
147411
147412
147413
147414
147415
147416
147417
147418
147419
147420
147421
147422
147423
147424
147425
147426
147427
147428
147461
147462
147463
147464
147465
147466
147467
147468
147469
147470
147471
147472
147473
147474
147475
147476
147477
147478
147479
147480
147481
147482
147483
147484
147485
147486
147487
147488
147521
147522
147523
147524
147525
147526
147527
147528
147529
147530
147531
147532
147533
147534
147535
147536
147537
147538
147539
147540
147541
147542
147543
147544
147545
147546
147547
147548
147581
147582
147583
147584
147585
147586
147587
147588
147589
147590
147591
147592
147593
147594
147595
147596
147597
147598
147599
147600
147601
147602
147603
147604
147605
147606
147607
147608
147641
147642
147643
147644
147645
147646
147647
147648
147649
147650
147651
147652
147653
147654
147655
147656
147657
147658
147659
147660
147661
147662
147663
147664
147665
147666
147667
147668
147701
147702
147703
147704
147705
147706
147707
147708
147709
147710
147711
147712
147713
147714
147715
147716
147717
147718
147719
147720
147721
147722
147723
147724
147725
147726
147727
147728
147761
147762
147763
147764
147765
147766
147767
147768
147769
147770
147771
147772
147773
147774
147775
147776
147777
147778
147779
147780
147781
147782
147783
147784
147785
147786
147787
147788
147821
147822
147823
147824
147825
147826
147827
147828
147829
147830
147831
147832
147833
147834
147835
147836
147837
147838
147839
147840
147841
147842
147843
147844
147845
147846
147847
147848
147881
147882
147883
147884
147885
147886
147887
147888
147889
147890
147891
147892
147893
147894
147895
147896
147897
147898
147899
147900
147901
147902
147903
147904
147905
147906
147907
147908
147941
147942
147943
147944
147945
147946
147947
147948
147949
147950
147951
147952
147953
147954
147955
147956
147957
147958
147959
147960
147961
147962
147963
147964
147965
147966
147967
147968
148001
148002
148003
148004
148005
148006
148007
148008
148009
148010
148011
148012
148013
148014
148015
148016
148017
148018
148019
148020
148021
148022
148023
148024
148025
148026
148027
148028
148061
148062
148063
148064
148065
148066
148067
148068
148069
148070
148071
148072
148073
148074
148075
148076
148077
148078
148079
148080
148081
148082
148083
148084
148085
148086
148087
148088
148121
148122
148123
148124
148125
148126
148127
148128
148129
148130
148131
148132
148133
148134
148135
148136
148137
148138
148139
148140
148141
148142
148143
148144
148145
148146
148147
148148
148181
148182
148183
148184
148185
148186
148187
148188
148189
148190
148191
148192
148193
148194
148195
148196
148197
148198
148199
148200
148201
148202
148203
148204
148205
148206
148207
148208
148241
148242
148243
148244
148245
148246
148247
148248
148249
148250
148251
148252
148253
148254
148255
148256
148257
148258
148259
148260
148261
148262
148263
148264
148265
148266
148267
148268
148301
148302
148303
148304
148305
148306
148307
148308
148309
148310
148311
148312
148313
148314
148315
148316
148317
148318
148319
148320
148321
148322
148323
148324
148325
148326
148327
148328
148361
148362
148363
148364
148365
148366
148367
148368
148369
148370
148371
148372
148373
148374
148375
148376
148377
148378
148379
148380
148381
148382
148383
148384
148385
148386
148387
148388
148421
148422
148423
148424
148425
148426
148427
148428
148429
148430
148431
148432
148433
148434
148435
148436
148437
148438
148439
148440
148441
148442
148443
148444
148445
148446
148447
148448
148481
148482
148483
148484
148485
148486
148487
148488
148489
148490
148491
148492
148493
148494
148495
148496
148497
148498
148499
148500
148501
148502
148503
148504
148505
148506
148507
148508
148541
148542
148543
148544
148545
148546
148547
148548
148549
148550
148551
148552
148553
148554
148555
148556
148557
148558
148559
148560
148561
148562
148563
148564
148565
148566
148567
148568
148601
148602
148603
148604
148605
148606
148607
148608
148609
148610
148611
148612
148613
148614
148615
148616
148617
148618
148619
148620
148621
148622
148623
148624
148625
148626
148627
148628
148661
148662
148663
148664
148665
148666
148667
148668
148669
148670
148671
148672
148673
148674
148675
148676
148677
148678
148679
148680
148681
148682
148683
148684
148685
148686
148687
148688
148721
148722
148723
148724
148725
148726
148727
148728
148729
148730
148731
148732
148733
148734
148735
148736
148737
148738
148739
148740
148741
148742
148743
148744
148745
148746
148747
148748
148781
148782
148783
148784
148785
148786
148787
148788
148789
148790
148791
148792
148793
148794
148795
148796
148797
148798
148799
148800
148801
148802
148803
148804
148805
148806
148807
148808
148841
148842
148843
148844
148845
148846
148847
148848
148849
148850
148851
148852
148853
148854
148855
148856
148857
148858
148859
148860
148861
148862
148863
148864
148865
148866
148867
148868
148901
148902
148903
148904
148905
148906
148907
148908
148909
148910
148911
148912
148913
148914
148915
148916
148917
148918
148919
148920
148921
148922
148923
148924
148925
148926
148927
148928
148961
148962
148963
148964
148965
148966
148967
148968
148969
148970
148971
148972
148973
148974
148975
148976
148977
148978
148979
148980
148981
148982
148983
148984
148985
148986
148987
148988
149021
149022
149023
149024
149025
149026
149027
149028
149029
149030
149031
149032
149033
149034
149035
149036
149037
149038
149039
149040
149041
149042
149043
149044
149045
149046
149047
149048
149081
149082
149083
149084
149085
149086
149087
149088
149089
149090
149091
149092
149093
149094
149095
149096
149097
149098
149099
149100
149101
149102
149103
149104
149105
149106
149107
149108
149141
149142
149143
149144
149145
149146
149147
149148
149149
149150
149151
149152
149153
149154
149155
149156
149157
149158
149159
149160
149161
149162
149163
149164
149165
149166
149167
149168
149201
149202
149203
149204
149205
149206
149207
149208
149209
149210
149211
149212
149213
149214
149215
149216
149217
149218
149219
149220
149221
149222
149223
149224
149225
149226
149227
149228
149261
149262
149263
149264
149265
149266
149267
149268
149269
149270
149271
149272
149273
149274
149275
149276
149277
149278
149279
149280
149281
149282
149283
149284
149285
149286
149287
149288
149321
149322
149323
149324
149325
149326
149327
149328
149329
149330
149331
149332
149333
149334
149335
149336
149337
149338
149339
149340
149341
149342
149343
149344
149345
149346
149347
149348
149381
149382
149383
149384
149385
149386
149387
149388
149389
149390
149391
149392
149393
149394
149395
149396
149397
149398
149399
149400
149401
149402
149403
149404
149405
149406
149407
149408
149441
149442
149443
149444
149445
149446
149447
149448
149449
149450
149451
149452
149453
149454
149455
149456
149457
149458
149459
149460
149461
149462
149463
149464
149465
149466
149467
149468
149501
149502
149503
149504
149505
149506
149507
149508
149509
149510
149511
149512
149513
149514
149515
149516
149517
149518
149519
149520
149521
149522
149523
149524
149525
149526
149527
149528
149561
149562
149563
149564
149565
149566
149567
149568
149569
149570
149571
149572
149573
149574
149575
149576
149577
149578
149579
149580
149581
149582
149583
149584
149585
149586
149587
149588
149621
149622
149623
149624
149625
149626
149627
149628
149629
149630
149631
149632
149633
149634
149635
149636
149637
149638
149639
149640
149641
149642
149643
149644
149645
149646
149647
149648
149681
149682
149683
149684
149685
149686
149687
149688
149689
149690
149691
149692
149693
149694
149695
149696
149697
149698
149699
149700
149701
149702
149703
149704
149705
149706
149707
149708
149741
149742
149743
149744
149745
149746
149747
149748
149749
149750
149751
149752
149753
149754
149755
149756
149757
149758
149759
149760
149761
149762
149763
149764
149765
149766
149767
149768
149801
149802
149803
149804
149805
149806
149807
149808
149809
149810
149811
149812
149813
149814
149815
149816
149817
149818
149819
149820
149821
149822
149823
149824
149825
149826
149827
149828
149861
149862
149863
149864
149865
149866
149867
149868
149869
149870
149871
149872
149873
149874
149875
149876
149877
149878
149879
149880
149881
149882
149883
149884
149885
149886
149887
149888
149921
149922
149923
149924
149925
149926
149927
149928
149929
149930
149931
149932
149933
149934
149935
149936
149937
149938
149939
149940
149941
149942
149943
149944
149945
149946
149947
149948
149981
149982
149983
149984
149985
149986
149987
149988
149989
149990
149991
149992
149993
149994
149995
149996
149997
149998
149999
150000
150001
150002
150003
150004
150005
150006
150007
150008
150041
150042
150043
150044
150045
150046
150047
150048
150049
150050
150051
150052
150053
150054
150055
150056
150057
150058
150059
150060
150061
150062
150063
150064
150065
150066
150067
150068
150101
150102
150103
150104
150105
150106
150107
150108
150109
150110
150111
150112
150113
150114
150115
150116
150117
150118
150119
150120
150121
150122
150123
150124
150125
150126
150127
150128
150161
150162
150163
150164
150165
150166
150167
150168
150169
150170
150171
150172
150173
150174
150175
150176
150177
150178
150179
150180
150181
150182
150183
150184
150185
150186
150187
150188
150221
150222
150223
150224
150225
150226
150227
150228
150229
150230
150231
150232
150233
150234
150235
150236
150237
150238
150239
150240
150241
150242
150243
150244
150245
150246
150247
150248
150281
150282
150283
150284
150285
150286
150287
150288
150289
150290
150291
150292
150293
150294
150295
150296
150297
150298
150299
150300
150301
150302
150303
150304
150305
150306
150307
150308
150341
150342
150343
150344
150345
150346
150347
150348
150349
150350
150351
150352
150353
150354
150355
150356
150357
150358
150359
150360
150361
150362
150363
150364
150365
150366
150367
150368
150401
150402
150403
150404
150405
150406
150407
150408
150409
150410
150411
150412
150413
150414
150415
150416
150417
150418
150419
150420
150421
150422
150423
150424
150425
150426
150427
150428
150461
150462
150463
150464
150465
150466
150467
150468
150469
150470
150471
150472
150473
150474
150475
150476
150477
150478
150479
150480
150481
150482
150483
150484
150485
150486
150487
150488
150521
150522
150523
150524
150525
150526
150527
150528
150529
150530
150531
150532
150533
150534
150535
150536
150537
150538
150539
150540
150541
150542
150543
150544
150545
150546
150547
150548
150581
150582
150583
150584
150585
150586
150587
150588
150589
150590
150591
150592
150593
150594
150595
150596
150597
150598
150599
150600
150601
150602
150603
150604
150605
150606
150607
150608
150641
150642
150643
150644
150645
150646
150647
150648
150649
150650
150651
150652
150653
150654
150655
150656
150657
150658
150659
150660
150661
150662
150663
150664
150665
150666
150667
150668
150701
150702
150703
150704
150705
150706
150707
150708
150709
150710
150711
150712
150713
150714
150715
150716
150717
150718
150719
150720
150721
150722
150723
150724
150725
150726
150727
150728
150761
150762
150763
150764
150765
150766
150767
150768
150769
150770
150771
150772
150773
150774
150775
150776
150777
150778
150779
150780
150781
150782
150783
150784
150785
150786
150787
150788
150821
150822
150823
150824
150825
150826
150827
150828
150829
150830
150831
150832
150833
150834
150835
150836
150837
150838
150839
150840
150841
150842
150843
150844
150845
150846
150847
150848
150881
150882
150883
150884
150885
150886
150887
150888
150889
150890
150891
150892
150893
150894
150895
150896
150897
150898
150899
150900
150901
150902
150903
150904
150905
150906
150907
150908
150941
150942
150943
150944
150945
150946
150947
150948
150949
150950
150951
150952
150953
150954
150955
150956
150957
150958
150959
150960
150961
150962
150963
150964
150965
150966
150967
150968
151001
151002
151003
151004
151005
151006
151007
151008
151009
151010
151011
151012
151013
151014
151015
151016
151017
151018
151019
151020
151021
151022
151023
151024
151025
151026
151027
151028
151061
151062
151063
151064
151065
151066
151067
151068
151069
151070
151071
151072
151073
151074
151075
151076
151077
151078
151079
151080
151081
151082
151083
151084
151085
151086
151087
151088
151121
151122
151123
151124
151125
151126
151127
151128
151129
151130
151131
151132
151133
151134
151135
151136
151137
151138
151139
151140
151141
151142
151143
151144
151145
151146
151147
151148
151181
151182
151183
151184
151185
151186
151187
151188
151189
151190
151191
151192
151193
151194
151195
151196
151197
151198
151199
151200
151201
151202
151203
151204
151205
151206
151207
151208
151241
151242
151243
151244
151245
151246
151247
151248
151249
151250
151251
151252
151253
151254
151255
151256
151257
151258
151259
151260
151261
151262
151263
151264
151265
151266
151267
151268
151301
151302
151303
151304
151305
151306
151307
151308
151309
151310
151311
151312
151313
151314
151315
151316
151317
151318
151319
151320
151321
151322
151323
151324
151325
151326
151327
151328
151361
151362
151363
151364
151365
151366
151367
151368
151369
151370
151371
151372
151373
151374
151375
151376
151377
151378
151379
151380
151381
151382
151383
151384
151385
151386
151387
151388
151421
151422
151423
151424
151425
151426
151427
151428
151429
151430
151431
151432
151433
151434
151435
151436
151437
151438
151439
151440
151441
151442
151443
151444
151445
151446
151447
151448
151481
151482
151483
151484
151485
151486
151487
151488
151489
151490
151491
151492
151493
151494
151495
151496
151497
151498
151499
151500
151501
151502
151503
151504
151505
151506
151507
151508
151541
151542
151543
151544
151545
151546
151547
151548
151549
151550
151551
151552
151553
151554
151555
151556
151557
151558
151559
151560
151561
151562
151563
151564
151565
151566
151567
151568
151601
151602
151603
151604
151605
151606
151607
151608
151609
151610
151611
151612
151613
151614
151615
151616
151617
151618
151619
151620
151621
151622
151623
151624
151625
151626
151627
151628
151661
151662
151663
151664
151665
151666
151667
151668
151669
151670
151671
151672
151673
151674
151675
151676
151677
151678
151679
151680
151681
151682
151683
151684
151685
151686
151687
151688
151721
151722
151723
151724
151725
151726
151727
151728
151729
151730
151731
151732
151733
151734
151735
151736
151737
151738
151739
151740
151741
151742
151743
151744
151745
151746
151747
151748
151781
151782
151783
151784
151785
151786
151787
151788
151789
151790
151791
151792
151793
151794
151795
151796
151797
151798
151799
151800
151801
151802
151803
151804
151805
151806
151807
151808
151841
151842
151843
151844
151845
151846
151847
151848
151849
151850
151851
151852
151853
151854
151855
151856
151857
151858
151859
151860
151861
151862
151863
151864
151865
151866
151867
151868
151901
151902
151903
151904
151905
151906
151907
151908
151909
151910
151911
151912
151913
151914
151915
151916
151917
151918
151919
151920
151921
151922
151923
151924
151925
151926
151927
151928
151961
151962
151963
151964
151965
151966
151967
151968
151969
151970
151971
151972
151973
151974
151975
151976
151977
151978
151979
151980
151981
151982
151983
151984
151985
151986
151987
151988
152021
152022
152023
152024
152025
152026
152027
152028
152029
152030
152031
152032
152033
152034
152035
152036
152037
152038
152039
152040
152041
152042
152043
152044
152045
152046
152047
152048
152081
152082
152083
152084
152085
152086
152087
152088
152089
152090
152091
152092
152093
152094
152095
152096
152097
152098
152099
152100
152101
152102
152103
152104
152105
152106
152107
152108
152141
152142
152143
152144
152145
152146
152147
152148
152149
152150
152151
152152
152153
152154
152155
152156
152157
152158
152159
152160
152161
152162
152163
152164
152165
152166
152167
152168
152201
152202
152203
152204
152205
152206
152207
152208
152209
152210
152211
152212
152213
152214
152215
152216
152217
152218
152219
152220
152221
152222
152223
152224
152225
152226
152227
152228
152261
152262
152263
152264
152265
152266
152267
152268
152269
152270
152271
152272
152273
152274
152275
152276
152277
152278
152279
152280
152281
152282
152283
152284
152285
152286
152287
152288
152321
152322
152323
152324
152325
152326
152327
152328
152329
152330
152331
152332
152333
152334
152335
152336
152337
152338
152339
152340
152341
152342
152343
152344
152345
152346
152347
152348
152381
152382
152383
152384
152385
152386
152387
152388
152389
152390
152391
152392
152393
152394
152395
152396
152397
152398
152399
152400
152401
152402
152403
152404
152405
152406
152407
152408
152441
152442
152443
152444
152445
152446
152447
152448
152449
152450
152451
152452
152453
152454
152455
152456
152457
152458
152459
152460
152461
152462
152463
152464
152465
152466
152467
152468
152501
152502
152503
152504
152505
152506
152507
152508
152509
152510
152511
152512
152513
152514
152515
152516
152517
152518
152519
152520
152521
152522
152523
152524
152525
152526
152527
152528
152561
152562
152563
152564
152565
152566
152567
152568
152569
152570
152571
152572
152573
152574
152575
152576
152577
152578
152579
152580
152581
152582
152583
152584
152585
152586
152587
152588
152621
152622
152623
152624
152625
152626
152627
152628
152629
152630
152631
152632
152633
152634
152635
152636
152637
152638
152639
152640
152641
152642
152643
152644
152645
152646
152647
152648
152681
152682
152683
152684
152685
152686
152687
152688
152689
152690
152691
152692
152693
152694
152695
152696
152697
152698
152699
152700
152701
152702
152703
152704
152705
152706
152707
152708
152741
152742
152743
152744
152745
152746
152747
152748
152749
152750
152751
152752
152753
152754
152755
152756
152757
152758
152759
152760
152761
152762
152763
152764
152765
152766
152767
152768
152801
152802
152803
152804
152805
152806
152807
152808
152809
152810
152811
152812
152813
152814
152815
152816
152817
152818
152819
152820
152821
152822
152823
152824
152825
152826
152827
152828
152861
152862
152863
152864
152865
152866
152867
152868
152869
152870
152871
152872
152873
152874
152875
152876
152877
152878
152879
152880
152881
152882
152883
152884
152885
152886
152887
152888
152921
152922
152923
152924
152925
152926
152927
152928
152929
152930
152931
152932
152933
152934
152935
152936
152937
152938
152939
152940
152941
152942
152943
152944
152945
152946
152947
152948
152981
152982
152983
152984
152985
152986
152987
152988
152989
152990
152991
152992
152993
152994
152995
152996
152997
152998
152999
153000
153001
153002
153003
153004
153005
153006
153007
153008
153041
153042
153043
153044
153045
153046
153047
153048
153049
153050
153051
153052
153053
153054
153055
153056
153057
153058
153059
153060
153061
153062
153063
153064
153065
153066
153067
153068
153101
153102
153103
153104
153105
153106
153107
153108
153109
153110
153111
153112
153113
153114
153115
153116
153117
153118
153119
153120
153121
153122
153123
153124
153125
153126
153127
153128
153161
153162
153163
153164
153165
153166
153167
153168
153169
153170
153171
153172
153173
153174
153175
153176
153177
153178
153179
153180
153181
153182
153183
153184
153185
153186
153187
153188
153221
153222
153223
153224
153225
153226
153227
153228
153229
153230
153231
153232
153233
153234
153235
153236
153237
153238
153239
153240
153241
153242
153243
153244
153245
153246
153247
153248
153281
153282
153283
153284
153285
153286
153287
153288
153289
153290
153291
153292
153293
153294
153295
153296
153297
153298
153299
153300
153301
153302
153303
153304
153305
153306
153307
153308
153341
153342
153343
153344
153345
153346
153347
153348
153349
153350
153351
153352
153353
153354
153355
153356
153357
153358
153359
153360
153361
153362
153363
153364
153365
153366
153367
153368
153401
153402
153403
153404
153405
153406
153407
153408
153409
153410
153411
153412
153413
153414
153415
153416
153417
153418
153419
153420
153421
153422
153423
153424
153425
153426
153427
153428
153461
153462
153463
153464
153465
153466
153467
153468
153469
153470
153471
153472
153473
153474
153475
153476
153477
153478
153479
153480
153481
153482
153483
153484
153485
153486
153487
153488
153521
153522
153523
153524
153525
153526
153527
153528
153529
153530
153531
153532
153533
153534
153535
153536
153537
153538
153539
153540
153541
153542
153543
153544
153545
153546
153547
153548
153581
153582
153583
153584
153585
153586
153587
153588
153589
153590
153591
153592
153593
153594
153595
153596
153597
153598
153599
153600
153601
153602
153603
153604
153605
153606
153607
153608
153641
153642
153643
153644
153645
153646
153647
153648
153649
153650
153651
153652
153653
153654
153655
153656
153657
153658
153659
153660
153661
153662
153663
153664
153665
153666
153667
153668
153701
153702
153703
153704
153705
153706
153707
153708
153709
153710
153711
153712
153713
153714
153715
153716
153717
153718
153719
153720
153721
153722
153723
153724
153725
153726
153727
153728
153761
153762
153763
153764
153765
153766
153767
153768
153769
153770
153771
153772
153773
153774
153775
153776
153777
153778
153779
153780
153781
153782
153783
153784
153785
153786
153787
153788
153821
153822
153823
153824
153825
153826
153827
153828
153829
153830
153831
153832
153833
153834
153835
153836
153837
153838
153839
153840
153841
153842
153843
153844
153845
153846
153847
153848
153881
153882
153883
153884
153885
153886
153887
153888
153889
153890
153891
153892
153893
153894
153895
153896
153897
153898
153899
153900
153901
153902
153903
153904
153905
153906
153907
153908
153941
153942
153943
153944
153945
153946
153947
153948
153949
153950
153951
153952
153953
153954
153955
153956
153957
153958
153959
153960
153961
153962
153963
153964
153965
153966
153967
153968
154001
154002
154003
154004
154005
154006
154007
154008
154009
154010
154011
154012
154013
154014
154015
154016
154017
154018
154019
154020
154021
154022
154023
154024
154025
154026
154027
154028
154061
154062
154063
154064
154065
154066
154067
154068
154069
154070
154071
154072
154073
154074
154075
154076
154077
154078
154079
154080
154081
154082
154083
154084
154085
154086
154087
154088
154121
154122
154123
154124
154125
154126
154127
154128
154129
154130
154131
154132
154133
154134
154135
154136
154137
154138
154139
154140
154141
154142
154143
154144
154145
154146
154147
154148
154181
154182
154183
154184
154185
154186
154187
154188
154189
154190
154191
154192
154193
154194
154195
154196
154197
154198
154199
154200
154201
154202
154203
154204
154205
154206
154207
154208
154241
154242
154243
154244
154245
154246
154247
154248
154249
154250
154251
154252
154253
154254
154255
154256
154257
154258
154259
154260
154261
154262
154263
154264
154265
154266
154267
154268
154301
154302
154303
154304
154305
154306
154307
154308
154309
154310
154311
154312
154313
154314
154315
154316
154317
154318
154319
154320
154321
154322
154323
154324
154325
154326
154327
154328
154361
154362
154363
154364
154365
154366
154367
154368
154369
154370
154371
154372
154373
154374
154375
154376
154377
154378
154379
154380
154381
154382
154383
154384
154385
154386
154387
154388
154421
154422
154423
154424
154425
154426
154427
154428
154429
154430
154431
154432
154433
154434
154435
154436
154437
154438
154439
154440
154441
154442
154443
154444
154445
154446
154447
154448
154481
154482
154483
154484
154485
154486
154487
154488
154489
154490
154491
154492
154493
154494
154495
154496
154497
154498
154499
154500
154501
154502
154503
154504
154505
154506
154507
154508
154541
154542
154543
154544
154545
154546
154547
154548
154549
154550
154551
154552
154553
154554
154555
154556
154557
154558
154559
154560
154561
154562
154563
154564
154565
154566
154567
154568
154601
154602
154603
154604
154605
154606
154607
154608
154609
154610
154611
154612
154613
154614
154615
154616
154617
154618
154619
154620
154621
154622
154623
154624
154625
154626
154627
154628
154661
154662
154663
154664
154665
154666
154667
154668
154669
154670
154671
154672
154673
154674
154675
154676
154677
154678
154679
154680
154681
154682
154683
154684
154685
154686
154687
154688
154721
154722
154723
154724
154725
154726
154727
154728
154729
154730
154731
154732
154733
154734
154735
154736
154737
154738
154739
154740
154741
154742
154743
154744
154745
154746
154747
154748
154781
154782
154783
154784
154785
154786
154787
154788
154789
154790
154791
154792
154793
154794
154795
154796
154797
154798
154799
154800
154801
154802
154803
154804
154805
154806
154807
154808
154841
154842
154843
154844
154845
154846
154847
154848
154849
154850
154851
154852
154853
154854
154855
154856
154857
154858
154859
154860
154861
154862
154863
154864
154865
154866
154867
154868
154901
154902
154903
154904
154905
154906
154907
154908
154909
154910
154911
154912
154913
154914
154915
154916
154917
154918
154919
154920
154921
154922
154923
154924
154925
154926
154927
154928
154961
154962
154963
154964
154965
154966
154967
154968
154969
154970
154971
154972
154973
154974
154975
154976
154977
154978
154979
154980
154981
154982
154983
154984
154985
154986
154987
154988
155021
155022
155023
155024
155025
155026
155027
155028
155029
155030
155031
155032
155033
155034
155035
155036
155037
155038
155039
155040
155041
155042
155043
155044
155045
155046
155047
155048
155081
155082
155083
155084
155085
155086
155087
155088
155089
155090
155091
155092
155093
155094
155095
155096
155097
155098
155099
155100
155101
155102
155103
155104
155105
155106
155107
155108
155141
155142
155143
155144
155145
155146
155147
155148
155149
155150
155151
155152
155153
155154
155155
155156
155157
155158
155159
155160
155161
155162
155163
155164
155165
155166
155167
155168
155201
155202
155203
155204
155205
155206
155207
155208
155209
155210
155211
155212
155213
155214
155215
155216
155217
155218
155219
155220
155221
155222
155223
155224
155225
155226
155227
155228
155261
155262
155263
155264
155265
155266
155267
155268
155269
155270
155271
155272
155273
155274
155275
155276
155277
155278
155279
155280
155281
155282
155283
155284
155285
155286
155287
155288
)


// ************************************************************************* //
