/*--------------------------------*- C++ -*----------------------------------*\
  =========                 |
  \\      /  F ield         | OpenFOAM: The Open Source CFD Toolbox
   \\    /   O peration     | Website:  https://openfoam.org
    \\  /    A nd           | Version:  7
     \\/     M anipulation  |
\*---------------------------------------------------------------------------*/
FoamFile
{
    version     2.0;
    format      ascii;
    class       volVectorField;
    location    "0.4";
    object      U;
}
// * * * * * * * * * * * * * * * * * * * * * * * * * * * * * * * * * * * * * //

dimensions      [0 1 -1 0 0 0 0];

internalField   nonuniform List<vector> 
2600
(
(2.04035 0.849741 0)
(2.33416 1.01486 0)
(2.54029 1.02311 0)
(2.62392 0.829844 0)
(1.93514 0.450404 0)
(1.54117 0.337571 0)
(1.19645 0.150747 0)
(1.03896 0.0460995 0)
(1.03513 0.0208321 0)
(1.05254 0.0129558 0)
(1.94254 0.615299 0)
(2.38141 0.749883 0)
(2.55598 0.661059 0)
(2.61721 0.597593 0)
(1.86696 0.397052 0)
(1.5056 0.330281 0)
(1.17164 0.152687 0)
(1.03226 0.0439819 0)
(1.03461 0.0190879 0)
(1.05317 0.0116053 0)
(1.60427 0.335466 0)
(2.21487 0.564571 0)
(2.50963 0.297626 0)
(2.62348 0.305081 0)
(1.84639 0.294156 0)
(1.49314 0.30433 0)
(1.14222 0.148897 0)
(1.02592 0.0412225 0)
(1.03318 0.0175283 0)
(1.05338 0.00996426 0)
(1.02945 0.269299 0)
(1.98405 0.495782 0)
(2.35567 0.229969 0)
(2.6092 0.183404 0)
(1.90088 0.254443 0)
(1.48516 0.286162 0)
(1.11014 0.144644 0)
(1.01966 0.0384317 0)
(1.03318 0.0156716 0)
(1.0543 0.00856736 0)
(0.467267 0.17353 0)
(1.5367 0.493635 0)
(2.11766 0.220549 0)
(2.52902 0.0880585 0)
(1.92881 0.20117 0)
(1.47288 0.262218 0)
(1.07751 0.132903 0)
(1.01408 0.034755 0)
(1.03306 0.0136514 0)
(1.05485 0.00712685 0)
(0.109358 0.1103 0)
(0.999505 0.361753 0)
(1.60077 0.195766 0)
(2.30101 0.0806612 0)
(1.86588 0.170324 0)
(1.42721 0.257491 0)
(1.04085 0.122889 0)
(1.00961 0.030684 0)
(1.0339 0.0115321 0)
(1.05492 0.00573919 0)
(-0.100345 0.0313176 0)
(0.441336 0.251237 0)
(0.881276 0.0378734 0)
(1.70396 0.0441299 0)
(1.63043 0.183215 0)
(1.30408 0.24338 0)
(1.00013 0.102934 0)
(1.00583 0.026608 0)
(1.03467 0.00904654 0)
(1.05455 0.00442834 0)
(-0.22991 -0.00334718 0)
(-0.0340874 0.147506 0)
(0.190859 0.0169035 0)
(0.894809 0.0402954 0)
(1.19211 0.0486927 0)
(1.09267 0.220446 0)
(0.960474 0.0857629 0)
(1.00419 0.0210059 0)
(1.03637 0.00652991 0)
(1.05492 0.00316843 0)
(-0.303938 0.00053698 0)
(-0.321186 0.0994623 0)
(-0.214059 -0.0355856 0)
(0.30984 -0.025443 0)
(0.722195 0.0579208 0)
(0.876248 0.165539 0)
(0.934884 0.053389 0)
(1.00492 0.0144936 0)
(1.037 0.00380081 0)
(1.05447 0.00191783 0)
(-0.336354 0.0142856 0)
(-0.428745 0.0478027 0)
(-0.345721 -0.0253163 0)
(0.105738 -0.00399118 0)
(0.503265 0.0305219 0)
(0.770469 0.0596749 0)
(0.911285 0.0200186 0)
(1.00395 0.00554314 0)
(1.03815 0.00131897 0)
(1.05457 0.000669597 0)
(-0.336354 -0.0142863 0)
(-0.428745 -0.0478031 0)
(-0.345721 0.0253167 0)
(0.105738 0.00399123 0)
(0.503265 -0.0305219 0)
(0.770469 -0.059675 0)
(0.911285 -0.0200186 0)
(1.00395 -0.00554317 0)
(1.03815 -0.00131897 0)
(1.05457 -0.000669597 0)
(-0.303938 -0.000537259 0)
(-0.321185 -0.0994626 0)
(-0.214058 0.0355854 0)
(0.30984 0.0254434 0)
(0.722196 -0.0579205 0)
(0.876248 -0.165539 0)
(0.934884 -0.0533891 0)
(1.00492 -0.0144936 0)
(1.037 -0.00380082 0)
(1.05447 -0.00191783 0)
(-0.229909 0.00334759 0)
(-0.0340862 -0.147506 0)
(0.19086 -0.0169035 0)
(0.89481 -0.0402955 0)
(1.19211 -0.0486926 0)
(1.09267 -0.220446 0)
(0.960474 -0.0857629 0)
(1.00419 -0.0210059 0)
(1.03637 -0.00652991 0)
(1.05492 -0.00316843 0)
(-0.100344 -0.0313172 0)
(0.441338 -0.251237 0)
(0.881278 -0.0378734 0)
(1.70396 -0.0441299 0)
(1.63043 -0.183215 0)
(1.30408 -0.24338 0)
(1.00013 -0.102934 0)
(1.00583 -0.026608 0)
(1.03467 -0.00904654 0)
(1.05455 -0.00442834 0)
(0.109358 -0.1103 0)
(0.999506 -0.361753 0)
(1.60077 -0.195765 0)
(2.30101 -0.080661 0)
(1.86588 -0.170324 0)
(1.42721 -0.257491 0)
(1.04085 -0.122889 0)
(1.00961 -0.030684 0)
(1.0339 -0.0115321 0)
(1.05492 -0.00573919 0)
(0.467268 -0.173531 0)
(1.5367 -0.493635 0)
(2.11766 -0.220549 0)
(2.52902 -0.0880586 0)
(1.92881 -0.20117 0)
(1.47288 -0.262218 0)
(1.07751 -0.132903 0)
(1.01408 -0.034755 0)
(1.03306 -0.0136514 0)
(1.05485 -0.00712685 0)
(1.02946 -0.269299 0)
(1.98405 -0.495783 0)
(2.35567 -0.229969 0)
(2.6092 -0.183405 0)
(1.90088 -0.254443 0)
(1.48516 -0.286162 0)
(1.11014 -0.144644 0)
(1.01966 -0.0384317 0)
(1.03318 -0.0156716 0)
(1.0543 -0.00856736 0)
(1.60427 -0.335467 0)
(2.21487 -0.564571 0)
(2.50963 -0.297627 0)
(2.62348 -0.305082 0)
(1.84639 -0.294157 0)
(1.49314 -0.30433 0)
(1.14222 -0.148897 0)
(1.02592 -0.0412225 0)
(1.03318 -0.0175283 0)
(1.05338 -0.00996427 0)
(1.94254 -0.6153 0)
(2.38141 -0.749884 0)
(2.55598 -0.66106 0)
(2.61721 -0.597593 0)
(1.86696 -0.397052 0)
(1.5056 -0.330281 0)
(1.17164 -0.152687 0)
(1.03226 -0.0439819 0)
(1.03461 -0.0190879 0)
(1.05317 -0.0116053 0)
(2.04035 -0.849741 0)
(2.33415 -1.01486 0)
(2.54029 -1.02311 0)
(2.62392 -0.829844 0)
(1.93514 -0.450404 0)
(1.54117 -0.337571 0)
(1.19645 -0.150747 0)
(1.03896 -0.0460995 0)
(1.03513 -0.0208321 0)
(1.05254 -0.0129558 0)
(2.01985 -0.287447 0)
(2.3257 -0.87285 0)
(2.6088 -0.915753 0)
(2.61844 -0.825886 0)
(2.02154 -0.461728 0)
(1.58292 -0.337053 0)
(1.22192 -0.151251 0)
(1.04639 -0.048333 0)
(1.03714 -0.0225175 0)
(1.05311 -0.0145808 0)
(1.93205 0.0399264 0)
(2.30661 -0.64069 0)
(2.58741 -0.800416 0)
(2.58818 -0.775483 0)
(2.09292 -0.463475 0)
(1.62413 -0.328747 0)
(1.24767 -0.150646 0)
(1.05412 -0.0502839 0)
(1.03913 -0.0245186 0)
(1.05287 -0.0161391 0)
(1.87869 0.168412 0)
(2.26862 -0.378653 0)
(2.55949 -0.641042 0)
(2.55977 -0.693239 0)
(2.15357 -0.464436 0)
(1.6649 -0.319637 0)
(1.272 -0.149873 0)
(1.06089 -0.0517116 0)
(1.04125 -0.0262624 0)
(1.0538 -0.0176167 0)
(1.83808 0.257836 0)
(2.23271 -0.249406 0)
(2.52636 -0.576498 0)
(2.55063 -0.632934 0)
(2.21689 -0.461143 0)
(1.71176 -0.313185 0)
(1.29539 -0.148084 0)
(1.0664 -0.052804 0)
(1.04292 -0.0279702 0)
(1.05465 -0.0189263 0)
(1.80992 0.321234 0)
(2.19664 -0.13763 0)
(2.46909 -0.436264 0)
(2.56375 -0.580456 0)
(2.28011 -0.452351 0)
(1.76313 -0.303259 0)
(1.31638 -0.14197 0)
(1.07079 -0.0534851 0)
(1.04408 -0.0296252 0)
(1.0556 -0.0201458 0)
(1.78563 0.367615 0)
(2.15574 -0.0312505 0)
(2.41394 -0.359798 0)
(2.57566 -0.516647 0)
(2.32928 -0.433743 0)
(1.81061 -0.29341 0)
(1.33342 -0.136078 0)
(1.07436 -0.054467 0)
(1.04505 -0.0312631 0)
(1.05633 -0.0213983 0)
(1.76309 0.402922 0)
(2.12462 0.0359334 0)
(2.36396 -0.267127 0)
(2.58365 -0.469291 0)
(2.36059 -0.409616 0)
(1.84826 -0.273264 0)
(1.34559 -0.127526 0)
(1.07728 -0.055893 0)
(1.04607 -0.0329977 0)
(1.05711 -0.0226443 0)
(1.73473 0.433288 0)
(2.0892 0.100654 0)
(2.32824 -0.202696 0)
(2.58401 -0.419758 0)
(2.37783 -0.382889 0)
(1.8801 -0.25823 0)
(1.35629 -0.122985 0)
(1.07992 -0.0578493 0)
(1.04707 -0.0349006 0)
(1.05785 -0.0239385 0)
(1.71014 0.454337 0)
(2.05496 0.152521 0)
(2.29049 -0.125045 0)
(2.57959 -0.366981 0)
(2.38539 -0.357432 0)
(1.90558 -0.235282 0)
(1.36414 -0.115657 0)
(1.08226 -0.0602438 0)
(1.04811 -0.0369486 0)
(1.05865 -0.025238 0)
(1.68722 0.471804 0)
(2.02121 0.198248 0)
(2.26244 -0.0721374 0)
(2.56895 -0.318076 0)
(2.38699 -0.334852 0)
(1.93136 -0.220891 0)
(1.37612 -0.113459 0)
(1.08514 -0.0626044 0)
(1.04926 -0.0390385 0)
(1.05949 -0.0265183 0)
(1.66625 0.485429 0)
(1.99216 0.235074 0)
(2.23512 -0.0195785 0)
(2.53905 -0.260418 0)
(2.38294 -0.296631 0)
(1.95316 -0.196077 0)
(1.38807 -0.104401 0)
(1.08801 -0.064319 0)
(1.05048 -0.04104 0)
(1.06038 -0.0276975 0)
(1.65123 0.494509 0)
(1.96302 0.269485 0)
(2.20961 0.0277259 0)
(2.49803 -0.218232 0)
(2.38852 -0.277491 0)
(1.98078 -0.186823 0)
(1.40381 -0.0983117 0)
(1.09075 -0.0652543 0)
(1.0517 -0.042866 0)
(1.0613 -0.028742 0)
(1.63791 0.501539 0)
(1.93949 0.296529 0)
(2.18991 0.0636516 0)
(2.45349 -0.165432 0)
(2.37849 -0.230239 0)
(1.9893 -0.154902 0)
(1.41338 -0.0840183 0)
(1.09271 -0.0654622 0)
(1.053 -0.0445031 0)
(1.06223 -0.0296637 0)
(1.62965 0.504857 0)
(1.91916 0.319951 0)
(2.16759 0.10326 0)
(2.42022 -0.129859 0)
(2.36843 -0.209618 0)
(1.99822 -0.14237 0)
(1.42498 -0.0742783 0)
(1.09399 -0.0647917 0)
(1.0541 -0.0459774 0)
(1.06319 -0.0304832 0)
(1.62501 0.507809 0)
(1.90305 0.340024 0)
(2.15267 0.129405 0)
(2.38436 -0.0846858 0)
(2.33906 -0.159309 0)
(1.98545 -0.107111 0)
(1.4264 -0.0602493 0)
(1.09435 -0.0640434 0)
(1.05548 -0.0474398 0)
(1.06417 -0.0312925 0)
(1.6247 0.508493 0)
(1.89144 0.355243 0)
(2.13485 0.159368 0)
(2.35173 -0.0507212 0)
(2.3178 -0.131812 0)
(1.98318 -0.0913441 0)
(1.43236 -0.0530471 0)
(1.09466 -0.0652557 0)
(1.05697 -0.0490711 0)
(1.06513 -0.0321777 0)
(1.62748 0.505669 0)
(1.88297 0.366443 0)
(2.11934 0.180946 0)
(2.31434 -0.0133476 0)
(2.2846 -0.0842139 0)
(1.97021 -0.0596815 0)
(1.43299 -0.0451473 0)
(1.0947 -0.0676519 0)
(1.05854 -0.0510463 0)
(1.06622 -0.0329478 0)
(1.63341 0.49974 0)
(1.87581 0.374666 0)
(2.0995 0.204473 0)
(2.27792 0.01923 0)
(2.25924 -0.0517381 0)
(1.96527 -0.0399903 0)
(1.4352 -0.0389743 0)
(1.09474 -0.0711476 0)
(1.06012 -0.0533298 0)
(1.0674 -0.0336492 0)
(1.64188 0.492397 0)
(1.86326 0.381841 0)
(2.0747 0.226586 0)
(2.23905 0.0546482 0)
(2.23357 -0.0150806 0)
(1.9611 -0.0162061 0)
(1.43474 -0.0334105 0)
(1.09507 -0.0730743 0)
(1.06169 -0.0554239 0)
(1.06881 -0.0341834 0)
(1.64962 0.484445 0)
(1.8465 0.392162 0)
(2.04212 0.250723 0)
(2.20085 0.0874453 0)
(2.21768 0.0186919 0)
(1.96253 0.0119468 0)
(1.43257 -0.0263202 0)
(1.09552 -0.0725699 0)
(1.06333 -0.0566405 0)
(1.07004 -0.0346809 0)
(0.570214 0.19377 0)
(0.626269 0.241531 0)
(0.695352 0.30559 0)
(0.749179 0.363557 0)
(0.803172 0.406598 0)
(0.854894 0.445739 0)
(0.906119 0.48173 0)
(0.966203 0.514908 0)
(1.0503 0.55943 0)
(1.21183 0.601141 0)
(0.634345 0.248798 0)
(0.656159 0.292675 0)
(0.708718 0.329907 0)
(0.752642 0.375481 0)
(0.803185 0.41263 0)
(0.853492 0.448676 0)
(0.906145 0.482392 0)
(0.967476 0.515523 0)
(1.05106 0.554419 0)
(1.20527 0.587686 0)
(0.775348 0.262715 0)
(0.770089 0.289746 0)
(0.811436 0.314511 0)
(0.832314 0.352681 0)
(0.865077 0.384603 0)
(0.902058 0.41806 0)
(0.946871 0.452394 0)
(1.00302 0.487992 0)
(1.0853 0.528326 0)
(1.23605 0.546223 0)
(0.938131 0.306295 0)
(0.89613 0.353803 0)
(0.928421 0.385958 0)
(0.934464 0.415322 0)
(0.956961 0.432704 0)
(0.983037 0.452684 0)
(1.01794 0.478166 0)
(1.06552 0.50608 0)
(1.13847 0.537434 0)
(1.28187 0.554595 0)
(1.09577 0.349259 0)
(1.01881 0.385017 0)
(1.02904 0.424764 0)
(1.03713 0.452168 0)
(1.06478 0.466397 0)
(1.08242 0.489584 0)
(1.10728 0.512449 0)
(1.14328 0.534325 0)
(1.20224 0.54428 0)
(1.32631 0.557859 0)
(1.24363 0.398526 0)
(1.10557 0.434617 0)
(1.11506 0.44757 0)
(1.12477 0.470324 0)
(1.15161 0.488711 0)
(1.16349 0.507786 0)
(1.17896 0.528242 0)
(1.20574 0.547513 0)
(1.25105 0.560788 0)
(1.35446 0.569301 0)
(1.47418 0.403788 0)
(1.19949 0.464733 0)
(1.1885 0.464056 0)
(1.19661 0.479819 0)
(1.20797 0.499315 0)
(1.20783 0.523195 0)
(1.21535 0.54485 0)
(1.23912 0.558914 0)
(1.27982 0.569538 0)
(1.3674 0.57555 0)
(1.74015 0.316908 0)
(1.37907 0.450197 0)
(1.2327 0.478662 0)
(1.22948 0.486234 0)
(1.23605 0.508079 0)
(1.23121 0.534376 0)
(1.2375 0.553693 0)
(1.25675 0.566665 0)
(1.29424 0.575771 0)
(1.37171 0.580199 0)
(1.87072 0.206507 0)
(1.6691 0.34395 0)
(1.26328 0.473765 0)
(1.24079 0.490609 0)
(1.24894 0.510986 0)
(1.24701 0.537057 0)
(1.25464 0.557089 0)
(1.26996 0.570535 0)
(1.30482 0.579001 0)
(1.37415 0.583104 0)
(1.91289 0.143997 0)
(1.87702 0.181413 0)
(1.45189 0.407719 0)
(1.25805 0.479594 0)
(1.25911 0.511193 0)
(1.26072 0.537565 0)
(1.27032 0.557584 0)
(1.28246 0.570738 0)
(1.3152 0.579977 0)
(1.37639 0.584369 0)
(1.91906 0.113835 0)
(1.91967 0.119516 0)
(1.81577 0.217966 0)
(1.3371 0.449142 0)
(1.25996 0.507962 0)
(1.26976 0.537871 0)
(1.28227 0.550467 0)
(1.29297 0.562505 0)
(1.32382 0.577047 0)
(1.37844 0.582928 0)
(1.93483 0.090424 0)
(1.94317 0.0857513 0)
(1.93767 0.0993401 0)
(1.68691 0.295869 0)
(1.32388 0.477417 0)
(1.28872 0.537931 0)
(1.30099 0.541031 0)
(1.31556 0.552756 0)
(1.33948 0.574252 0)
(1.38651 0.581307 0)
(1.94861 0.0623545 0)
(1.95719 0.0604375 0)
(1.96937 0.0623049 0)
(1.93354 0.108081 0)
(1.55381 0.393492 0)
(1.30951 0.533683 0)
(1.31213 0.527316 0)
(1.33585 0.544225 0)
(1.35185 0.570963 0)
(1.39396 0.576557 0)
(1.96748 0.0428988 0)
(1.97281 0.0460748 0)
(1.98051 0.0496439 0)
(1.98012 0.0619613 0)
(1.88004 0.181237 0)
(1.44539 0.472839 0)
(1.35007 0.516807 0)
(1.35316 0.539761 0)
(1.36536 0.568269 0)
(1.40752 0.573078 0)
(1.97897 0.0366252 0)
(1.98336 0.0390126 0)
(1.99032 0.0433091 0)
(1.99539 0.0492381 0)
(1.98476 0.0718553 0)
(1.77395 0.288781 0)
(1.4042 0.496673 0)
(1.35577 0.534961 0)
(1.37633 0.559502 0)
(1.42544 0.565366 0)
(1.98919 0.0308771 0)
(1.99359 0.0329231 0)
(1.99979 0.0370437 0)
(2.00517 0.0419478 0)
(2.00603 0.0512581 0)
(1.97028 0.106432 0)
(1.61881 0.40601 0)
(1.38776 0.508256 0)
(1.40188 0.555284 0)
(1.44652 0.558284 0)
(1.99829 0.0259657 0)
(2.00283 0.0276808 0)
(2.00855 0.0311531 0)
(2.01396 0.0359022 0)
(2.01588 0.0417766 0)
(2.01236 0.0545348 0)
(1.90191 0.201749 0)
(1.47879 0.4684 0)
(1.42378 0.549469 0)
(1.46316 0.549609 0)
(2.00621 0.0213338 0)
(2.01048 0.0227895 0)
(2.01614 0.025475 0)
(2.02103 0.0296423 0)
(2.02337 0.0358784 0)
(2.02335 0.043163 0)
(2.00492 0.0753736 0)
(1.74051 0.341165 0)
(1.44662 0.538135 0)
(1.47509 0.535105 0)
(2.01209 0.0174492 0)
(2.01615 0.0185117 0)
(2.02162 0.0206281 0)
(2.02683 0.0240173 0)
(2.02895 0.0301091 0)
(2.02859 0.0369639 0)
(2.02745 0.0429202 0)
(1.95364 0.158331 0)
(1.56566 0.474452 0)
(1.51291 0.516538 0)
(2.01656 0.0138932 0)
(2.02049 0.0146296 0)
(2.02557 0.0162442 0)
(2.03086 0.0192675 0)
(2.03251 0.0251007 0)
(2.03285 0.0316901 0)
(2.03361 0.0340492 0)
(2.02022 0.0570552 0)
(1.79386 0.307828 0)
(1.54265 0.492432 0)
(3 -1.34935e-15 0)
(3 2.11883e-11 0)
(3 -1.45696e-11 0)
(3 -8.63472e-11 0)
(2.99999 8.31146e-08 0)
(2.99925 -2.01841e-06 0)
(2.9741 -9.18712e-05 0)
(2.62136 0.00172873 0)
(2.29337 -0.0037651 0)
(1.36543 0.0377848 0)
(3 -3.43568e-15 0)
(3 5.46617e-11 0)
(3 -3.42661e-11 0)
(3 2.18152e-10 0)
(2.99999 1.70368e-07 0)
(2.99925 -2.7626e-06 0)
(2.97412 -0.000291722 0)
(2.62157 0.00533902 0)
(2.29378 -0.0121588 0)
(1.42356 0.121692 0)
(3 -5.6303e-15 0)
(3 9.11739e-11 0)
(3 -5.18117e-11 0)
(3 1.05329e-09 0)
(2.99999 2.17228e-07 0)
(2.99925 -2.13374e-06 0)
(2.97411 -0.00050215 0)
(2.62265 0.00861169 0)
(2.28894 -0.0206427 0)
(1.54043 0.173789 0)
(3 -7.95014e-15 0)
(3 1.25374e-10 0)
(3 -7.02418e-11 0)
(3 2.64632e-09 0)
(2.99999 2.07675e-07 0)
(2.99925 4.81981e-07 0)
(2.97406 -0.000739839 0)
(2.62539 0.0109984 0)
(2.2761 -0.0268651 0)
(1.69297 0.193958 0)
(3 -9.97961e-15 0)
(3 1.5537e-10 0)
(3 -9.05889e-11 0)
(3 5.16059e-09 0)
(2.99999 1.44376e-07 0)
(2.99926 3.35585e-06 0)
(2.97402 -0.000945122 0)
(2.63005 0.013984 0)
(2.24767 -0.0431069 0)
(1.82871 0.208672 0)
(3 -1.19655e-14 0)
(3 1.82114e-10 0)
(3 -1.10829e-10 0)
(3 8.75728e-09 0)
(2.99999 -2.36965e-08 0)
(2.99926 1.00626e-05 0)
(2.97404 -0.00125443 0)
(2.63431 0.0176505 0)
(2.22343 -0.0490447 0)
(1.91291 0.187552 0)
(3 -1.37286e-14 0)
(3 2.06486e-10 0)
(3 -1.3106e-10 0)
(3 1.31829e-08 0)
(2.99999 -2.94612e-07 0)
(2.99926 2.15539e-05 0)
(2.97403 -0.00163866 0)
(2.6369 0.020465 0)
(2.21354 -0.0582568 0)
(1.96282 0.149036 0)
(3 -1.47296e-14 0)
(3 2.24447e-10 0)
(3 -1.51482e-10 0)
(3 1.80039e-08 0)
(2.99999 -6.25639e-07 0)
(2.99926 3.52851e-05 0)
(2.97404 -0.00199308 0)
(2.63707 0.0243906 0)
(2.20894 -0.0626433 0)
(1.9779 0.12367 0)
(3 -1.47295e-14 0)
(3 2.43235e-10 0)
(3 -1.69126e-10 0)
(3 2.30706e-08 0)
(2.99999 -9.52313e-07 0)
(2.99926 4.76504e-05 0)
(2.97411 -0.00227849 0)
(2.63691 0.0266748 0)
(2.20365 -0.0611209 0)
(1.99659 0.0929951 0)
(3 -1.51968e-14 0)
(3 2.5706e-10 0)
(3 -1.85528e-10 0)
(3 2.7714e-08 0)
(2.99999 -1.27065e-06 0)
(2.99926 5.92127e-05 0)
(2.97419 -0.00252676 0)
(2.63652 0.0285928 0)
(2.19836 -0.0585036 0)
(2.01687 0.0712925 0)
(3 -1.67798e-14 0)
(3 2.68505e-10 0)
(3 -1.99276e-10 0)
(3 3.22203e-08 0)
(2.99999 -1.53631e-06 0)
(2.99926 6.85664e-05 0)
(2.97424 -0.00266962 0)
(2.63602 0.0289435 0)
(2.19402 -0.0552381 0)
(2.03375 0.0557501 0)
(3 -1.67335e-14 0)
(3 2.72845e-10 0)
(3 -2.06433e-10 0)
(3 3.55758e-08 0)
(2.99999 -1.76577e-06 0)
(2.99926 7.5842e-05 0)
(2.97427 -0.00271204 0)
(2.63554 0.0282007 0)
(2.19207 -0.0530968 0)
(2.0413 0.0487432 0)
(3 -1.67652e-14 0)
(3 2.73689e-10 0)
(3 -2.09967e-10 0)
(3 3.83213e-08 0)
(2.99999 -1.9334e-06 0)
(2.99926 8.01826e-05 0)
(2.97428 -0.00268792 0)
(2.6352 0.0270611 0)
(2.19075 -0.0505147 0)
(2.04482 0.0463473 0)
(3 -1.70068e-14 0)
(3 2.72786e-10 0)
(3 -2.1012e-10 0)
(3 4.06607e-08 0)
(2.99999 -2.0657e-06 0)
(2.99926 8.28277e-05 0)
(2.97429 -0.00261659 0)
(2.63485 0.0256945 0)
(2.18894 -0.0477088 0)
(2.04741 0.0409988 0)
(3 -1.69457e-14 0)
(3 2.71435e-10 0)
(3 -2.09302e-10 0)
(3 4.27151e-08 0)
(2.99999 -2.17671e-06 0)
(2.99926 8.43733e-05 0)
(2.97427 -0.00253175 0)
(2.63565 0.0239262 0)
(2.18541 -0.0433362 0)
(2.0502 0.03499 0)
(3 -1.69481e-14 0)
(3 2.67338e-10 0)
(3 -2.05311e-10 0)
(3 4.46653e-08 0)
(2.99999 -2.27873e-06 0)
(2.99926 8.54441e-05 0)
(2.97425 -0.00242614 0)
(2.63622 0.0221108 0)
(2.18258 -0.0400845 0)
(2.05322 0.0292739 0)
(3 -1.63563e-14 0)
(3 2.61576e-10 0)
(3 -1.98602e-10 0)
(3 4.64704e-08 0)
(2.99999 -2.366e-06 0)
(2.99926 8.63734e-05 0)
(2.97421 -0.00232522 0)
(2.63816 0.0201959 0)
(2.17715 -0.0348223 0)
(2.05574 0.0244874 0)
(3 -1.64338e-14 0)
(3 2.54695e-10 0)
(3 -1.90025e-10 0)
(3 4.79628e-08 0)
(2.99999 -2.43538e-06 0)
(2.99925 8.69971e-05 0)
(2.97418 -0.00222832 0)
(2.63944 0.0181876 0)
(2.17446 -0.0309613 0)
(2.05776 0.0200332 0)
(3 -1.57878e-14 0)
(3 2.45807e-10 0)
(3 -1.81279e-10 0)
(3 4.90329e-08 0)
(2.99999 -2.48093e-06 0)
(2.99925 8.77325e-05 0)
(2.97413 -0.00216004 0)
(2.64185 0.0165429 0)
(2.16996 -0.0259697 0)
(2.05871 0.0163771 0)
(3 -1.51064e-14 0)
(3 2.36474e-10 0)
(3 -1.69949e-10 0)
(3 4.95489e-08 0)
(2.99999 -2.49058e-06 0)
(2.99925 8.7126e-05 0)
(2.9741 -0.00206033 0)
(2.64361 0.0146276 0)
(2.16785 -0.0224777 0)
(2.05936 0.0130691 0)
(3 1.4122e-14 0)
(3 -2.36487e-10 0)
(3 1.69948e-10 0)
(3 -4.95493e-08 0)
(2.99999 2.49061e-06 0)
(2.99925 -8.71269e-05 0)
(2.9741 0.00206035 0)
(2.64361 -0.0146277 0)
(2.16785 0.0224777 0)
(2.05936 -0.0130691 0)
(3 1.5277e-14 0)
(3 -2.4582e-10 0)
(3 1.81282e-10 0)
(3 -4.90332e-08 0)
(2.99999 2.48095e-06 0)
(2.99925 -8.77334e-05 0)
(2.97413 0.00216006 0)
(2.64185 -0.0165429 0)
(2.16996 0.0259697 0)
(2.05871 -0.0163771 0)
(3 1.60436e-14 0)
(3 -2.54686e-10 0)
(3 1.9002e-10 0)
(3 -4.79631e-08 0)
(2.99999 2.4354e-06 0)
(2.99925 -8.69979e-05 0)
(2.97418 0.00222833 0)
(2.63944 -0.0181877 0)
(2.17446 0.0309614 0)
(2.05776 -0.0200332 0)
(3 1.59181e-14 0)
(3 -2.61566e-10 0)
(3 1.98604e-10 0)
(3 -4.64706e-08 0)
(2.99999 2.36601e-06 0)
(2.99926 -8.63741e-05 0)
(2.97421 0.00232523 0)
(2.63816 -0.020196 0)
(2.17715 0.0348223 0)
(2.05574 -0.0244874 0)
(3 1.68158e-14 0)
(3 -2.67335e-10 0)
(3 2.05309e-10 0)
(3 -4.46654e-08 0)
(2.99999 2.27874e-06 0)
(2.99926 -8.54447e-05 0)
(2.97425 0.00242615 0)
(2.63622 -0.0221109 0)
(2.18258 0.0400845 0)
(2.05322 -0.0292739 0)
(3 1.70054e-14 0)
(3 -2.71436e-10 0)
(3 2.09301e-10 0)
(3 -4.27152e-08 0)
(2.99999 2.17673e-06 0)
(2.99926 -8.43737e-05 0)
(2.97427 0.00253176 0)
(2.63565 -0.0239262 0)
(2.18541 0.0433363 0)
(2.0502 -0.03499 0)
(3 1.68562e-14 0)
(3 -2.72784e-10 0)
(3 2.1012e-10 0)
(3 -4.06607e-08 0)
(2.99999 2.06571e-06 0)
(2.99926 -8.2828e-05 0)
(2.97429 0.0026166 0)
(2.63485 -0.0256945 0)
(2.18894 0.0477088 0)
(2.04741 -0.0409988 0)
(3 1.6983e-14 0)
(3 -2.73687e-10 0)
(3 2.09968e-10 0)
(3 -3.83212e-08 0)
(2.99999 1.93341e-06 0)
(2.99926 -8.01829e-05 0)
(2.97428 0.00268793 0)
(2.6352 -0.0270611 0)
(2.19075 0.0505147 0)
(2.04482 -0.0463473 0)
(3 1.63876e-14 0)
(3 -2.72843e-10 0)
(3 2.06436e-10 0)
(3 -3.55757e-08 0)
(2.99999 1.76577e-06 0)
(2.99926 -7.58422e-05 0)
(2.97427 0.00271205 0)
(2.63554 -0.0282007 0)
(2.19207 0.0530968 0)
(2.0413 -0.0487432 0)
(3 1.67545e-14 0)
(3 -2.68501e-10 0)
(3 1.99279e-10 0)
(3 -3.22201e-08 0)
(2.99999 1.53631e-06 0)
(2.99926 -6.85665e-05 0)
(2.97424 0.00266963 0)
(2.63602 -0.0289435 0)
(2.19402 0.0552381 0)
(2.03375 -0.0557501 0)
(3 1.60481e-14 0)
(3 -2.57054e-10 0)
(3 1.85525e-10 0)
(3 -2.77138e-08 0)
(2.99999 1.27064e-06 0)
(2.99926 -5.92127e-05 0)
(2.97419 0.00252676 0)
(2.63652 -0.0285928 0)
(2.19836 0.0585036 0)
(2.01687 -0.0712925 0)
(3 1.49468e-14 0)
(3 -2.4323e-10 0)
(3 1.69127e-10 0)
(3 -2.30704e-08 0)
(2.99999 9.52303e-07 0)
(2.99926 -4.76502e-05 0)
(2.97411 0.00227849 0)
(2.63691 -0.0266748 0)
(2.20365 0.0611209 0)
(1.99659 -0.0929951 0)
(3 1.47421e-14 0)
(3 -2.24447e-10 0)
(3 1.51479e-10 0)
(3 -1.80035e-08 0)
(2.99999 6.25626e-07 0)
(2.99926 -3.52849e-05 0)
(2.97404 0.00199308 0)
(2.63707 -0.0243906 0)
(2.20894 0.0626433 0)
(1.9779 -0.12367 0)
(3 1.37341e-14 0)
(3 -2.06486e-10 0)
(3 1.31054e-10 0)
(3 -1.31824e-08 0)
(2.99999 2.94594e-07 0)
(2.99926 -2.15535e-05 0)
(2.97403 0.00163866 0)
(2.6369 -0.020465 0)
(2.21354 0.0582568 0)
(1.96282 -0.149036 0)
(3 1.17759e-14 0)
(3 -1.82115e-10 0)
(3 1.10822e-10 0)
(3 -8.75674e-09 0)
(2.99999 2.36724e-08 0)
(2.99926 -1.0062e-05 0)
(2.97404 0.00125443 0)
(2.63431 -0.0176506 0)
(2.22343 0.0490446 0)
(1.91291 -0.187552 0)
(3 9.89889e-15 0)
(3 -1.5537e-10 0)
(3 9.05875e-11 0)
(3 -5.15997e-09 0)
(2.99999 -1.44405e-07 0)
(2.99926 -3.35516e-06 0)
(2.97402 0.000945117 0)
(2.63005 -0.0139838 0)
(2.24767 0.043107 0)
(1.82871 -0.208672 0)
(3 7.92465e-15 0)
(3 -1.25369e-10 0)
(3 7.02381e-11 0)
(3 -2.64564e-09 0)
(2.99999 -2.07703e-07 0)
(2.99925 -4.81578e-07 0)
(2.97406 0.000739839 0)
(2.62539 -0.0109985 0)
(2.2761 0.0268651 0)
(1.69297 -0.193958 0)
(3 5.57915e-15 0)
(3 -9.11705e-11 0)
(3 5.18075e-11 0)
(3 -1.05255e-09 0)
(2.99999 -2.17265e-07 0)
(2.99925 2.13496e-06 0)
(2.97411 0.000502127 0)
(2.62265 -0.00861166 0)
(2.28894 0.0206427 0)
(1.54043 -0.173789 0)
(3 3.71856e-15 0)
(3 -5.46557e-11 0)
(3 3.42662e-11 0)
(3 -2.17382e-10 0)
(2.99999 -1.704e-07 0)
(2.99925 2.76323e-06 0)
(2.97412 0.000291717 0)
(2.62157 -0.00533895 0)
(2.29378 0.0121588 0)
(1.42356 -0.121692 0)
(3 1.12918e-15 0)
(3 -2.11837e-11 0)
(3 1.45688e-11 0)
(3 8.71313e-11 0)
(2.99999 -8.31483e-08 0)
(2.99925 2.01914e-06 0)
(2.9741 9.18554e-05 0)
(2.62136 -0.00172861 0)
(2.29337 0.00376512 0)
(1.36543 -0.0377847 0)
(2.01656 -0.0138932 0)
(2.02049 -0.0146296 0)
(2.02557 -0.0162442 0)
(2.03086 -0.0192675 0)
(2.03251 -0.0251007 0)
(2.03285 -0.0316901 0)
(2.03361 -0.0340493 0)
(2.02022 -0.0570552 0)
(1.79386 -0.307828 0)
(1.54265 -0.492432 0)
(2.01209 -0.0174492 0)
(2.01615 -0.0185117 0)
(2.02162 -0.0206282 0)
(2.02683 -0.0240173 0)
(2.02895 -0.0301091 0)
(2.02859 -0.0369639 0)
(2.02745 -0.0429202 0)
(1.95364 -0.15833 0)
(1.56566 -0.474452 0)
(1.51291 -0.516538 0)
(2.00621 -0.0213338 0)
(2.01048 -0.0227895 0)
(2.01614 -0.025475 0)
(2.02103 -0.0296424 0)
(2.02337 -0.0358784 0)
(2.02335 -0.043163 0)
(2.00492 -0.0753736 0)
(1.74051 -0.341165 0)
(1.44662 -0.538135 0)
(1.47509 -0.535105 0)
(1.99829 -0.0259657 0)
(2.00283 -0.0276808 0)
(2.00855 -0.0311531 0)
(2.01396 -0.0359022 0)
(2.01588 -0.0417766 0)
(2.01236 -0.0545348 0)
(1.90192 -0.201748 0)
(1.47879 -0.4684 0)
(1.42378 -0.549469 0)
(1.46316 -0.549609 0)
(1.98919 -0.0308771 0)
(1.99359 -0.0329231 0)
(1.99979 -0.0370437 0)
(2.00517 -0.0419478 0)
(2.00603 -0.0512581 0)
(1.97028 -0.106432 0)
(1.61882 -0.40601 0)
(1.38776 -0.508256 0)
(1.40188 -0.555284 0)
(1.44652 -0.558284 0)
(1.97897 -0.0366252 0)
(1.98336 -0.0390126 0)
(1.99032 -0.0433091 0)
(1.99539 -0.0492381 0)
(1.98476 -0.0718553 0)
(1.77395 -0.288781 0)
(1.4042 -0.496673 0)
(1.35577 -0.534961 0)
(1.37633 -0.559502 0)
(1.42544 -0.565366 0)
(1.96748 -0.0428988 0)
(1.97281 -0.0460747 0)
(1.98051 -0.0496439 0)
(1.98012 -0.0619613 0)
(1.88004 -0.181237 0)
(1.44539 -0.472839 0)
(1.35007 -0.516807 0)
(1.35316 -0.539761 0)
(1.36536 -0.568269 0)
(1.40752 -0.573078 0)
(1.94861 -0.0623546 0)
(1.95719 -0.0604375 0)
(1.96937 -0.0623049 0)
(1.93354 -0.108081 0)
(1.55381 -0.393493 0)
(1.30951 -0.533683 0)
(1.31213 -0.527316 0)
(1.33585 -0.544225 0)
(1.35185 -0.570964 0)
(1.39396 -0.576557 0)
(1.93483 -0.090424 0)
(1.94317 -0.0857513 0)
(1.93767 -0.0993401 0)
(1.68691 -0.29587 0)
(1.32388 -0.477417 0)
(1.28872 -0.537931 0)
(1.30099 -0.541031 0)
(1.31556 -0.552757 0)
(1.33948 -0.574252 0)
(1.38651 -0.581307 0)
(1.91906 -0.113835 0)
(1.91967 -0.119516 0)
(1.81577 -0.217966 0)
(1.3371 -0.449143 0)
(1.25996 -0.507962 0)
(1.26976 -0.537871 0)
(1.28227 -0.550467 0)
(1.29297 -0.562505 0)
(1.32382 -0.577047 0)
(1.37844 -0.582928 0)
(1.91289 -0.143997 0)
(1.87702 -0.181413 0)
(1.45189 -0.407719 0)
(1.25805 -0.479594 0)
(1.25911 -0.511193 0)
(1.26072 -0.537565 0)
(1.27032 -0.557584 0)
(1.28246 -0.570738 0)
(1.3152 -0.579977 0)
(1.37639 -0.584369 0)
(1.87072 -0.206507 0)
(1.6691 -0.34395 0)
(1.26328 -0.473766 0)
(1.24079 -0.490609 0)
(1.24894 -0.510986 0)
(1.24701 -0.537057 0)
(1.25464 -0.557089 0)
(1.26996 -0.570535 0)
(1.30482 -0.579 0)
(1.37415 -0.583104 0)
(1.74015 -0.316908 0)
(1.37907 -0.450197 0)
(1.2327 -0.478662 0)
(1.22948 -0.486234 0)
(1.23605 -0.508079 0)
(1.23121 -0.534376 0)
(1.2375 -0.553693 0)
(1.25675 -0.566665 0)
(1.29424 -0.575771 0)
(1.37171 -0.580199 0)
(1.47418 -0.403788 0)
(1.19949 -0.464733 0)
(1.1885 -0.464056 0)
(1.19661 -0.479818 0)
(1.20797 -0.499315 0)
(1.20783 -0.523195 0)
(1.21535 -0.54485 0)
(1.23912 -0.558914 0)
(1.27982 -0.569538 0)
(1.3674 -0.57555 0)
(1.24363 -0.398526 0)
(1.10557 -0.434617 0)
(1.11506 -0.44757 0)
(1.12477 -0.470324 0)
(1.15161 -0.488711 0)
(1.16349 -0.507786 0)
(1.17896 -0.528242 0)
(1.20574 -0.547513 0)
(1.25105 -0.560788 0)
(1.35446 -0.569301 0)
(1.09577 -0.349259 0)
(1.01881 -0.385017 0)
(1.02904 -0.424764 0)
(1.03713 -0.452168 0)
(1.06478 -0.466397 0)
(1.08242 -0.489584 0)
(1.10728 -0.512449 0)
(1.14328 -0.534325 0)
(1.20224 -0.54428 0)
(1.32631 -0.557859 0)
(0.938131 -0.306295 0)
(0.89613 -0.353803 0)
(0.928421 -0.385958 0)
(0.934464 -0.415322 0)
(0.956961 -0.432704 0)
(0.983037 -0.452684 0)
(1.01794 -0.478166 0)
(1.06552 -0.50608 0)
(1.13847 -0.537434 0)
(1.28187 -0.554595 0)
(0.775348 -0.262715 0)
(0.770089 -0.289745 0)
(0.811436 -0.314511 0)
(0.832314 -0.35268 0)
(0.865077 -0.384603 0)
(0.902058 -0.41806 0)
(0.946871 -0.452394 0)
(1.00302 -0.487992 0)
(1.0853 -0.528326 0)
(1.23605 -0.546223 0)
(0.634345 -0.248798 0)
(0.656158 -0.292675 0)
(0.708718 -0.329907 0)
(0.752642 -0.375481 0)
(0.803185 -0.41263 0)
(0.853492 -0.448676 0)
(0.906145 -0.482392 0)
(0.967476 -0.515523 0)
(1.05106 -0.554419 0)
(1.20527 -0.587686 0)
(0.570214 -0.19377 0)
(0.626269 -0.241531 0)
(0.695352 -0.30559 0)
(0.749179 -0.363557 0)
(0.803172 -0.406598 0)
(0.854894 -0.445739 0)
(0.906119 -0.48173 0)
(0.966203 -0.514908 0)
(1.0503 -0.55943 0)
(1.21183 -0.601141 0)
(1.64962 -0.484445 0)
(1.8465 -0.392162 0)
(2.04212 -0.250723 0)
(2.20085 -0.0874452 0)
(2.21768 -0.0186918 0)
(1.96253 -0.0119469 0)
(1.43257 0.0263201 0)
(1.09552 0.0725699 0)
(1.06333 0.0566405 0)
(1.07004 0.0346809 0)
(1.64188 -0.492398 0)
(1.86326 -0.381841 0)
(2.0747 -0.226586 0)
(2.23905 -0.054648 0)
(2.23357 0.0150807 0)
(1.9611 0.0162061 0)
(1.43474 0.0334104 0)
(1.09507 0.0730743 0)
(1.06169 0.0554239 0)
(1.06881 0.0341834 0)
(1.63341 -0.49974 0)
(1.87581 -0.374667 0)
(2.0995 -0.204473 0)
(2.27792 -0.0192299 0)
(2.25924 0.0517382 0)
(1.96527 0.0399903 0)
(1.4352 0.0389743 0)
(1.09474 0.0711476 0)
(1.06012 0.0533298 0)
(1.0674 0.0336492 0)
(1.62748 -0.50567 0)
(1.88297 -0.366443 0)
(2.11934 -0.180946 0)
(2.31434 0.0133477 0)
(2.2846 0.084214 0)
(1.97021 0.0596815 0)
(1.43299 0.0451473 0)
(1.0947 0.0676519 0)
(1.05854 0.0510463 0)
(1.06622 0.0329478 0)
(1.6247 -0.508494 0)
(1.89144 -0.355243 0)
(2.13485 -0.159368 0)
(2.35173 0.0507213 0)
(2.3178 0.131812 0)
(1.98318 0.0913441 0)
(1.43236 0.0530471 0)
(1.09466 0.0652557 0)
(1.05697 0.0490711 0)
(1.06513 0.0321777 0)
(1.62501 -0.507809 0)
(1.90305 -0.340024 0)
(2.15267 -0.129405 0)
(2.38436 0.0846859 0)
(2.33906 0.159309 0)
(1.98545 0.107111 0)
(1.4264 0.0602493 0)
(1.09435 0.0640434 0)
(1.05548 0.0474398 0)
(1.06417 0.0312925 0)
(1.62965 -0.504857 0)
(1.91916 -0.319951 0)
(2.16759 -0.10326 0)
(2.42022 0.129859 0)
(2.36843 0.209618 0)
(1.99822 0.14237 0)
(1.42498 0.0742783 0)
(1.09399 0.0647917 0)
(1.0541 0.0459774 0)
(1.06319 0.0304832 0)
(1.63791 -0.501539 0)
(1.93949 -0.296529 0)
(2.18991 -0.0636516 0)
(2.45349 0.165432 0)
(2.37849 0.230239 0)
(1.9893 0.154902 0)
(1.41338 0.0840183 0)
(1.09271 0.0654621 0)
(1.053 0.0445031 0)
(1.06223 0.0296637 0)
(1.65123 -0.494509 0)
(1.96302 -0.269485 0)
(2.20961 -0.0277259 0)
(2.49803 0.218232 0)
(2.38852 0.277491 0)
(1.98078 0.186823 0)
(1.40381 0.0983117 0)
(1.09075 0.0652542 0)
(1.0517 0.042866 0)
(1.0613 0.028742 0)
(1.66625 -0.485429 0)
(1.99216 -0.235074 0)
(2.23512 0.0195785 0)
(2.53905 0.260418 0)
(2.38294 0.296631 0)
(1.95316 0.196077 0)
(1.38807 0.104401 0)
(1.08801 0.064319 0)
(1.05048 0.04104 0)
(1.06038 0.0276975 0)
(1.68722 -0.471804 0)
(2.02121 -0.198248 0)
(2.26244 0.0721374 0)
(2.56895 0.318076 0)
(2.38699 0.334852 0)
(1.93136 0.220891 0)
(1.37612 0.113459 0)
(1.08514 0.0626043 0)
(1.04926 0.0390385 0)
(1.05949 0.0265183 0)
(1.71014 -0.454338 0)
(2.05496 -0.152521 0)
(2.29049 0.125045 0)
(2.57959 0.366981 0)
(2.38539 0.357432 0)
(1.90558 0.235282 0)
(1.36414 0.115657 0)
(1.08226 0.0602438 0)
(1.04811 0.0369486 0)
(1.05865 0.025238 0)
(1.73473 -0.433288 0)
(2.0892 -0.100654 0)
(2.32824 0.202696 0)
(2.58401 0.419758 0)
(2.37783 0.382889 0)
(1.8801 0.25823 0)
(1.35629 0.122986 0)
(1.07992 0.0578493 0)
(1.04707 0.0349006 0)
(1.05785 0.0239385 0)
(1.76309 -0.402922 0)
(2.12462 -0.0359333 0)
(2.36396 0.267127 0)
(2.58365 0.469291 0)
(2.36059 0.409616 0)
(1.84826 0.273264 0)
(1.34559 0.127526 0)
(1.07728 0.055893 0)
(1.04607 0.0329977 0)
(1.05711 0.0226443 0)
(1.78563 -0.367615 0)
(2.15574 0.0312506 0)
(2.41394 0.359798 0)
(2.57566 0.516647 0)
(2.32928 0.433742 0)
(1.81061 0.29341 0)
(1.33342 0.136078 0)
(1.07436 0.054467 0)
(1.04505 0.0312631 0)
(1.05633 0.0213983 0)
(1.80992 -0.321234 0)
(2.19664 0.13763 0)
(2.46909 0.436264 0)
(2.56375 0.580456 0)
(2.28011 0.452351 0)
(1.76313 0.303259 0)
(1.31638 0.14197 0)
(1.07079 0.0534851 0)
(1.04408 0.0296252 0)
(1.0556 0.0201458 0)
(1.83808 -0.257836 0)
(2.23271 0.249406 0)
(2.52636 0.576498 0)
(2.55063 0.632934 0)
(2.21689 0.461143 0)
(1.71176 0.313185 0)
(1.29539 0.148084 0)
(1.0664 0.052804 0)
(1.04292 0.0279702 0)
(1.05465 0.0189263 0)
(1.87869 -0.168412 0)
(2.26862 0.378653 0)
(2.55949 0.641042 0)
(2.55977 0.693239 0)
(2.15357 0.464436 0)
(1.6649 0.319637 0)
(1.272 0.149873 0)
(1.06089 0.0517116 0)
(1.04125 0.0262624 0)
(1.0538 0.0176167 0)
(1.93205 -0.0399265 0)
(2.30661 0.64069 0)
(2.58741 0.800416 0)
(2.58818 0.775483 0)
(2.09292 0.463475 0)
(1.62413 0.328747 0)
(1.24767 0.150646 0)
(1.05412 0.0502839 0)
(1.03913 0.0245186 0)
(1.05287 0.0161391 0)
(2.01985 0.287447 0)
(2.3257 0.87285 0)
(2.6088 0.915753 0)
(2.61844 0.825886 0)
(2.02154 0.461728 0)
(1.58292 0.337053 0)
(1.22192 0.151251 0)
(1.04639 0.048333 0)
(1.03714 0.0225175 0)
(1.05311 0.0145808 0)
(2.04348 8.45436e-05 0)
(2.04498 0.000543673 0)
(2.0459 -0.000489811 0)
(2.02979 -0.00816462 0)
(1.97601 -0.0203163 0)
(1.78169 -0.031709 0)
(1.36108 -0.0290748 0)
(1.11728 -0.0103546 0)
(1.09907 -0.00149506 0)
(1.09832 -0.000168687 0)
(2.04362 0.000405537 0)
(2.0448 0.000888644 0)
(2.04459 -0.00505601 0)
(2.02638 -0.0336849 0)
(1.97888 -0.0593676 0)
(1.79173 -0.0736898 0)
(1.37274 -0.0686329 0)
(1.12363 -0.0348908 0)
(1.10072 -0.00877487 0)
(1.09862 -0.000816581 0)
(2.0439 0.000520304 0)
(2.04435 0.000152784 0)
(2.04216 -0.014284 0)
(2.01285 -0.0588225 0)
(1.96667 -0.0834601 0)
(1.78684 -0.0910006 0)
(1.37285 -0.0808345 0)
(1.12749 -0.0458692 0)
(1.10332 -0.0166977 0)
(1.09919 -0.00217228 0)
(2.04437 0.000496154 0)
(2.04252 -0.00307065 0)
(2.03695 -0.0304942 0)
(1.99882 -0.0821379 0)
(1.95891 -0.0956359 0)
(1.78825 -0.0934103 0)
(1.37586 -0.0792616 0)
(1.13313 -0.0476681 0)
(1.10678 -0.0223946 0)
(1.10014 -0.00430212 0)
(2.04473 0.000313434 0)
(2.03891 -0.00941853 0)
(2.02601 -0.0520562 0)
(1.98663 -0.100926 0)
(1.95466 -0.101273 0)
(1.79207 -0.0852938 0)
(1.37871 -0.0664112 0)
(1.13714 -0.0462619 0)
(1.11113 -0.0241783 0)
(1.10144 -0.00634892 0)
(2.04453 0.000157167 0)
(2.03341 -0.0187724 0)
(2.00792 -0.0747676 0)
(1.97957 -0.112204 0)
(1.95301 -0.103689 0)
(1.80026 -0.0728235 0)
(1.38171 -0.0435511 0)
(1.13957 -0.0349852 0)
(1.11449 -0.0231318 0)
(1.10317 -0.00760465 0)
(2.04402 0.000108321 0)
(2.02571 -0.0302801 0)
(1.98522 -0.0964835 0)
(1.97508 -0.115296 0)
(1.95534 -0.09772 0)
(1.81116 -0.0616403 0)
(1.38641 -0.0231176 0)
(1.14047 -0.0147989 0)
(1.11657 -0.0164646 0)
(1.10488 -0.00752251 0)
(2.0429 0.000310041 0)
(2.0142 -0.0426926 0)
(1.96899 -0.111338 0)
(1.96962 -0.11644 0)
(1.96262 -0.0877244 0)
(1.82513 -0.0492574 0)
(1.39312 -0.00675189 0)
(1.14039 0.00364993 0)
(1.11721 -0.00405208 0)
(1.10583 -0.0051262 0)
(2.04111 0.000250236 0)
(1.9942 -0.0574476 0)
(1.95637 -0.120264 0)
(1.96582 -0.113709 0)
(1.97115 -0.0755049 0)
(1.8374 -0.0367862 0)
(1.39962 0.00743166 0)
(1.1405 0.0193851 0)
(1.11691 0.00894251 0)
(1.10591 0.000297649 0)
(2.03714 -0.00367275 0)
(1.96833 -0.0745159 0)
(1.94676 -0.124248 0)
(1.96627 -0.105083 0)
(1.98181 -0.0608048 0)
(1.84884 -0.0222928 0)
(1.40567 0.0218761 0)
(1.13954 0.0321458 0)
(1.11526 0.020879 0)
(1.10478 0.00602155 0)
(2.02953 -0.0134194 0)
(1.94215 -0.0959141 0)
(1.93679 -0.123522 0)
(1.97291 -0.0936885 0)
(1.99714 -0.0443251 0)
(1.86118 -0.00604152 0)
(1.412 0.0384686 0)
(1.13989 0.0473041 0)
(1.11343 0.0338587 0)
(1.10271 0.0116155 0)
(2.01662 -0.0285418 0)
(1.91936 -0.113991 0)
(1.92806 -0.124577 0)
(1.97883 -0.0815288 0)
(2.01201 -0.0275122 0)
(1.87479 0.0143753 0)
(1.41847 0.0584861 0)
(1.13784 0.0612575 0)
(1.10908 0.0447804 0)
(1.09943 0.0164795 0)
(1.99383 -0.0442212 0)
(1.90174 -0.124713 0)
(1.92359 -0.123062 0)
(1.98774 -0.069817 0)
(2.0271 -0.0125671 0)
(1.88503 0.0342885 0)
(1.42215 0.0803346 0)
(1.1369 0.0778724 0)
(1.10554 0.0578295 0)
(1.09622 0.0220026 0)
(1.95867 -0.0572781 0)
(1.88997 -0.130752 0)
(1.92668 -0.123498 0)
(2.00626 -0.0644423 0)
(2.0465 -0.000907058 0)
(1.89607 0.058453 0)
(1.42492 0.105586 0)
(1.13447 0.092997 0)
(1.09956 0.0679576 0)
(1.09213 0.0265882 0)
(1.92094 -0.0694589 0)
(1.88263 -0.142723 0)
(1.93389 -0.130257 0)
(2.02443 -0.0689637 0)
(2.06942 0.00511105 0)
(1.90757 0.0788192 0)
(1.42055 0.122567 0)
(1.12789 0.0986464 0)
(1.09253 0.0743417 0)
(1.08805 0.0311594 0)
(1.88822 -0.0890803 0)
(1.87187 -0.182681 0)
(1.94078 -0.171574 0)
(2.04424 -0.0981152 0)
(2.09219 -0.000665398 0)
(1.9195 0.0914288 0)
(1.41731 0.13866 0)
(1.12279 0.106768 0)
(1.08519 0.0791964 0)
(1.08414 0.0354408 0)
(1.84264 -0.138503 0)
(1.85791 -0.271957 0)
(1.94278 -0.259658 0)
(2.0711 -0.170983 0)
(2.12492 -0.0348908 0)
(1.93106 0.0917208 0)
(1.40921 0.136326 0)
(1.1158 0.103413 0)
(1.07785 0.0774262 0)
(1.08024 0.0384421 0)
(1.77362 -0.250731 0)
(1.84459 -0.352675 0)
(1.95922 -0.307818 0)
(2.10257 -0.206553 0)
(2.16483 -0.0791403 0)
(1.95148 0.0547978 0)
(1.40093 0.107982 0)
(1.10849 0.0865349 0)
(1.07218 0.0691913 0)
(1.07661 0.0393722 0)
(1.71362 -0.377269 0)
(1.82694 -0.389266 0)
(1.97666 -0.329406 0)
(2.1292 -0.21053 0)
(2.19181 -0.0952778 0)
(1.96454 -0.00529388 0)
(1.40315 0.0543641 0)
(1.10309 0.0731694 0)
(1.06824 0.0619474 0)
(1.07365 0.0385441 0)
(1.6829 -0.452629 0)
(1.82726 -0.406068 0)
(2.00616 -0.288858 0)
(2.16448 -0.145103 0)
(2.20628 -0.0708772 0)
(1.96595 -0.0301183 0)
(1.41766 0.0235638 0)
(1.09869 0.0705046 0)
(1.06569 0.0583514 0)
(1.0713 0.0360945 0)
(1.6829 0.452629 0)
(1.82726 0.406068 0)
(2.00616 0.288858 0)
(2.16448 0.145103 0)
(2.20628 0.0708773 0)
(1.96595 0.0301183 0)
(1.41766 -0.0235638 0)
(1.09869 -0.0705046 0)
(1.06569 -0.0583514 0)
(1.0713 -0.0360945 0)
(1.71362 0.377269 0)
(1.82694 0.389266 0)
(1.97666 0.329406 0)
(2.1292 0.21053 0)
(2.19181 0.0952778 0)
(1.96454 0.00529382 0)
(1.40315 -0.0543642 0)
(1.10309 -0.0731694 0)
(1.06824 -0.0619474 0)
(1.07365 -0.0385441 0)
(1.77362 0.250731 0)
(1.84459 0.352675 0)
(1.95922 0.307818 0)
(2.10257 0.206553 0)
(2.16483 0.0791403 0)
(1.95148 -0.0547978 0)
(1.40093 -0.107982 0)
(1.10849 -0.0865349 0)
(1.07218 -0.0691913 0)
(1.07661 -0.0393722 0)
(1.84264 0.138503 0)
(1.85791 0.271957 0)
(1.94278 0.259658 0)
(2.0711 0.170983 0)
(2.12492 0.0348907 0)
(1.93106 -0.0917207 0)
(1.40921 -0.136326 0)
(1.1158 -0.103413 0)
(1.07785 -0.0774262 0)
(1.08024 -0.0384421 0)
(1.88822 0.0890803 0)
(1.87187 0.182681 0)
(1.94078 0.171574 0)
(2.04424 0.0981153 0)
(2.09219 0.000665377 0)
(1.9195 -0.0914288 0)
(1.41731 -0.13866 0)
(1.12279 -0.106768 0)
(1.08519 -0.0791963 0)
(1.08414 -0.0354408 0)
(1.92094 0.069459 0)
(1.88263 0.142724 0)
(1.93389 0.130257 0)
(2.02443 0.0689637 0)
(2.06942 -0.00511109 0)
(1.90757 -0.0788192 0)
(1.42055 -0.122567 0)
(1.12789 -0.0986464 0)
(1.09253 -0.0743417 0)
(1.08805 -0.0311594 0)
(1.95867 0.0572783 0)
(1.88997 0.130752 0)
(1.92668 0.123498 0)
(2.00626 0.0644423 0)
(2.0465 0.000907025 0)
(1.89607 -0.058453 0)
(1.42492 -0.105586 0)
(1.13447 -0.092997 0)
(1.09956 -0.0679575 0)
(1.09213 -0.0265882 0)
(1.99383 0.0442214 0)
(1.90174 0.124713 0)
(1.92359 0.123061 0)
(1.98774 0.069817 0)
(2.0271 0.012567 0)
(1.88503 -0.0342885 0)
(1.42215 -0.0803346 0)
(1.1369 -0.0778724 0)
(1.10554 -0.0578295 0)
(1.09622 -0.0220026 0)
(2.01662 0.028542 0)
(1.91936 0.113991 0)
(1.92806 0.124577 0)
(1.97883 0.0815287 0)
(2.01201 0.0275122 0)
(1.87479 -0.0143753 0)
(1.41847 -0.0584861 0)
(1.13784 -0.0612575 0)
(1.10908 -0.0447804 0)
(1.09943 -0.0164795 0)
(2.02953 0.0134196 0)
(1.94215 0.0959141 0)
(1.93679 0.123522 0)
(1.97291 0.0936885 0)
(1.99714 0.0443251 0)
(1.86119 0.00604153 0)
(1.412 -0.0384686 0)
(1.13989 -0.0473041 0)
(1.11343 -0.0338587 0)
(1.10271 -0.0116155 0)
(2.03714 0.00367295 0)
(1.96833 0.0745158 0)
(1.94676 0.124247 0)
(1.96627 0.105083 0)
(1.98181 0.0608048 0)
(1.84884 0.0222929 0)
(1.40567 -0.021876 0)
(1.13954 -0.0321458 0)
(1.11526 -0.020879 0)
(1.10478 -0.00602155 0)
(2.04111 -0.000250113 0)
(1.9942 0.0574475 0)
(1.95637 0.120264 0)
(1.96582 0.113709 0)
(1.97115 0.075505 0)
(1.8374 0.0367863 0)
(1.39962 -0.00743157 0)
(1.1405 -0.0193851 0)
(1.11691 -0.0089425 0)
(1.10591 -0.000297648 0)
(2.0429 -0.00030991 0)
(2.0142 0.0426925 0)
(1.96899 0.111337 0)
(1.96962 0.11644 0)
(1.96262 0.0877244 0)
(1.82513 0.0492576 0)
(1.39312 0.00675202 0)
(1.14039 -0.00364991 0)
(1.11721 0.00405209 0)
(1.10583 0.00512621 0)
(2.04402 -0.000108267 0)
(2.02571 0.0302801 0)
(1.98522 0.0964833 0)
(1.97508 0.115296 0)
(1.95534 0.09772 0)
(1.81116 0.0616405 0)
(1.38641 0.0231177 0)
(1.14047 0.0147989 0)
(1.11657 0.0164647 0)
(1.10488 0.00752251 0)
(2.04453 -0.000157173 0)
(2.03341 0.0187723 0)
(2.00792 0.0747673 0)
(1.97957 0.112204 0)
(1.95301 0.103689 0)
(1.80026 0.0728237 0)
(1.38171 0.0435512 0)
(1.13957 0.0349852 0)
(1.11449 0.0231318 0)
(1.10317 0.00760465 0)
(2.04473 -0.000313444 0)
(2.03891 0.00941849 0)
(2.02601 0.0520561 0)
(1.98663 0.100926 0)
(1.95466 0.101273 0)
(1.79207 0.085294 0)
(1.37871 0.0664113 0)
(1.13714 0.046262 0)
(1.11113 0.0241783 0)
(1.10144 0.00634892 0)
(2.04438 -0.000496129 0)
(2.04252 0.00307066 0)
(2.03695 0.0304941 0)
(1.99882 0.0821377 0)
(1.95891 0.0956359 0)
(1.78825 0.0934104 0)
(1.37586 0.0792617 0)
(1.13313 0.0476681 0)
(1.10678 0.0223946 0)
(1.10014 0.00430211 0)
(2.0439 -0.000520301 0)
(2.04435 -0.000152781 0)
(2.04216 0.0142839 0)
(2.01285 0.0588224 0)
(1.96667 0.08346 0)
(1.78684 0.0910006 0)
(1.37285 0.0808346 0)
(1.12749 0.0458692 0)
(1.10332 0.0166977 0)
(1.09919 0.00217228 0)
(2.04362 -0.000405541 0)
(2.0448 -0.00088866 0)
(2.04459 0.005056 0)
(2.02638 0.0336849 0)
(1.97888 0.0593675 0)
(1.79173 0.0736898 0)
(1.37274 0.0686329 0)
(1.12363 0.0348908 0)
(1.10072 0.00877486 0)
(1.09862 0.000816581 0)
(2.04348 -8.4544e-05 0)
(2.04498 -0.000543696 0)
(2.0459 0.000489795 0)
(2.02979 0.00816463 0)
(1.97601 0.0203163 0)
(1.78169 0.031709 0)
(1.36108 0.0290748 0)
(1.11728 0.0103546 0)
(1.09907 0.00149506 0)
(1.09832 0.000168687 0)
(2.02085 0.0103595 0)
(2.02464 0.0109559 0)
(2.02951 0.0120499 0)
(2.03452 0.0148387 0)
(2.03624 0.0202703 0)
(2.03731 0.0251376 0)
(2.03814 0.0277035 0)
(2.03573 0.0314628 0)
(1.98344 0.0959775 0)
(1.67693 0.34932 0)
(2.02567 0.00701541 0)
(2.02932 0.007567 0)
(2.03393 0.00836935 0)
(2.0387 0.0109031 0)
(2.0407 0.0153109 0)
(2.04261 0.0179838 0)
(2.04382 0.0209258 0)
(2.0447 0.0208352 0)
(2.03626 0.0292124 0)
(1.92206 0.115619 0)
(2.03063 0.00470111 0)
(2.03406 0.00521448 0)
(2.03836 0.00610073 0)
(2.04271 0.00823699 0)
(2.04444 0.0111449 0)
(2.04653 0.0125602 0)
(2.04802 0.0143715 0)
(2.04987 0.0140561 0)
(2.04642 0.0187337 0)
(2.01579 0.0316393 0)
(2.03681 0.00302429 0)
(2.03976 0.00348244 0)
(2.04376 0.00489962 0)
(2.04714 0.00557996 0)
(2.04873 0.00688098 0)
(2.05081 0.00756438 0)
(2.05234 0.00817777 0)
(2.05373 0.00831814 0)
(2.05218 0.0114955 0)
(2.03809 0.0176203 0)
(2.04492 0.000633592 0)
(2.04685 0.00116914 0)
(2.05002 0.00143086 0)
(2.05198 0.00168998 0)
(2.05337 0.00225612 0)
(2.05495 0.00282894 0)
(2.05605 0.00299093 0)
(2.05653 0.003493 0)
(2.05586 0.00497276 0)
(2.0487 0.00994891 0)
(2.05118 -0.00178051 0)
(2.05227 -0.0018359 0)
(2.05375 -0.00193073 0)
(2.05542 -0.00186755 0)
(2.05677 -0.00157512 0)
(2.05792 -0.00142777 0)
(2.0586 -0.00122975 0)
(2.05856 -0.000494079 0)
(2.05791 -0.000234011 0)
(2.05497 0.001682 0)
(2.05359 -0.00294363 0)
(2.05405 -0.00284492 0)
(2.05508 -0.00288292 0)
(2.05619 -0.002954 0)
(2.05759 -0.00311716 0)
(2.05827 -0.00338465 0)
(2.05869 -0.00352033 0)
(2.05887 -0.00309043 0)
(2.05844 -0.00327795 0)
(2.05746 -0.00427351 0)
(2.05321 -0.00264246 0)
(2.05353 -0.00279615 0)
(2.05439 -0.0030516 0)
(2.05533 -0.00337518 0)
(2.05656 -0.00348398 0)
(2.05758 -0.00388312 0)
(2.05783 -0.00418417 0)
(2.05804 -0.00487662 0)
(2.05774 -0.0058759 0)
(2.05722 -0.00770425 0)
(2.05225 -0.00197908 0)
(2.05246 -0.00214705 0)
(2.05324 -0.0025169 0)
(2.05406 -0.0030199 0)
(2.05521 -0.00329583 0)
(2.05627 -0.00395413 0)
(2.05672 -0.00452533 0)
(2.0568 -0.00528661 0)
(2.05604 -0.00616669 0)
(2.05572 -0.00786487 0)
(2.05151 -0.00129823 0)
(2.05167 -0.00143115 0)
(2.05242 -0.00178801 0)
(2.05316 -0.00227898 0)
(2.05422 -0.00281996 0)
(2.05519 -0.00360268 0)
(2.0556 -0.00430898 0)
(2.05536 -0.00484954 0)
(2.05454 -0.00557157 0)
(2.05416 -0.00711108 0)
(2.05064 -0.000967232 0)
(2.05086 -0.00115258 0)
(2.05163 -0.00133812 0)
(2.05246 -0.00175409 0)
(2.05347 -0.00211817 0)
(2.05448 -0.00280407 0)
(2.05469 -0.00336024 0)
(2.05399 -0.00376599 0)
(2.05309 -0.00451735 0)
(2.05251 -0.00600813 0)
(2.04825 -0.000891944 0)
(2.04892 -0.000896898 0)
(2.05017 -0.000996685 0)
(2.05133 -0.00118966 0)
(2.0523 -0.00132629 0)
(2.05309 -0.00159209 0)
(2.05321 -0.00188483 0)
(2.05279 -0.00248979 0)
(2.05218 -0.00297216 0)
(2.051 -0.00437023 0)
(2.04669 -0.00040823 0)
(2.04771 -0.000365051 0)
(2.04919 -0.000455549 0)
(2.05054 -0.000525201 0)
(2.05162 -0.000564528 0)
(2.05241 -0.000706079 0)
(2.05256 -0.000995533 0)
(2.05245 -0.00138701 0)
(2.05167 -0.00133622 0)
(2.04983 -0.00248548 0)
(2.04677 -0.000138222 0)
(2.04771 -9.84086e-05 0)
(2.04921 -0.000156238 0)
(2.05049 -0.000175662 0)
(2.05164 -0.000208056 0)
(2.05244 -0.00037418 0)
(2.0526 -0.000466408 0)
(2.05246 -0.000649346 0)
(2.05157 -0.000329909 0)
(2.04928 -0.00116475 0)
(2.04778 1.0799e-06 0)
(2.04847 4.77129e-05 0)
(2.04974 -1.83847e-05 0)
(2.05086 -5.02821e-05 0)
(2.05194 -0.000101652 0)
(2.05271 -0.000237055 0)
(2.05286 -0.000286325 0)
(2.05265 -0.000350182 0)
(2.05169 -0.00013078 0)
(2.04903 -0.000555285 0)
(2.04889 -2.90871e-05 0)
(2.04932 -2.33593e-05 0)
(2.05026 -4.58035e-05 0)
(2.05121 -5.24055e-05 0)
(2.05217 -7.33455e-05 0)
(2.05289 -0.000149027 0)
(2.05303 -0.000180355 0)
(2.05277 -0.000191656 0)
(2.0518 -0.000151189 0)
(2.04895 -0.000143661 0)
(2.0492 -4.22609e-05 0)
(2.04956 -4.18235e-05 0)
(2.05042 -3.66831e-05 0)
(2.0513 -4.21961e-05 0)
(2.05221 -3.89905e-05 0)
(2.05291 -5.81088e-05 0)
(2.05305 -7.09779e-05 0)
(2.05279 -6.87837e-05 0)
(2.05182 -8.84377e-05 0)
(2.04908 0.000120787 0)
(2.04902 -6.35594e-05 0)
(2.04942 -7.23692e-05 0)
(2.05034 -5.76984e-05 0)
(2.05124 -4.53464e-05 0)
(2.05216 -1.95913e-05 0)
(2.05288 -1.91777e-05 0)
(2.05301 -2.59385e-05 0)
(2.05276 -2.0536e-05 0)
(2.0518 -5.99114e-05 0)
(2.04919 0.000211913 0)
(2.04867 -3.6472e-05 0)
(2.04915 -4.50835e-05 0)
(2.05017 -3.35488e-05 0)
(2.05113 -2.64878e-05 0)
(2.05208 -9.95372e-06 0)
(2.05281 -7.81121e-06 0)
(2.05295 -1.29438e-05 0)
(2.05271 -6.84516e-06 0)
(2.05176 -3.83628e-05 0)
(2.04924 0.00016405 0)
(2.04848 -2.34332e-06 0)
(2.04901 -4.06256e-06 0)
(2.05008 -5.19262e-06 0)
(2.05107 -5.24531e-06 0)
(2.05204 -4.79668e-06 0)
(2.05277 -3.24543e-06 0)
(2.05292 -3.18206e-06 0)
(2.0527 -2.04481e-06 0)
(2.05175 -6.57851e-06 0)
(2.04923 2.73584e-05 0)
(3 -1.52646e-14 0)
(3 2.24767e-10 0)
(3 -1.57689e-10 0)
(3 4.95043e-08 0)
(2.99999 -2.46963e-06 0)
(2.99925 8.72232e-05 0)
(2.97409 -0.00204291 0)
(2.64543 0.0141732 0)
(2.16481 -0.0194575 0)
(2.06023 0.00968305 0)
(3 -1.44439e-14 0)
(3 2.0803e-10 0)
(3 -1.44358e-10 0)
(3 4.7816e-08 0)
(2.99999 -2.32524e-06 0)
(2.99925 8.21553e-05 0)
(2.97409 -0.00193576 0)
(2.64644 0.0138351 0)
(2.16259 -0.0164087 0)
(2.06118 0.00634591 0)
(3 -1.34239e-14 0)
(3 1.92585e-10 0)
(3 -1.36036e-10 0)
(3 4.51941e-08 0)
(2.99999 -2.11342e-06 0)
(2.99925 7.24421e-05 0)
(2.97408 -0.0016762 0)
(2.64654 0.012107 0)
(2.1618 -0.0135371 0)
(2.06106 0.00392427 0)
(3 -1.32062e-14 0)
(3 1.78467e-10 0)
(3 -1.28424e-10 0)
(3 4.16603e-08 0)
(2.99999 -1.87466e-06 0)
(2.99925 6.10541e-05 0)
(2.97407 -0.00136459 0)
(2.64586 0.0102198 0)
(2.16214 -0.0114503 0)
(2.05959 0.00203322 0)
(3 -1.10467e-14 0)
(3 1.55146e-10 0)
(3 -1.12302e-10 0)
(3 3.67554e-08 0)
(2.99999 -1.60299e-06 0)
(2.99925 4.84938e-05 0)
(2.97407 -0.00103337 0)
(2.64551 0.00798751 0)
(2.16215 -0.00785995 0)
(2.05705 -0.000375975 0)
(3 -8.93145e-15 0)
(3 1.26251e-10 0)
(3 -9.40829e-11 0)
(3 3.05261e-08 0)
(2.99999 -1.30323e-06 0)
(2.99925 3.70813e-05 0)
(2.97405 -0.00073046 0)
(2.64578 0.00551905 0)
(2.16162 -0.00370965 0)
(2.05511 -0.00197011 0)
(3 -6.85092e-15 0)
(3 1.00464e-10 0)
(3 -7.81958e-11 0)
(3 2.43479e-08 0)
(2.99999 -1.03683e-06 0)
(2.99925 2.72792e-05 0)
(2.97401 -0.000454688 0)
(2.64622 0.00291373 0)
(2.16172 -0.000639225 0)
(2.05409 -0.00256364 0)
(3 -4.39356e-15 0)
(3 7.49927e-11 0)
(3 -6.13826e-11 0)
(3 1.85584e-08 0)
(2.99999 -7.98883e-07 0)
(2.99925 1.96374e-05 0)
(2.97397 -0.000254394 0)
(2.64633 0.00108501 0)
(2.16265 0.000364245 0)
(2.05322 -0.00262304 0)
(3 -3.04343e-15 0)
(3 5.24516e-11 0)
(3 -4.45316e-11 0)
(3 1.33683e-08 0)
(2.99999 -5.94604e-07 0)
(2.99925 1.42166e-05 0)
(2.97396 -0.000140766 0)
(2.64622 0.000133247 0)
(2.16364 0.000558504 0)
(2.05229 -0.00189219 0)
(3 -2.1086e-15 0)
(3 3.37512e-11 0)
(3 -2.94383e-11 0)
(3 9.0117e-09 0)
(2.99999 -4.24345e-07 0)
(2.99925 1.04679e-05 0)
(2.97395 -9.87955e-05 0)
(2.64611 -2.90588e-05 0)
(2.16437 0.000561933 0)
(2.05159 -0.00124016 0)
(3 -1.0179e-15 0)
(3 1.89477e-11 0)
(3 -1.74454e-11 0)
(3 5.58552e-09 0)
(2.99999 -2.84955e-07 0)
(2.99925 7.59182e-06 0)
(2.97394 -7.93583e-05 0)
(2.64605 1.50356e-05 0)
(2.16473 0.000423486 0)
(2.0515 -0.000777087 0)
(3 -7.40709e-16 0)
(3 9.19176e-12 0)
(3 -8.84528e-12 0)
(3 3.09456e-09 0)
(2.99999 -1.75179e-07 0)
(2.99925 5.22853e-06 0)
(2.97394 -6.46374e-05 0)
(2.64603 5.18491e-05 0)
(2.16478 0.000303978 0)
(2.05219 -0.000658499 0)
(3 -5.5183e-16 0)
(3 3.56926e-12 0)
(3 -3.5598e-12 0)
(3 1.46218e-09 0)
(2.99999 -9.44906e-08 0)
(2.99925 3.2699e-06 0)
(2.97393 -5.01253e-05 0)
(2.64603 9.91562e-05 0)
(2.16476 0.000127147 0)
(2.05258 -0.000381726 0)
(3 6.607e-17 0)
(3 9.65979e-13 0)
(3 -9.87635e-13 0)
(3 5.42725e-10 0)
(2.99999 -4.18212e-08 0)
(2.99925 1.75672e-06 0)
(2.97393 -3.47866e-05 0)
(2.64602 0.000112131 0)
(2.16482 3.92727e-05 0)
(2.05237 -0.000210396 0)
(3 3.05461e-16 0)
(3 1.40225e-13 0)
(3 -1.53377e-13 0)
(3 1.37371e-10 0)
(2.99999 -1.35742e-08 0)
(2.99925 7.46942e-07 0)
(2.97393 -2.04467e-05 0)
(2.64602 0.000100942 0)
(2.16495 6.40647e-06 0)
(2.05187 -0.000136282 0)
(3 3.10113e-17 0)
(3 1.28039e-14 0)
(3 -8.67698e-15 0)
(3 2.02833e-11 0)
(2.99999 -2.78028e-09 0)
(2.99925 2.22874e-07 0)
(2.97392 -9.28906e-06 0)
(2.64602 7.5981e-05 0)
(2.16503 4.54404e-06 0)
(2.05146 -8.77601e-05 0)
(3 1.58425e-16 0)
(3 2.29189e-15 0)
(3 -3.58419e-16 0)
(3 2.33359e-12 0)
(2.99999 -3.37042e-10 0)
(2.99925 3.8616e-08 0)
(2.97392 -2.56728e-06 0)
(2.64602 3.36345e-05 0)
(2.16504 5.57152e-06 0)
(2.05136 -3.85118e-05 0)
(3 -1.62141e-16 0)
(3 -1.59307e-15 0)
(3 -2.17651e-15 0)
(3 7.38194e-13 0)
(2.99999 -4.96411e-11 0)
(2.99925 3.34692e-09 0)
(2.97392 -2.72113e-07 0)
(2.64603 4.84945e-06 0)
(2.16502 1.02111e-05 0)
(2.05144 -2.8731e-05 0)
(3 -4.19125e-16 0)
(3 -9.43245e-16 0)
(3 -1.50719e-15 0)
(3 3.98912e-13 0)
(2.99999 -2.0245e-11 0)
(2.99925 3.82945e-10 0)
(2.97392 7.2127e-09 0)
(2.64603 -4.09242e-07 0)
(2.16499 5.71314e-06 0)
(2.05156 -9.09551e-06 0)
(3 -1.28135e-16 0)
(3 1.95244e-16 0)
(3 -4.57982e-16 0)
(3 1.3553e-13 0)
(2.99999 -7.02014e-12 0)
(2.99925 1.39469e-10 0)
(2.97392 4.68023e-09 0)
(2.64603 -1.68102e-07 0)
(2.16498 3.93566e-07 0)
(2.05162 1.13655e-06 0)
(3 -5.02233e-16 0)
(3 -1.68573e-15 0)
(3 3.851e-16 0)
(3 -1.10169e-13 0)
(2.99999 4.72777e-12 0)
(2.99925 -2.72431e-11 0)
(2.97392 -6.97524e-09 0)
(2.64603 1.76059e-07 0)
(2.16498 -4.00518e-07 0)
(2.05162 -1.11985e-06 0)
(3 -1.13695e-15 0)
(3 -3.04467e-15 0)
(3 -1.68758e-17 0)
(3 -3.38036e-13 0)
(2.99999 1.44082e-11 0)
(2.99925 -1.49704e-10 0)
(2.97392 -1.17539e-08 0)
(2.64603 4.21484e-07 0)
(2.16499 -5.72464e-06 0)
(2.05156 9.12215e-06 0)
(3 -4.15615e-16 0)
(3 -2.21367e-15 0)
(3 2.91319e-16 0)
(3 -6.5932e-13 0)
(2.99999 4.06898e-11 0)
(2.99925 -2.96592e-09 0)
(2.97392 2.64536e-07 0)
(2.64603 -4.81061e-06 0)
(2.16502 -1.0255e-05 0)
(2.05144 2.88179e-05 0)
(3 2.78381e-16 0)
(3 -3.25943e-15 0)
(3 1.24154e-15 0)
(3 -2.23304e-12 0)
(2.99999 3.24163e-10 0)
(2.99925 -3.80214e-08 0)
(2.97392 2.55313e-06 0)
(2.64602 -3.35573e-05 0)
(2.16504 -5.64172e-06 0)
(2.05136 3.86066e-05 0)
(3 3.63826e-16 0)
(3 -1.36444e-14 0)
(3 1.08129e-14 0)
(3 -2.02523e-11 0)
(2.99999 2.76538e-09 0)
(2.99925 -2.22048e-07 0)
(2.97392 9.27015e-06 0)
(2.64602 -7.58949e-05 0)
(2.16503 -4.63872e-06 0)
(2.05146 8.78467e-05 0)
(3 4.84706e-16 0)
(3 -1.49859e-13 0)
(3 1.49102e-13 0)
(3 -1.37442e-10 0)
(2.99999 1.35592e-08 0)
(2.99925 -7.4599e-07 0)
(2.97393 2.04246e-05 0)
(2.64602 -0.000100851 0)
(2.16495 -6.51118e-06 0)
(2.05187 0.000136298 0)
(3 -2.47892e-16 0)
(3 -9.72912e-13 0)
(3 9.91561e-13 0)
(3 -5.42821e-10 0)
(2.99999 4.1805e-08 0)
(2.99925 -1.75571e-06 0)
(2.97393 3.47636e-05 0)
(2.64602 -0.000112028 0)
(2.16482 -3.9343e-05 0)
(2.05237 0.000210187 0)
(3 -1.08088e-15 0)
(3 -3.57254e-12 0)
(3 3.5646e-12 0)
(3 -1.46232e-09 0)
(2.99999 9.44748e-08 0)
(2.99925 -3.26886e-06 0)
(2.97393 5.01011e-05 0)
(2.64603 -9.90424e-05 0)
(2.16476 -0.000127307 0)
(2.05258 0.000382276 0)
(3 4.86269e-16 0)
(3 -9.19869e-12 0)
(3 8.84982e-12 0)
(3 -3.09476e-09 0)
(2.99999 1.75166e-07 0)
(2.99925 -5.22758e-06 0)
(2.97394 6.46142e-05 0)
(2.64603 -5.17481e-05 0)
(2.16478 -0.000304029 0)
(2.05219 0.000658442 0)
(3 1.5281e-15 0)
(3 -1.89546e-11 0)
(3 1.74497e-11 0)
(3 -5.58582e-09 0)
(2.99999 2.84947e-07 0)
(2.99925 -7.59103e-06 0)
(2.97394 7.93373e-05 0)
(2.64605 -1.49344e-05 0)
(2.16473 -0.000423536 0)
(2.0515 0.000777143 0)
(3 1.88497e-15 0)
(3 -3.37543e-11 0)
(3 2.94444e-11 0)
(3 -9.0121e-09 0)
(2.99999 4.24344e-07 0)
(2.99925 -1.04673e-05 0)
(2.97395 9.87782e-05 0)
(2.64611 2.91442e-05 0)
(2.16437 -0.000561984 0)
(2.05159 0.00124019 0)
(3 3.60228e-15 0)
(3 -5.24562e-11 0)
(3 4.45388e-11 0)
(3 -1.33688e-08 0)
(2.99999 5.9461e-07 0)
(2.99925 -1.42163e-05 0)
(2.97396 0.000140754 0)
(2.64622 -0.000133192 0)
(2.16364 -0.000558527 0)
(2.05229 0.00189221 0)
(3 5.24781e-15 0)
(3 -7.49969e-11 0)
(3 6.13896e-11 0)
(3 -1.8559e-08 0)
(2.99999 7.98896e-07 0)
(2.99925 -1.96374e-05 0)
(2.97397 0.000254388 0)
(2.64633 -0.00108498 0)
(2.16265 -0.000364239 0)
(2.05322 0.00262304 0)
(3 6.69038e-15 0)
(3 -1.0047e-10 0)
(3 7.81995e-11 0)
(3 -2.43486e-08 0)
(2.99999 1.03685e-06 0)
(2.99925 -2.72795e-05 0)
(2.97401 0.000454687 0)
(2.64622 -0.00291372 0)
(2.16172 0.00063925 0)
(2.05409 0.00256363 0)
(3 8.50067e-15 0)
(3 -1.26254e-10 0)
(3 9.40818e-11 0)
(3 -3.05268e-08 0)
(2.99999 1.30325e-06 0)
(2.99925 -3.70818e-05 0)
(2.97405 0.000730464 0)
(2.64578 -0.00551905 0)
(2.16162 0.00370966 0)
(2.05511 0.00197009 0)
(3 1.08671e-14 0)
(3 -1.55149e-10 0)
(3 1.12303e-10 0)
(3 -3.67561e-08 0)
(2.99999 1.60302e-06 0)
(2.99925 -4.84946e-05 0)
(2.97407 0.00103338 0)
(2.64551 -0.00798752 0)
(2.16215 0.00785994 0)
(2.05705 0.000375989 0)
(3 1.30562e-14 0)
(3 -1.78469e-10 0)
(3 1.28426e-10 0)
(3 -4.1661e-08 0)
(2.99999 1.87469e-06 0)
(2.99925 -6.1055e-05 0)
(2.97407 0.0013646 0)
(2.64586 -0.0102198 0)
(2.16214 0.0114503 0)
(2.05959 -0.0020332 0)
(3 1.36437e-14 0)
(3 -1.92585e-10 0)
(3 1.36034e-10 0)
(3 -4.51948e-08 0)
(2.99999 2.11345e-06 0)
(2.99925 -7.24431e-05 0)
(2.97408 0.00167622 0)
(2.64654 -0.012107 0)
(2.1618 0.0135371 0)
(2.06106 -0.00392424 0)
(3 1.54197e-14 0)
(3 -2.0803e-10 0)
(3 1.44361e-10 0)
(3 -4.78166e-08 0)
(2.99999 2.32528e-06 0)
(2.99925 -8.21563e-05 0)
(2.97409 0.00193578 0)
(2.64644 -0.0138351 0)
(2.16259 0.0164087 0)
(2.06118 -0.00634587 0)
(3 1.55503e-14 0)
(3 -2.2477e-10 0)
(3 1.57691e-10 0)
(3 -4.95049e-08 0)
(2.99999 2.46966e-06 0)
(2.99925 -8.72242e-05 0)
(2.97409 0.00204293 0)
(2.64543 -0.0141733 0)
(2.16481 0.0194575 0)
(2.06023 -0.00968303 0)
(2.04848 2.35137e-06 0)
(2.04901 4.06821e-06 0)
(2.05008 5.18425e-06 0)
(2.05106 5.22844e-06 0)
(2.05203 4.76321e-06 0)
(2.05277 3.24057e-06 0)
(2.05292 3.19094e-06 0)
(2.0527 2.0548e-06 0)
(2.05175 6.58906e-06 0)
(2.04923 -2.73279e-05 0)
(2.04866 3.6473e-05 0)
(2.04915 4.50946e-05 0)
(2.05017 3.35336e-05 0)
(2.05113 2.64656e-05 0)
(2.05208 9.94008e-06 0)
(2.05281 7.86521e-06 0)
(2.05295 1.30235e-05 0)
(2.05271 6.91349e-06 0)
(2.05176 3.84002e-05 0)
(2.04924 -0.000163988 0)
(2.04901 6.36821e-05 0)
(2.04942 7.25001e-05 0)
(2.05033 5.77552e-05 0)
(2.05124 4.5368e-05 0)
(2.05216 1.95626e-05 0)
(2.05287 1.91798e-05 0)
(2.05301 2.59773e-05 0)
(2.05276 2.0571e-05 0)
(2.0518 5.99273e-05 0)
(2.04919 -0.000211875 0)
(2.04919 4.23921e-05 0)
(2.04956 4.19655e-05 0)
(2.05041 3.68304e-05 0)
(2.0513 4.23074e-05 0)
(2.05221 3.90011e-05 0)
(2.05291 5.81114e-05 0)
(2.05305 7.1001e-05 0)
(2.05279 6.8782e-05 0)
(2.05182 8.84122e-05 0)
(2.04908 -0.000120795 0)
(2.04888 2.93497e-05 0)
(2.04932 2.36652e-05 0)
(2.05026 4.59846e-05 0)
(2.05121 5.24933e-05 0)
(2.05217 7.33115e-05 0)
(2.05289 0.000148978 0)
(2.05303 0.000180322 0)
(2.05277 0.000191603 0)
(2.05179 0.000151109 0)
(2.04895 0.000143619 0)
(2.04778 -8.6483e-07 0)
(2.04847 -4.74103e-05 0)
(2.04974 1.86184e-05 0)
(2.05086 5.04485e-05 0)
(2.05194 0.000101767 0)
(2.05271 0.000237088 0)
(2.05286 0.000286274 0)
(2.05265 0.000350088 0)
(2.05169 0.000130652 0)
(2.04903 0.00055525 0)
(2.04677 0.000138395 0)
(2.04771 9.86752e-05 0)
(2.04921 0.00015647 0)
(2.05049 0.000175848 0)
(2.05164 0.000208165 0)
(2.05244 0.000374213 0)
(2.0526 0.000466416 0)
(2.05246 0.000649312 0)
(2.05157 0.000329901 0)
(2.04928 0.00116483 0)
(2.04669 0.000408522 0)
(2.04771 0.000365351 0)
(2.04919 0.000455757 0)
(2.05054 0.000525356 0)
(2.05162 0.000564668 0)
(2.05241 0.000706159 0)
(2.05256 0.000995633 0)
(2.05245 0.00138709 0)
(2.05167 0.00133632 0)
(2.04983 0.00248564 0)
(2.04825 0.000891916 0)
(2.04892 0.000896908 0)
(2.05017 0.000996691 0)
(2.05133 0.00118967 0)
(2.0523 0.00132638 0)
(2.05309 0.00159229 0)
(2.05321 0.00188503 0)
(2.05279 0.00249001 0)
(2.05218 0.00297231 0)
(2.051 0.00437038 0)
(2.05064 0.000967235 0)
(2.05086 0.00115258 0)
(2.05163 0.00133815 0)
(2.05246 0.00175414 0)
(2.05347 0.00211832 0)
(2.05448 0.00280427 0)
(2.05469 0.00336042 0)
(2.05399 0.00376613 0)
(2.05309 0.00451749 0)
(2.05251 0.00600833 0)
(2.05151 0.00129824 0)
(2.05167 0.00143115 0)
(2.05242 0.00178801 0)
(2.05316 0.00227892 0)
(2.05422 0.00281988 0)
(2.05519 0.00360262 0)
(2.0556 0.00430898 0)
(2.05536 0.00484958 0)
(2.05454 0.00557164 0)
(2.05416 0.00711124 0)
(2.05225 0.00197912 0)
(2.05246 0.00214709 0)
(2.05324 0.00251694 0)
(2.05406 0.0030199 0)
(2.05521 0.00329582 0)
(2.05627 0.00395412 0)
(2.05672 0.00452532 0)
(2.0568 0.00528661 0)
(2.05604 0.00616674 0)
(2.05572 0.00786502 0)
(2.05321 0.00264248 0)
(2.05353 0.00279619 0)
(2.05439 0.00305163 0)
(2.05533 0.00337515 0)
(2.05656 0.00348393 0)
(2.05758 0.00388307 0)
(2.05783 0.00418413 0)
(2.05804 0.00487662 0)
(2.05774 0.00587595 0)
(2.05722 0.00770435 0)
(2.05359 0.00294344 0)
(2.05406 0.00284476 0)
(2.05508 0.00288282 0)
(2.05619 0.00295394 0)
(2.05759 0.00311714 0)
(2.05827 0.00338463 0)
(2.05869 0.00352028 0)
(2.05887 0.00309038 0)
(2.05844 0.00327797 0)
(2.05746 0.00427355 0)
(2.05118 0.00178048 0)
(2.05228 0.00183586 0)
(2.05375 0.00193069 0)
(2.05542 0.00186752 0)
(2.05677 0.0015751 0)
(2.05792 0.00142775 0)
(2.0586 0.00122975 0)
(2.05856 0.000494101 0)
(2.05791 0.000234038 0)
(2.05497 -0.00168204 0)
(2.04493 -0.000633572 0)
(2.04685 -0.00116912 0)
(2.05002 -0.00143083 0)
(2.05198 -0.00168995 0)
(2.05337 -0.00225611 0)
(2.05495 -0.00282893 0)
(2.05605 -0.00299087 0)
(2.05653 -0.00349295 0)
(2.05586 -0.00497281 0)
(2.0487 -0.00994904 0)
(2.03681 -0.00302426 0)
(2.03976 -0.0034824 0)
(2.04376 -0.00489957 0)
(2.04714 -0.00557991 0)
(2.04873 -0.00688094 0)
(2.05081 -0.00756433 0)
(2.05234 -0.00817768 0)
(2.05373 -0.00831812 0)
(2.05218 -0.0114956 0)
(2.03809 -0.0176204 0)
(2.03063 -0.00470108 0)
(2.03406 -0.00521444 0)
(2.03836 -0.00610069 0)
(2.04271 -0.00823695 0)
(2.04444 -0.0111449 0)
(2.04653 -0.0125602 0)
(2.04802 -0.0143714 0)
(2.04987 -0.0140561 0)
(2.04642 -0.0187338 0)
(2.01579 -0.0316394 0)
(2.02567 -0.00701538 0)
(2.02932 -0.00756697 0)
(2.03393 -0.00836933 0)
(2.0387 -0.010903 0)
(2.0407 -0.0153109 0)
(2.04261 -0.0179838 0)
(2.04382 -0.0209258 0)
(2.0447 -0.0208352 0)
(2.03626 -0.0292125 0)
(1.92206 -0.115619 0)
(2.02085 -0.0103595 0)
(2.02464 -0.0109559 0)
(2.02951 -0.0120499 0)
(2.03452 -0.0148387 0)
(2.03624 -0.0202703 0)
(2.03731 -0.0251376 0)
(2.03814 -0.0277036 0)
(2.03573 -0.0314628 0)
(1.98344 -0.0959776 0)
(1.67693 -0.34932 0)
)
;

boundaryField
{
    inlet
    {
        type            fixedValue;
        value           uniform (3 0 0);
    }
    outlet
    {
        type            inletOutlet;
        inletValue      uniform (3 0 0);
        value           nonuniform List<vector> 
100
(
(1.0713 -0.0360945 0)
(1.07365 -0.0385441 0)
(1.07661 -0.0393722 0)
(1.08024 -0.0384421 0)
(1.08414 -0.0354408 0)
(1.08805 -0.0311594 0)
(1.09213 -0.0265882 0)
(1.09622 -0.0220026 0)
(1.09943 -0.0164795 0)
(1.10271 -0.0116155 0)
(1.10478 -0.00602155 0)
(1.10591 -0.000297648 0)
(1.10583 0.00512621 0)
(1.10488 0.00752251 0)
(1.10317 0.00760465 0)
(1.10144 0.00634892 0)
(1.10014 0.00430211 0)
(1.09919 0.00217228 0)
(1.09862 0.000816581 0)
(1.09832 0.000168687 0)
(1.05311 -0.0145808 0)
(1.05287 -0.0161391 0)
(1.0538 -0.0176167 0)
(1.05465 -0.0189263 0)
(1.0556 -0.0201458 0)
(1.05633 -0.0213983 0)
(1.05711 -0.0226443 0)
(1.05785 -0.0239385 0)
(1.05865 -0.025238 0)
(1.05949 -0.0265183 0)
(1.06038 -0.0276975 0)
(1.0613 -0.028742 0)
(1.06223 -0.0296637 0)
(1.06319 -0.0304832 0)
(1.06417 -0.0312925 0)
(1.06513 -0.0321777 0)
(1.06622 -0.0329478 0)
(1.0674 -0.0336492 0)
(1.06881 -0.0341834 0)
(1.07004 -0.0346809 0)
(1.05254 0.0129558 0)
(1.05317 0.0116053 0)
(1.05338 0.00996426 0)
(1.0543 0.00856736 0)
(1.05485 0.00712685 0)
(1.05492 0.00573919 0)
(1.05455 0.00442834 0)
(1.05492 0.00316843 0)
(1.05447 0.00191783 0)
(1.05457 0.000669597 0)
(1.05457 -0.000669597 0)
(1.05447 -0.00191783 0)
(1.05492 -0.00316843 0)
(1.05455 -0.00442834 0)
(1.05492 -0.00573919 0)
(1.05485 -0.00712685 0)
(1.0543 -0.00856736 0)
(1.05338 -0.00996427 0)
(1.05317 -0.0116053 0)
(1.05254 -0.0129558 0)
(1.07004 0.0346809 0)
(1.06881 0.0341834 0)
(1.0674 0.0336492 0)
(1.06622 0.0329478 0)
(1.06513 0.0321777 0)
(1.06417 0.0312925 0)
(1.06319 0.0304832 0)
(1.06223 0.0296637 0)
(1.0613 0.028742 0)
(1.06038 0.0276975 0)
(1.05949 0.0265183 0)
(1.05865 0.025238 0)
(1.05785 0.0239385 0)
(1.05711 0.0226443 0)
(1.05633 0.0213983 0)
(1.0556 0.0201458 0)
(1.05465 0.0189263 0)
(1.0538 0.0176167 0)
(1.05287 0.0161391 0)
(1.05311 0.0145808 0)
(1.09832 -0.000168687 0)
(1.09862 -0.000816581 0)
(1.09919 -0.00217228 0)
(1.10014 -0.00430212 0)
(1.10144 -0.00634892 0)
(1.10317 -0.00760465 0)
(1.10488 -0.00752251 0)
(1.10583 -0.0051262 0)
(1.10591 0.000297649 0)
(1.10478 0.00602155 0)
(1.10271 0.0116155 0)
(1.09943 0.0164795 0)
(1.09622 0.0220026 0)
(1.09213 0.0265882 0)
(1.08805 0.0311594 0)
(1.08414 0.0354408 0)
(1.08024 0.0384421 0)
(1.07661 0.0393722 0)
(1.07365 0.0385441 0)
(1.0713 0.0360945 0)
)
;
    }
    triangle
    {
        type            slip;
    }
    top
    {
        type            symmetryPlane;
    }
    bottom
    {
        type            symmetryPlane;
    }
    defaultFaces
    {
        type            empty;
    }
}


// ************************************************************************* //
