/*--------------------------------*- C++ -*----------------------------------*\
  =========                 |
  \\      /  F ield         | OpenFOAM: The Open Source CFD Toolbox
   \\    /   O peration     | Website:  https://openfoam.org
    \\  /    A nd           | Version:  7
     \\/     M anipulation  |
\*---------------------------------------------------------------------------*/
FoamFile
{
    version     2.0;
    format      ascii;
    class       volVectorField;
    location    "0.3";
    object      U;
}
// * * * * * * * * * * * * * * * * * * * * * * * * * * * * * * * * * * * * * //

dimensions      [0 1 -1 0 0 0 0];

internalField   nonuniform List<vector> 
3225
(
(0.261254 0.102669 0)
(0.291652 0.100254 0)
(0.319871 0.110548 0)
(0.345628 0.115556 0)
(0.366171 0.122113 0)
(0.38366 0.126632 0)
(0.398193 0.131693 0)
(0.410952 0.135939 0)
(0.422112 0.140237 0)
(0.432238 0.143984 0)
(0.441433 0.14751 0)
(0.449971 0.150608 0)
(0.45794 0.153428 0)
(0.46547 0.155924 0)
(0.472617 0.15818 0)
(0.479443 0.160209 0)
(0.485991 0.162068 0)
(0.492308 0.163777 0)
(0.498416 0.165341 0)
(0.504289 0.16674 0)
(0.510008 0.167947 0)
(0.515746 0.169107 0)
(0.521356 0.170407 0)
(0.526845 0.171686 0)
(0.532198 0.172923 0)
(0.537397 0.174159 0)
(0.542434 0.175397 0)
(0.547292 0.17665 0)
(0.551975 0.177908 0)
(0.556571 0.179057 0)
(0.561105 0.180082 0)
(0.565512 0.181101 0)
(0.569786 0.182127 0)
(0.573927 0.18315 0)
(0.577938 0.184168 0)
(0.58182 0.185181 0)
(0.585577 0.18619 0)
(0.589214 0.187193 0)
(0.592736 0.18819 0)
(0.596151 0.189177 0)
(0.599469 0.19015 0)
(0.602708 0.191099 0)
(0.605889 0.192012 0)
(0.609038 0.192874 0)
(0.612187 0.193667 0)
(0.615364 0.194373 0)
(0.618588 0.194984 0)
(0.621855 0.195498 0)
(0.625139 0.195931 0)
(0.628395 0.196305 0)
(0.631588 0.196645 0)
(0.6347 0.196905 0)
(0.637729 0.197056 0)
(0.640704 0.197162 0)
(0.643692 0.197297 0)
(0.646668 0.197409 0)
(0.649691 0.197477 0)
(0.652771 0.197499 0)
(0.655898 0.197442 0)
(0.659078 0.197326 0)
(0.662319 0.197153 0)
(0.665636 0.19688 0)
(0.669029 0.196766 0)
(0.672278 0.196883 0)
(0.674999 0.197223 0)
(0.676899 0.198023 0)
(0.678712 0.198694 0)
(0.680723 0.199772 0)
(0.682171 0.201428 0)
(0.682512 0.203426 0)
(0.681917 0.205763 0)
(0.680482 0.20858 0)
(0.678461 0.21123 0)
(0.677595 0.214082 0)
(0.67863 0.215488 0)
(0.679867 0.216369 0)
(0.681024 0.216865 0)
(0.682411 0.21703 0)
(0.684323 0.216804 0)
(0.686742 0.216087 0)
(0.68956 0.215651 0)
(0.692507 0.215755 0)
(0.694924 0.215847 0)
(0.697034 0.216388 0)
(0.698907 0.218042 0)
(0.700786 0.219604 0)
(0.702364 0.219477 0)
(0.703583 0.216668 0)
(0.705527 0.214389 0)
(0.708031 0.213825 0)
(0.711795 0.214534 0)
(0.716 0.215311 0)
(0.718379 0.212669 0)
(0.72277 0.20988 0)
(0.727064 0.207744 0)
(0.731447 0.205753 0)
(0.736408 0.204132 0)
(0.741513 0.201956 0)
(0.745819 0.198721 0)
(0.753181 0.205694 0)
(0.743217 0.215984 0)
(0.731733 0.21983 0)
(0.726933 0.218132 0)
(0.727075 0.213906 0)
(0.731471 0.208495 0)
(0.739932 0.201735 0)
(0.750246 0.192356 0)
(0.762832 0.182266 0)
(0.780319 0.175615 0)
(0.800057 0.171746 0)
(0.826441 0.171456 0)
(0.868211 0.171039 0)
(0.935519 0.158009 0)
(1.01413 0.118275 0)
(1.06503 0.0686946 0)
(1.0848 0.036358 0)
(1.09218 0.0201133 0)
(1.09563 0.0116271 0)
(1.09738 0.00672544 0)
(1.11025 -1.28393e-15 0)
(1.10967 5.84149e-16 0)
(1.1091 7.71578e-16 0)
(1.10851 -4.70568e-15 0)
(1.10792 5.45087e-15 0)
(1.10733 -4.61935e-15 0)
(1.10673 4.61201e-14 0)
(1.10613 -5.53685e-13 0)
(1.10552 6.68293e-12 0)
(1.1049 -7.44593e-11 0)
(1.10428 7.51445e-10 0)
(1.10365 -6.75929e-09 0)
(1.103 5.28361e-08 0)
(1.10232 -3.38577e-07 0)
(1.1016 1.49537e-06 0)
(1.10082 -1.64975e-06 0)
(1.10044 -3.90502e-05 0)
(0.95185 0.00248892 0)
(0.654372 0.00428208 0)
(0.570433 0.00596308 0)
(0.525715 0.00761075 0)
(0.456298 0.0188553 0)
(0.315083 0.0306982 0)
(1.11194 5.65462e-16 0)
(1.11138 3.06669e-15 0)
(1.11082 -2.36408e-16 0)
(1.11025 -1.06265e-15 0)
(1.10967 9.62323e-16 0)
(1.1091 5.53559e-16 0)
(1.10851 -4.40933e-15 0)
(1.10792 4.97854e-15 0)
(1.10733 -7.7429e-15 0)
(1.10673 7.68065e-14 0)
(1.10613 -9.35372e-13 0)
(1.10552 1.10729e-11 0)
(1.1049 -1.21031e-10 0)
(1.10428 1.19874e-09 0)
(1.10365 -1.0494e-08 0)
(1.103 7.89452e-08 0)
(1.10232 -4.87367e-07 0)
(1.1016 1.90277e-06 0)
(1.10083 6.41593e-07 0)
(1.10043 -6.06465e-05 0)
(0.952571 0.00421481 0)
(0.654911 0.00717943 0)
(0.570868 0.010051 0)
(0.525524 0.0126441 0)
(0.461395 0.0295646 0)
(0.337458 0.0453609 0)
(1.11194 1.70034e-16 0)
(1.11138 3.42562e-15 0)
(1.11082 -1.44808e-16 0)
(1.11025 -1.55655e-15 0)
(1.10967 1.37437e-15 0)
(1.1091 -1.21599e-16 0)
(1.10851 -3.05941e-15 0)
(1.10792 4.70885e-15 0)
(1.10733 -9.2141e-15 0)
(1.10673 9.80093e-14 0)
(1.10613 -1.19269e-12 0)
(1.10552 1.40202e-11 0)
(1.1049 -1.52038e-10 0)
(1.10428 1.49827e-09 0)
(1.10365 -1.31133e-08 0)
(1.103 9.97331e-08 0)
(1.10232 -6.15775e-07 0)
(1.1016 2.43885e-06 0)
(1.10084 5.43018e-07 0)
(1.10041 -8.08491e-05 0)
(0.953649 0.00588461 0)
(0.655813 0.00999666 0)
(0.571868 0.014138 0)
(0.525754 0.0176026 0)
(0.466486 0.0391159 0)
(0.357749 0.0602428 0)
(1.11194 5.69446e-16 0)
(1.11138 3.80644e-15 0)
(1.11082 -2.27615e-16 0)
(1.11025 -1.48384e-15 0)
(1.10967 1.35808e-15 0)
(1.1091 -2.83225e-16 0)
(1.10851 -1.27451e-15 0)
(1.10792 4.14929e-15 0)
(1.10733 -1.12366e-14 0)
(1.10673 1.16199e-13 0)
(1.10613 -1.41084e-12 0)
(1.10552 1.63204e-11 0)
(1.1049 -1.73644e-10 0)
(1.10428 1.66889e-09 0)
(1.10365 -1.43289e-08 0)
(1.103 1.05391e-07 0)
(1.10232 -5.97714e-07 0)
(1.1016 2.17006e-06 0)
(1.10085 3.36333e-06 0)
(1.10039 -9.77335e-05 0)
(0.955007 0.00751903 0)
(0.656784 0.0127702 0)
(0.572925 0.0182961 0)
(0.525944 0.0225013 0)
(0.471314 0.0475247 0)
(0.376715 0.0712363 0)
(1.11194 -2.93525e-16 0)
(1.11138 3.82614e-15 0)
(1.11082 -5.46142e-16 0)
(1.11025 -1.18498e-15 0)
(1.10967 1.83879e-15 0)
(1.1091 -1.92817e-16 0)
(1.10851 7.3226e-17 0)
(1.10792 3.47873e-15 0)
(1.10733 -1.20101e-14 0)
(1.10673 1.22778e-13 0)
(1.10613 -1.45797e-12 0)
(1.10552 1.65074e-11 0)
(1.1049 -1.72462e-10 0)
(1.10428 1.64157e-09 0)
(1.10365 -1.3924e-08 0)
(1.103 1.00049e-07 0)
(1.10232 -5.75657e-07 0)
(1.10159 1.85906e-06 0)
(1.10086 5.98255e-06 0)
(1.10037 -0.00011206 0)
(0.95669 0.00911293 0)
(0.657908 0.015479 0)
(0.574138 0.0224809 0)
(0.526405 0.027342 0)
(0.4759 0.0549182 0)
(0.392427 0.0816061 0)
(1.11194 -1.00269e-15 0)
(1.11138 3.60093e-15 0)
(1.11082 -7.35288e-16 0)
(1.11025 -1.06352e-15 0)
(1.10967 2.45036e-15 0)
(1.1091 -2.64675e-16 0)
(1.10851 4.82498e-16 0)
(1.10792 3.02432e-15 0)
(1.10733 -1.14976e-14 0)
(1.10673 1.14475e-13 0)
(1.10613 -1.34652e-12 0)
(1.10552 1.50703e-11 0)
(1.1049 -1.54148e-10 0)
(1.10428 1.42458e-09 0)
(1.10365 -1.16024e-08 0)
(1.103 8.12857e-08 0)
(1.10232 -4.37197e-07 0)
(1.10159 1.04232e-06 0)
(1.10086 9.54951e-06 0)
(1.10035 -0.0001221 0)
(0.958702 0.010662 0)
(0.659182 0.0181324 0)
(0.575454 0.0266899 0)
(0.527145 0.0321161 0)
(0.480179 0.0615045 0)
(0.406334 0.0898998 0)
(1.11194 -6.02306e-16 0)
(1.11138 3.37199e-15 0)
(1.11082 -1.18084e-15 0)
(1.11025 -1.47003e-15 0)
(1.10967 2.77364e-15 0)
(1.1091 1.58828e-16 0)
(1.10851 1.08366e-15 0)
(1.10792 2.27718e-15 0)
(1.10733 -1.00806e-14 0)
(1.10673 9.66992e-14 0)
(1.10613 -1.13635e-12 0)
(1.10552 1.2656e-11 0)
(1.1049 -1.29234e-10 0)
(1.10428 1.18199e-09 0)
(1.10365 -9.40318e-09 0)
(1.103 6.1879e-08 0)
(1.10232 -2.8667e-07 0)
(1.10159 1.58353e-07 0)
(1.10087 1.28541e-05 0)
(1.10032 -0.000127415 0)
(0.96104 0.0121597 0)
(0.660613 0.0207334 0)
(0.576898 0.0308936 0)
(0.528228 0.0368162 0)
(0.484241 0.0673948 0)
(0.418117 0.0975781 0)
(1.11194 2.6519e-16 0)
(1.11138 2.56769e-15 0)
(1.11082 -1.45129e-15 0)
(1.11025 -1.12752e-15 0)
(1.10967 3.42418e-15 0)
(1.1091 1.65617e-16 0)
(1.10851 1.51339e-15 0)
(1.10792 7.53408e-16 0)
(1.10733 -8.21476e-15 0)
(1.10673 7.42229e-14 0)
(1.10613 -8.54629e-13 0)
(1.10552 9.31094e-12 0)
(1.1049 -9.15276e-11 0)
(1.10428 7.99463e-10 0)
(1.10365 -5.98925e-09 0)
(1.103 3.51954e-08 0)
(1.10232 -1.09624e-07 0)
(1.10159 -7.48061e-07 0)
(1.10087 1.54703e-05 0)
(1.1003 -0.000127114 0)
(0.963698 0.0135992 0)
(0.662208 0.0232853 0)
(0.578456 0.0350728 0)
(0.529645 0.0414429 0)
(0.488058 0.0727585 0)
(0.42858 0.104096 0)
(1.11194 3.6194e-16 0)
(1.11138 1.03509e-15 0)
(1.11082 -1.36217e-15 0)
(1.11025 -9.0923e-16 0)
(1.10967 3.5334e-15 0)
(1.1091 -1.04522e-16 0)
(1.10851 2.06322e-15 0)
(1.10792 -9.72888e-17 0)
(1.10733 -5.21227e-15 0)
(1.10673 5.06558e-14 0)
(1.10613 -5.59929e-13 0)
(1.10552 5.89216e-12 0)
(1.1049 -5.48686e-11 0)
(1.10428 4.40776e-10 0)
(1.10365 -2.83556e-09 0)
(1.103 1.09311e-08 0)
(1.10232 4.51128e-08 0)
(1.10159 -1.46433e-06 0)
(1.10088 1.67603e-05 0)
(1.10029 -0.00012116 0)
(0.966669 0.0149735 0)
(0.663972 0.0257911 0)
(0.580127 0.0392024 0)
(0.531385 0.0459975 0)
(0.491715 0.077681 0)
(0.437702 0.11006 0)
(1.11194 4.41881e-16 0)
(1.11138 -2.81918e-16 0)
(1.11082 -1.91814e-15 0)
(1.11025 3.46778e-17 0)
(1.10967 2.70973e-15 0)
(1.1091 5.87236e-17 0)
(1.10851 2.71547e-15 0)
(1.10792 -9.25416e-16 0)
(1.10733 -2.33602e-15 0)
(1.10673 2.38078e-14 0)
(1.10613 -2.54486e-13 0)
(1.10552 2.45512e-12 0)
(1.1049 -1.92066e-11 0)
(1.10428 1.04874e-10 0)
(1.10365 -4.55991e-12 0)
(1.103 -9.84674e-09 0)
(1.10232 1.68972e-07 0)
(1.10159 -1.93683e-06 0)
(1.10088 1.65588e-05 0)
(1.10027 -0.000110435 0)
(0.969944 0.0162751 0)
(0.665914 0.0282528 0)
(0.581904 0.0432619 0)
(0.533423 0.0504849 0)
(0.495249 0.0822723 0)
(0.445924 0.115289 0)
(1.11194 7.94839e-16 0)
(1.11138 -5.90741e-16 0)
(1.11082 -2.45932e-15 0)
(1.11025 9.53384e-16 0)
(1.10967 1.99531e-15 0)
(1.1091 -2.49195e-16 0)
(1.10851 2.5667e-15 0)
(1.10792 -2.16536e-15 0)
(1.10733 -2.27121e-16 0)
(1.10673 3.26153e-15 0)
(1.10613 -2.07528e-14 0)
(1.10552 -8.69618e-14 0)
(1.1049 6.11209e-12 0)
(1.10428 -1.21418e-10 0)
(1.10365 1.75911e-09 0)
(1.103 -2.11729e-08 0)
(1.10232 2.21039e-07 0)
(1.10159 -2.0144e-06 0)
(1.10088 1.51713e-05 0)
(1.10026 -9.66864e-05 0)
(0.973512 0.0174959 0)
(0.668045 0.0306725 0)
(0.583783 0.0472321 0)
(0.535739 0.0549058 0)
(0.498768 0.086584 0)
(0.453372 0.120034 0)
(1.11194 1.22507e-15 0)
(1.11138 -1.06622e-15 0)
(1.11082 -2.62375e-15 0)
(1.11025 1.1762e-15 0)
(1.10967 1.99658e-15 0)
(1.1091 7.92715e-17 0)
(1.10851 2.8215e-15 0)
(1.10792 -2.21422e-15 0)
(1.10733 1.05002e-15 0)
(1.10673 -6.43869e-15 0)
(1.10613 8.31742e-14 0)
(1.10552 -1.08705e-12 0)
(1.1049 1.45601e-11 0)
(1.10428 -1.80233e-10 0)
(1.10365 2.05703e-09 0)
(1.103 -2.16869e-08 0)
(1.10232 2.08556e-07 0)
(1.10159 -1.79318e-06 0)
(1.10088 1.29918e-05 0)
(1.10025 -8.16194e-05 0)
(0.977363 0.0186272 0)
(0.67038 0.0330514 0)
(0.585759 0.0510973 0)
(0.538303 0.0592577 0)
(0.50233 0.0906747 0)
(0.460309 0.124262 0)
(1.11194 1.75727e-15 0)
(1.11138 -1.79203e-15 0)
(1.11082 -2.57357e-15 0)
(1.11025 1.54542e-15 0)
(1.10967 1.62577e-15 0)
(1.1091 1.22481e-16 0)
(1.10851 3.09861e-15 0)
(1.10792 -1.98423e-15 0)
(1.10733 1.74931e-15 0)
(1.10673 -8.63909e-15 0)
(1.10613 8.97686e-14 0)
(1.10552 -1.11443e-12 0)
(1.1049 1.42195e-11 0)
(1.10428 -1.69869e-10 0)
(1.10365 1.87437e-09 0)
(1.103 -1.90039e-08 0)
(1.10232 1.75788e-07 0)
(1.10159 -1.45502e-06 0)
(1.10088 1.02537e-05 0)
(1.10024 -6.56312e-05 0)
(0.981486 0.0196603 0)
(0.672937 0.0353906 0)
(0.587827 0.0548452 0)
(0.541087 0.0635344 0)
(0.505992 0.0945717 0)
(0.466851 0.128097 0)
(1.11194 2.0416e-15 0)
(1.11138 -2.75328e-15 0)
(1.11082 -2.50671e-15 0)
(1.11025 1.89072e-15 0)
(1.10967 1.74391e-15 0)
(1.1091 -1.35353e-16 0)
(1.10851 2.97379e-15 0)
(1.10792 -2.01824e-15 0)
(1.10733 1.17581e-15 0)
(1.10673 -8.30941e-15 0)
(1.10613 7.58816e-14 0)
(1.10552 -9.30417e-13 0)
(1.1049 1.17217e-11 0)
(1.10428 -1.38815e-10 0)
(1.10365 1.52531e-09 0)
(1.103 -1.53656e-08 0)
(1.10232 1.40591e-07 0)
(1.10159 -1.14312e-06 0)
(1.10088 7.80349e-06 0)
(1.10024 -4.88685e-05 0)
(0.985866 0.0205861 0)
(0.675734 0.0376903 0)
(0.589978 0.0584671 0)
(0.544054 0.067728 0)
(0.509766 0.0983046 0)
(0.473124 0.131559 0)
(1.11194 1.8222e-15 0)
(1.11138 -3.70381e-15 0)
(1.11082 -2.32074e-15 0)
(1.11025 2.10438e-15 0)
(1.10967 2.01923e-15 0)
(1.1091 -6.66015e-16 0)
(1.10851 2.86757e-15 0)
(1.10792 -1.65745e-15 0)
(1.10733 1.56292e-16 0)
(1.10673 -6.90423e-15 0)
(1.10613 5.64912e-14 0)
(1.10552 -6.76075e-13 0)
(1.1049 8.47136e-12 0)
(1.10428 -9.95907e-11 0)
(1.10365 1.08464e-09 0)
(1.103 -1.0919e-08 0)
(1.10232 1.0027e-07 0)
(1.10159 -8.15693e-07 0)
(1.10088 5.49645e-06 0)
(1.10023 -3.39931e-05 0)
(0.990489 0.021395 0)
(0.678788 0.0399505 0)
(0.592205 0.0619578 0)
(0.547169 0.0718295 0)
(0.513657 0.101888 0)
(0.479185 0.134718 0)
(1.11194 1.77577e-15 0)
(1.11138 -3.98238e-15 0)
(1.11082 -2.72928e-15 0)
(1.11025 2.01886e-15 0)
(1.10967 1.7176e-15 0)
(1.1091 -1.60251e-15 0)
(1.10851 2.61477e-15 0)
(1.10792 -6.55455e-16 0)
(1.10733 -5.98862e-16 0)
(1.10673 -4.5342e-15 0)
(1.10613 3.15185e-14 0)
(1.10552 -3.56586e-13 0)
(1.1049 4.50416e-12 0)
(1.10428 -5.37108e-11 0)
(1.10365 5.96109e-10 0)
(1.103 -6.13338e-09 0)
(1.10232 5.77532e-08 0)
(1.10159 -4.82107e-07 0)
(1.10088 3.28859e-06 0)
(1.10023 -1.99434e-05 0)
(0.995336 0.0220774 0)
(0.682117 0.0421705 0)
(0.594495 0.0653157 0)
(0.550394 0.0758301 0)
(0.517652 0.105335 0)
(0.485081 0.137606 0)
(1.11194 1.50174e-15 0)
(1.11138 -4.63183e-15 0)
(1.11082 -3.23109e-15 0)
(1.11025 2.23036e-15 0)
(1.10967 1.4091e-15 0)
(1.1091 -1.93989e-15 0)
(1.10851 2.3273e-15 0)
(1.10792 7.45484e-17 0)
(1.10733 -1.11776e-15 0)
(1.10673 -2.34434e-15 0)
(1.10613 1.16852e-14 0)
(1.10552 -1.04034e-13 0)
(1.1049 1.34336e-12 0)
(1.10428 -1.67321e-11 0)
(1.10365 1.9438e-10 0)
(1.103 -2.09673e-09 0)
(1.10232 2.07048e-08 0)
(1.10159 -1.80087e-07 0)
(1.10088 1.24983e-06 0)
(1.10023 -7.24542e-06 0)
(1.00039 0.0226252 0)
(0.68574 0.0443494 0)
(0.596837 0.0685421 0)
(0.55369 0.0797211 0)
(0.521737 0.108651 0)
(0.49084 0.140262 0)
(1.11194 1.10089e-15 0)
(1.11138 -4.82628e-15 0)
(1.11082 -3.15219e-15 0)
(1.11025 2.29975e-15 0)
(1.10967 1.0161e-15 0)
(1.1091 -2.28822e-15 0)
(1.10851 1.92303e-15 0)
(1.10792 1.58306e-15 0)
(1.10733 -2.30016e-15 0)
(1.10673 -2.59109e-16 0)
(1.10613 3.12111e-15 0)
(1.10552 -1.06979e-14 0)
(1.1049 1.36677e-13 0)
(1.10428 -1.87251e-12 0)
(1.10365 2.36099e-11 0)
(1.103 -2.74917e-10 0)
(1.10232 2.90583e-09 0)
(1.10159 -2.654e-08 0)
(1.10088 1.85236e-07 0)
(1.10023 -8.55164e-07 0)
(1.00561 0.0230325 0)
(0.689669 0.0464868 0)
(0.59922 0.0716411 0)
(0.557024 0.0834946 0)
(0.525892 0.111841 0)
(0.496487 0.142708 0)
(1.11194 1.1134e-15 0)
(1.11138 -4.52836e-15 0)
(1.11082 -4.01994e-15 0)
(1.11025 1.38714e-15 0)
(1.10967 7.60416e-16 0)
(1.1091 -2.88768e-15 0)
(1.10851 2.06703e-15 0)
(1.10792 2.96535e-15 0)
(1.10733 -4.25756e-15 0)
(1.10673 1.35355e-15 0)
(1.10613 7.50812e-16 0)
(1.10552 6.8486e-17 0)
(1.1049 -3.55365e-15 0)
(1.10428 -2.75021e-14 0)
(1.10365 5.63708e-13 0)
(1.103 -7.64492e-12 0)
(1.10232 8.85358e-11 0)
(1.10159 -8.4872e-10 0)
(1.10088 5.75686e-09 0)
(1.10023 -2.07996e-08 0)
(1.01099 0.0232894 0)
(0.693918 0.0485823 0)
(0.601634 0.0746183 0)
(0.560365 0.0871438 0)
(0.530099 0.114913 0)
(0.502053 0.144973 0)
(1.11194 1.2353e-15 0)
(1.11138 -3.95138e-15 0)
(1.11082 -4.43318e-15 0)
(1.11025 8.93719e-16 0)
(1.10967 9.53488e-16 0)
(1.1091 -3.15876e-15 0)
(1.10851 2.32078e-15 0)
(1.10792 3.85211e-15 0)
(1.10733 -5.55377e-15 0)
(1.10673 2.37191e-15 0)
(1.10613 3.96624e-16 0)
(1.10552 -5.04011e-16 0)
(1.1049 -5.50552e-15 0)
(1.10428 1.36928e-14 0)
(1.10365 -2.03455e-14 0)
(1.103 -1.3683e-14 0)
(1.10232 3.97528e-13 0)
(1.10159 -3.48023e-12 0)
(1.10088 2.08062e-11 0)
(1.10023 -5.23658e-11 0)
(1.01649 0.0233879 0)
(0.698495 0.0506347 0)
(0.604073 0.0774803 0)
(0.563689 0.0906632 0)
(0.534339 0.117884 0)
(0.507575 0.14709 0)
(1.11194 1.26454e-15 0)
(1.11138 -4.0977e-15 0)
(1.11082 -3.85054e-15 0)
(1.11025 6.40243e-16 0)
(1.10967 1.11588e-15 0)
(1.1091 -3.80073e-15 0)
(1.10851 2.14859e-15 0)
(1.10792 4.68072e-15 0)
(1.10733 -6.99887e-15 0)
(1.10673 3.28095e-15 0)
(1.10613 -4.2104e-16 0)
(1.10552 -1.39966e-15 0)
(1.1049 -4.22187e-15 0)
(1.10428 9.61573e-15 0)
(1.10365 -3.25703e-15 0)
(1.103 -6.46109e-14 0)
(1.10232 3.15262e-13 0)
(1.10159 -7.99213e-13 0)
(1.10088 1.00092e-12 0)
(1.10023 5.57288e-14 0)
(1.02208 0.0233233 0)
(0.703408 0.0526421 0)
(0.606533 0.0802341 0)
(0.566981 0.0940478 0)
(0.538598 0.12077 0)
(0.513056 0.149121 0)
(1.11194 7.77457e-16 0)
(1.11138 -3.41849e-15 0)
(1.11082 -4.48655e-15 0)
(1.11025 3.2334e-16 0)
(1.10967 1.33331e-15 0)
(1.1091 -4.12548e-15 0)
(1.10851 1.95899e-15 0)
(1.10792 5.44029e-15 0)
(1.10733 -8.11087e-15 0)
(1.10673 4.52179e-15 0)
(1.10613 -9.06231e-16 0)
(1.10552 -2.67732e-15 0)
(1.1049 -3.07051e-15 0)
(1.10428 -2.54424e-15 0)
(1.10365 6.0983e-14 0)
(1.103 -3.47367e-13 0)
(1.10232 1.26726e-12 0)
(1.10159 -2.86322e-12 0)
(1.10088 2.78185e-12 0)
(1.10023 2.44294e-13 0)
(1.02772 0.0230931 0)
(0.708665 0.0546018 0)
(0.609016 0.0828873 0)
(0.570229 0.0972928 0)
(0.542878 0.123553 0)
(0.518426 0.151111 0)
(1.11194 1.17458e-15 0)
(1.11138 -2.76188e-15 0)
(1.11082 -4.66524e-15 0)
(1.11025 -3.47319e-16 0)
(1.10967 1.05962e-15 0)
(1.1091 -3.97341e-15 0)
(1.10851 1.64543e-15 0)
(1.10792 5.8254e-15 0)
(1.10733 -7.93578e-15 0)
(1.10673 6.16564e-15 0)
(1.10613 -7.60243e-17 0)
(1.10552 -4.05863e-15 0)
(1.1049 2.38396e-15 0)
(1.10428 -3.49515e-14 0)
(1.10365 2.3965e-13 0)
(1.103 -1.17174e-12 0)
(1.10232 4.23321e-12 0)
(1.10159 -1.00028e-11 0)
(1.10088 1.07331e-11 0)
(1.10023 3.89349e-13 0)
(1.03337 0.0226989 0)
(0.71427 0.0565099 0)
(0.611526 0.0854473 0)
(0.573426 0.100395 0)
(0.547163 0.126201 0)
(0.523709 0.153018 0)
(1.11194 2.02217e-15 0)
(1.11138 -2.68454e-15 0)
(1.11082 -4.04642e-15 0)
(1.11025 -8.45009e-16 0)
(1.10967 2.45582e-16 0)
(1.1091 -3.93555e-15 0)
(1.10851 1.4025e-15 0)
(1.10792 5.69978e-15 0)
(1.10733 -8.23508e-15 0)
(1.10673 7.04634e-15 0)
(1.10613 -1.24827e-16 0)
(1.10552 -6.51585e-15 0)
(1.1049 1.41769e-14 0)
(1.10428 -1.12005e-13 0)
(1.10365 6.98477e-13 0)
(1.103 -3.45467e-12 0)
(1.10232 1.30282e-11 0)
(1.10159 -3.28168e-11 0)
(1.10088 3.86776e-11 0)
(1.10023 -4.12881e-13 0)
(1.03899 0.0221452 0)
(0.720231 0.0583614 0)
(0.614069 0.0879209 0)
(0.576566 0.103355 0)
(0.55143 0.128717 0)
(0.528925 0.154809 0)
(1.11194 2.62718e-15 0)
(1.11138 -2.92369e-15 0)
(1.11082 -3.6071e-15 0)
(1.11025 -5.41551e-16 0)
(1.10967 2.74102e-16 0)
(1.1091 -3.73204e-15 0)
(1.10851 1.0437e-15 0)
(1.10792 5.75798e-15 0)
(1.10733 -8.39036e-15 0)
(1.10673 6.96408e-15 0)
(1.10613 2.41918e-17 0)
(1.10552 -1.05062e-14 0)
(1.1049 3.98181e-14 0)
(1.10428 -2.91974e-13 0)
(1.10365 1.82698e-12 0)
(1.103 -9.423e-12 0)
(1.10232 3.76077e-11 0)
(1.10159 -1.01587e-10 0)
(1.10088 1.31473e-10 0)
(1.10023 -9.05795e-12 0)
(1.04454 0.0214398 0)
(0.726554 0.0601502 0)
(0.616655 0.090314 0)
(0.579647 0.106172 0)
(0.555653 0.13111 0)
(0.534073 0.156509 0)
(1.11194 2.7967e-15 0)
(1.11138 -3.00991e-15 0)
(1.11082 -3.85474e-15 0)
(1.11025 -1.48422e-16 0)
(1.10967 -3.53186e-17 0)
(1.1091 -3.53648e-15 0)
(1.10851 9.05054e-16 0)
(1.10792 5.73497e-15 0)
(1.10733 -8.13398e-15 0)
(1.10673 6.48676e-15 0)
(1.10613 7.83695e-16 0)
(1.10552 -1.6686e-14 0)
(1.1049 9.20645e-14 0)
(1.10428 -6.80124e-13 0)
(1.10365 4.43014e-12 0)
(1.103 -2.40499e-11 0)
(1.10232 1.01995e-10 0)
(1.10159 -2.96167e-10 0)
(1.10088 4.2154e-10 0)
(1.10023 -5.46022e-11 0)
(1.04999 0.0205923 0)
(0.733247 0.0618687 0)
(0.619296 0.0926325 0)
(0.582672 0.10885 0)
(0.559815 0.133379 0)
(0.539146 0.158135 0)
(1.11194 3.28418e-15 0)
(1.11138 -3.17432e-15 0)
(1.11082 -3.18112e-15 0)
(1.11025 -9.80757e-17 0)
(1.10967 2.76143e-16 0)
(1.1091 -2.97309e-15 0)
(1.10851 1.03971e-15 0)
(1.10792 5.37783e-15 0)
(1.10733 -7.30361e-15 0)
(1.10673 5.74732e-15 0)
(1.10613 2.50843e-15 0)
(1.10552 -2.78227e-14 0)
(1.1049 1.88322e-13 0)
(1.10428 -1.47176e-12 0)
(1.10365 1.00436e-11 0)
(1.103 -5.75789e-11 0)
(1.10232 2.60056e-10 0)
(1.10159 -8.13749e-10 0)
(1.10088 1.27829e-09 0)
(1.10023 -2.54659e-10 0)
(1.05529 0.019614 0)
(0.740318 0.0635085 0)
(0.622001 0.0948817 0)
(0.585641 0.111392 0)
(0.5639 0.135526 0)
(0.544136 0.159691 0)
(1.11194 3.86335e-15 0)
(1.11138 -3.5542e-15 0)
(1.11082 -1.84801e-15 0)
(1.11025 -5.14397e-16 0)
(1.10967 4.76093e-16 0)
(1.1091 -3.00408e-15 0)
(1.10851 1.22267e-15 0)
(1.10792 4.8274e-15 0)
(1.10733 -6.97884e-15 0)
(1.10673 4.56755e-15 0)
(1.10613 5.54971e-15 0)
(1.10552 -4.58335e-14 0)
(1.1049 3.62313e-13 0)
(1.10428 -2.97183e-12 0)
(1.10365 2.13221e-11 0)
(1.103 -1.29208e-10 0)
(1.10232 6.22108e-10 0)
(1.10159 -2.10178e-09 0)
(1.10088 3.65669e-09 0)
(1.10023 -1.0292e-09 0)
(1.0604 0.0185179 0)
(0.747776 0.0650598 0)
(0.624784 0.0970672 0)
(0.588559 0.113805 0)
(0.567894 0.13755 0)
(0.549037 0.161184 0)
(1.11194 4.11685e-15 0)
(1.11138 -4.41794e-15 0)
(1.11082 -1.02035e-15 0)
(1.11025 -1.48458e-15 0)
(1.10967 3.79718e-16 0)
(1.1091 -2.95185e-15 0)
(1.10851 1.78109e-15 0)
(1.10792 4.17884e-15 0)
(1.10733 -5.88117e-15 0)
(1.10673 3.8737e-15 0)
(1.10613 9.72846e-15 0)
(1.10552 -7.24995e-14 0)
(1.1049 6.54775e-13 0)
(1.10428 -5.61285e-12 0)
(1.10365 4.23198e-11 0)
(1.103 -2.70938e-10 0)
(1.10232 1.38987e-09 0)
(1.10159 -5.06996e-09 0)
(1.10088 9.77607e-09 0)
(1.10023 -3.6783e-09 0)
(1.06529 0.0173184 0)
(0.755633 0.0665116 0)
(0.627654 0.099194 0)
(0.59143 0.116094 0)
(0.571787 0.139457 0)
(0.553848 0.162617 0)
(1.11194 4.79687e-15 0)
(1.11138 -5.0165e-15 0)
(1.11082 -1.79503e-16 0)
(1.11025 -2.04955e-15 0)
(1.10967 -6.72651e-17 0)
(1.1091 -2.70008e-15 0)
(1.10851 1.84163e-15 0)
(1.10792 4.1875e-15 0)
(1.10733 -5.8046e-15 0)
(1.10673 3.31346e-15 0)
(1.10613 1.39058e-14 0)
(1.10552 -1.1554e-13 0)
(1.1049 1.10234e-12 0)
(1.10428 -9.91523e-12 0)
(1.10365 7.84091e-11 0)
(1.103 -5.29387e-10 0)
(1.10232 2.88733e-09 0)
(1.10159 -1.1347e-08 0)
(1.10088 2.41724e-08 0)
(1.10023 -1.16201e-08 0)
(1.06992 0.0160314 0)
(0.763899 0.0678523 0)
(0.630618 0.101267 0)
(0.594265 0.118268 0)
(0.575587 0.141264 0)
(0.558544 0.163999 0)
(1.11194 5.27416e-15 0)
(1.11138 -5.37134e-15 0)
(1.11082 2.71562e-16 0)
(1.11025 -2.43426e-15 0)
(1.10967 -3.26697e-16 0)
(1.1091 -2.21948e-15 0)
(1.10851 2.58729e-15 0)
(1.10792 4.86168e-15 0)
(1.10733 -6.15523e-15 0)
(1.10673 2.56945e-15 0)
(1.10613 1.94991e-14 0)
(1.10552 -1.70657e-13 0)
(1.1049 1.7452e-12 0)
(1.10428 -1.6383e-11 0)
(1.10365 1.35588e-10 0)
(1.103 -9.62697e-10 0)
(1.10232 5.5671e-09 0)
(1.10159 -2.34912e-08 0)
(1.10088 5.5037e-08 0)
(1.10023 -3.27193e-08 0)
(1.07428 0.0146743 0)
(0.772585 0.0690693 0)
(0.633684 0.103288 0)
(0.597073 0.120332 0)
(0.579307 0.142981 0)
(0.563097 0.165342 0)
(1.11194 4.4075e-15 0)
(1.11138 -5.97974e-15 0)
(1.11082 9.92751e-16 0)
(1.11025 -2.51374e-15 0)
(1.10967 -8.11749e-16 0)
(1.1091 -1.99325e-15 0)
(1.10851 3.38088e-15 0)
(1.10792 5.55115e-15 0)
(1.10733 -6.58245e-15 0)
(1.10673 1.91974e-15 0)
(1.10613 2.54153e-14 0)
(1.10552 -2.40854e-13 0)
(1.1049 2.59116e-12 0)
(1.10428 -2.53507e-11 0)
(1.10365 2.19256e-10 0)
(1.103 -1.63339e-09 0)
(1.10232 9.98938e-09 0)
(1.10159 -4.51224e-08 0)
(1.10088 1.15925e-07 0)
(1.10023 -8.3533e-08 0)
(1.07832 0.0132661 0)
(0.781701 0.0701503 0)
(0.636856 0.105261 0)
(0.599866 0.122295 0)
(0.582951 0.144608 0)
(0.567507 0.16665 0)
(1.11194 4.64991e-15 0)
(1.11138 -6.57441e-15 0)
(1.11082 1.29146e-15 0)
(1.11025 -2.97473e-15 0)
(1.10967 -1.68445e-15 0)
(1.1091 -2.36392e-15 0)
(1.10851 3.22304e-15 0)
(1.10792 5.37607e-15 0)
(1.10733 -6.79109e-15 0)
(1.10673 1.41965e-15 0)
(1.10613 3.15161e-14 0)
(1.10552 -3.21438e-13 0)
(1.1049 3.61008e-12 0)
(1.10428 -3.67811e-11 0)
(1.10365 3.31921e-10 0)
(1.103 -2.59342e-09 0)
(1.10232 1.67519e-08 0)
(1.10159 -8.09049e-08 0)
(1.10088 2.27512e-07 0)
(1.10023 -1.95366e-07 0)
(1.08204 0.0118272 0)
(0.791255 0.0710836 0)
(0.640137 0.107187 0)
(0.602656 0.124161 0)
(0.586525 0.14615 0)
(0.571782 0.167924 0)
(1.11194 3.91369e-15 0)
(1.11138 -6.35105e-15 0)
(1.11082 1.20997e-15 0)
(1.11025 -3.36902e-15 0)
(1.10967 -1.33185e-15 0)
(1.1091 -2.40736e-15 0)
(1.10851 3.17398e-15 0)
(1.10792 5.32675e-15 0)
(1.10733 -7.05236e-15 0)
(1.10673 1.24138e-15 0)
(1.10613 3.80023e-14 0)
(1.10552 -4.04795e-13 0)
(1.1049 4.74455e-12 0)
(1.10428 -5.03188e-11 0)
(1.10365 4.74082e-10 0)
(1.103 -3.87827e-09 0)
(1.10232 2.63819e-08 0)
(1.10159 -1.35982e-07 0)
(1.10088 4.17387e-07 0)
(1.10023 -4.21569e-07 0)
(1.08542 0.0103793 0)
(0.801253 0.0718586 0)
(0.643533 0.109064 0)
(0.605454 0.125936 0)
(0.590034 0.147613 0)
(0.575923 0.169163 0)
(1.11194 3.3815e-15 0)
(1.11138 -5.77116e-15 0)
(1.11082 1.20975e-15 0)
(1.11025 -3.05858e-15 0)
(1.10967 -6.92923e-16 0)
(1.1091 -2.40422e-15 0)
(1.10851 2.84939e-15 0)
(1.10792 5.58503e-15 0)
(1.10733 -7.93052e-15 0)
(1.10673 1.58711e-15 0)
(1.10613 4.28673e-14 0)
(1.10552 -4.83416e-13 0)
(1.1049 5.86224e-12 0)
(1.10428 -6.47641e-11 0)
(1.10365 6.36957e-10 0)
(1.103 -5.47661e-09 0)
(1.10232 3.92783e-08 0)
(1.10159 -2.15596e-07 0)
(1.10088 7.20845e-07 0)
(1.10023 -8.5373e-07 0)
(1.08844 0.00894523 0)
(0.811696 0.0724639 0)
(0.647051 0.110889 0)
(0.608266 0.127625 0)
(0.593482 0.149003 0)
(0.579933 0.17037 0)
(1.11194 2.59208e-15 0)
(1.11138 -5.39102e-15 0)
(1.11082 1.66596e-15 0)
(1.11025 -2.53152e-15 0)
(1.10967 -8.53565e-16 0)
(1.1091 -1.7417e-15 0)
(1.10851 2.9853e-15 0)
(1.10792 5.79608e-15 0)
(1.10733 -8.13348e-15 0)
(1.10673 2.11906e-15 0)
(1.10613 4.52347e-14 0)
(1.10552 -5.53843e-13 0)
(1.1049 6.92578e-12 0)
(1.10428 -7.84763e-11 0)
(1.10365 8.06426e-10 0)
(1.103 -7.23675e-09 0)
(1.10232 5.50867e-08 0)
(1.10159 -3.23406e-07 0)
(1.10088 1.18392e-06 0)
(1.10023 -1.6397e-06 0)
(1.0911 0.00754778 0)
(0.822582 0.0728872 0)
(0.650699 0.112657 0)
(0.611096 0.129232 0)
(0.596874 0.15033 0)
(0.583809 0.171545 0)
(1.11194 2.08104e-15 0)
(1.11138 -4.80745e-15 0)
(1.11082 2.11517e-15 0)
(1.11025 -1.97253e-15 0)
(1.10967 -1.10054e-15 0)
(1.1091 -1.48757e-15 0)
(1.10851 2.49411e-15 0)
(1.10792 5.36355e-15 0)
(1.10733 -8.78799e-15 0)
(1.10673 2.15434e-15 0)
(1.10613 4.56183e-14 0)
(1.10552 -6.01484e-13 0)
(1.1049 7.76048e-12 0)
(1.10428 -9.17504e-11 0)
(1.10365 9.72215e-10 0)
(1.103 -9.17976e-09 0)
(1.10232 7.32068e-08 0)
(1.10159 -4.58335e-07 0)
(1.10088 1.83705e-06 0)
(1.10023 -2.94567e-06 0)
(1.09341 0.00620947 0)
(0.833906 0.0731206 0)
(0.654493 0.114362 0)
(0.613942 0.130761 0)
(0.600208 0.151601 0)
(0.587547 0.172693 0)
(1.11194 2.23584e-15 0)
(1.11138 -4.02388e-15 0)
(1.11082 1.78625e-15 0)
(1.11025 -2.36968e-15 0)
(1.10967 -8.9903e-16 0)
(1.1091 -6.87539e-16 0)
(1.10851 1.5967e-15 0)
(1.10792 4.63554e-15 0)
(1.10733 -9.63618e-15 0)
(1.10673 2.98738e-15 0)
(1.10613 4.42808e-14 0)
(1.10552 -6.23187e-13 0)
(1.1049 8.22943e-12 0)
(1.10428 -1.00255e-10 0)
(1.10365 1.11205e-09 0)
(1.103 -1.09446e-08 0)
(1.10232 9.38347e-08 0)
(1.10159 -6.27089e-07 0)
(1.10088 2.71693e-06 0)
(1.10022 -5.00225e-06 0)
(1.09535 0.00495159 0)
(0.845656 0.0731625 0)
(0.658448 0.115999 0)
(0.616799 0.132219 0)
(0.603485 0.152826 0)
(0.591146 0.173814 0)
(1.11194 2.04654e-15 0)
(1.11138 -3.10653e-15 0)
(1.11082 1.00707e-15 0)
(1.11025 -2.55419e-15 0)
(1.10967 -1.06764e-15 0)
(1.1091 -1.59094e-16 0)
(1.10851 1.03077e-15 0)
(1.10792 4.48645e-15 0)
(1.10733 -1.03254e-14 0)
(1.10673 3.00228e-15 0)
(1.10613 4.21123e-14 0)
(1.10552 -6.1313e-13 0)
(1.1049 8.29583e-12 0)
(1.10428 -1.03526e-10 0)
(1.10365 1.18881e-09 0)
(1.103 -1.22833e-08 0)
(1.10232 1.08841e-07 0)
(1.10159 -8.08503e-07 0)
(1.10088 3.92781e-06 0)
(1.10022 -8.57809e-06 0)
(1.09695 0.00379385 0)
(0.857818 0.0730038 0)
(0.662585 0.117565 0)
(0.61966 0.133611 0)
(0.606702 0.154015 0)
(0.594605 0.174913 0)
(1.11194 1.84489e-15 0)
(1.11138 -2.32183e-15 0)
(1.11082 2.00857e-16 0)
(1.11025 -1.92557e-15 0)
(1.10967 -3.53585e-16 0)
(1.1091 4.82806e-16 0)
(1.10851 3.5452e-16 0)
(1.10792 4.18959e-15 0)
(1.10733 -1.06498e-14 0)
(1.10673 2.72639e-15 0)
(1.10613 3.76871e-14 0)
(1.10552 -5.77105e-13 0)
(1.1049 7.9409e-12 0)
(1.10428 -1.01432e-10 0)
(1.10365 1.19911e-09 0)
(1.103 -1.29571e-08 0)
(1.10232 1.22895e-07 0)
(1.10159 -9.3554e-07 0)
(1.10088 5.19147e-06 0)
(1.10023 -1.37673e-05 0)
(1.0982 0.00275376 0)
(0.870367 0.0726081 0)
(0.666931 0.119038 0)
(0.622515 0.134941 0)
(0.609857 0.155174 0)
(0.597927 0.175991 0)
(1.11194 1.44764e-15 0)
(1.11138 -1.45227e-15 0)
(1.11082 -3.92901e-16 0)
(1.11025 -1.61196e-15 0)
(1.10967 1.14041e-16 0)
(1.1091 1.44453e-15 0)
(1.10851 -4.10275e-16 0)
(1.10792 3.96879e-15 0)
(1.10733 -1.05366e-14 0)
(1.10673 2.86083e-15 0)
(1.10613 3.07382e-14 0)
(1.10552 -5.06289e-13 0)
(1.1049 7.14028e-12 0)
(1.10428 -9.379e-11 0)
(1.10365 1.14362e-09 0)
(1.103 -1.28472e-08 0)
(1.10232 1.30448e-07 0)
(1.10159 -1.10088e-06 0)
(1.10088 6.38846e-06 0)
(1.10023 -1.8393e-05 0)
(1.09911 0.00183893 0)
(0.88327 0.0719348 0)
(0.671512 0.120396 0)
(0.625356 0.136212 0)
(0.612946 0.156311 0)
(0.60112 0.177048 0)
(1.11194 7.36437e-16 0)
(1.11138 -5.49575e-16 0)
(1.11082 -1.00303e-15 0)
(1.11025 -7.86693e-16 0)
(1.10967 5.58673e-16 0)
(1.1091 2.36297e-15 0)
(1.10851 -1.30947e-15 0)
(1.10792 3.38478e-15 0)
(1.10733 -9.96462e-15 0)
(1.10673 2.86031e-15 0)
(1.10613 2.33812e-14 0)
(1.10552 -4.11816e-13 0)
(1.1049 5.88048e-12 0)
(1.10428 -7.82079e-11 0)
(1.10365 9.75596e-10 0)
(1.103 -1.13416e-08 0)
(1.10232 1.21809e-07 0)
(1.10159 -1.16149e-06 0)
(1.10088 8.31074e-06 0)
(1.10025 -3.33076e-05 0)
(1.0997 0.0010369 0)
(0.896496 0.0710006 0)
(0.676356 0.121645 0)
(0.628176 0.13743 0)
(0.615966 0.15743 0)
(0.604198 0.178084 0)
(1.11194 1.1836e-15 0)
(1.11138 2.99587e-16 0)
(1.11082 -1.42192e-15 0)
(1.11025 -4.34469e-17 0)
(1.10967 7.73573e-16 0)
(1.1091 2.88856e-15 0)
(1.10851 -2.1263e-15 0)
(1.10792 3.16777e-15 0)
(1.10733 -9.71027e-15 0)
(1.10673 2.46178e-15 0)
(1.10613 1.54767e-14 0)
(1.10552 -2.89843e-13 0)
(1.1049 4.26743e-12 0)
(1.10428 -5.82758e-11 0)
(1.10365 7.4571e-10 0)
(1.103 -8.89396e-09 0)
(1.10232 9.77337e-08 0)
(1.10159 -9.71511e-07 0)
(1.10087 8.38845e-06 0)
(1.10028 -5.65445e-05 0)
(1.09998 0.000394252 0)
(0.910004 0.0698395 0)
(0.681486 0.122818 0)
(0.630965 0.13861 0)
(0.618911 0.158539 0)
(0.607179 0.179096 0)
(1.11194 1.14893e-15 0)
(1.11138 1.82222e-15 0)
(1.11082 -2.09444e-15 0)
(1.11025 1.09862e-15 0)
(1.10967 1.23103e-15 0)
(1.1091 3.05505e-15 0)
(1.10851 -2.32961e-15 0)
(1.10792 3.1859e-15 0)
(1.10733 -8.97811e-15 0)
(1.10673 1.67943e-15 0)
(1.10613 7.37372e-15 0)
(1.10552 -1.5539e-13 0)
(1.1049 2.36806e-12 0)
(1.10428 -3.3157e-11 0)
(1.10365 4.34243e-10 0)
(1.103 -5.29154e-09 0)
(1.10232 5.93378e-08 0)
(1.10159 -5.89142e-07 0)
(1.10087 4.68609e-06 0)
(1.10031 -2.64977e-05 0)
(1.10004 6.20275e-05 0)
(0.923728 0.0684026 0)
(0.686921 0.12392 0)
(0.633718 0.13976 0)
(0.621776 0.159638 0)
(0.61009 0.180078 0)
(1.11194 1.64638e-15 0)
(1.11138 2.69515e-15 0)
(1.11082 -2.53916e-15 0)
(1.11025 1.64317e-15 0)
(1.10967 1.27305e-15 0)
(1.1091 3.32768e-15 0)
(1.10851 -2.35106e-15 0)
(1.10792 2.52029e-15 0)
(1.10733 -8.14274e-15 0)
(1.10673 1.52863e-15 0)
(1.10613 3.22918e-16 0)
(1.10552 -4.64817e-14 0)
(1.1049 7.56963e-13 0)
(1.10428 -1.08972e-11 0)
(1.10365 1.45988e-10 0)
(1.103 -1.78844e-09 0)
(1.10232 1.95744e-08 0)
(1.10159 -1.80995e-07 0)
(1.10087 1.25027e-06 0)
(1.10031 -4.79112e-06 0)
(1.10004 2.23033e-06 0)
(0.937506 0.0666442 0)
(0.692683 0.124917 0)
(0.636431 0.14088 0)
(0.624551 0.160727 0)
(0.61297 0.181019 0)
(1.11194 2.02491e-15 0)
(1.11138 2.18992e-15 0)
(1.11082 -3.65652e-15 0)
(1.11025 1.91743e-15 0)
(1.10967 6.09786e-16 0)
(1.1091 2.97861e-15 0)
(1.10851 -2.68712e-15 0)
(1.10792 2.18613e-15 0)
(1.10733 -7.77822e-15 0)
(1.10673 3.7235e-16 0)
(1.10613 -2.65242e-15 0)
(1.10552 -4.65746e-15 0)
(1.1049 9.10636e-14 0)
(1.10428 -1.28382e-12 0)
(1.10365 1.75003e-11 0)
(1.103 -2.11593e-10 0)
(1.10232 2.18249e-09 0)
(1.10159 -1.7682e-08 0)
(1.10087 9.41634e-08 0)
(1.10031 -2.03854e-07 0)
(1.10004 8.02425e-09 0)
(0.951197 0.0645668 0)
(0.6988 0.125768 0)
(0.639107 0.141965 0)
(0.627233 0.161794 0)
(0.615861 0.181904 0)
(1.11194 2.55208e-15 0)
(1.11138 2.46613e-15 0)
(1.11082 -4.87941e-15 0)
(1.11025 2.508e-15 0)
(1.10967 8.61864e-16 0)
(1.1091 2.18715e-15 0)
(1.10851 -2.99907e-15 0)
(1.10792 1.2647e-15 0)
(1.10733 -7.03748e-15 0)
(1.10673 -7.57073e-16 0)
(1.10613 -2.37724e-15 0)
(1.10552 -9.45193e-16 0)
(1.1049 6.9576e-15 0)
(1.10428 -2.69898e-14 0)
(1.10365 4.08281e-13 0)
(1.103 -4.91828e-12 0)
(1.10232 4.6214e-11 0)
(1.10159 -3.1049e-10 0)
(1.10087 1.16562e-09 0)
(1.10031 -1.23973e-09 0)
(1.10004 1.69877e-12 0)
(0.96472 0.0621851 0)
(0.705308 0.126453 0)
(0.641766 0.143011 0)
(0.629821 0.162832 0)
(0.618803 0.18272 0)
(1.11194 3.55957e-15 0)
(1.11138 2.68823e-15 0)
(1.11082 -5.88891e-15 0)
(1.11025 2.96998e-15 0)
(1.10967 1.37478e-15 0)
(1.1091 1.26045e-15 0)
(1.10851 -2.724e-15 0)
(1.10792 4.38719e-16 0)
(1.10733 -6.47085e-15 0)
(1.10673 -1.5535e-15 0)
(1.10613 -1.82644e-15 0)
(1.10552 -8.49401e-16 0)
(1.1049 4.36358e-15 0)
(1.10428 5.03543e-15 0)
(1.10365 -8.58567e-15 0)
(1.103 -1.71485e-14 0)
(1.10232 1.43617e-13 0)
(1.10159 -6.44235e-13 0)
(1.10087 1.4847e-12 0)
(1.10031 -6.47155e-13 0)
(1.10004 -8.78945e-14 0)
(0.977998 0.0595105 0)
(0.712241 0.126972 0)
(0.644445 0.144022 0)
(0.632324 0.163835 0)
(0.621823 0.183464 0)
(1.11194 3.94942e-15 0)
(1.11138 2.04233e-15 0)
(1.11082 -6.47023e-15 0)
(1.11025 2.62603e-15 0)
(1.10967 1.65453e-15 0)
(1.1091 9.27065e-16 0)
(1.10851 -2.40722e-15 0)
(1.10792 -3.0127e-16 0)
(1.10733 -5.71597e-15 0)
(1.10673 -6.24057e-16 0)
(1.10613 -1.57299e-15 0)
(1.10552 2.22751e-16 0)
(1.1049 3.41672e-15 0)
(1.10428 4.19141e-15 0)
(1.10365 -8.49453e-15 0)
(1.103 -5.17533e-15 0)
(1.10232 3.78203e-14 0)
(1.10159 -7.98904e-14 0)
(1.10087 9.71942e-14 0)
(1.10031 -3.83496e-14 0)
(1.10004 -6.61329e-14 0)
(0.99095 0.0565557 0)
(0.719639 0.127326 0)
(0.647199 0.145006 0)
(0.634753 0.164811 0)
(0.624919 0.184148 0)
(1.11194 4.25719e-15 0)
(1.11138 1.74921e-15 0)
(1.11082 -6.83776e-15 0)
(1.11025 2.14524e-15 0)
(1.10967 1.85989e-15 0)
(1.1091 4.08482e-17 0)
(1.10851 -2.0931e-15 0)
(1.10792 -1.0398e-15 0)
(1.10733 -5.19401e-15 0)
(1.10673 9.05459e-17 0)
(1.10613 -3.07664e-16 0)
(1.10552 1.3973e-15 0)
(1.1049 1.57867e-15 0)
(1.10428 3.12829e-15 0)
(1.10365 -7.47204e-15 0)
(1.103 -5.57543e-15 0)
(1.10232 3.72011e-14 0)
(1.10159 -7.88098e-14 0)
(1.10087 9.29427e-14 0)
(1.10031 -3.74361e-14 0)
(1.10004 -1.06634e-14 0)
(1.00349 0.0533341 0)
(0.727545 0.127505 0)
(0.65009 0.14598 0)
(0.637122 0.165769 0)
(0.628055 0.184782 0)
(1.11194 4.67118e-15 0)
(1.11138 1.1602e-15 0)
(1.11082 -6.47901e-15 0)
(1.11025 1.98139e-15 0)
(1.10967 1.73938e-15 0)
(1.1091 -9.02196e-16 0)
(1.10851 -1.75319e-15 0)
(1.10792 -1.83876e-15 0)
(1.10733 -4.88734e-15 0)
(1.10673 8.72546e-16 0)
(1.10613 -3.21683e-16 0)
(1.10552 2.14805e-15 0)
(1.1049 -6.28905e-16 0)
(1.10428 3.97077e-15 0)
(1.10365 -5.30994e-15 0)
(1.103 -5.81094e-15 0)
(1.10232 3.50226e-14 0)
(1.10159 -7.57712e-14 0)
(1.10087 8.86567e-14 0)
(1.10031 -3.47696e-14 0)
(1.10004 -9.49957e-15 0)
(1.01555 0.0498621 0)
(0.736008 0.127484 0)
(0.653172 0.146957 0)
(0.639437 0.16671 0)
(0.631173 0.185379 0)
(1.11194 5.34824e-15 0)
(1.11138 2.29066e-16 0)
(1.11082 -5.1571e-15 0)
(1.11025 1.86819e-15 0)
(1.10967 2.36019e-15 0)
(1.1091 -1.59314e-15 0)
(1.10851 -2.29875e-15 0)
(1.10792 -2.40507e-15 0)
(1.10733 -4.23925e-15 0)
(1.10673 1.46116e-15 0)
(1.10613 -3.73411e-16 0)
(1.10552 3.83399e-15 0)
(1.1049 -2.25448e-15 0)
(1.10428 4.5852e-15 0)
(1.10365 -5.3059e-15 0)
(1.103 -5.79384e-15 0)
(1.10232 3.16009e-14 0)
(1.10159 -6.78206e-14 0)
(1.10087 7.61023e-14 0)
(1.10031 -2.35102e-14 0)
(1.10004 -1.11538e-14 0)
(1.02703 0.0461602 0)
(0.745077 0.127232 0)
(0.656467 0.147952 0)
(0.641704 0.167626 0)
(0.63422 0.185937 0)
(1.11194 5.40643e-15 0)
(1.11138 -3.78164e-16 0)
(1.11082 -3.973e-15 0)
(1.11025 1.49942e-15 0)
(1.10967 3.11127e-15 0)
(1.1091 -2.93674e-15 0)
(1.10851 -2.26411e-15 0)
(1.10792 -3.11452e-15 0)
(1.10733 -3.79981e-15 0)
(1.10673 2.13071e-15 0)
(1.10613 -1.45321e-16 0)
(1.10552 6.08946e-15 0)
(1.1049 -3.66787e-15 0)
(1.10428 4.9263e-15 0)
(1.10365 -5.46745e-15 0)
(1.103 -3.65661e-15 0)
(1.10232 2.02505e-14 0)
(1.10159 -3.3485e-14 0)
(1.10087 9.70631e-15 0)
(1.10031 4.88127e-14 0)
(1.10004 -1.92637e-14 0)
(1.03786 0.0422561 0)
(0.754804 0.126715 0)
(0.65995 0.148977 0)
(0.643925 0.168506 0)
(0.637174 0.18644 0)
(1.11194 5.78652e-15 0)
(1.11138 -9.23921e-16 0)
(1.11082 -2.85978e-15 0)
(1.11025 2.05353e-15 0)
(1.10967 3.51848e-15 0)
(1.1091 -4.02902e-15 0)
(1.10851 -2.2797e-15 0)
(1.10792 -3.27175e-15 0)
(1.10733 -2.95517e-15 0)
(1.10673 2.30881e-15 0)
(1.10613 1.15527e-15 0)
(1.10552 7.77674e-15 0)
(1.1049 -5.28619e-15 0)
(1.10428 5.34998e-15 0)
(1.10365 -6.04104e-15 0)
(1.103 6.11412e-15 0)
(1.10232 -4.08015e-14 0)
(1.10159 1.90741e-13 0)
(1.10087 -5.25826e-13 0)
(1.10031 6.43838e-13 0)
(1.10004 -8.09786e-14 0)
(1.04795 0.038186 0)
(0.765231 0.125904 0)
(0.663547 0.150039 0)
(0.646115 0.169343 0)
(0.640053 0.186864 0)
(1.11194 5.75818e-15 0)
(1.11138 -1.73971e-15 0)
(1.11082 -1.62394e-15 0)
(1.11025 1.42706e-15 0)
(1.10967 4.41659e-15 0)
(1.1091 -4.61549e-15 0)
(1.10851 -2.30292e-15 0)
(1.10792 -3.34887e-15 0)
(1.10733 -2.38872e-15 0)
(1.10673 2.4672e-15 0)
(1.10613 2.05811e-15 0)
(1.10552 8.93079e-15 0)
(1.1049 -7.13373e-15 0)
(1.10428 5.48226e-15 0)
(1.10365 -1.08669e-14 0)
(1.103 4.61015e-14 0)
(1.10232 -2.81859e-13 0)
(1.10159 1.23693e-12 0)
(1.10087 -3.46819e-12 0)
(1.10031 4.56075e-12 0)
(1.10004 -8.18753e-13 0)
(1.05722 0.0339969 0)
(0.7764 0.124781 0)
(0.667155 0.151133 0)
(0.648311 0.170136 0)
(0.642893 0.187238 0)
(1.11194 6.27855e-15 0)
(1.11138 -2.05753e-15 0)
(1.11082 -3.5914e-16 0)
(1.11025 1.90168e-16 0)
(1.10967 4.70406e-15 0)
(1.1091 -5.69403e-15 0)
(1.10851 -1.61998e-15 0)
(1.10792 -3.70239e-15 0)
(1.10733 -2.01303e-15 0)
(1.10673 2.41132e-15 0)
(1.10613 2.52353e-15 0)
(1.10552 1.01153e-14 0)
(1.1049 -8.26221e-15 0)
(1.10428 6.22955e-15 0)
(1.10365 -2.63846e-14 0)
(1.103 1.72303e-13 0)
(1.10232 -1.10274e-12 0)
(1.10159 5.41274e-12 0)
(1.10087 -1.75137e-11 0)
(1.10031 2.75475e-11 0)
(1.10004 -7.66563e-12 0)
(1.06563 0.0297481 0)
(0.788343 0.123338 0)
(0.670677 0.152246 0)
(0.650578 0.170881 0)
(0.645727 0.187578 0)
(1.11194 5.83619e-15 0)
(1.11138 -3.05301e-15 0)
(1.11082 1.15608e-15 0)
(1.11025 -5.69361e-16 0)
(1.10967 4.97923e-15 0)
(1.1091 -6.71378e-15 0)
(1.10851 -1.22616e-15 0)
(1.10792 -3.73805e-15 0)
(1.10733 -1.67505e-15 0)
(1.10673 1.89262e-15 0)
(1.10613 2.86447e-15 0)
(1.10552 1.02496e-14 0)
(1.1049 -9.46626e-15 0)
(1.10428 9.56726e-15 0)
(1.10365 -6.84005e-14 0)
(1.103 5.31751e-13 0)
(1.10232 -3.76239e-12 0)
(1.10159 2.06499e-11 0)
(1.10087 -7.51849e-11 0)
(1.10031 1.33927e-10 0)
(1.10004 -4.59264e-11 0)
(1.0731 0.0255108 0)
(0.801087 0.121577 0)
(0.674058 0.153353 0)
(0.652996 0.171562 0)
(0.648552 0.187884 0)
(1.11194 4.7732e-15 0)
(1.11138 -4.13909e-15 0)
(1.11082 2.00562e-15 0)
(1.11025 -1.21931e-15 0)
(1.10967 4.84777e-15 0)
(1.1091 -6.86883e-15 0)
(1.10851 -1.20122e-15 0)
(1.10792 -3.37433e-15 0)
(1.10733 -1.83403e-15 0)
(1.10673 1.36025e-15 0)
(1.10613 3.8613e-15 0)
(1.10552 1.00872e-14 0)
(1.1049 -1.02904e-14 0)
(1.10428 1.76118e-14 0)
(1.10365 -1.61868e-13 0)
(1.103 1.43358e-12 0)
(1.10232 -1.10341e-11 0)
(1.10159 6.62355e-11 0)
(1.10087 -2.65499e-10 0)
(1.10031 5.26765e-10 0)
(1.10004 -2.19702e-10 0)
(1.07961 0.0213664 0)
(0.814643 0.119503 0)
(0.677313 0.154414 0)
(0.655622 0.172171 0)
(0.651368 0.188159 0)
(1.11194 4.57935e-15 0)
(1.11138 -4.48293e-15 0)
(1.11082 2.76817e-15 0)
(1.11025 -1.84605e-15 0)
(1.10967 5.14914e-15 0)
(1.1091 -7.31188e-15 0)
(1.10851 -6.14281e-16 0)
(1.10792 -3.26595e-15 0)
(1.10733 -2.28836e-15 0)
(1.10673 -6.72793e-17 0)
(1.10613 4.40465e-15 0)
(1.10552 1.00052e-14 0)
(1.1049 -1.1671e-14 0)
(1.10428 3.18621e-14 0)
(1.10365 -3.46936e-13 0)
(1.103 3.36313e-12 0)
(1.10232 -2.80524e-11 0)
(1.10159 1.85405e-10 0)
(1.10087 -8.38804e-10 0)
(1.10031 1.96287e-09 0)
(1.10004 -1.15215e-09 0)
(1.08515 0.0174012 0)
(0.82901 0.117115 0)
(0.680529 0.155384 0)
(0.658471 0.172704 0)
(0.65417 0.18839 0)
(1.11194 4.20211e-15 0)
(1.11138 -4.42967e-15 0)
(1.11082 3.26695e-15 0)
(1.11025 -1.771e-15 0)
(1.10967 5.62471e-15 0)
(1.1091 -7.3247e-15 0)
(1.10851 -8.08987e-16 0)
(1.10792 -2.6258e-15 0)
(1.10733 -1.70591e-15 0)
(1.10673 -1.87996e-15 0)
(1.10613 4.36945e-15 0)
(1.10552 9.69948e-15 0)
(1.1049 -1.3665e-14 0)
(1.10428 5.63158e-14 0)
(1.10365 -6.69435e-13 0)
(1.103 7.05502e-12 0)
(1.10232 -6.46279e-11 0)
(1.10159 4.79779e-10 0)
(1.10087 -2.51343e-09 0)
(1.10031 7.10855e-09 0)
(1.10004 -5.70539e-09 0)
(1.08973 0.0137003 0)
(0.844166 0.114408 0)
(0.683847 0.156214 0)
(0.661494 0.173171 0)
(0.656957 0.188596 0)
(1.11194 3.10157e-15 0)
(1.11138 -3.60803e-15 0)
(1.11082 3.89561e-15 0)
(1.11025 -1.56735e-15 0)
(1.10967 5.75216e-15 0)
(1.1091 -7.08204e-15 0)
(1.10851 -6.10477e-16 0)
(1.10792 -1.81707e-15 0)
(1.10733 -1.52894e-15 0)
(1.10673 -3.00178e-15 0)
(1.10613 4.3218e-15 0)
(1.10552 9.12806e-15 0)
(1.1049 -1.50327e-14 0)
(1.10428 9.33742e-14 0)
(1.10365 -1.18499e-12 0)
(1.103 1.35174e-11 0)
(1.10232 -1.3551e-10 0)
(1.10159 1.11464e-09 0)
(1.10087 -6.54831e-09 0)
(1.10031 2.09627e-08 0)
(1.10004 -1.95173e-08 0)
(1.09338 0.0103412 0)
(0.860074 0.111367 0)
(0.687432 0.156853 0)
(0.664589 0.173573 0)
(0.659748 0.188785 0)
(1.11194 1.79032e-15 0)
(1.11138 -2.3587e-15 0)
(1.11082 5.02681e-15 0)
(1.11025 -1.36779e-15 0)
(1.10967 5.10485e-15 0)
(1.1091 -6.57073e-15 0)
(1.10851 -8.44338e-17 0)
(1.10792 -8.29126e-16 0)
(1.10733 -1.22288e-15 0)
(1.10673 -2.75399e-15 0)
(1.10613 3.94566e-15 0)
(1.10552 8.9579e-15 0)
(1.1049 -1.73783e-14 0)
(1.10428 1.37223e-13 0)
(1.10365 -1.86295e-12 0)
(1.103 2.29235e-11 0)
(1.10232 -2.48762e-10 0)
(1.10159 2.21782e-09 0)
(1.10087 -1.41762e-08 0)
(1.10031 4.97771e-08 0)
(1.10004 -5.26923e-08 0)
(1.09613 0.00739238 0)
(0.876663 0.107964 0)
(0.691449 0.157279 0)
(0.667636 0.17392 0)
(0.662589 0.188885 0)
(1.11194 1.09627e-15 0)
(1.11138 -1.96655e-15 0)
(1.11082 5.15529e-15 0)
(1.11025 -1.34704e-15 0)
(1.10967 4.76463e-15 0)
(1.1091 -6.96892e-15 0)
(1.10851 7.14233e-16 0)
(1.10792 -7.374e-16 0)
(1.10733 -1.45016e-15 0)
(1.10673 -3.43913e-15 0)
(1.10613 3.13345e-15 0)
(1.10552 8.45274e-15 0)
(1.1049 -2.01418e-14 0)
(1.10428 1.87474e-13 0)
(1.10365 -2.66636e-12 0)
(1.103 3.43553e-11 0)
(1.10232 -3.92975e-10 0)
(1.10159 3.75684e-09 0)
(1.10087 -2.65176e-08 0)
(1.10031 1.08375e-07 0)
(1.10004 -1.54026e-07 0)
(1.09806 0.00489583 0)
(0.893838 0.10416 0)
(0.69605 0.157511 0)
(0.670536 0.174198 0)
(0.665572 0.189036 0)
(1.11194 6.13609e-16 0)
(1.11138 -1.71458e-15 0)
(1.11082 4.6691e-15 0)
(1.11025 -7.13636e-16 0)
(1.10967 4.04951e-15 0)
(1.1091 -7.50999e-15 0)
(1.10851 1.31504e-15 0)
(1.10792 -4.0443e-16 0)
(1.10733 -1.66835e-15 0)
(1.10673 -3.58838e-15 0)
(1.10613 1.30234e-15 0)
(1.10552 8.70661e-15 0)
(1.1049 -2.13817e-14 0)
(1.10428 2.26759e-13 0)
(1.10365 -3.3672e-12 0)
(1.103 4.73119e-11 0)
(1.10232 -5.85859e-10 0)
(1.10159 6.16208e-09 0)
(1.10087 -4.9663e-08 0)
(1.10031 2.47113e-07 0)
(1.10004 -4.86716e-07 0)
(1.09923 0.00284324 0)
(0.911489 0.0999409 0)
(0.701319 0.157576 0)
(0.673271 0.174396 0)
(0.66879 0.18912 0)
(1.11194 -3.25959e-16 0)
(1.11138 -9.49706e-16 0)
(1.11082 4.10261e-15 0)
(1.11025 -3.67217e-16 0)
(1.10967 2.55169e-15 0)
(1.1091 -6.60749e-15 0)
(1.10851 1.35333e-15 0)
(1.10792 -3.73963e-16 0)
(1.10733 -2.08069e-15 0)
(1.10673 -2.65417e-15 0)
(1.10613 -5.68764e-16 0)
(1.10552 9.1446e-15 0)
(1.1049 -2.19051e-14 0)
(1.10428 2.53921e-13 0)
(1.10365 -3.91925e-12 0)
(1.103 5.58707e-11 0)
(1.10232 -7.3661e-10 0)
(1.10159 8.71511e-09 0)
(1.10087 -8.24698e-08 0)
(1.10031 4.9876e-07 0)
(1.10004 -1.20683e-06 0)
(1.09978 0.00135014 0)
(0.929437 0.0952542 0)
(0.707257 0.157483 0)
(0.675906 0.17448 0)
(0.672283 0.189117 0)
(1.11194 -1.56683e-15 0)
(1.11138 7.38414e-17 0)
(1.11082 3.14894e-15 0)
(1.11025 -7.37392e-16 0)
(1.10967 1.21366e-15 0)
(1.1091 -5.87472e-15 0)
(1.10851 8.71107e-16 0)
(1.10792 8.15854e-16 0)
(1.10733 -2.23956e-15 0)
(1.10673 -1.71642e-15 0)
(1.10613 -1.87657e-15 0)
(1.10552 9.50031e-15 0)
(1.1049 -2.20044e-14 0)
(1.10428 2.58938e-13 0)
(1.10365 -4.1111e-12 0)
(1.103 6.27444e-11 0)
(1.10232 -8.90507e-10 0)
(1.10159 1.09668e-08 0)
(1.10087 -1.07234e-07 0)
(1.10031 6.75733e-07 0)
(1.10004 -1.79032e-06 0)
(1.09994 0.000515561 0)
(0.947402 0.0900502 0)
(0.713832 0.157207 0)
(0.678558 0.174374 0)
(0.675903 0.189333 0)
(1.11194 -1.92227e-15 0)
(1.11138 1.32027e-15 0)
(1.11082 2.23821e-15 0)
(1.11025 -6.18272e-16 0)
(1.10967 7.34196e-16 0)
(1.1091 -4.65737e-15 0)
(1.10851 1.13781e-15 0)
(1.10792 1.86052e-15 0)
(1.10733 -2.42527e-15 0)
(1.10673 -5.60456e-16 0)
(1.10613 -4.03144e-15 0)
(1.10552 9.54452e-15 0)
(1.1049 -2.08786e-14 0)
(1.10428 2.39516e-13 0)
(1.10365 -3.83042e-12 0)
(1.103 6.05382e-11 0)
(1.10232 -9.06165e-10 0)
(1.10159 1.22578e-08 0)
(1.10087 -1.37323e-07 0)
(1.10031 1.07134e-06 0)
(1.10004 -4.25902e-06 0)
(1.09999 0.00015034 0)
(0.965027 0.0844375 0)
(0.721011 0.156677 0)
(0.681475 0.174136 0)
(0.67914 0.189659 0)
(1.11194 -2.29806e-15 0)
(1.11138 3.39824e-15 0)
(1.11082 1.74e-15 0)
(1.11025 -3.64613e-16 0)
(1.10967 7.2271e-16 0)
(1.1091 -3.08389e-15 0)
(1.10851 8.36979e-16 0)
(1.10792 2.21607e-15 0)
(1.10733 -2.43724e-15 0)
(1.10673 1.43315e-15 0)
(1.10613 -5.83204e-15 0)
(1.10552 9.87523e-15 0)
(1.1049 -2.00814e-14 0)
(1.10428 2.01259e-13 0)
(1.10365 -3.15359e-12 0)
(1.103 4.84315e-11 0)
(1.10232 -7.04259e-10 0)
(1.10159 9.62452e-09 0)
(1.10087 -1.16485e-07 0)
(1.10031 1.10666e-06 0)
(1.10005 -7.11129e-06 0)
(1.1 3.27362e-05 0)
(0.982084 0.0785491 0)
(0.728806 0.155813 0)
(0.684863 0.173863 0)
(0.681578 0.190189 0)
(1.11194 -2.53932e-15 0)
(1.11138 4.54663e-15 0)
(1.11082 7.79865e-16 0)
(1.11025 -2.60024e-16 0)
(1.10967 1.89898e-16 0)
(1.1091 -2.47109e-15 0)
(1.10851 -3.82732e-16 0)
(1.10792 2.82677e-15 0)
(1.10733 -2.97203e-15 0)
(1.10673 3.22761e-15 0)
(1.10613 -6.89569e-15 0)
(1.10552 1.00823e-14 0)
(1.1049 -1.82433e-14 0)
(1.10428 1.39624e-13 0)
(1.10365 -2.09983e-12 0)
(1.103 3.2446e-11 0)
(1.10232 -4.74203e-10 0)
(1.10159 6.28943e-09 0)
(1.10087 -6.9725e-08 0)
(1.10031 5.56625e-07 0)
(1.10005 -2.52809e-06 0)
(1.1 3.20917e-06 0)
(0.998402 0.072453 0)
(0.737309 0.154568 0)
(0.688692 0.173615 0)
(0.683336 0.190885 0)
(1.11194 -2.13348e-15 0)
(1.11138 4.82629e-15 0)
(1.11082 -1.84713e-16 0)
(1.11025 4.68553e-17 0)
(1.10967 -4.30369e-16 0)
(1.1091 -1.88352e-15 0)
(1.10851 -1.87819e-15 0)
(1.10792 2.6287e-15 0)
(1.10733 -2.74666e-15 0)
(1.10673 4.22671e-15 0)
(1.10613 -7.44436e-15 0)
(1.10552 1.01496e-14 0)
(1.1049 -1.4926e-14 0)
(1.10428 7.86302e-14 0)
(1.10365 -1.03066e-12 0)
(1.103 1.48744e-11 0)
(1.10232 -2.00277e-10 0)
(1.10159 2.38073e-09 0)
(1.10087 -2.26374e-08 0)
(1.10031 1.44282e-07 0)
(1.10005 -4.47064e-07 0)
(1.1 8.60033e-08 0)
(1.01383 0.0661716 0)
(0.746641 0.152908 0)
(0.692825 0.173456 0)
(0.684517 0.191891 0)
(1.11194 -2.56078e-15 0)
(1.11138 5.48936e-15 0)
(1.11082 -1.74358e-15 0)
(1.11025 2.10004e-16 0)
(1.10967 -1.8116e-16 0)
(1.1091 -5.62877e-16 0)
(1.10851 -2.75462e-15 0)
(1.10792 1.92326e-15 0)
(1.10733 -2.40437e-15 0)
(1.10673 5.09948e-15 0)
(1.10613 -7.64697e-15 0)
(1.10552 1.05487e-14 0)
(1.1049 -1.29402e-14 0)
(1.10428 3.35033e-14 0)
(1.10365 -2.92705e-13 0)
(1.103 3.70619e-12 0)
(1.10232 -4.39748e-11 0)
(1.10159 4.39539e-10 0)
(1.10087 -3.24e-09 0)
(1.10031 1.39688e-08 0)
(1.10005 -2.34497e-08 0)
(1.1 1.78719e-10 0)
(1.02824 0.0597176 0)
(0.756947 0.15083 0)
(0.69709 0.173395 0)
(0.685167 0.193145 0)
(1.11194 -3.46651e-15 0)
(1.11138 5.87435e-15 0)
(1.11082 -2.8776e-15 0)
(1.11025 2.62794e-16 0)
(1.10967 -8.15556e-16 0)
(1.1091 6.17832e-16 0)
(1.10851 -3.30963e-15 0)
(1.10792 1.49383e-15 0)
(1.10733 -2.62497e-15 0)
(1.10673 5.62685e-15 0)
(1.10613 -7.35292e-15 0)
(1.10552 1.02555e-14 0)
(1.1049 -1.22802e-14 0)
(1.10428 1.55503e-14 0)
(1.10365 -4.12384e-14 0)
(1.103 3.52845e-13 0)
(1.10232 -3.27746e-12 0)
(1.10159 2.50981e-11 0)
(1.10087 -1.31337e-10 0)
(1.10031 3.44532e-10 0)
(1.10005 -2.56995e-10 0)
(1.1 -3.16285e-13 0)
(1.04147 0.053117 0)
(0.768353 0.148325 0)
(0.70133 0.173395 0)
(0.685394 0.194743 0)
(1.11194 -3.77842e-15 0)
(1.11138 6.47109e-15 0)
(1.11082 -3.2965e-15 0)
(1.11025 3.17077e-16 0)
(1.10967 -1.14168e-15 0)
(1.1091 1.59248e-15 0)
(1.10851 -3.85914e-15 0)
(1.10792 1.37641e-15 0)
(1.10733 -2.64401e-15 0)
(1.10673 5.18211e-15 0)
(1.10613 -7.16794e-15 0)
(1.10552 9.30411e-15 0)
(1.1049 -1.15188e-14 0)
(1.10428 1.16973e-14 0)
(1.10365 -7.00527e-15 0)
(1.103 1.97486e-14 0)
(1.10232 -7.50538e-14 0)
(1.10159 3.1912e-13 0)
(1.10087 -9.90278e-13 0)
(1.10031 1.44211e-12 0)
(1.10005 -3.61414e-13 0)
(1.1 -8.95673e-13 0)
(1.05342 0.0464199 0)
(0.780927 0.145361 0)
(0.70548 0.173503 0)
(0.68494 0.196804 0)
(1.11194 -4.17301e-15 0)
(1.11138 6.33965e-15 0)
(1.11082 -2.96639e-15 0)
(1.11025 9.70976e-16 0)
(1.10967 -8.2485e-16 0)
(1.1091 2.04538e-15 0)
(1.10851 -3.38359e-15 0)
(1.10792 1.09103e-15 0)
(1.10733 -2.62095e-15 0)
(1.10673 4.40142e-15 0)
(1.10613 -6.15737e-15 0)
(1.10552 8.35873e-15 0)
(1.1049 -1.04311e-14 0)
(1.10428 9.46461e-15 0)
(1.10365 -3.25715e-15 0)
(1.103 5.90616e-15 0)
(1.10232 -1.64421e-14 0)
(1.10159 3.13481e-14 0)
(1.10087 -4.25366e-14 0)
(1.10031 2.40081e-14 0)
(1.10005 3.65044e-15 0)
(1.1 -2.43828e-14 0)
(1.06398 0.0397068 0)
(0.794722 0.141918 0)
(0.70951 0.173885 0)
(0.683674 0.198994 0)
(1.11194 -4.55512e-15 0)
(1.11138 6.21501e-15 0)
(1.11082 -2.64748e-15 0)
(1.11025 1.15592e-15 0)
(1.10967 -9.14316e-16 0)
(1.1091 2.26653e-15 0)
(1.10851 -2.81208e-15 0)
(1.10792 5.93516e-17 0)
(1.10733 -2.42777e-15 0)
(1.10673 4.13421e-15 0)
(1.10613 -5.38888e-15 0)
(1.10552 7.13194e-15 0)
(1.1049 -8.99363e-15 0)
(1.10428 7.75716e-15 0)
(1.10365 -1.5928e-15 0)
(1.103 1.7799e-15 0)
(1.10232 -9.92841e-15 0)
(1.10159 2.50607e-14 0)
(1.10087 -3.79244e-14 0)
(1.10031 2.83185e-14 0)
(1.10005 3.06737e-15 0)
(1.1 -6.37595e-15 0)
(1.07308 0.0330956 0)
(0.809804 0.138006 0)
(0.713343 0.17453 0)
(0.682294 0.200999 0)
(1.11194 -4.29762e-15 0)
(1.11138 6.14535e-15 0)
(1.11082 -2.74655e-15 0)
(1.11025 1.46088e-15 0)
(1.10967 -7.37775e-16 0)
(1.1091 2.62406e-15 0)
(1.10851 -1.76836e-15 0)
(1.10792 -8.94633e-16 0)
(1.10733 -1.60039e-15 0)
(1.10673 3.89808e-15 0)
(1.10613 -5.57236e-15 0)
(1.10552 5.7272e-15 0)
(1.1049 -8.2172e-15 0)
(1.10428 6.8734e-15 0)
(1.10365 3.24712e-16 0)
(1.103 -1.11963e-15 0)
(1.10232 -4.5405e-15 0)
(1.10159 1.9984e-14 0)
(1.10087 -3.80174e-14 0)
(1.10031 3.26317e-14 0)
(1.10005 1.56456e-16 0)
(1.1 -6.82077e-15 0)
(1.0807 0.0267387 0)
(0.826171 0.133624 0)
(0.716898 0.175219 0)
(0.681766 0.202988 0)
(1.11194 -3.60591e-15 0)
(1.11138 6.00402e-15 0)
(1.11082 -2.85803e-15 0)
(1.11025 1.56658e-15 0)
(1.10967 -6.95713e-16 0)
(1.1091 2.78149e-15 0)
(1.10851 -5.78408e-16 0)
(1.10792 -1.42034e-15 0)
(1.10733 -1.29622e-15 0)
(1.10673 3.40867e-15 0)
(1.10613 -5.19505e-15 0)
(1.10552 4.95115e-15 0)
(1.1049 -7.6817e-15 0)
(1.10428 5.84415e-15 0)
(1.10365 1.37702e-15 0)
(1.103 -4.06949e-15 0)
(1.10232 -1.83039e-16 0)
(1.10159 1.37937e-14 0)
(1.10087 -3.20698e-14 0)
(1.10031 3.0368e-14 0)
(1.10005 -2.21927e-15 0)
(1.1 -6.60677e-15 0)
(1.08687 0.0208044 0)
(0.843717 0.128757 0)
(0.720208 0.175895 0)
(0.682131 0.204892 0)
(1.11194 -3.38497e-15 0)
(1.11138 5.41555e-15 0)
(1.11082 -2.11512e-15 0)
(1.11025 9.77542e-16 0)
(1.10967 -1.07633e-15 0)
(1.1091 2.33319e-15 0)
(1.10851 1.59207e-16 0)
(1.10792 -1.35646e-15 0)
(1.10733 -1.71221e-15 0)
(1.10673 2.50839e-15 0)
(1.10613 -5.32613e-15 0)
(1.10552 4.57766e-15 0)
(1.1049 -7.04248e-15 0)
(1.10428 5.30697e-15 0)
(1.10365 2.12286e-15 0)
(1.103 -7.23481e-15 0)
(1.10232 4.92298e-15 0)
(1.10159 6.65072e-15 0)
(1.10087 -2.29427e-14 0)
(1.10031 2.29543e-14 0)
(1.10005 -4.57255e-15 0)
(1.1 -6.10841e-15 0)
(1.09167 0.015456 0)
(0.862311 0.12341 0)
(0.723412 0.176541 0)
(0.683099 0.20664 0)
(1.11194 -2.93597e-15 0)
(1.11138 4.71616e-15 0)
(1.11082 -1.74271e-15 0)
(1.11025 5.1449e-16 0)
(1.10967 -1.10162e-15 0)
(1.1091 2.19132e-15 0)
(1.10851 1.00445e-15 0)
(1.10792 -1.80575e-15 0)
(1.10733 -1.22084e-15 0)
(1.10673 1.60742e-15 0)
(1.10613 -5.44177e-15 0)
(1.10552 4.21936e-15 0)
(1.1049 -6.7506e-15 0)
(1.10428 5.78596e-15 0)
(1.10365 2.15416e-15 0)
(1.103 -9.75069e-15 0)
(1.10232 9.8426e-15 0)
(1.10159 -2.17151e-15 0)
(1.10087 -9.41993e-15 0)
(1.10031 1.71929e-14 0)
(1.10005 -3.28969e-15 0)
(1.1 -7.56306e-15 0)
(1.09518 0.0108365 0)
(0.881774 0.117601 0)
(0.726645 0.176994 0)
(0.684599 0.208183 0)
(1.11194 -2.50801e-15 0)
(1.11138 3.43536e-15 0)
(1.11082 -1.87757e-15 0)
(1.11025 1.82944e-16 0)
(1.10967 -1.47793e-15 0)
(1.1091 1.93285e-15 0)
(1.10851 2.16944e-15 0)
(1.10792 -2.29868e-15 0)
(1.10733 -8.00209e-16 0)
(1.10673 3.24572e-16 0)
(1.10613 -5.05264e-15 0)
(1.10552 3.48902e-15 0)
(1.1049 -6.8012e-15 0)
(1.10428 5.91258e-15 0)
(1.10365 1.10026e-15 0)
(1.103 -1.02481e-14 0)
(1.10232 1.36177e-14 0)
(1.10159 -1.42149e-14 0)
(1.10087 6.6722e-15 0)
(1.10031 -2.33007e-14 0)
(1.10005 7.92786e-14 0)
(1.1 -6.14529e-14 0)
(1.09754 0.00701962 0)
(0.901872 0.111353 0)
(0.730049 0.177198 0)
(0.686581 0.209601 0)
(1.11194 -2.13669e-15 0)
(1.11138 2.26011e-15 0)
(1.11082 -1.47813e-15 0)
(1.11025 -3.02803e-17 0)
(1.10967 -1.10466e-15 0)
(1.1091 2.29805e-15 0)
(1.10851 3.04195e-15 0)
(1.10792 -2.13376e-15 0)
(1.10733 -6.4161e-16 0)
(1.10673 -3.72811e-16 0)
(1.10613 -3.49081e-15 0)
(1.10552 2.94546e-15 0)
(1.1049 -7.22397e-15 0)
(1.10428 6.44626e-15 0)
(1.10365 -2.59217e-16 0)
(1.103 -1.00275e-14 0)
(1.10232 1.86045e-14 0)
(1.10159 -3.86336e-14 0)
(1.10087 1.22582e-13 0)
(1.10031 -4.45196e-13 0)
(1.10005 8.53806e-13 0)
(1.1 -4.58197e-13 0)
(1.09891 0.00403484 0)
(0.92233 0.104698 0)
(0.733951 0.177149 0)
(0.688967 0.21081 0)
(1.11194 -2.12864e-15 0)
(1.11138 1.43102e-15 0)
(1.11082 -1.13227e-15 0)
(1.11025 -1.07049e-15 0)
(1.10967 -1.41212e-16 0)
(1.1091 2.84382e-15 0)
(1.10851 3.88172e-15 0)
(1.10792 -2.17345e-15 0)
(1.10733 5.05774e-16 0)
(1.10673 -6.95053e-16 0)
(1.10613 -2.15777e-15 0)
(1.10552 3.46981e-15 0)
(1.1049 -7.60481e-15 0)
(1.10428 7.09126e-15 0)
(1.10365 -6.75356e-16 0)
(1.103 -1.02118e-14 0)
(1.10232 2.92557e-14 0)
(1.10159 -1.19242e-13 0)
(1.10087 6.06793e-13 0)
(1.10031 -2.21407e-12 0)
(1.10005 3.9551e-12 0)
(1.1 -1.81713e-12 0)
(1.09951 0.0020474 0)
(0.942795 0.097597 0)
(0.738665 0.176797 0)
(0.691267 0.211811 0)
(1.11194 -2.78571e-15 0)
(1.11138 8.09125e-16 0)
(1.11082 -8.90254e-16 0)
(1.11025 -2.09929e-15 0)
(1.10967 1.05791e-16 0)
(1.1091 2.52542e-15 0)
(1.10851 4.63807e-15 0)
(1.10792 -2.35169e-15 0)
(1.10733 8.75193e-16 0)
(1.10673 -1.28222e-15 0)
(1.10613 -1.2564e-15 0)
(1.10552 3.1022e-15 0)
(1.1049 -8.2639e-15 0)
(1.10428 8.41048e-15 0)
(1.10365 -2.31024e-15 0)
(1.103 -1.06533e-14 0)
(1.10232 5.27358e-14 0)
(1.10159 -3.34129e-13 0)
(1.10087 2.06591e-12 0)
(1.10031 -8.1847e-12 0)
(1.10005 1.49977e-11 0)
(1.1 -6.4286e-12 0)
(1.09978 0.000938709 0)
(0.962748 0.0900783 0)
(0.744529 0.176187 0)
(0.692913 0.212916 0)
(1.11194 -3.21904e-15 0)
(1.11138 4.49091e-16 0)
(1.11082 1.02818e-16 0)
(1.11025 -3.11362e-15 0)
(1.10967 1.02926e-15 0)
(1.1091 2.7373e-15 0)
(1.10851 4.60077e-15 0)
(1.10792 -3.0761e-15 0)
(1.10733 7.78412e-16 0)
(1.10673 -1.98307e-15 0)
(1.10613 -1.11926e-15 0)
(1.10552 2.9796e-15 0)
(1.1049 -8.88022e-15 0)
(1.10428 8.83112e-15 0)
(1.10365 -3.2014e-15 0)
(1.103 -1.27932e-14 0)
(1.10232 1.08225e-13 0)
(1.10159 -9.60123e-13 0)
(1.10087 7.32737e-12 0)
(1.10031 -3.53928e-11 0)
(1.10005 7.92057e-11 0)
(1.1 -4.08866e-11 0)
(1.09991 0.000393743 0)
(0.981807 0.0823116 0)
(0.751756 0.175244 0)
(0.694102 0.213347 0)
(1.11194 -3.84303e-15 0)
(1.11138 2.53022e-16 0)
(1.11082 8.06678e-16 0)
(1.11025 -3.05217e-15 0)
(1.10967 1.76174e-15 0)
(1.1091 2.90445e-15 0)
(1.10851 4.38389e-15 0)
(1.10792 -3.38376e-15 0)
(1.10733 1.24916e-15 0)
(1.10673 -1.97252e-15 0)
(1.10613 -7.51535e-16 0)
(1.10552 3.07675e-15 0)
(1.1049 -9.40473e-15 0)
(1.10428 9.43735e-15 0)
(1.10365 -5.13758e-15 0)
(1.103 -1.86279e-14 0)
(1.10232 2.41068e-13 0)
(1.10159 -2.78965e-12 0)
(1.10087 2.70962e-11 0)
(1.10031 -1.73086e-10 0)
(1.10005 5.49533e-10 0)
(1.1 -4.87431e-10 0)
(1.09997 0.000152568 0)
(0.999746 0.0744337 0)
(0.760334 0.173936 0)
(0.695176 0.213637 0)
(1.11194 -4.20792e-15 0)
(1.11138 7.52605e-16 0)
(1.11082 8.78007e-16 0)
(1.11025 -3.47945e-15 0)
(1.10967 2.72943e-15 0)
(1.1091 3.15222e-15 0)
(1.10851 4.04219e-15 0)
(1.10792 -3.52356e-15 0)
(1.10733 1.33784e-15 0)
(1.10673 -2.16988e-15 0)
(1.10613 -3.97067e-16 0)
(1.10552 3.65537e-15 0)
(1.1049 -9.9853e-15 0)
(1.10428 1.01218e-14 0)
(1.10365 -6.77765e-15 0)
(1.103 -2.99667e-14 0)
(1.10232 4.99509e-13 0)
(1.10159 -6.99401e-12 0)
(1.10087 8.28142e-11 0)
(1.10031 -6.79735e-10 0)
(1.10005 3.03382e-09 0)
(1.1 -4.7589e-09 0)
(1.09999 5.47551e-05 0)
(1.01641 0.0665407 0)
(0.770133 0.172425 0)
(0.696805 0.213937 0)
(1.11194 -3.96597e-15 0)
(1.11138 6.50221e-16 0)
(1.11082 5.3253e-16 0)
(1.11025 -4.0178e-15 0)
(1.10967 3.1159e-15 0)
(1.1091 2.79061e-15 0)
(1.10851 3.08003e-15 0)
(1.10792 -3.63879e-15 0)
(1.10733 1.82151e-15 0)
(1.10673 -2.55771e-15 0)
(1.10613 -6.20346e-16 0)
(1.10552 4.80491e-15 0)
(1.1049 -1.02617e-14 0)
(1.10428 1.04555e-14 0)
(1.10365 -7.59524e-15 0)
(1.103 -4.27058e-14 0)
(1.10232 8.1771e-13 0)
(1.10159 -1.32208e-11 0)
(1.10087 1.84089e-10 0)
(1.10031 -1.87721e-09 0)
(1.10005 1.14668e-08 0)
(1.1 -3.05705e-08 0)
(1.1 1.81732e-05 0)
(1.03169 0.0587052 0)
(0.781172 0.170722 0)
(0.698973 0.214468 0)
(1.11194 -4.35127e-15 0)
(1.11138 2.2005e-16 0)
(1.11082 2.07694e-16 0)
(1.11025 -3.97246e-15 0)
(1.10967 3.21645e-15 0)
(1.1091 2.46049e-15 0)
(1.10851 1.80913e-15 0)
(1.10792 -3.40917e-15 0)
(1.10733 2.29904e-15 0)
(1.10673 -2.53279e-15 0)
(1.10613 -8.01721e-16 0)
(1.10552 5.6527e-15 0)
(1.1049 -1.02705e-14 0)
(1.10428 9.97235e-15 0)
(1.10365 -8.37799e-15 0)
(1.103 -5.51582e-14 0)
(1.10232 1.12692e-12 0)
(1.10159 -1.95116e-11 0)
(1.10087 2.9712e-10 0)
(1.10031 -3.48801e-09 0)
(1.10005 2.71907e-08 0)
(1.1 -1.18457e-07 0)
(1.1 5.51581e-06 0)
(1.04547 0.0509942 0)
(0.793609 0.168552 0)
(0.701389 0.21482 0)
(1.11194 -4.288e-15 0)
(1.11138 1.03483e-15 0)
(1.11082 2.96702e-16 0)
(1.11025 -4.19412e-15 0)
(1.10967 3.40743e-15 0)
(1.1091 2.39553e-15 0)
(1.10851 9.16649e-16 0)
(1.10792 -3.53832e-15 0)
(1.10733 2.71254e-15 0)
(1.10673 -2.96613e-15 0)
(1.10613 -4.6031e-16 0)
(1.10552 7.40142e-15 0)
(1.1049 -1.10027e-14 0)
(1.10428 8.96486e-15 0)
(1.10365 -7.05404e-15 0)
(1.103 -5.77053e-14 0)
(1.10232 1.22188e-12 0)
(1.10159 -2.22031e-11 0)
(1.10087 3.59284e-10 0)
(1.10031 -4.64265e-09 0)
(1.10005 4.3449e-08 0)
(1.1 -2.9997e-07 0)
(1.1 1.74207e-06 0)
(1.05769 0.0434746 0)
(0.807561 0.165757 0)
(0.703705 0.214521 0)
(1.11194 -4.24638e-15 0)
(1.11138 1.62978e-15 0)
(1.11082 5.23059e-16 0)
(1.11025 -3.73793e-15 0)
(1.10967 3.19127e-15 0)
(1.1091 2.66464e-15 0)
(1.10851 3.30198e-16 0)
(1.10792 -3.47856e-15 0)
(1.10733 3.63465e-15 0)
(1.10673 -2.9399e-15 0)
(1.10613 -3.07947e-16 0)
(1.10552 7.42101e-15 0)
(1.1049 -1.19121e-14 0)
(1.10428 8.04148e-15 0)
(1.10365 -4.71624e-15 0)
(1.103 -4.45649e-14 0)
(1.10232 9.30015e-13 0)
(1.10159 -1.65432e-11 0)
(1.10087 2.58741e-10 0)
(1.10031 -3.1344e-09 0)
(1.10005 2.58122e-08 0)
(1.1 -1.38144e-07 0)
(1.1 4.23422e-07 0)
(1.06829 0.0362203 0)
(0.822925 0.162403 0)
(0.706454 0.213854 0)
(1.11194 -4.19397e-15 0)
(1.11138 1.83849e-15 0)
(1.11082 4.00472e-16 0)
(1.11025 -3.16383e-15 0)
(1.10967 3.59698e-15 0)
(1.1091 1.77095e-15 0)
(1.10851 -4.3566e-16 0)
(1.10792 -3.80165e-15 0)
(1.10733 4.43687e-15 0)
(1.10673 -2.60555e-15 0)
(1.10613 -5.01928e-16 0)
(1.10552 7.66316e-15 0)
(1.1049 -1.2069e-14 0)
(1.10428 6.19081e-15 0)
(1.10365 -3.7561e-15 0)
(1.103 -3.09054e-14 0)
(1.10232 6.18444e-13 0)
(1.10159 -1.02524e-11 0)
(1.10087 1.49369e-10 0)
(1.10031 -1.65619e-09 0)
(1.10005 1.18964e-08 0)
(1.1 -4.83217e-08 0)
(1.1 6.19844e-08 0)
(1.07724 0.0293229 0)
(0.839681 0.158589 0)
(0.709811 0.213091 0)
(1.11194 -3.95748e-15 0)
(1.11138 2.2813e-15 0)
(1.11082 7.02566e-16 0)
(1.11025 -2.64724e-15 0)
(1.10967 4.21188e-15 0)
(1.1091 1.24013e-15 0)
(1.10851 -7.3088e-16 0)
(1.10792 -3.59912e-15 0)
(1.10733 5.11672e-15 0)
(1.10673 -2.17786e-15 0)
(1.10613 -1.84185e-16 0)
(1.10552 8.38947e-15 0)
(1.1049 -1.15919e-14 0)
(1.10428 4.39991e-15 0)
(1.10365 -2.12062e-15 0)
(1.103 -1.55481e-14 0)
(1.10232 2.75284e-13 0)
(1.10159 -3.96478e-12 0)
(1.10087 4.9597e-11 0)
(1.10031 -4.54422e-10 0)
(1.10005 2.54684e-09 0)
(1.1 -7.2303e-09 0)
(1.1 3.51641e-09 0)
(1.08455 0.0228919 0)
(0.857747 0.154307 0)
(0.71409 0.212567 0)
(1.11194 -4.50795e-15 0)
(1.11138 2.8135e-15 0)
(1.11082 1.28565e-15 0)
(1.11025 -2.43827e-15 0)
(1.10967 4.4223e-15 0)
(1.1091 1.49261e-16 0)
(1.10851 -7.34e-16 0)
(1.10792 -3.4479e-15 0)
(1.10733 5.62236e-15 0)
(1.10673 -2.0828e-15 0)
(1.10613 4.82221e-18 0)
(1.10552 7.96665e-15 0)
(1.1049 -1.07459e-14 0)
(1.10428 2.5038e-15 0)
(1.10365 7.95994e-16 0)
(1.103 -8.13962e-15 0)
(1.10232 8.83277e-14 0)
(1.10159 -9.43809e-13 0)
(1.10087 9.0921e-12 0)
(1.10031 -6.15836e-11 0)
(1.10005 2.37747e-10 0)
(1.1 -4.07153e-10 0)
(1.1 4.73896e-11 0)
(1.09024 0.0170578 0)
(0.877213 0.149367 0)
(0.719034 0.21203 0)
(1.11194 -4.85329e-15 0)
(1.11138 3.58934e-15 0)
(1.11082 1.28627e-15 0)
(1.11025 -2.2979e-15 0)
(1.10967 5.02124e-15 0)
(1.1091 -3.16056e-16 0)
(1.10851 -1.21755e-15 0)
(1.10792 -3.15648e-15 0)
(1.10733 6.01458e-15 0)
(1.10673 -2.32438e-15 0)
(1.10613 -2.39053e-16 0)
(1.10552 6.87227e-15 0)
(1.1049 -9.81397e-15 0)
(1.10428 2.44161e-16 0)
(1.10365 3.94801e-15 0)
(1.103 -5.9615e-15 0)
(1.10232 2.70625e-14 0)
(1.10159 -1.39623e-13 0)
(1.10087 7.64523e-13 0)
(1.10031 -3.11677e-12 0)
(1.10005 6.92169e-12 0)
(1.1 -5.90666e-12 0)
(1.1 7.19052e-14 0)
(1.0944 0.0119551 0)
(0.898103 0.143483 0)
(0.724129 0.211098 0)
(1.11194 -4.65274e-15 0)
(1.11138 3.85267e-15 0)
(1.11082 1.58382e-15 0)
(1.11025 -2.16333e-15 0)
(1.10967 5.33395e-15 0)
(1.1091 -7.62505e-18 0)
(1.10851 -1.99887e-15 0)
(1.10792 -1.48443e-15 0)
(1.10733 6.18449e-15 0)
(1.10673 -2.44825e-15 0)
(1.10613 -6.11238e-16 0)
(1.10552 6.03785e-15 0)
(1.1049 -8.58344e-15 0)
(1.10428 -1.91153e-15 0)
(1.10365 5.90331e-15 0)
(1.103 -5.73457e-15 0)
(1.10232 1.70922e-14 0)
(1.10159 -3.85191e-14 0)
(1.10087 8.18568e-14 0)
(1.10031 -1.29676e-13 0)
(1.10005 9.64719e-14 0)
(1.1 7.134e-15 0)
(1.1 -1.21677e-14 0)
(1.09711 0.00766045 0)
(0.920168 0.13665 0)
(0.729919 0.209959 0)
(1.11194 -4.27477e-15 0)
(1.11138 3.70262e-15 0)
(1.11082 2.06803e-15 0)
(1.11025 -2.2814e-15 0)
(1.10967 5.411e-15 0)
(1.1091 -5.01916e-16 0)
(1.10851 -2.05128e-15 0)
(1.10792 -1.17406e-16 0)
(1.10733 6.23334e-15 0)
(1.10673 -2.83694e-15 0)
(1.10613 -1.22844e-15 0)
(1.10552 5.70666e-15 0)
(1.1049 -7.21029e-15 0)
(1.10428 -4.63518e-15 0)
(1.10365 8.26748e-15 0)
(1.103 -5.9456e-15 0)
(1.10232 1.41443e-14 0)
(1.10159 -2.57028e-14 0)
(1.10087 5.06038e-14 0)
(1.10031 -6.1536e-14 0)
(1.10005 2.63654e-14 0)
(1.1 2.13353e-14 0)
(1.1 -1.27926e-14 0)
(1.0986 0.00437333 0)
(0.942979 0.128802 0)
(0.736427 0.20855 0)
(1.11194 -3.55371e-15 0)
(1.11138 2.79259e-15 0)
(1.11082 2.56061e-15 0)
(1.11025 -3.14727e-15 0)
(1.10967 5.53055e-15 0)
(1.1091 -4.7239e-16 0)
(1.10851 -2.97714e-15 0)
(1.10792 8.66473e-16 0)
(1.10733 6.19339e-15 0)
(1.10673 -2.75836e-15 0)
(1.10613 -1.92657e-15 0)
(1.10552 5.87584e-15 0)
(1.1049 -5.6916e-15 0)
(1.10428 -6.0445e-15 0)
(1.10365 9.40991e-15 0)
(1.103 -6.14293e-15 0)
(1.10232 1.06798e-14 0)
(1.10159 -1.91001e-14 0)
(1.10087 4.18192e-14 0)
(1.10031 -5.93455e-14 0)
(1.10005 2.93688e-14 0)
(1.1 1.85364e-14 0)
(1.1 -1.21866e-14 0)
(1.09928 0.00227702 0)
(0.966078 0.119768 0)
(0.743587 0.206784 0)
(1.11194 -3.62942e-15 0)
(1.11138 2.24256e-15 0)
(1.11082 3.32389e-15 0)
(1.11025 -4.02509e-15 0)
(1.10967 5.30663e-15 0)
(1.1091 1.11376e-16 0)
(1.10851 -4.08784e-15 0)
(1.10792 1.95971e-15 0)
(1.10733 6.19873e-15 0)
(1.10673 -2.50095e-15 0)
(1.10613 -2.74929e-15 0)
(1.10552 5.21527e-15 0)
(1.1049 -2.94707e-15 0)
(1.10428 -7.26853e-15 0)
(1.10365 8.11887e-15 0)
(1.103 -4.88779e-15 0)
(1.10232 5.85705e-15 0)
(1.10159 -1.34453e-14 0)
(1.10087 3.37144e-14 0)
(1.10031 -5.35688e-14 0)
(1.10005 2.97327e-14 0)
(1.1 1.1139e-14 0)
(1.1 -1.15018e-14 0)
(1.09965 0.0011044 0)
(0.989321 0.110068 0)
(0.751322 0.204936 0)
(1.11194 -2.95417e-15 0)
(1.11138 2.16858e-15 0)
(1.11082 4.07158e-15 0)
(1.11025 -4.10448e-15 0)
(1.10967 6.1458e-15 0)
(1.1091 6.432e-16 0)
(1.10851 -4.05065e-15 0)
(1.10792 2.38739e-15 0)
(1.10733 5.58084e-15 0)
(1.10673 -2.45383e-15 0)
(1.10613 -2.94678e-15 0)
(1.10552 4.81836e-15 0)
(1.1049 -1.30212e-15 0)
(1.10428 -8.04275e-15 0)
(1.10365 5.53938e-15 0)
(1.103 -2.87941e-15 0)
(1.10232 1.28657e-15 0)
(1.10159 -6.26116e-15 0)
(1.10087 2.25141e-14 0)
(1.10031 -4.05421e-14 0)
(1.10005 2.89415e-14 0)
(1.1 5.59052e-15 0)
(1.1 -1.00452e-14 0)
(1.09984 0.00050742 0)
(1.0121 0.100046 0)
(0.758188 0.202207 0)
(1.11194 -1.93591e-15 0)
(1.11138 1.2241e-15 0)
(1.11082 4.72213e-15 0)
(1.11025 -4.11165e-15 0)
(1.10967 6.51626e-15 0)
(1.1091 1.31936e-15 0)
(1.10851 -4.3464e-15 0)
(1.10792 2.562e-15 0)
(1.10733 4.96745e-15 0)
(1.10673 -2.33414e-15 0)
(1.10613 -3.78717e-15 0)
(1.10552 5.35164e-15 0)
(1.1049 -6.8444e-16 0)
(1.10428 -6.93348e-15 0)
(1.10365 3.46839e-15 0)
(1.103 -6.08518e-16 0)
(1.10232 -1.07817e-15 0)
(1.10159 -2.28725e-15 0)
(1.10087 7.25309e-15 0)
(1.10031 -2.02594e-14 0)
(1.10005 1.91902e-14 0)
(1.1 1.33709e-15 0)
(1.1 -7.9218e-15 0)
(1.09993 0.000223846 0)
(1.03307 0.0884175 0)
(0.767595 0.197487 0)
(1.11194 -7.61364e-16 0)
(1.11138 2.33536e-16 0)
(1.11082 5.2261e-15 0)
(1.11025 -4.20567e-15 0)
(1.10967 6.21916e-15 0)
(1.1091 2.05358e-15 0)
(1.10851 -5.14799e-15 0)
(1.10792 2.8181e-15 0)
(1.10733 4.20707e-15 0)
(1.10673 -1.40532e-15 0)
(1.10613 -4.67946e-15 0)
(1.10552 5.33139e-15 0)
(1.1049 -9.17014e-17 0)
(1.10428 -6.10269e-15 0)
(1.10365 8.67974e-16 0)
(1.103 2.72388e-15 0)
(1.10232 -2.86784e-15 0)
(1.10159 2.84044e-16 0)
(1.10087 1.88361e-15 0)
(1.10031 -9.21995e-15 0)
(1.10005 1.4491e-14 0)
(1.1 -7.11286e-15 0)
(1.1 -6.13668e-15 0)
(1.09997 9.58283e-05 0)
(1.05066 0.0751437 0)
(0.783127 0.193044 0)
(1.11194 2.55815e-16 0)
(1.11138 -5.24359e-16 0)
(1.11082 5.3139e-15 0)
(1.11025 -4.35257e-15 0)
(1.10967 5.41085e-15 0)
(1.1091 2.59312e-15 0)
(1.10851 -5.42949e-15 0)
(1.10792 3.23677e-15 0)
(1.10733 3.44827e-15 0)
(1.10673 -6.60201e-16 0)
(1.10613 -4.79151e-15 0)
(1.10552 4.50608e-15 0)
(1.1049 -2.4018e-16 0)
(1.10428 -4.35943e-15 0)
(1.10365 -1.36321e-15 0)
(1.103 4.66282e-15 0)
(1.10232 -4.1918e-15 0)
(1.10159 2.03316e-15 0)
(1.10087 -1.59679e-15 0)
(1.10031 -5.91612e-15 0)
(1.10005 1.82393e-14 0)
(1.1 -1.23163e-14 0)
(1.1 -5.06221e-15 0)
(1.09999 4.01379e-05 0)
(1.06473 0.0612077 0)
(0.800815 0.189605 0)
(1.11194 1.25158e-15 0)
(1.11138 -1.90369e-15 0)
(1.11082 5.3372e-15 0)
(1.11025 -4.18252e-15 0)
(1.10967 4.20544e-15 0)
(1.1091 3.41629e-15 0)
(1.10851 -6.01791e-15 0)
(1.10792 3.35047e-15 0)
(1.10733 3.20961e-15 0)
(1.10673 4.09534e-16 0)
(1.10613 -5.10763e-15 0)
(1.10552 3.89561e-15 0)
(1.1049 4.69251e-17 0)
(1.10428 -2.04396e-15 0)
(1.10365 -2.76916e-15 0)
(1.103 6.3336e-15 0)
(1.10232 -4.35697e-15 0)
(1.10159 1.84063e-15 0)
(1.10087 -3.51477e-15 0)
(1.10031 -7.40625e-15 0)
(1.10005 2.1089e-14 0)
(1.1 -1.45952e-14 0)
(1.1 -4.36632e-15 0)
(1.09999 1.65132e-05 0)
(1.07578 0.0476045 0)
(0.82002 0.186459 0)
(1.11194 1.70283e-15 0)
(1.11138 -3.09685e-15 0)
(1.11082 5.13789e-15 0)
(1.11025 -3.84376e-15 0)
(1.10967 3.41559e-15 0)
(1.1091 3.97522e-15 0)
(1.10851 -5.27637e-15 0)
(1.10792 2.87846e-15 0)
(1.10733 2.57848e-15 0)
(1.10673 1.26595e-15 0)
(1.10613 -5.80639e-15 0)
(1.10552 3.25478e-15 0)
(1.1049 -1.26508e-16 0)
(1.10428 2.59155e-16 0)
(1.10365 -5.42451e-15 0)
(1.103 7.47919e-15 0)
(1.10232 -5.22183e-15 0)
(1.10159 1.86888e-15 0)
(1.10087 -4.976e-15 0)
(1.10031 -3.89848e-15 0)
(1.10005 1.91941e-14 0)
(1.1 -1.40468e-14 0)
(1.1 -4.51254e-15 0)
(1.1 6.67097e-06 0)
(1.08428 0.0351338 0)
(0.841506 0.183052 0)
(1.11194 1.80978e-15 0)
(1.11138 -4.1854e-15 0)
(1.11082 4.83481e-15 0)
(1.11025 -3.30737e-15 0)
(1.10967 2.17861e-15 0)
(1.1091 4.9219e-15 0)
(1.10851 -4.05723e-15 0)
(1.10792 1.76725e-15 0)
(1.10733 1.88757e-15 0)
(1.10673 1.32639e-15 0)
(1.10613 -7.1551e-15 0)
(1.10552 2.72028e-15 0)
(1.1049 -1.01104e-16 0)
(1.10428 2.5845e-15 0)
(1.10365 -7.3671e-15 0)
(1.103 8.66318e-15 0)
(1.10232 -5.59364e-15 0)
(1.10159 1.29328e-15 0)
(1.10087 -5.86422e-15 0)
(1.10031 -1.46532e-15 0)
(1.10005 1.23973e-14 0)
(1.1 -1.13201e-14 0)
(1.1 -5.39778e-15 0)
(1.1 2.6368e-06 0)
(1.09049 0.0243524 0)
(0.865567 0.178608 0)
(1.11194 1.89961e-15 0)
(1.11138 -4.6449e-15 0)
(1.11082 4.57848e-15 0)
(1.11025 -2.79088e-15 0)
(1.10967 4.74486e-16 0)
(1.1091 5.88872e-15 0)
(1.10851 -3.30362e-15 0)
(1.10792 1.18384e-15 0)
(1.10733 1.24677e-15 0)
(1.10673 1.82252e-15 0)
(1.10613 -8.05927e-15 0)
(1.10552 2.29727e-15 0)
(1.1049 -3.23234e-16 0)
(1.10428 4.97128e-15 0)
(1.10365 -9.03291e-15 0)
(1.103 1.01166e-14 0)
(1.10232 -5.18816e-15 0)
(1.10159 9.70496e-16 0)
(1.10087 -8.43961e-15 0)
(1.10031 8.3871e-15 0)
(1.10005 -1.28772e-15 0)
(1.1 1.09585e-14 0)
(1.1 -1.2829e-14 0)
(1.1 1.01419e-06 0)
(1.09463 0.0155073 0)
(0.892328 0.17267 0)
(1.11194 1.73059e-15 0)
(1.11138 -5.55709e-15 0)
(1.11082 4.09846e-15 0)
(1.11025 -2.32145e-15 0)
(1.10967 -1.03368e-15 0)
(1.1091 6.20034e-15 0)
(1.10851 -2.60883e-15 0)
(1.10792 -2.22615e-16 0)
(1.10733 5.07855e-16 0)
(1.10673 3.20942e-15 0)
(1.10613 -8.29365e-15 0)
(1.10552 1.42467e-15 0)
(1.1049 -1.06765e-15 0)
(1.10428 6.46293e-15 0)
(1.10365 -1.04914e-14 0)
(1.103 1.05915e-14 0)
(1.10232 -4.6353e-15 0)
(1.10159 7.17665e-16 0)
(1.10087 -1.31762e-14 0)
(1.10031 6.20182e-14 0)
(1.10005 -2.47136e-13 0)
(1.1 6.31478e-13 0)
(1.1 -6.99995e-13 0)
(1.1 3.77676e-07 0)
(1.09704 0.00900446 0)
(0.921482 0.165251 0)
(1.11194 1.81927e-15 0)
(1.11138 -6.12109e-15 0)
(1.11082 3.56794e-15 0)
(1.11025 -1.77968e-15 0)
(1.10967 -2.08278e-15 0)
(1.1091 6.20467e-15 0)
(1.10851 -1.52554e-15 0)
(1.10792 -1.41767e-15 0)
(1.10733 -9.6228e-16 0)
(1.10673 3.61743e-15 0)
(1.10613 -7.92075e-15 0)
(1.10552 3.04687e-16 0)
(1.1049 -1.67946e-15 0)
(1.10428 7.15752e-15 0)
(1.10365 -1.15395e-14 0)
(1.103 1.07644e-14 0)
(1.10232 -4.59642e-15 0)
(1.10159 4.68308e-16 0)
(1.10087 -3.16937e-14 0)
(1.10031 2.85043e-13 0)
(1.10005 -2.06791e-12 0)
(1.1 1.1021e-11 0)
(1.1 -4.41959e-11 0)
(1.1 1.36092e-07 0)
(1.0984 0.00483567 0)
(0.951425 0.155611 0)
(1.11194 1.96104e-15 0)
(1.11138 -6.20481e-15 0)
(1.11082 3.54433e-15 0)
(1.11025 -3.67183e-16 0)
(1.10967 -3.33305e-15 0)
(1.1091 5.57922e-15 0)
(1.10851 -4.53674e-16 0)
(1.10792 -1.91037e-15 0)
(1.10733 -2.08984e-15 0)
(1.10673 4.56122e-15 0)
(1.10613 -7.81313e-15 0)
(1.10552 -1.54492e-16 0)
(1.1049 -1.92815e-15 0)
(1.10428 7.91524e-15 0)
(1.10365 -1.15399e-14 0)
(1.103 1.23283e-14 0)
(1.10232 -4.74624e-15 0)
(1.10159 2.31288e-15 0)
(1.10087 -7.30385e-14 0)
(1.10031 9.18793e-13 0)
(1.10005 -9.46112e-12 0)
(1.1 8.06312e-11 0)
(1.1 -5.60784e-10 0)
(1.1 4.77976e-08 0)
(1.09919 0.00243161 0)
(0.980588 0.143369 0)
(1.11194 2.09377e-15 0)
(1.11138 -5.9179e-15 0)
(1.11082 3.85938e-15 0)
(1.11025 1.1512e-15 0)
(1.10967 -3.94326e-15 0)
(1.1091 5.06509e-15 0)
(1.10851 -7.11867e-17 0)
(1.10792 -2.81267e-15 0)
(1.10733 -2.69046e-15 0)
(1.10673 6.85907e-15 0)
(1.10613 -6.97686e-15 0)
(1.10552 -6.66881e-16 0)
(1.1049 -2.46437e-15 0)
(1.10428 7.78771e-15 0)
(1.10365 -1.06843e-14 0)
(1.103 1.2672e-14 0)
(1.10232 -5.26926e-15 0)
(1.10159 4.76665e-15 0)
(1.10087 -1.26108e-13 0)
(1.10031 1.92536e-12 0)
(1.10005 -2.4885e-11 0)
(1.1 2.65064e-10 0)
(1.1 -2.44466e-09 0)
(1.1 1.81821e-08 0)
(1.09961 0.00115925 0)
(1.00761 0.128808 0)
(1.11194 1.66163e-15 0)
(1.11138 -5.54183e-15 0)
(1.11082 3.62756e-15 0)
(1.11025 2.09065e-15 0)
(1.10967 -4.2392e-15 0)
(1.1091 4.28434e-15 0)
(1.10851 9.50445e-17 0)
(1.10792 -3.19014e-15 0)
(1.10733 -2.94749e-15 0)
(1.10673 7.83652e-15 0)
(1.10613 -5.32763e-15 0)
(1.10552 -1.05736e-15 0)
(1.1049 -2.10845e-15 0)
(1.10428 6.23542e-15 0)
(1.10365 -9.684e-15 0)
(1.103 1.16431e-14 0)
(1.10232 -5.19731e-15 0)
(1.10159 6.17798e-15 0)
(1.10087 -1.56042e-13 0)
(1.10031 2.3346e-12 0)
(1.10005 -2.76279e-11 0)
(1.1 2.33983e-10 0)
(1.1 -1.46887e-09 0)
(1.1 6.19507e-09 0)
(1.09982 0.000529576 0)
(1.03117 0.111948 0)
(1.11194 1.09483e-15 0)
(1.11138 -5.02331e-15 0)
(1.11082 2.631e-15 0)
(1.11025 2.58197e-15 0)
(1.10967 -4.51187e-15 0)
(1.1091 3.69212e-15 0)
(1.10851 9.76752e-17 0)
(1.10792 -3.27384e-15 0)
(1.10733 -2.88731e-15 0)
(1.10673 8.00885e-15 0)
(1.10613 -3.27978e-15 0)
(1.10552 -2.03882e-15 0)
(1.1049 -1.8938e-15 0)
(1.10428 4.66339e-15 0)
(1.10365 -7.89217e-15 0)
(1.103 8.89457e-15 0)
(1.10232 -4.34587e-15 0)
(1.10159 7.48047e-15 0)
(1.10087 -1.27069e-13 0)
(1.10031 1.68019e-12 0)
(1.10005 -1.74492e-11 0)
(1.1 1.25128e-10 0)
(1.1 -6.33692e-10 0)
(1.1 1.73856e-09 0)
(1.09992 0.000233967 0)
(1.05038 0.092738 0)
(1.11194 4.29257e-16 0)
(1.11138 -3.95425e-15 0)
(1.11082 1.6534e-15 0)
(1.11025 2.9929e-15 0)
(1.10967 -4.94582e-15 0)
(1.1091 3.34744e-15 0)
(1.10851 -3.54204e-16 0)
(1.10792 -3.33582e-15 0)
(1.10733 -2.79571e-15 0)
(1.10673 7.88879e-15 0)
(1.10613 -1.43572e-15 0)
(1.10552 -3.04051e-15 0)
(1.1049 -2.15814e-15 0)
(1.10428 3.14181e-15 0)
(1.10365 -5.84737e-15 0)
(1.103 5.58205e-15 0)
(1.10232 -2.63687e-15 0)
(1.10159 6.84449e-15 0)
(1.10087 -8.62587e-14 0)
(1.10031 9.45116e-13 0)
(1.10005 -8.60702e-12 0)
(1.1 5.12643e-11 0)
(1.1 -1.91656e-10 0)
(1.1 3.1631e-10 0)
(1.09997 0.000100815 0)
(1.06557 0.0711543 0)
(1.11194 -2.77666e-16 0)
(1.11138 -2.65719e-15 0)
(1.11082 1.01325e-15 0)
(1.11025 3.72717e-15 0)
(1.10967 -4.69123e-15 0)
(1.1091 3.55663e-15 0)
(1.10851 1.47221e-16 0)
(1.10792 -2.46869e-15 0)
(1.10733 -3.27792e-15 0)
(1.10673 7.86133e-15 0)
(1.10613 -3.22194e-16 0)
(1.10552 -3.89056e-15 0)
(1.1049 -1.43235e-15 0)
(1.10428 2.17812e-15 0)
(1.10365 -4.24869e-15 0)
(1.103 2.4328e-15 0)
(1.10232 -1.00232e-15 0)
(1.10159 7.73874e-15 0)
(1.10087 -4.75638e-14 0)
(1.10031 3.33883e-13 0)
(1.10005 -2.37555e-12 0)
(1.1 1.13837e-11 0)
(1.1 -3.12161e-11 0)
(1.1 2.4929e-11 0)
(1.09999 4.2644e-05 0)
(1.0774 0.0496097 0)
(1.11194 -7.34608e-16 0)
(1.11138 -1.64494e-15 0)
(1.11082 5.99411e-16 0)
(1.11025 4.74286e-15 0)
(1.10967 -4.19103e-15 0)
(1.1091 3.85016e-15 0)
(1.10851 7.80592e-17 0)
(1.10792 -1.16736e-15 0)
(1.10733 -3.65902e-15 0)
(1.10673 8.43904e-15 0)
(1.10613 9.64831e-16 0)
(1.10552 -4.29344e-15 0)
(1.1049 -1.23584e-16 0)
(1.10428 6.41741e-16 0)
(1.10365 -2.52413e-15 0)
(1.103 -1.58029e-15 0)
(1.10232 1.43177e-15 0)
(1.10159 9.47108e-15 0)
(1.10087 -3.54929e-14 0)
(1.10031 1.00138e-13 0)
(1.10005 -3.71787e-13 0)
(1.1 1.18911e-12 0)
(1.1 -2.19516e-12 0)
(1.1 5.09777e-13 0)
(1.09999 1.77578e-05 0)
(1.08617 0.0318988 0)
(1.11194 -1.22141e-15 0)
(1.11138 -9.06568e-16 0)
(1.11082 -1.71531e-16 0)
(1.11025 5.51698e-15 0)
(1.10967 -3.96673e-15 0)
(1.1091 3.87001e-15 0)
(1.10851 1.91811e-16 0)
(1.10792 -8.55427e-16 0)
(1.10733 -3.59993e-15 0)
(1.10673 8.38486e-15 0)
(1.10613 2.40051e-15 0)
(1.10552 -4.8992e-15 0)
(1.1049 1.20944e-15 0)
(1.10428 -1.2711e-15 0)
(1.10365 -7.39239e-16 0)
(1.103 -5.24434e-15 0)
(1.10232 3.56081e-15 0)
(1.10159 1.08718e-14 0)
(1.10087 -3.44621e-14 0)
(1.10031 5.83103e-14 0)
(1.10005 -8.68536e-14 0)
(1.1 7.00307e-14 0)
(1.1 -2.76838e-14 0)
(1.1 -9.19206e-15 0)
(1.1 7.28394e-06 0)
(1.09193 0.0195309 0)
(1.11194 -1.78006e-15 0)
(1.11138 -1.6399e-16 0)
(1.11082 -9.79911e-16 0)
(1.11025 5.18083e-15 0)
(1.10967 -4.11965e-15 0)
(1.1091 3.27719e-15 0)
(1.10851 -6.90542e-17 0)
(1.10792 -2.96294e-16 0)
(1.10733 -4.02413e-15 0)
(1.10673 7.33381e-15 0)
(1.10613 3.11746e-15 0)
(1.10552 -5.3458e-15 0)
(1.1049 2.4962e-15 0)
(1.10428 -2.42506e-15 0)
(1.10365 1.03128e-15 0)
(1.103 -7.52445e-15 0)
(1.10232 5.17672e-15 0)
(1.10159 1.21948e-14 0)
(1.10087 -3.47913e-14 0)
(1.10031 4.75415e-14 0)
(1.10005 -5.67773e-14 0)
(1.1 1.77458e-14 0)
(1.1 1.66359e-14 0)
(1.1 -1.12251e-14 0)
(1.1 2.94385e-06 0)
(1.09532 0.0116464 0)
(1.11194 -2.46074e-15 0)
(1.11138 6.07546e-16 0)
(1.11082 -1.66997e-15 0)
(1.11025 5.15798e-15 0)
(1.10967 -4.05386e-15 0)
(1.1091 2.51309e-15 0)
(1.10851 -9.69653e-16 0)
(1.10792 6.891e-16 0)
(1.10733 -3.93536e-15 0)
(1.10673 6.14455e-15 0)
(1.10613 3.10205e-15 0)
(1.10552 -5.2888e-15 0)
(1.1049 2.99281e-15 0)
(1.10428 -2.49368e-15 0)
(1.10365 1.24785e-15 0)
(1.103 -9.64272e-15 0)
(1.10232 6.93651e-15 0)
(1.10159 1.29738e-14 0)
(1.10087 -3.4402e-14 0)
(1.10031 4.40717e-14 0)
(1.10005 -5.33835e-14 0)
(1.1 2.08171e-14 0)
(1.1 1.83014e-14 0)
(1.1 -1.09763e-14 0)
(1.1 1.18043e-06 0)
(1.09734 0.00680969 0)
(1.11194 -2.28513e-15 0)
(1.11138 1.14489e-15 0)
(1.11082 -2.33287e-15 0)
(1.11025 4.95046e-15 0)
(1.10967 -3.87784e-15 0)
(1.1091 2.11815e-15 0)
(1.10851 -1.52282e-15 0)
(1.10792 9.51788e-16 0)
(1.10733 -4.21138e-15 0)
(1.10673 5.02308e-15 0)
(1.10613 3.40899e-15 0)
(1.10552 -4.85827e-15 0)
(1.1049 4.34862e-15 0)
(1.10428 -2.00518e-15 0)
(1.10365 7.30236e-16 0)
(1.103 -1.13201e-14 0)
(1.10232 7.74927e-15 0)
(1.10159 1.36481e-14 0)
(1.10087 -3.19767e-14 0)
(1.10031 3.17563e-14 0)
(1.10005 -3.65343e-14 0)
(1.1 1.35109e-14 0)
(1.1 1.60637e-14 0)
(1.1 -1.02071e-14 0)
(1.1 4.48544e-07 0)
(1.09849 0.00385572 0)
(1.11194 -2.19743e-15 0)
(1.11138 1.21282e-15 0)
(1.11082 -1.53083e-15 0)
(1.11025 4.59695e-15 0)
(1.10967 -4.63563e-15 0)
(1.1091 1.97463e-15 0)
(1.10851 -2.63954e-15 0)
(1.10792 1.93079e-15 0)
(1.10733 -3.53308e-15 0)
(1.10673 3.74161e-15 0)
(1.10613 3.64219e-15 0)
(1.10552 -4.15962e-15 0)
(1.1049 4.7567e-15 0)
(1.10428 -1.71731e-15 0)
(1.10365 6.51895e-16 0)
)
;

boundaryField
{
    inlet
    {
        type            uniformFixedValue;
        uniformValue    table
        
2
(
(0 (1.1 0 0))
(8 (3 0 0))
)
;
        value           nonuniform 0();
    }
    outlet
    {
        type            inletOutlet;
        inletValue      nonuniform 0();
        value           nonuniform 0();
    }
    triangle
    {
        type            slip;
    }
    top
    {
        type            symmetryPlane;
    }
    bottom
    {
        type            symmetryPlane;
    }
    defaultFaces
    {
        type            empty;
    }
    procBoundary18to10
    {
        type            processor;
        value           nonuniform List<vector> 
28
(
(0.241971 0.0895077 0)
(1.11025 -1.68119e-15 0)
(1.10967 -7.67083e-17 0)
(1.1091 1.36169e-15 0)
(1.10851 -5.10752e-15 0)
(1.10792 5.03123e-15 0)
(1.10733 -1.97116e-15 0)
(1.10673 2.05619e-14 0)
(1.10613 -2.34586e-13 0)
(1.10552 2.78474e-12 0)
(1.1049 -3.04669e-11 0)
(1.10428 3.01469e-10 0)
(1.10365 -2.64968e-09 0)
(1.103 1.99132e-08 0)
(1.10232 -1.18319e-07 0)
(1.1016 4.7482e-07 0)
(1.10082 3.83375e-07 0)
(1.10045 -1.5664e-05 0)
(0.951806 0.000763191 0)
(0.654721 0.00138957 0)
(0.570954 0.00196547 0)
(0.526676 0.0025252 0)
(0.453112 0.00642537 0)
(0.299594 0.0108941 0)
(1.11194 7.61868e-16 0)
(1.11138 1.95703e-15 0)
(1.11082 -5.14686e-16 0)
(1.11082 -5.14686e-16 0)
)
;
    }
    procBoundary18to11
    {
        type            processor;
        value           nonuniform List<vector> 4((0.287956 0.113296 0) (0.308454 0.107188 0) (0.332157 0.119065 0) (0.356178 0.123719 0));
    }
    procBoundary18to17
    {
        type            processor;
        value           nonuniform List<vector> 
118
(
(1.11249 -5.87229e-16 0)
(1.11249 -1.44266e-15 0)
(1.11249 -1.74117e-15 0)
(1.11249 -1.91955e-15 0)
(1.11249 -1.87792e-15 0)
(1.11249 -2.38301e-15 0)
(1.11249 -2.71211e-15 0)
(1.11249 -3.15796e-15 0)
(1.11249 -3.50581e-15 0)
(1.11249 -3.72531e-15 0)
(1.11249 -3.58348e-15 0)
(1.11249 -3.36126e-15 0)
(1.11249 -2.76488e-15 0)
(1.11249 -2.76049e-15 0)
(1.11249 -2.20585e-15 0)
(1.11249 -1.77349e-15 0)
(1.11249 -1.75201e-15 0)
(1.11249 -2.08033e-15 0)
(1.11249 -1.46958e-15 0)
(1.11249 -1.07897e-15 0)
(1.11249 -5.76167e-16 0)
(1.11249 -1.56865e-16 0)
(1.11249 -4.47049e-16 0)
(1.11249 -3.19712e-16 0)
(1.11249 -4.07118e-16 0)
(1.11249 -8.3162e-16 0)
(1.11249 -9.17601e-16 0)
(1.11249 -1.00275e-15 0)
(1.11249 -1.23312e-15 0)
(1.11249 -1.33917e-15 0)
(1.11249 -8.66379e-16 0)
(1.11249 -9.60666e-16 0)
(1.11249 -1.46872e-15 0)
(1.11249 -1.47853e-15 0)
(1.11249 -1.32544e-15 0)
(1.11249 -1.31007e-15 0)
(1.11249 -8.2773e-16 0)
(1.11249 -2.1393e-16 0)
(1.11249 -1.5746e-16 0)
(1.11249 -1.42639e-16 0)
(1.11249 -2.3366e-16 0)
(1.11249 -9.54486e-16 0)
(1.11249 -1.76664e-15 0)
(1.11249 -2.16897e-15 0)
(1.11249 -2.50753e-15 0)
(1.11249 -2.67011e-15 0)
(1.11249 -3.2473e-15 0)
(1.11249 -4.36374e-15 0)
(1.11249 -5.20361e-15 0)
(1.11249 -5.97621e-15 0)
(1.11249 -6.64171e-15 0)
(1.11249 -6.64987e-15 0)
(1.11249 -7.27403e-15 0)
(1.11249 -7.43376e-15 0)
(1.11249 -7.41744e-15 0)
(1.11249 -7.91604e-15 0)
(1.11249 -7.95704e-15 0)
(1.11249 -8.04709e-15 0)
(1.11249 -8.17934e-15 0)
(1.11249 -8.25778e-15 0)
(1.11249 -7.87439e-15 0)
(1.11249 -7.56611e-15 0)
(1.11249 -6.82368e-15 0)
(1.11249 -6.01998e-15 0)
(1.11249 -5.29293e-15 0)
(1.11249 -4.21132e-15 0)
(1.11249 -2.95263e-15 0)
(1.11249 -2.42432e-15 0)
(1.11249 -2.83775e-15 0)
(1.11249 -2.93644e-15 0)
(1.11249 -3.15872e-15 0)
(1.11249 -2.969e-15 0)
(1.11249 -3.20182e-15 0)
(1.11249 -3.58523e-15 0)
(1.11249 -3.44066e-15 0)
(1.11249 -3.55221e-15 0)
(1.11249 -3.28576e-15 0)
(1.11249 -2.84297e-15 0)
(1.11249 -1.62602e-15 0)
(1.11249 -3.94582e-16 0)
(1.11249 5.02111e-16 0)
(1.11249 7.83935e-16 0)
(1.11249 8.20161e-16 0)
(1.11249 1.3983e-15 0)
(1.11249 2.063e-15 0)
(1.11249 2.30342e-15 0)
(1.11249 2.27309e-15 0)
(1.11249 2.74218e-15 0)
(1.11249 2.9477e-15 0)
(1.11249 2.96756e-15 0)
(1.11249 3.19336e-15 0)
(1.11249 3.00511e-15 0)
(1.11249 2.46772e-15 0)
(1.11249 2.52432e-15 0)
(1.11249 2.44178e-15 0)
(1.11249 2.23274e-15 0)
(1.11249 2.22606e-15 0)
(1.11249 2.19434e-15 0)
(1.11249 2.22107e-15 0)
(1.11249 2.24624e-15 0)
(1.11249 2.3114e-15 0)
(1.11249 2.11529e-15 0)
(1.11249 1.89811e-15 0)
(1.11249 1.69578e-15 0)
(1.11249 2.05903e-15 0)
(1.11249 2.34135e-15 0)
(1.11249 2.76581e-15 0)
(1.11249 3.39028e-15 0)
(1.11249 3.8804e-15 0)
(1.11249 3.74019e-15 0)
(1.11249 3.93669e-15 0)
(1.11249 4.31064e-15 0)
(1.11249 4.8546e-15 0)
(1.11249 5.00057e-15 0)
(1.11249 5.00882e-15 0)
(1.11249 5.24823e-15 0)
(1.11249 5.82725e-15 0)
(1.11249 5.96858e-15 0)
)
;
    }
    procBoundary18to19
    {
        type            processor;
        value           nonuniform List<vector> 
115
(
(0.375022 0.13032 0)
(0.390969 0.134084 0)
(0.404309 0.138755 0)
(0.416235 0.142474 0)
(0.426808 0.146349 0)
(0.43653 0.14965 0)
(0.445442 0.152798 0)
(0.453784 0.155528 0)
(0.46161 0.158032 0)
(0.46903 0.160236 0)
(0.476086 0.16224 0)
(0.482835 0.164048 0)
(0.489314 0.165723 0)
(0.495562 0.167277 0)
(0.501592 0.168703 0)
(0.507398 0.169945 0)
(0.513045 0.170979 0)
(0.518665 0.171981 0)
(0.524186 0.173136 0)
(0.529604 0.17434 0)
(0.53489 0.17551 0)
(0.540019 0.176685 0)
(0.544986 0.177861 0)
(0.549777 0.179042 0)
(0.554397 0.180219 0)
(0.558912 0.18134 0)
(0.563374 0.182378 0)
(0.567729 0.183387 0)
(0.571949 0.184403 0)
(0.576036 0.185421 0)
(0.579993 0.186437 0)
(0.58382 0.187452 0)
(0.587522 0.188463 0)
(0.591105 0.189468 0)
(0.594576 0.190463 0)
(0.597946 0.191439 0)
(0.601229 0.192387 0)
(0.604447 0.193293 0)
(0.607629 0.194142 0)
(0.610808 0.194916 0)
(0.614011 0.195606 0)
(0.61726 0.196201 0)
(0.620558 0.196703 0)
(0.623885 0.197115 0)
(0.627201 0.197448 0)
(0.630464 0.197727 0)
(0.633655 0.197957 0)
(0.63677 0.198086 0)
(0.639812 0.198157 0)
(0.642817 0.198253 0)
(0.645796 0.19838 0)
(0.648784 0.198472 0)
(0.651821 0.198532 0)
(0.654913 0.198555 0)
(0.658071 0.198517 0)
(0.661295 0.198445 0)
(0.664562 0.198375 0)
(0.667843 0.198262 0)
(0.671064 0.19835 0)
(0.673989 0.198615 0)
(0.67637 0.199039 0)
(0.678099 0.19985 0)
(0.679652 0.200633 0)
(0.681089 0.201858 0)
(0.681953 0.203709 0)
(0.681592 0.205793 0)
(0.680528 0.208458 0)
(0.678597 0.211187 0)
(0.677085 0.213668 0)
(0.677842 0.215673 0)
(0.679901 0.216007 0)
(0.681759 0.216877 0)
(0.683385 0.217259 0)
(0.685115 0.217426 0)
(0.687175 0.217109 0)
(0.689488 0.216985 0)
(0.69148 0.216992 0)
(0.693078 0.217058 0)
(0.69506 0.217194 0)
(0.697711 0.217823 0)
(0.700425 0.219261 0)
(0.702526 0.219984 0)
(0.704281 0.219041 0)
(0.705453 0.216399 0)
(0.707868 0.214312 0)
(0.710909 0.214806 0)
(0.715162 0.216234 0)
(0.718355 0.215861 0)
(0.720936 0.212749 0)
(0.725081 0.21003 0)
(0.729005 0.208284 0)
(0.732756 0.206616 0)
(0.736753 0.205691 0)
(0.740422 0.203073 0)
(0.743854 0.201395 0)
(0.748821 0.207252 0)
(0.742585 0.214766 0)
(0.73612 0.218019 0)
(0.733127 0.216758 0)
(0.733811 0.213155 0)
(0.737906 0.208106 0)
(0.745298 0.202086 0)
(0.753517 0.194182 0)
(0.763163 0.18728 0)
(0.77003 0.182854 0)
(0.774509 0.180845 0)
(0.780749 0.182141 0)
(0.793725 0.186395 0)
(0.826034 0.187387 0)
(0.892102 0.171616 0)
(0.991572 0.121063 0)
(1.06829 0.0562151 0)
(1.09095 0.0237443 0)
(1.09557 0.0126576 0)
(1.0972 0.00748031 0)
)
;
    }
    procBoundary18to25
    {
        type            processor;
        value           uniform (1.11249 6.06787e-15 0);
    }
    procBoundary18to26
    {
        type            processor;
        value           nonuniform List<vector> 
28
(
(1.09863 0.00344545 0)
(1.103 -1.10065e-14 0)
(1.10232 7.9273e-15 0)
(1.10159 1.35283e-14 0)
(1.10087 -2.49335e-14 0)
(1.10031 1.59901e-14 0)
(1.10005 -1.23997e-14 0)
(1.1 -1.36215e-15 0)
(1.1 1.35407e-14 0)
(1.1 -7.52498e-15 0)
(1.1 1.53837e-07 0)
(1.09921 0.00197024 0)
(1.11194 -1.84406e-15 0)
(1.11138 1.33468e-15 0)
(1.11082 -1.11179e-16 0)
(1.11025 4.59072e-15 0)
(1.10967 -5.15088e-15 0)
(1.1091 1.82787e-15 0)
(1.10851 -3.5229e-15 0)
(1.10792 3.13176e-15 0)
(1.10733 -2.68847e-15 0)
(1.10673 3.04815e-15 0)
(1.10613 2.99497e-15 0)
(1.10552 -2.65608e-15 0)
(1.1049 3.50673e-15 0)
(1.10428 2.12434e-16 0)
(1.103 -1.10065e-14 0)
(1.10365 -1.14721e-15 0)
)
;
    }
}


// ************************************************************************* //
