/*--------------------------------*- C++ -*----------------------------------*\
  =========                 |
  \\      /  F ield         | OpenFOAM: The Open Source CFD Toolbox
   \\    /   O peration     | Website:  https://openfoam.org
    \\  /    A nd           | Version:  8
     \\/     M anipulation  |
\*---------------------------------------------------------------------------*/
FoamFile
{
    version     2.0;
    format      ascii;
    class       labelList;
    location    "constant/polyMesh";
    object      pointProcAddressing;
}
// * * * * * * * * * * * * * * * * * * * * * * * * * * * * * * * * * * * * * //


764
(
146
147
154
155
156
157
158
165
166
167
168
169
176
177
178
179
180
187
188
189
190
191
198
199
200
201
202
209
210
211
212
213
220
221
222
223
224
377
378
385
386
387
388
389
396
397
398
399
400
407
408
409
410
411
418
419
420
421
422
429
430
431
432
433
440
441
442
443
444
451
452
453
454
455
462
463
464
465
466
473
474
475
476
477
484
485
486
487
488
495
496
497
498
499
506
507
508
509
510
517
518
519
520
521
528
529
530
531
532
539
540
541
542
543
550
551
552
553
554
561
562
563
564
565
572
573
574
575
576
583
584
585
586
587
594
595
596
597
598
605
606
607
608
609
616
617
618
619
620
627
628
629
630
631
638
639
640
641
642
649
650
651
652
653
660
661
662
663
664
671
672
673
674
675
682
683
684
685
686
693
694
695
696
697
704
705
706
707
708
715
716
717
718
719
726
727
728
729
730
737
738
739
740
741
748
749
750
751
752
759
760
761
762
763
770
771
772
773
774
781
782
783
784
785
792
793
794
795
796
803
804
805
806
807
814
815
816
817
818
825
826
827
828
829
836
837
838
839
840
847
848
849
850
851
858
859
860
861
862
869
870
871
872
873
880
881
882
883
884
891
892
893
894
895
908
909
910
911
918
919
920
921
928
929
930
931
938
939
940
941
948
949
950
951
958
959
960
961
968
969
970
971
978
979
980
981
988
989
990
991
998
999
1000
1001
1008
1009
1010
1011
1018
1019
1020
1021
1028
1029
1030
1031
1038
1039
1040
1041
1048
1049
1050
1051
1058
1059
1060
1061
1068
1069
1070
1071
1078
1079
1080
1081
1088
1089
1090
1091
1098
1099
1100
1101
1108
1109
1110
1111
1118
1119
1120
1121
1128
1129
1130
1131
1138
1139
1140
1141
1148
1149
1150
1151
1158
1159
1160
1161
1168
1169
1170
1171
1178
1179
1180
1181
1188
1189
1190
1191
1198
1199
1200
1201
1208
1209
1210
1211
1218
1219
1220
1221
1228
1229
1230
1231
1238
1239
1240
1241
1248
1249
1250
1251
1258
1259
1260
1261
1268
1269
1270
1271
1278
1279
1280
1281
1288
1289
1290
1291
1298
1299
1300
1301
1308
1309
1310
1311
1318
1319
1320
1321
3440
3441
3442
3443
3444
3451
3452
3453
3454
3455
3462
3463
3464
3465
3466
3473
3474
3475
3476
3477
3484
3485
3486
3487
3488
3495
3496
3497
3498
3499
3506
3507
3508
3509
3510
3517
3518
3519
3520
3521
3528
3529
3530
3531
3532
3539
3540
3541
3542
3543
3550
3551
3552
3553
3554
3561
3562
3563
3564
3565
3572
3573
3574
3575
3576
3583
3584
3585
3586
3587
3594
3595
3596
3597
3598
3605
3606
3607
3608
3609
3616
3617
3618
3619
3620
3627
3628
3629
3630
3631
3638
3639
3640
3641
3642
3649
3650
3651
3652
3653
3660
3661
3662
3663
3664
3671
3672
3673
3674
3675
3682
3683
3684
3685
3686
3693
3694
3695
3696
3697
3704
3705
3706
3707
3708
3715
3716
3717
3718
3719
3726
3727
3728
3729
3730
3737
3738
3739
3740
3741
3748
3749
3750
3751
3752
3759
3760
3761
3762
3763
3770
3771
3772
3773
3774
3781
3782
3783
3784
3785
3792
3793
3794
3795
3796
3803
3804
3805
3806
3807
3814
3815
3816
3817
3818
3825
3826
3827
3828
3829
3836
3837
3838
3839
3840
3847
3848
3849
3850
3851
3858
3859
3860
3861
3862
3869
3870
3871
3872
3873
3886
3887
3888
3889
3897
3898
3899
3907
3908
3909
3917
3918
3919
3927
3928
3929
3937
3938
3939
3947
3948
3949
3957
3958
3959
3967
3968
3969
3977
3978
3979
3987
3988
3989
3997
3998
3999
4007
4008
4009
4017
4018
4019
4027
4028
4029
4037
4038
4039
4047
4048
4049
4057
4058
4059
4067
4068
4069
4077
4078
4079
4086
4087
4088
4089
4097
4098
4099
4107
4108
4109
4117
4118
4119
4127
4128
4129
4137
4138
4139
4147
4148
4149
4157
4158
4159
4167
4168
4169
4177
4178
4179
4187
4188
4189
4197
4198
4199
4207
4208
4209
4217
4218
4219
4227
4228
4229
4237
4238
4239
4247
4248
4249
4257
4258
4259
4267
4268
4269
4277
4278
4279
)


// ************************************************************************* //
