/*--------------------------------*- C++ -*----------------------------------*\
  =========                 |
  \\      /  F ield         | OpenFOAM: The Open Source CFD Toolbox
   \\    /   O peration     | Website:  https://openfoam.org
    \\  /    A nd           | Version:  7
     \\/     M anipulation  |
\*---------------------------------------------------------------------------*/
FoamFile
{
    version     2.0;
    format      ascii;
    class       volVectorField;
    location    "0.1";
    object      U;
}
// * * * * * * * * * * * * * * * * * * * * * * * * * * * * * * * * * * * * * //

dimensions      [0 1 -1 0 0 0 0];

internalField   nonuniform List<vector> 
3225
(
(1.82322 0.539605 0)
(1.82338 0.562506 0)
(1.79913 0.589037 0)
(1.79416 0.610326 0)
(1.76809 0.64086 0)
(1.7522 0.660336 0)
(1.70954 0.692736 0)
(1.64838 0.720157 0)
(1.53096 0.711695 0)
(1.32675 0.717437 0)
(1.23143 0.696823 0)
(1.17759 0.660205 0)
(1.13457 0.62749 0)
(1.1009 0.593771 0)
(1.0759 0.559184 0)
(1.05692 0.527405 0)
(1.0405 0.500369 0)
(1.02509 0.47565 0)
(1.01185 0.450406 0)
(1.00169 0.424029 0)
(0.992649 0.398334 0)
(1.82949 0.557761 0)
(1.82936 0.58163 0)
(1.80565 0.606768 0)
(1.79958 0.629133 0)
(1.77642 0.658305 0)
(1.76044 0.677365 0)
(1.71593 0.71135 0)
(1.65734 0.734945 0)
(1.52944 0.729574 0)
(1.31599 0.734718 0)
(1.22312 0.713218 0)
(1.16711 0.673427 0)
(1.12455 0.63718 0)
(1.09161 0.601375 0)
(1.06682 0.566188 0)
(1.0484 0.534261 0)
(1.03249 0.506576 0)
(1.01726 0.481125 0)
(1.00421 0.455335 0)
(0.994416 0.428528 0)
(0.985826 0.402327 0)
(1.83706 0.583035 0)
(1.83603 0.607072 0)
(1.81231 0.631369 0)
(1.8047 0.654804 0)
(1.7842 0.682946 0)
(1.7681 0.70141 0)
(1.72156 0.73693 0)
(1.66494 0.757467 0)
(1.5273 0.751385 0)
(1.3086 0.759396 0)
(1.21369 0.731086 0)
(1.15559 0.683791 0)
(1.11509 0.64428 0)
(1.08238 0.608445 0)
(1.0577 0.574231 0)
(1.03958 0.54189 0)
(1.02406 0.512839 0)
(1.00913 0.48638 0)
(0.996379 0.460084 0)
(0.986998 0.43289 0)
(0.978866 0.406191 0)
(1.84606 0.610848 0)
(1.8444 0.633094 0)
(1.81938 0.655924 0)
(1.80977 0.678276 0)
(1.79155 0.703543 0)
(1.77583 0.720924 0)
(1.72749 0.758104 0)
(1.67358 0.77354 0)
(1.52535 0.769294 0)
(1.29494 0.782661 0)
(1.19984 0.743146 0)
(1.14608 0.69076 0)
(1.10632 0.652262 0)
(1.0731 0.618027 0)
(1.04798 0.583545 0)
(1.03002 0.549094 0)
(1.01519 0.518363 0)
(1.00077 0.491261 0)
(0.988397 0.464662 0)
(0.979456 0.43708 0)
(0.971782 0.409904 0)
(1.85806 0.640642 0)
(1.85256 0.65961 0)
(1.8264 0.682364 0)
(1.81502 0.704211 0)
(1.79756 0.728284 0)
(1.7829 0.745191 0)
(1.73323 0.783922 0)
(1.68111 0.796131 0)
(1.52191 0.792839 0)
(1.28271 0.809413 0)
(1.18807 0.755218 0)
(1.13682 0.700861 0)
(1.09621 0.663827 0)
(1.06221 0.629191 0)
(1.03711 0.591694 0)
(1.02014 0.554741 0)
(1.00629 0.523513 0)
(0.992345 0.496222 0)
(0.980307 0.469145 0)
(0.971808 0.44107 0)
(0.964585 0.413464 0)
(1.87297 0.670729 0)
(1.85919 0.687659 0)
(1.83413 0.71007 0)
(1.82148 0.72888 0)
(1.8039 0.749308 0)
(1.78997 0.764659 0)
(1.73938 0.804626 0)
(1.68932 0.812001 0)
(1.5177 0.815326 0)
(1.2693 0.826087 0)
(1.17387 0.766769 0)
(1.12421 0.715115 0)
(1.08248 0.676438 0)
(1.04955 0.637541 0)
(1.02625 0.596385 0)
(1.01038 0.560134 0)
(0.997386 0.529358 0)
(0.983732 0.501359 0)
(0.97207 0.473438 0)
(0.964055 0.444902 0)
(0.957292 0.416965 0)
(1.88804 0.708907 0)
(1.86477 0.727519 0)
(1.84379 0.746551 0)
(1.82857 0.763399 0)
(1.81005 0.78097 0)
(1.79583 0.794509 0)
(1.74525 0.833698 0)
(1.6974 0.837289 0)
(1.51271 0.83993 0)
(1.25435 0.840705 0)
(1.16031 0.783377 0)
(1.10692 0.73002 0)
(1.06762 0.684809 0)
(1.0375 0.640481 0)
(1.01557 0.601395 0)
(1.00075 0.56737 0)
(0.988081 0.535678 0)
(0.974795 0.506176 0)
(0.963666 0.477485 0)
(0.956197 0.448649 0)
(0.949901 0.420408 0)
(1.90541 0.751071 0)
(1.87475 0.773637 0)
(1.85552 0.786061 0)
(1.83641 0.798639 0)
(1.81628 0.810574 0)
(1.80088 0.821408 0)
(1.75069 0.860857 0)
(1.70559 0.86105 0)
(1.50543 0.858496 0)
(1.23842 0.859769 0)
(1.14383 0.798916 0)
(1.08917 0.738468 0)
(1.05424 0.687548 0)
(1.02576 0.646243 0)
(1.00519 0.610494 0)
(0.990558 0.575424 0)
(0.978217 0.541295 0)
(0.965645 0.510451 0)
(0.955139 0.48145 0)
(0.948254 0.452335 0)
(0.942411 0.423734 0)
(1.92138 0.795979 0)
(1.89012 0.8249 0)
(1.87076 0.827525 0)
(1.84489 0.836383 0)
(1.82146 0.844694 0)
(1.80475 0.852112 0)
(1.75578 0.888994 0)
(1.71306 0.884226 0)
(1.49432 0.878031 0)
(1.22072 0.886362 0)
(1.12346 0.808784 0)
(1.07498 0.740272 0)
(1.04232 0.694721 0)
(1.01546 0.656899 0)
(0.993605 0.620467 0)
(0.979355 0.581773 0)
(0.968176 0.545784 0)
(0.956405 0.514752 0)
(0.946516 0.485437 0)
(0.94023 0.455859 0)
(0.934817 0.426869 0)
(1.92562 0.840901 0)
(1.90613 0.879429 0)
(1.88812 0.874308 0)
(1.85533 0.874963 0)
(1.82865 0.875205 0)
(1.80882 0.880585 0)
(1.75995 0.917449 0)
(1.71917 0.907115 0)
(1.48151 0.904546 0)
(1.19433 0.909929 0)
(1.10189 0.812203 0)
(1.0624 0.748771 0)
(1.03157 0.706812 0)
(1.002 0.668382 0)
(0.980935 0.626766 0)
(0.968182 0.585659 0)
(0.958073 0.550604 0)
(0.94702 0.519401 0)
(0.937783 0.489298 0)
(0.932113 0.459195 0)
(0.927123 0.429878 0)
(1.90043 0.88262 0)
(1.91407 0.935218 0)
(1.90903 0.917575 0)
(1.86779 0.915609 0)
(1.83528 0.912609 0)
(1.81151 0.914402 0)
(1.76315 0.947027 0)
(1.72509 0.929063 0)
(1.46585 0.929015 0)
(1.16411 0.918916 0)
(1.08398 0.820865 0)
(1.05013 0.763602 0)
(1.01584 0.719193 0)
(0.987899 0.674122 0)
(0.969081 0.628614 0)
(0.957082 0.590856 0)
(0.947804 0.556381 0)
(0.93741 0.523958 0)
(0.928916 0.492935 0)
(0.923885 0.462427 0)
(0.919323 0.432801 0)
(1.83561 0.905426 0)
(1.9021 0.976582 0)
(1.92234 0.969467 0)
(1.87925 0.966814 0)
(1.84463 0.950469 0)
(1.817 0.944808 0)
(1.76675 0.974349 0)
(1.73242 0.94849 0)
(1.44482 0.945954 0)
(1.13535 0.923595 0)
(1.07027 0.835932 0)
(1.03123 0.777701 0)
(0.999226 0.724736 0)
(0.974742 0.674727 0)
(0.957233 0.634366 0)
(0.945935 0.598205 0)
(0.937171 0.562017 0)
(0.927598 0.528051 0)
(0.919904 0.496469 0)
(0.915539 0.465591 0)
(0.911413 0.435581 0)
(1.73677 0.909091 0)
(1.85702 1.02038 0)
(1.92478 1.01317 0)
(1.88917 1.01857 0)
(1.85623 0.99297 0)
(1.82188 0.982778 0)
(1.7691 1.00657 0)
(1.73907 0.972246 0)
(1.41046 0.961376 0)
(1.11803 0.931852 0)
(1.0489 0.851062 0)
(1.00979 0.782978 0)
(0.983783 0.725442 0)
(0.96234 0.681288 0)
(0.945078 0.643612 0)
(0.933966 0.605004 0)
(0.926264 0.566559 0)
(0.917649 0.531916 0)
(0.910744 0.499936 0)
(0.907071 0.468528 0)
(0.903393 0.438115 0)
(1.61671 0.906064 0)
(1.78621 1.03475 0)
(1.90335 1.05582 0)
(1.89205 1.07498 0)
(1.86696 1.038 0)
(1.82872 1.02203 0)
(1.77265 1.04419 0)
(1.74713 0.997524 0)
(1.38189 0.981434 0)
(1.0951 0.948563 0)
(1.02166 0.85627 0)
(0.990191 0.781242 0)
(0.970681 0.732007 0)
(0.94925 0.691346 0)
(0.931115 0.651068 0)
(0.921735 0.609073 0)
(0.915316 0.570552 0)
(0.907536 0.53581 0)
(0.901444 0.503109 0)
(0.898499 0.471142 0)
(0.895287 0.440496 0)
(1.50126 0.875018 0)
(1.69327 1.03072 0)
(1.85953 1.08249 0)
(1.88478 1.12011 0)
(1.87445 1.08689 0)
(1.83903 1.06616 0)
(1.78241 1.08122 0)
(1.75972 1.02311 0)
(1.33694 1.00366 0)
(1.05532 0.963087 0)
(0.991898 0.850103 0)
(0.976089 0.78529 0)
(0.957091 0.741723 0)
(0.933208 0.698843 0)
(0.917649 0.652876 0)
(0.909782 0.61236 0)
(0.904329 0.575003 0)
(0.897253 0.539422 0)
(0.892035 0.505865 0)
(0.889852 0.473611 0)
(0.887126 0.442905 0)
(1.40713 0.876983 0)
(1.59196 1.02347 0)
(1.79719 1.08961 0)
(1.85469 1.17787 0)
(1.88385 1.12846 0)
(1.84784 1.11406 0)
(1.7921 1.11966 0)
(1.77185 1.05219 0)
(1.27808 1.0284 0)
(1.01062 0.958146 0)
(0.977061 0.844866 0)
(0.963263 0.79473 0)
(0.939014 0.749475 0)
(0.917771 0.699382 0)
(0.904488 0.655452 0)
(0.898235 0.617778 0)
(0.893219 0.57945 0)
(0.886838 0.542456 0)
(0.882547 0.508514 0)
(0.881174 0.476222 0)
(0.878904 0.44537 0)
(1.3235 0.894984 0)
(1.50215 1.00598 0)
(1.71998 1.08772 0)
(1.83099 1.19037 0)
(1.88917 1.16374 0)
(1.84952 1.16568 0)
(1.79282 1.17084 0)
(1.78379 1.07607 0)
(1.19962 1.03212 0)
(0.9696 0.937943 0)
(0.962041 0.848894 0)
(0.944512 0.803934 0)
(0.920934 0.750804 0)
(0.903486 0.70117 0)
(0.892704 0.662237 0)
(0.886515 0.623532 0)
(0.881805 0.582937 0)
(0.87632 0.545246 0)
(0.873012 0.511417 0)
(0.872453 0.478919 0)
(0.870573 0.447648 0)
(1.24951 0.903347 0)
(1.4193 0.998539 0)
(1.63864 1.07551 0)
(1.77496 1.21385 0)
(1.86095 1.21653 0)
(1.84164 1.2232 0)
(1.80894 1.20142 0)
(1.76842 1.10516 0)
(1.13471 1.0185 0)
(0.946993 0.915421 0)
(0.9405 0.86087 0)
(0.923132 0.807732 0)
(0.904997 0.751378 0)
(0.891355 0.70838 0)
(0.879783 0.66946 0)
(0.873896 0.627367 0)
(0.870228 0.585487 0)
(0.865742 0.54834 0)
(0.86342 0.514424 0)
(0.863626 0.48135 0)
(0.862108 0.449515 0)
(1.19593 0.903728 0)
(1.35339 0.988287 0)
(1.55501 1.07603 0)
(1.69807 1.23468 0)
(1.84127 1.22305 0)
(1.83936 1.26227 0)
(1.82732 1.22985 0)
(1.74497 1.11016 0)
(1.05679 0.944793 0)
(0.923352 0.902172 0)
(0.92261 0.866359 0)
(0.903721 0.807088 0)
(0.890064 0.757826 0)
(0.87747 0.717045 0)
(0.865519 0.673515 0)
(0.861255 0.628722 0)
(0.858701 0.58836 0)
(0.855115 0.551631 0)
(0.853722 0.517037 0)
(0.854665 0.483235 0)
(0.853533 0.451015 0)
(1.16765 0.889898 0)
(1.30214 0.983429 0)
(1.4855 1.07075 0)
(1.62625 1.24687 0)
(1.80449 1.24961 0)
(1.82515 1.30064 0)
(1.79674 1.31687 0)
(1.74993 1.03082 0)
(0.97229 0.876243 0)
(0.916237 0.908728 0)
(0.904363 0.866339 0)
(0.884763 0.809394 0)
(0.875898 0.766861 0)
(0.861686 0.72288 0)
(0.851565 0.673437 0)
(0.84891 0.631018 0)
(0.847319 0.591924 0)
(0.844378 0.554493 0)
(0.843902 0.51896 0)
(0.845605 0.484719 0)
(0.844908 0.452469 0)
(1.1501 0.87915 0)
(1.278 0.95228 0)
(1.4142 1.07786 0)
(1.55804 1.24526 0)
(1.74814 1.26252 0)
(1.77988 1.35736 0)
(1.78424 1.33946 0)
(1.53806 0.832093 0)
(0.910203 0.866234 0)
(0.909739 0.920967 0)
(0.888827 0.866387 0)
(0.86859 0.817874 0)
(0.860351 0.775079 0)
(0.845599 0.723579 0)
(0.837968 0.675448 0)
(0.837134 0.635347 0)
(0.835775 0.595283 0)
(0.833459 0.556527 0)
(0.833988 0.520451 0)
(0.836535 0.486222 0)
(0.836271 0.454055 0)
(1.13215 0.900229 0)
(1.23774 0.955019 0)
(1.38165 1.03768 0)
(1.51947 1.21868 0)
(1.70476 1.25483 0)
(1.7301 1.40578 0)
(1.80071 1.3196 0)
(1.28832 0.742661 0)
(0.882098 0.896488 0)
(0.899415 0.929296 0)
(0.872574 0.877955 0)
(0.855251 0.83132 0)
(0.841674 0.779284 0)
(0.829426 0.723724 0)
(0.825428 0.680862 0)
(0.825101 0.639701 0)
(0.823761 0.59756 0)
(0.822367 0.558015 0)
(0.824089 0.522043 0)
(0.827512 0.487924 0)
(0.827581 0.455635 0)
(1.09711 0.918893 0)
(1.22003 0.946085 0)
(1.31338 1.03313 0)
(1.42133 1.18739 0)
(1.65773 1.23723 0)
(1.70256 1.44385 0)
(1.93925 1.10503 0)
(1.10839 0.740366 0)
(0.871507 0.926012 0)
(0.881709 0.939608 0)
(0.853529 0.899688 0)
(0.837117 0.841871 0)
(0.821342 0.778129 0)
(0.81437 0.729057 0)
(0.812382 0.686294 0)
(0.812088 0.642347 0)
(0.811415 0.59885 0)
(0.811244 0.559642 0)
(0.814297 0.523864 0)
(0.818477 0.489589 0)
(0.818777 0.456924 0)
(1.0656 0.904874 0)
(1.2082 0.924167 0)
(1.29455 1.02284 0)
(1.3823 1.15552 0)
(1.6195 1.20856 0)
(1.66095 1.45947 0)
(1.66079 0.716263 0)
(0.977572 0.733578 0)
(0.859414 0.956324 0)
(0.857503 0.969109 0)
(0.832457 0.92265 0)
(0.812269 0.843639 0)
(0.801519 0.781265 0)
(0.799859 0.73525 0)
(0.798042 0.689249 0)
(0.798556 0.643062 0)
(0.799 0.600288 0)
(0.800237 0.56157 0)
(0.804556 0.525578 0)
(0.809337 0.490897 0)
(0.809842 0.457799 0)
(1.01816 0.840413 0)
(1.18403 0.863006 0)
(1.25744 0.9862 0)
(1.36773 1.11096 0)
(1.51841 1.19877 0)
(1.6282 1.41812 0)
(1.3328 0.621274 0)
(0.868587 0.762298 0)
(0.830389 0.979747 0)
(0.829172 1.00225 0)
(0.806897 0.932996 0)
(0.785495 0.843577 0)
(0.784911 0.788908 0)
(0.784218 0.738742 0)
(0.783022 0.688938 0)
(0.784807 0.644106 0)
(0.786759 0.602345 0)
(0.789307 0.563378 0)
(0.794753 0.526827 0)
(0.800061 0.491743 0)
(0.800811 0.458376 0)
(0.944317 0.737496 0)
(1.13998 0.811361 0)
(1.20432 0.948028 0)
(1.3271 1.03606 0)
(1.46202 1.16624 0)
(1.50453 0.78487 0)
(1.11967 0.61333 0)
(0.823846 0.805602 0)
(0.803376 0.995767 0)
(0.800278 1.02136 0)
(0.771839 0.934749 0)
(0.763411 0.852812 0)
(0.768452 0.794555 0)
(0.766973 0.73807 0)
(0.767383 0.689448 0)
(0.771379 0.646623 0)
(0.774594 0.604417 0)
(0.7783 0.564623 0)
(0.784848 0.527548 0)
(0.790684 0.49232 0)
(0.791736 0.458871 0)
(0.877136 0.611588 0)
(1.07787 0.740417 0)
(1.15952 0.895268 0)
(1.29009 0.863626 0)
(1.36522 0.730658 0)
(1.25681 0.595135 0)
(0.973342 0.636496 0)
(0.782528 0.862909 0)
(0.776257 1.02148 0)
(0.759647 1.03069 0)
(0.736333 0.943753 0)
(0.743342 0.862487 0)
(0.748545 0.795246 0)
(0.748413 0.737726 0)
(0.752266 0.69303 0)
(0.758084 0.649411 0)
(0.762193 0.605765 0)
(0.767158 0.565222 0)
(0.774896 0.528001 0)
(0.781267 0.492859 0)
(0.782641 0.459337 0)
(0.778083 0.49286 0)
(0.976742 0.640799 0)
(1.09112 0.753212 0)
(1.13877 0.644259 0)
(1.17898 0.588024 0)
(1.1422 0.581842 0)
(0.843909 0.713505 0)
(0.731345 0.933647 0)
(0.738785 1.05036 0)
(0.708153 1.04195 0)
(0.706791 0.955302 0)
(0.720804 0.865455 0)
(0.725823 0.793168 0)
(0.730698 0.741836 0)
(0.737505 0.697003 0)
(0.74417 0.651075 0)
(0.749514 0.606113 0)
(0.755964 0.565483 0)
(0.764992 0.528427 0)
(0.771822 0.493384 0)
(0.773512 0.459669 0)
(0.646362 0.377067 0)
(0.855525 0.538106 0)
(0.977691 0.646732 0)
(1.01584 0.569745 0)
(1.08539 0.527852 0)
(0.984391 0.58436 0)
(0.741449 0.778023 0)
(0.6729 0.98182 0)
(0.685934 1.06777 0)
(0.660227 1.05733 0)
(0.678546 0.959113 0)
(0.693612 0.861465 0)
(0.703809 0.795897 0)
(0.713861 0.746538 0)
(0.721628 0.698952 0)
(0.729753 0.65089 0)
(0.736733 0.605923 0)
(0.744865 0.565714 0)
(0.755158 0.528806 0)
(0.762315 0.49375 0)
(0.764338 0.459735 0)
(0.470012 0.226891 0)
(0.702886 0.462121 0)
(0.826341 0.580927 0)
(0.904881 0.513446 0)
(0.958921 0.514855 0)
(0.82156 0.602453 0)
(0.669307 0.803715 0)
(0.620027 0.995118 0)
(0.614372 1.07637 0)
(0.613476 1.06729 0)
(0.646166 0.953677 0)
(0.663933 0.858737 0)
(0.684611 0.800529 0)
(0.695854 0.748532 0)
(0.704985 0.697428 0)
(0.71515 0.649818 0)
(0.7241 0.605784 0)
(0.73393 0.565877 0)
(0.745335 0.528963 0)
(0.752719 0.49384 0)
(0.755128 0.459509 0)
(0.284453 -0.0504565 0)
(0.508927 0.416245 0)
(0.668833 0.535189 0)
(0.800047 0.486776 0)
(0.805533 0.539895 0)
(0.667916 0.660333 0)
(0.589278 0.838214 0)
(0.554959 1.00803 0)
(0.545965 1.09191 0)
(0.568425 1.0655 0)
(0.606495 0.940759 0)
(0.638749 0.861186 0)
(0.665451 0.802643 0)
(0.676218 0.7455 0)
(0.68776 0.694638 0)
(0.7009 0.649301 0)
(0.711727 0.605714 0)
(0.723087 0.565757 0)
(0.735479 0.528814 0)
(0.74304 0.493667 0)
(0.745911 0.459035 0)
(0.152926 -0.389309 0)
(0.341238 0.318358 0)
(0.54374 0.467844 0)
(0.675627 0.485578 0)
(0.627731 0.577344 0)
(0.515181 0.734033 0)
(0.495336 0.8895 0)
(0.488722 1.02856 0)
(0.479756 1.09454 0)
(0.516883 1.04598 0)
(0.567477 0.933002 0)
(0.617694 0.864242 0)
(0.642862 0.799962 0)
(0.65523 0.739701 0)
(0.671257 0.69398 0)
(0.68727 0.649377 0)
(0.69942 0.60528 0)
(0.712279 0.565223 0)
(0.725605 0.528436 0)
(0.733301 0.493294 0)
(0.736707 0.458368 0)
(0.058955 -0.591512 0)
(0.238385 0.0836003 0)
(0.411998 0.399046 0)
(0.500908 0.489134 0)
(0.439342 0.598859 0)
(0.37365 0.764559 0)
(0.386017 0.910091 0)
(0.41324 1.0227 0)
(0.41116 1.07461 0)
(0.462588 1.01788 0)
(0.542005 0.933291 0)
(0.59648 0.863197 0)
(0.617234 0.791171 0)
(0.635006 0.737777 0)
(0.656637 0.694775 0)
(0.673522 0.648996 0)
(0.687057 0.60408 0)
(0.701568 0.564408 0)
(0.715739 0.527952 0)
(0.72351 0.492714 0)
(0.727528 0.457526 0)
(-0.054317 -0.669397 0)
(0.125842 -0.256514 0)
(0.247593 0.332734 0)
(0.289107 0.486292 0)
(0.261113 0.595795 0)
(0.250597 0.755024 0)
(0.283637 0.899147 0)
(0.326745 1.00431 0)
(0.346043 1.05181 0)
(0.430807 1.00858 0)
(0.517593 0.933552 0)
(0.56844 0.854135 0)
(0.591941 0.783504 0)
(0.618163 0.738794 0)
(0.641768 0.694791 0)
(0.65928 0.647076 0)
(0.674833 0.602253 0)
(0.691046 0.563548 0)
(0.705856 0.527336 0)
(0.713666 0.491828 0)
(0.718377 0.456531 0)
(-0.173329 -0.681435 0)
(0.00259048 -0.471172 0)
(0.0754161 0.152041 0)
(0.0923073 0.48893 0)
(0.111589 0.606672 0)
(0.152952 0.752415 0)
(0.209192 0.898396 0)
(0.255101 1.00009 0)
(0.303059 1.04394 0)
(0.401571 1.00362 0)
(0.493932 0.926253 0)
(0.537703 0.836885 0)
(0.570945 0.781876 0)
(0.602415 0.739042 0)
(0.62546 0.69214 0)
(0.645115 0.643535 0)
(0.663022 0.600414 0)
(0.680691 0.562674 0)
(0.695891 0.526431 0)
(0.703778 0.490572 0)
(0.709266 0.455426 0)
(-0.275126 -0.651264 0)
(-0.11086 -0.541346 0)
(-0.0360483 -0.160008 0)
(-0.0460461 0.477453 0)
(-0.00776841 0.638698 0)
(0.0678613 0.761293 0)
(0.131928 0.89915 0)
(0.185862 1.00056 0)
(0.261466 1.04011 0)
(0.37412 0.995109 0)
(0.463098 0.90665 0)
(0.510062 0.825915 0)
(0.554734 0.781954 0)
(0.585438 0.736307 0)
(0.608671 0.686322 0)
(0.63165 0.639958 0)
(0.651715 0.598912 0)
(0.670341 0.561556 0)
(0.685816 0.525091 0)
(0.693872 0.489007 0)
(0.700206 0.454255 0)
(-0.350042 -0.605766 0)
(-0.218067 -0.543506 0)
(-0.0807024 -0.341788 0)
(-0.111878 0.272841 0)
(-0.103 0.658762 0)
(-0.0171089 0.781016 0)
(0.0646335 0.913466 0)
(0.124269 1.01355 0)
(0.221465 1.03842 0)
(0.351559 0.976719 0)
(0.42999 0.878297 0)
(0.491545 0.823293 0)
(0.539258 0.779859 0)
(0.566219 0.728187 0)
(0.592621 0.680342 0)
(0.619477 0.637519 0)
(0.640598 0.597412 0)
(0.659867 0.559928 0)
(0.675673 0.523372 0)
(0.683984 0.487291 0)
(0.691204 0.453025 0)
(-0.383921 -0.572241 0)
(-0.306491 -0.504493 0)
(-0.15357 -0.400031 0)
(-0.109593 -0.0562811 0)
(-0.155331 0.604348 0)
(-0.0942216 0.798945 0)
(-0.0039531 0.921966 0)
(0.0715541 1.01253 0)
(0.193118 1.01872 0)
(0.323579 0.941683 0)
(0.404509 0.86377 0)
(0.477103 0.822765 0)
(0.519647 0.773083 0)
(0.54686 0.718364 0)
(0.57932 0.67715 0)
(0.608281 0.635645 0)
(0.629195 0.595321 0)
(0.649352 0.557757 0)
(0.665532 0.521473 0)
(0.674132 0.485511 0)
(0.682261 0.451713 0)
(-0.392707 -0.529938 0)
(-0.36113 -0.461124 0)
(-0.253315 -0.386377 0)
(-0.134959 -0.211361 0)
(-0.128523 0.264994 0)
(-0.139305 0.790595 0)
(-0.0581786 0.917093 0)
(0.0411427 0.983211 0)
(0.173084 0.98624 0)
(0.295782 0.902398 0)
(0.390166 0.857701 0)
(0.46245 0.818581 0)
(0.4974 0.759227 0)
(0.529965 0.713033 0)
(0.568562 0.675145 0)
(0.596472 0.632964 0)
(0.617551 0.592122 0)
(0.639012 0.555325 0)
(0.655413 0.519518 0)
(0.664315 0.483609 0)
(0.673384 0.450275 0)
(-0.395069 -0.47611 0)
(-0.380482 -0.422573 0)
(-0.325738 -0.334481 0)
(-0.21544 -0.240433 0)
(-0.122981 -0.00868135 0)
(-0.126157 0.497125 0)
(-0.0931399 0.889872 0)
(0.00409539 0.950462 0)
(0.15111 0.937537 0)
(0.280146 0.885508 0)
(0.377613 0.855416 0)
(0.44198 0.806488 0)
(0.476542 0.746566 0)
(0.517685 0.711329 0)
(0.557599 0.672638 0)
(0.583716 0.628723 0)
(0.605983 0.588509 0)
(0.628974 0.553007 0)
(0.645274 0.517371 0)
(0.654535 0.481421 0)
(0.664598 0.448641 0)
(-0.389886 -0.423387 0)
(-0.381464 -0.377154 0)
(-0.351852 -0.294289 0)
(-0.287091 -0.19756 0)
(-0.173357 -0.0823239 0)
(-0.109657 0.15803 0)
(-0.0665389 0.561531 0)
(0.00985336 0.873938 0)
(0.138601 0.909588 0)
(0.266422 0.876406 0)
(0.364918 0.846459 0)
(0.417425 0.786304 0)
(0.460089 0.742595 0)
(0.507525 0.708607 0)
(0.545218 0.666675 0)
(0.570936 0.622673 0)
(0.5951 0.585352 0)
(0.619198 0.550848 0)
(0.635055 0.514906 0)
(0.644808 0.478908 0)
(0.655939 0.446757 0)
(-0.379783 -0.375153 0)
(-0.372292 -0.328946 0)
(-0.350138 -0.254913 0)
(-0.31055 -0.155141 0)
(-0.223569 -0.0519881 0)
(-0.136735 0.0751948 0)
(-0.0494948 0.241144 0)
(0.0532076 0.454354 0)
(0.169232 0.643255 0)
(0.266758 0.751932 0)
(0.341269 0.775317 0)
(0.396212 0.748721 0)
(0.447669 0.728763 0)
(0.493999 0.699541 0)
(0.528857 0.657954 0)
(0.557858 0.616912 0)
(0.584748 0.582446 0)
(0.60943 0.548959 0)
(0.624783 0.512514 0)
(0.635176 0.476453 0)
(0.647435 0.444767 0)
(-0.366456 -0.331583 0)
(-0.357035 -0.283953 0)
(-0.336469 -0.21623 0)
(-0.301779 -0.120024 0)
(-0.231017 -0.017758 0)
(-0.14911 0.0926562 0)
(-0.0493107 0.188544 0)
(0.0636475 0.273652 0)
(0.181032 0.345707 0)
(0.272997 0.421697 0)
(0.354475 0.458638 0)
(0.406785 0.510908 0)
(0.45283 0.572206 0)
(0.48965 0.611184 0)
(0.519659 0.618106 0)
(0.545856 0.605023 0)
(0.573031 0.578494 0)
(0.598515 0.545884 0)
(0.614388 0.510093 0)
(0.62565 0.474963 0)
(0.639055 0.443351 0)
(-0.351255 -0.293207 0)
(-0.343298 -0.245056 0)
(-0.317959 -0.18096 0)
(-0.280222 -0.0910931 0)
(-0.220279 0.00406741 0)
(-0.140228 0.104194 0)
(-0.042096 0.190219 0)
(0.066307 0.250593 0)
(0.17465 0.289641 0)
(0.270749 0.312907 0)
(0.350492 0.309797 0)
(0.410127 0.319976 0)
(0.461129 0.335995 0)
(0.503896 0.36307 0)
(0.534657 0.417656 0)
(0.554602 0.485558 0)
(0.570573 0.531811 0)
(0.587418 0.533719 0)
(0.602475 0.506387 0)
(0.615612 0.474244 0)
(0.630597 0.443627 0)
(-0.338451 -0.259349 0)
(-0.32482 -0.209989 0)
(-0.296501 -0.151232 0)
(-0.254433 -0.0723533 0)
(-0.199484 0.0184083 0)
(-0.120243 0.101 0)
(-0.025575 0.177365 0)
(0.0785492 0.237204 0)
(0.178912 0.264043 0)
(0.266444 0.270519 0)
(0.340029 0.269093 0)
(0.402803 0.267797 0)
(0.454342 0.259663 0)
(0.499684 0.254269 0)
(0.539626 0.26336 0)
(0.568996 0.290194 0)
(0.589687 0.34866 0)
(0.598413 0.424629 0)
(0.599296 0.473099 0)
(0.606445 0.46918 0)
(0.621098 0.444411 0)
(-0.320202 -0.229414 0)
(-0.307277 -0.180312 0)
(-0.276867 -0.125478 0)
(-0.233684 -0.0577997 0)
(-0.176865 0.0219366 0)
(-0.101464 0.0973579 0)
(-0.01149 0.158966 0)
(0.0801444 0.211297 0)
(0.168922 0.23655 0)
(0.250649 0.247914 0)
(0.321223 0.256417 0)
(0.382662 0.25164 0)
(0.441958 0.241109 0)
(0.498602 0.235585 0)
(0.540491 0.227216 0)
(0.571279 0.220102 0)
(0.596155 0.227311 0)
(0.616229 0.259549 0)
(0.620689 0.328923 0)
(0.611912 0.412809 0)
(0.615865 0.435045 0)
(-0.304792 -0.203191 0)
(-0.288964 -0.155755 0)
(-0.260121 -0.101938 0)
(-0.216097 -0.0429167 0)
(-0.156718 0.0250581 0)
(-0.0864603 0.0954771 0)
(-0.00282264 0.147617 0)
(0.0809703 0.187653 0)
(0.163996 0.214733 0)
(0.24487 0.230575 0)
(0.315333 0.238128 0)
(0.378356 0.233744 0)
(0.438263 0.228377 0)
(0.492967 0.221074 0)
(0.533913 0.206437 0)
(0.567372 0.195624 0)
(0.596291 0.191553 0)
(0.619661 0.19271 0)
(0.634832 0.209181 0)
(0.637122 0.268041 0)
(0.626725 0.365474 0)
(-0.291161 -0.179578 0)
(-0.272348 -0.135744 0)
(-0.243063 -0.0827223 0)
(-0.200319 -0.0270651 0)
(-0.140713 0.0308963 0)
(-0.073764 0.0916907 0)
(0.00376435 0.139988 0)
(0.0856924 0.172972 0)
(0.16735 0.20088 0)
(0.246528 0.213581 0)
(0.316272 0.215182 0)
(0.378684 0.213693 0)
(0.436858 0.212188 0)
(0.488078 0.20312 0)
(0.528283 0.189208 0)
(0.562973 0.179944 0)
(0.59562 0.174788 0)
(0.620943 0.169518 0)
(0.637558 0.16769 0)
(0.649624 0.180334 0)
(0.652033 0.235353 0)
(-0.279597 -0.157429 0)
(-0.256758 -0.119401 0)
(-0.225564 -0.0702357 0)
(-0.184284 -0.0150959 0)
(-0.126653 0.0352273 0)
(-0.062007 0.0869355 0)
(0.0108653 0.132454 0)
(0.0899301 0.162671 0)
(0.168662 0.184545 0)
(0.243184 0.191127 0)
(0.310513 0.190811 0)
(0.37229 0.192017 0)
(0.429906 0.193052 0)
(0.480574 0.185802 0)
(0.522438 0.174312 0)
(0.55888 0.165889 0)
(0.592569 0.159435 0)
(0.618798 0.153488 0)
(0.636588 0.148516 0)
(0.651369 0.149032 0)
(0.663109 0.163082 0)
(-0.26896 -0.136537 0)
(-0.243267 -0.104464 0)
(-0.209124 -0.0630357 0)
(-0.168062 -0.0120523 0)
(-0.11342 0.0348771 0)
(-0.050544 0.0794099 0)
(0.0181562 0.120871 0)
(0.0921588 0.148877 0)
(0.166182 0.164031 0)
(0.236349 0.168732 0)
(0.303963 0.169756 0)
(0.368467 0.171309 0)
(0.427416 0.172118 0)
(0.476849 0.167761 0)
(0.518095 0.160762 0)
(0.556274 0.152585 0)
(0.591512 0.144196 0)
(0.617373 0.137966 0)
(0.634347 0.134031 0)
(0.650308 0.132381 0)
(0.665583 0.135899 0)
(-0.259601 -0.117529 0)
(-0.231681 -0.090383 0)
(-0.194676 -0.0586425 0)
(-0.15296 -0.0153351 0)
(-0.100995 0.0278631 0)
(-0.0400084 0.0677797 0)
(0.0261315 0.103862 0)
(0.0956282 0.130275 0)
(0.166387 0.143612 0)
(0.235749 0.150959 0)
(0.303919 0.153706 0)
(0.368307 0.155006 0)
(0.426122 0.15436 0)
(0.473619 0.151709 0)
(0.513774 0.146764 0)
(0.55205 0.138853 0)
(0.587789 0.12946 0)
(0.614432 0.122255 0)
(0.631765 0.119772 0)
(0.648393 0.119432 0)
(0.665127 0.119529 0)
(-0.249809 -0.102207 0)
(-0.221628 -0.0772376 0)
(-0.183329 -0.0527163 0)
(-0.139885 -0.0196524 0)
(-0.0886076 0.0184504 0)
(-0.0295688 0.0544488 0)
(0.0345292 0.0858608 0)
(0.10089 0.112186 0)
(0.169006 0.128192 0)
(0.236695 0.138887 0)
(0.303059 0.143002 0)
(0.365972 0.141648 0)
(0.423047 0.138747 0)
(0.470786 0.135776 0)
(0.511746 0.131086 0)
(0.550242 0.123713 0)
(0.585683 0.114588 0)
(0.612537 0.107279 0)
(0.629998 0.105704 0)
(0.646853 0.106612 0)
(0.664989 0.10583 0)
(-0.240037 -0.090206 0)
(-0.211048 -0.0666765 0)
(-0.173425 -0.0438689 0)
(-0.128601 -0.0184547 0)
(-0.0770296 0.0116114 0)
(-0.019436 0.0433487 0)
(0.0433635 0.0705842 0)
(0.10786 0.0961317 0)
(0.173213 0.115896 0)
(0.238228 0.12818 0)
(0.302061 0.130518 0)
(0.364218 0.127529 0)
(0.421529 0.124076 0)
(0.468845 0.119559 0)
(0.509174 0.114681 0)
(0.546241 0.108477 0)
(0.580103 0.100547 0)
(0.607817 0.0931751 0)
(0.628614 0.0920417 0)
(0.647592 0.0935601 0)
(0.665841 0.0930944 0)
(-0.230811 -0.0782665 0)
(-0.200546 -0.0572082 0)
(-0.163647 -0.0331463 0)
(-0.118401 -0.0104063 0)
(-0.0666448 0.0121921 0)
(-0.0113003 0.0370732 0)
(0.0498329 0.0592615 0)
(0.113514 0.0804955 0)
(0.176917 0.0996938 0)
(0.239579 0.111499 0)
(0.301917 0.114483 0)
(0.364402 0.113281 0)
(0.421931 0.108497 0)
(0.469054 0.10254 0)
(0.508801 0.0981302 0)
(0.544692 0.0934302 0)
(0.577417 0.0868138 0)
(0.605635 0.0797965 0)
(0.62853 0.0781209 0)
(0.64858 0.0799138 0)
(0.666339 0.0805857 0)
(-0.223547 -0.0633955 0)
(-0.191386 -0.0460026 0)
(-0.154174 -0.0239534 0)
(-0.110776 8.36685e-05 0)
(-0.059323 0.0184492 0)
(-0.00349132 0.0374924 0)
(0.0568829 0.0533769 0)
(0.119708 0.0660517 0)
(0.18214 0.0782619 0)
(0.243179 0.0889595 0)
(0.303585 0.0965904 0)
(0.363674 0.0991026 0)
(0.41861 0.0940527 0)
(0.465383 0.0863738 0)
(0.505086 0.0820371 0)
(0.540934 0.0792298 0)
(0.574724 0.0736836 0)
(0.605469 0.0671625 0)
(0.631335 0.0644369 0)
(0.652015 0.0673509 0)
(0.667096 0.0682138 0)
(-0.218382 -0.0459711 0)
(-0.184296 -0.03347 0)
(-0.146222 -0.0176573 0)
(-0.104209 0.00062799 0)
(-0.0546128 0.016 0)
(-8.18121e-05 0.0300691 0)
(0.0591373 0.0415158 0)
(0.121689 0.049143 0)
(0.184867 0.0562859 0)
(0.246893 0.0657759 0)
(0.306811 0.0775886 0)
(0.364002 0.0834655 0)
(0.416294 0.078441 0)
(0.463101 0.0704099 0)
(0.50491 0.0662276 0)
(0.542234 0.064899 0)
(0.576395 0.0604553 0)
(0.607087 0.0540545 0)
(0.633843 0.0511944 0)
(0.654317 0.0548137 0)
(0.667734 0.0557594 0)
(-0.213796 -0.0308773 0)
(-0.180597 -0.0208022 0)
(-0.142255 -0.0108394 0)
(-0.0987203 0.00146407 0)
(-0.0495666 0.0130033 0)
(0.00478935 0.0243372 0)
(0.0638307 0.0338691 0)
(0.125564 0.0392144 0)
(0.187995 0.043734 0)
(0.24896 0.0499608 0)
(0.306944 0.0590637 0)
(0.361077 0.0636374 0)
(0.411644 0.0603888 0)
(0.459821 0.0547238 0)
(0.504468 0.0517544 0)
(0.543165 0.0508901 0)
(0.576649 0.0470345 0)
(0.605814 0.0414084 0)
(0.631879 0.0392775 0)
(0.65169 0.0419892 0)
(0.664071 0.0431888 0)
(-0.210389 -0.0200372 0)
(-0.177535 -0.0120724 0)
(-0.138608 -0.00648366 0)
(-0.0951499 0.00233152 0)
(-0.0461328 0.0121903 0)
(0.00832923 0.0211337 0)
(0.0663143 0.0278397 0)
(0.126811 0.032643 0)
(0.188702 0.0345128 0)
(0.250013 0.0369137 0)
(0.308232 0.0398307 0)
(0.361425 0.0412806 0)
(0.411709 0.0411102 0)
(0.460986 0.0394776 0)
(0.506814 0.0382718 0)
(0.545232 0.0365438 0)
(0.577215 0.0332122 0)
(0.60543 0.0289858 0)
(0.632881 0.0286488 0)
(0.654215 0.0299902 0)
(0.666591 0.0310978 0)
(-0.208054 -0.0109478 0)
(-0.176609 -0.00572772 0)
(-0.137675 -0.00228582 0)
(-0.0929896 0.00136329 0)
(-0.0438142 0.00769234 0)
(0.00940891 0.0138577 0)
(0.0659814 0.0201549 0)
(0.124695 0.0252073 0)
(0.185182 0.027229 0)
(0.246081 0.0251929 0)
(0.304796 0.0215579 0)
(0.359722 0.0204972 0)
(0.411113 0.0221409 0)
(0.46015 0.0239767 0)
(0.505289 0.024098 0)
(0.542769 0.0220488 0)
(0.573791 0.0193734 0)
(0.601777 0.0170264 0)
(0.630087 0.0170619 0)
(0.6519 0.0173221 0)
(0.664266 0.0181725 0)
(-0.206703 -0.00409387 0)
(-0.174957 -0.00194861 0)
(-0.137421 -4.22894e-05 0)
(-0.0928941 0.00130501 0)
(-0.0431547 0.0034453 0)
(0.0108601 0.00580486 0)
(0.0682466 0.00790193 0)
(0.12743 0.0094681 0)
(0.187865 0.00922253 0)
(0.249056 0.00740715 0)
(0.30917 0.00627161 0)
(0.364868 0.00679471 0)
(0.415506 0.00799412 0)
(0.463241 0.0085996 0)
(0.507824 0.00825608 0)
(0.545612 0.00729428 0)
(0.577293 0.00653057 0)
(0.606063 0.00602536 0)
(0.635176 0.00624785 0)
(0.657345 0.00640679 0)
(0.669816 0.00669397 0)
(-0.206703 0.00409387 0)
(-0.174957 0.00194861 0)
(-0.137421 4.22894e-05 0)
(-0.0928941 -0.00130501 0)
(-0.0431547 -0.0034453 0)
(0.0108601 -0.00580486 0)
(0.0682466 -0.00790193 0)
(0.12743 -0.0094681 0)
(0.187865 -0.00922253 0)
(0.249056 -0.00740715 0)
(0.30917 -0.00627161 0)
(0.364868 -0.00679471 0)
(0.415506 -0.00799412 0)
(0.463241 -0.0085996 0)
(0.507824 -0.00825608 0)
(0.545612 -0.00729428 0)
(0.577293 -0.00653057 0)
(0.606063 -0.00602536 0)
(0.635176 -0.00624785 0)
(0.657345 -0.00640679 0)
(0.669816 -0.00669397 0)
(0.677753 -0.00659845 0)
(-0.208054 0.0109478 0)
(-0.176609 0.00572772 0)
(-0.137675 0.00228582 0)
(-0.0929896 -0.00136329 0)
(-0.0438142 -0.00769234 0)
(0.00940891 -0.0138577 0)
(0.0659814 -0.0201549 0)
(0.124695 -0.0252073 0)
(0.185182 -0.027229 0)
(0.246081 -0.0251929 0)
(0.304796 -0.0215579 0)
(0.359722 -0.0204972 0)
(0.411113 -0.0221409 0)
(0.46015 -0.0239767 0)
(0.505289 -0.024098 0)
(0.542769 -0.0220488 0)
(0.573791 -0.0193734 0)
(0.601777 -0.0170264 0)
(0.630087 -0.0170619 0)
(0.6519 -0.0173221 0)
(0.664266 -0.0181725 0)
(0.672223 -0.0184435 0)
(-0.210389 0.0200372 0)
(-0.177535 0.0120724 0)
(-0.138608 0.00648366 0)
(-0.0951499 -0.00233152 0)
(-0.0461328 -0.0121903 0)
(0.00832923 -0.0211337 0)
(0.0663143 -0.0278397 0)
(0.126811 -0.032643 0)
(0.188702 -0.0345128 0)
(0.250013 -0.0369137 0)
(0.308232 -0.0398307 0)
(0.361425 -0.0412806 0)
(0.411709 -0.0411102 0)
(0.460986 -0.0394776 0)
(0.506814 -0.0382718 0)
(0.545232 -0.0365438 0)
(0.577215 -0.0332122 0)
(0.60543 -0.0289858 0)
(0.632881 -0.0286488 0)
(0.654215 -0.0299902 0)
(0.666591 -0.0310978 0)
(0.674906 -0.0308848 0)
(-0.213796 0.0308773 0)
(-0.180597 0.0208022 0)
(-0.142255 0.0108394 0)
(-0.0987203 -0.00146407 0)
(-0.0495666 -0.0130033 0)
(0.00478935 -0.0243372 0)
(0.0638307 -0.0338691 0)
(0.125564 -0.0392144 0)
(0.187995 -0.043734 0)
(0.24896 -0.0499608 0)
(0.306944 -0.0590637 0)
(0.361077 -0.0636374 0)
(0.411644 -0.0603888 0)
(0.459821 -0.0547238 0)
(0.504468 -0.0517544 0)
(0.543165 -0.0508901 0)
(0.576649 -0.0470345 0)
(0.605814 -0.0414084 0)
(0.631879 -0.0392775 0)
(0.65169 -0.0419892 0)
(0.664071 -0.0431888 0)
(0.672757 -0.0425219 0)
(-0.218382 0.0459711 0)
(-0.184296 0.03347 0)
(-0.146222 0.0176573 0)
(-0.104209 -0.00062799 0)
(-0.0546128 -0.016 0)
(-8.18121e-05 -0.0300691 0)
(0.0591373 -0.0415158 0)
(0.121689 -0.049143 0)
(0.184867 -0.0562859 0)
(0.246893 -0.0657759 0)
(0.306811 -0.0775886 0)
(0.364002 -0.0834655 0)
(0.416294 -0.078441 0)
(0.463101 -0.0704099 0)
(0.50491 -0.0662276 0)
(0.542234 -0.064899 0)
(0.576395 -0.0604553 0)
(0.607087 -0.0540545 0)
(0.633843 -0.0511944 0)
(0.654317 -0.0548137 0)
(0.667734 -0.0557594 0)
(0.677379 -0.0539428 0)
(-0.223547 0.0633955 0)
(-0.191386 0.0460026 0)
(-0.154174 0.0239534 0)
(-0.110776 -8.36685e-05 0)
(-0.059323 -0.0184492 0)
(-0.00349132 -0.0374924 0)
(0.0568829 -0.0533769 0)
(0.119708 -0.0660517 0)
(0.18214 -0.0782619 0)
(0.243179 -0.0889595 0)
(0.303585 -0.0965904 0)
(0.363674 -0.0991026 0)
(0.41861 -0.0940527 0)
(0.465383 -0.0863738 0)
(0.505086 -0.0820371 0)
(0.540934 -0.0792298 0)
(0.574724 -0.0736836 0)
(0.605469 -0.0671625 0)
(0.631335 -0.0644369 0)
(0.652015 -0.0673509 0)
(0.667096 -0.0682138 0)
(0.678205 -0.0658585 0)
(-0.230811 0.0782665 0)
(-0.200546 0.0572082 0)
(-0.163647 0.0331463 0)
(-0.118401 0.0104063 0)
(-0.0666448 -0.0121921 0)
(-0.0113003 -0.0370732 0)
(0.0498329 -0.0592615 0)
(0.113514 -0.0804955 0)
(0.176917 -0.0996938 0)
(0.239579 -0.111499 0)
(0.301917 -0.114483 0)
(0.364402 -0.113281 0)
(0.421931 -0.108497 0)
(0.469054 -0.10254 0)
(0.508801 -0.0981302 0)
(0.544692 -0.0934302 0)
(0.577417 -0.0868138 0)
(0.605635 -0.0797965 0)
(1.13435 -0.167843 0)
(1.13665 -0.158414 0)
(1.13832 -0.148986 0)
(1.13948 -0.139824 0)
(1.14016 -0.131115 0)
(1.14039 -0.122954 0)
(1.14022 -0.115556 0)
(1.13982 -0.109461 0)
(1.13929 -0.104766 0)
(1.06876 -0.292056 0)
(1.07688 -0.281869 0)
(1.08499 -0.271693 0)
(1.09283 -0.260706 0)
(1.10034 -0.2496 0)
(1.10638 -0.238757 0)
(1.11332 -0.227836 0)
(1.11887 -0.217342 0)
(1.1236 -0.205922 0)
(1.12776 -0.195262 0)
(1.13211 -0.184609 0)
(1.13554 -0.174577 0)
(1.13794 -0.164475 0)
(1.1397 -0.154609 0)
(1.14114 -0.145119 0)
(1.14212 -0.136 0)
(1.14259 -0.127254 0)
(1.14256 -0.118987 0)
(1.14207 -0.111392 0)
(1.1413 -0.104787 0)
(1.14046 -0.0995074 0)
(1.07219 -0.290713 0)
(1.08117 -0.280195 0)
(1.08962 -0.269604 0)
(1.09696 -0.258291 0)
(1.10419 -0.247163 0)
(1.11114 -0.236548 0)
(1.11702 -0.224946 0)
(1.12275 -0.214049 0)
(1.12761 -0.203073 0)
(1.13191 -0.192291 0)
(1.13587 -0.18119 0)
(1.13901 -0.170995 0)
(1.14134 -0.161015 0)
(1.14311 -0.15122 0)
(1.14443 -0.141739 0)
(1.14525 -0.132646 0)
(1.14556 -0.123949 0)
(1.14537 -0.115681 0)
(1.14474 -0.107817 0)
(1.14377 -0.100356 0)
(1.14261 -0.093511 0)
(1.07678 -0.289175 0)
(1.08535 -0.278073 0)
(1.09333 -0.266999 0)
(1.10145 -0.256155 0)
(1.10827 -0.244788 0)
(1.11515 -0.233777 0)
(1.12117 -0.222103 0)
(1.12677 -0.210906 0)
(1.1314 -0.200192 0)
(1.13584 -0.189114 0)
(1.13974 -0.177703 0)
(1.14279 -0.167264 0)
(1.14496 -0.157424 0)
(1.14654 -0.14775 0)
(1.14772 -0.138237 0)
(1.14843 -0.129039 0)
(1.14864 -0.12024 0)
(1.14833 -0.111855 0)
(1.14752 -0.103835 0)
(1.14621 -0.0961662 0)
(1.14443 -0.0891414 0)
(1.0807 -0.286896 0)
(1.08968 -0.275935 0)
(1.09768 -0.264787 0)
(1.1055 -0.253918 0)
(1.11271 -0.242302 0)
(1.11937 -0.230797 0)
(1.12528 -0.219429 0)
(1.13067 -0.208 0)
(1.13567 -0.196905 0)
(1.14008 -0.185596 0)
(1.1436 -0.174474 0)
(1.14627 -0.163925 0)
(1.14839 -0.153745 0)
(1.15001 -0.143801 0)
(1.15107 -0.134151 0)
(1.15154 -0.124891 0)
(1.15145 -0.116086 0)
(1.15086 -0.10775 0)
(1.14977 -0.0999085 0)
(1.14819 -0.0926147 0)
(1.1463 -0.0858968 0)
(1.085 -0.284825 0)
(1.09367 -0.274112 0)
(1.10207 -0.262786 0)
(1.10998 -0.251234 0)
(1.11716 -0.239806 0)
(1.1235 -0.228052 0)
(1.12984 -0.216478 0)
(1.13527 -0.20493 0)
(1.13981 -0.193659 0)
(1.14389 -0.182156 0)
(1.14751 -0.171045 0)
(1.15029 -0.160336 0)
(1.15217 -0.149942 0)
(1.15341 -0.139884 0)
(1.15417 -0.130192 0)
(1.15446 -0.120921 0)
(1.15425 -0.112145 0)
(1.15354 -0.103911 0)
(1.15239 -0.0962144 0)
(1.15086 -0.0889881 0)
(1.14896 -0.0821254 0)
(1.08933 -0.283259 0)
(1.09812 -0.272031 0)
(1.10657 -0.260575 0)
(1.11424 -0.24861 0)
(1.12152 -0.237256 0)
(1.12832 -0.225261 0)
(1.13426 -0.213365 0)
(1.13941 -0.201863 0)
(1.14405 -0.190439 0)
(1.14822 -0.178658 0)
(1.15156 -0.167276 0)
(1.15397 -0.156539 0)
(1.15567 -0.146203 0)
(1.15687 -0.136131 0)
(1.15754 -0.126369 0)
(1.15763 -0.117042 0)
(1.15717 -0.108251 0)
(1.15622 -0.100027 0)
(1.15484 -0.0923275 0)
(1.15302 -0.0850679 0)
(1.15074 -0.0782193 0)
(1.09381 -0.281578 0)
(1.10272 -0.269756 0)
(1.11078 -0.258281 0)
(1.1189 -0.246192 0)
(1.12599 -0.234517 0)
(1.1326 -0.222407 0)
(1.13866 -0.21034 0)
(1.14401 -0.198625 0)
(1.14841 -0.186944 0)
(1.15209 -0.175147 0)
(1.15526 -0.163607 0)
(1.1578 -0.152687 0)
(1.15956 -0.14225 0)
(1.16056 -0.132139 0)
(1.1609 -0.122367 0)
(1.16072 -0.113 0)
(1.16005 -0.104129 0)
(1.15891 -0.0958397 0)
(1.15735 -0.0881304 0)
(1.15539 -0.0809634 0)
(1.15304 -0.0743302 0)
(1.09808 -0.279647 0)
(1.10707 -0.267737 0)
(1.11557 -0.255929 0)
(1.12332 -0.243758 0)
(1.13052 -0.231687 0)
(1.1372 -0.219433 0)
(1.14303 -0.207298 0)
(1.14807 -0.19529 0)
(1.15245 -0.183348 0)
(1.15634 -0.171518 0)
(1.1595 -0.159901 0)
(1.16172 -0.1488 0)
(1.16311 -0.138205 0)
(1.16392 -0.128002 0)
(1.16418 -0.118188 0)
(1.16384 -0.108802 0)
(1.16292 -0.0999269 0)
(1.16151 -0.0916575 0)
(1.15967 -0.0840626 0)
(1.15744 -0.0771455 0)
(1.15484 -0.0707588 0)
(1.10294 -0.277747 0)
(1.11171 -0.265803 0)
(1.12014 -0.253527 0)
(1.12799 -0.241172 0)
(1.13526 -0.22884 0)
(1.14162 -0.216426 0)
(1.14736 -0.2041 0)
(1.1526 -0.191783 0)
(1.15693 -0.179727 0)
(1.16047 -0.167861 0)
(1.16338 -0.15616 0)
(1.16559 -0.144827 0)
(1.16701 -0.134015 0)
(1.16763 -0.123741 0)
(1.16755 -0.113975 0)
(1.16689 -0.104663 0)
(1.16573 -0.0958302 0)
(1.16409 -0.0875887 0)
(1.16206 -0.0800192 0)
(1.15976 -0.0730794 0)
(1.15715 -0.0666612 0)
(1.10729 -0.275845 0)
(1.11637 -0.263698 0)
(1.12499 -0.251093 0)
(1.13274 -0.23857 0)
(1.13993 -0.22594 0)
(1.14637 -0.213324 0)
(1.15216 -0.200731 0)
(1.15709 -0.188247 0)
(1.16122 -0.176147 0)
(1.16483 -0.164065 0)
(1.16775 -0.152144 0)
(1.16966 -0.140697 0)
(1.17064 -0.129858 0)
(1.17097 -0.119563 0)
(1.17079 -0.109756 0)
(1.17003 -0.100436 0)
(1.16868 -0.0916189 0)
(1.16683 -0.0833475 0)
(1.16455 -0.0757252 0)
(1.16186 -0.0688456 0)
(1.15881 -0.0626758 0)
(1.1121 -0.273729 0)
(1.12127 -0.261453 0)
(1.12959 -0.248722 0)
(1.13758 -0.235941 0)
(1.1449 -0.222908 0)
(1.15106 -0.21019 0)
(1.15676 -0.19737 0)
(1.16192 -0.184619 0)
(1.1661 -0.172317 0)
(1.16929 -0.160134 0)
(1.17173 -0.148145 0)
(1.17351 -0.136555 0)
(1.17455 -0.125511 0)
(1.17477 -0.115087 0)
(1.17425 -0.10528 0)
(1.17314 -0.0960203 0)
(1.17151 -0.0872532 0)
(1.16935 -0.079025 0)
(1.16676 -0.071443 0)
(1.1639 -0.0645977 0)
(1.16084 -0.0584971 0)
(1.11668 -0.271631 0)
(1.12606 -0.259163 0)
(1.13461 -0.246254 0)
(1.14248 -0.233205 0)
(1.14961 -0.219926 0)
(1.15602 -0.206962 0)
(1.16185 -0.193813 0)
(1.16659 -0.180934 0)
(1.17039 -0.1685 0)
(1.17358 -0.156134 0)
(1.17611 -0.143934 0)
(1.17772 -0.132188 0)
(1.17835 -0.121066 0)
(1.17819 -0.110594 0)
(1.17746 -0.100737 0)
(1.17618 -0.0914767 0)
(1.17436 -0.0827674 0)
(1.17204 -0.0745924 0)
(1.16925 -0.0670417 0)
(1.16606 -0.0602592 0)
(1.1626 -0.0542791 0)
(1.12154 -0.26964 0)
(1.13103 -0.256808 0)
(1.13957 -0.243703 0)
(1.14755 -0.230328 0)
(1.15463 -0.216887 0)
(1.16081 -0.203683 0)
(1.16649 -0.190226 0)
(1.17131 -0.177151 0)
(1.17513 -0.164483 0)
(1.17806 -0.151947 0)
(1.18017 -0.139663 0)
(1.18154 -0.127821 0)
(1.18215 -0.116549 0)
(1.18192 -0.105947 0)
(1.18092 -0.0960392 0)
(1.17931 -0.0868041 0)
(1.17718 -0.0781812 0)
(1.17455 -0.0701325 0)
(1.17146 -0.0626645 0)
(1.16804 -0.0558541 0)
(1.16442 -0.0498197 0)
(1.12667 -0.267571 0)
(1.13603 -0.254376 0)
(1.14469 -0.241075 0)
(1.15271 -0.227368 0)
(1.15966 -0.213787 0)
(1.16585 -0.200256 0)
(1.17147 -0.186514 0)
(1.17605 -0.173264 0)
(1.17956 -0.16043 0)
(1.18233 -0.147709 0)
(1.18448 -0.135225 0)
(1.18579 -0.123237 0)
(1.18611 -0.111904 0)
(1.1855 -0.101268 0)
(1.18417 -0.0913126 0)
(1.1823 -0.0820442 0)
(1.17997 -0.0734303 0)
(1.17718 -0.0654201 0)
(1.17393 -0.0579915 0)
(1.17023 -0.0512303 0)
(1.16621 -0.0453119 0)
(1.13152 -0.265413 0)
(1.14126 -0.251939 0)
(1.14996 -0.238367 0)
(1.15789 -0.224364 0)
(1.16489 -0.210573 0)
(1.17106 -0.196694 0)
(1.17638 -0.182751 0)
(1.18078 -0.169294 0)
(1.18434 -0.156194 0)
(1.18705 -0.143273 0)
(1.18884 -0.1307 0)
(1.18975 -0.118655 0)
(1.18988 -0.107207 0)
(1.18917 -0.0964304 0)
(1.18767 -0.0863687 0)
(1.18549 -0.0770505 0)
(1.1828 -0.0684686 0)
(1.17966 -0.0605794 0)
(1.17608 -0.0533231 0)
(1.17209 -0.0467078 0)
(1.16789 -0.0408028 0)
(1.13664 -0.26296 0)
(1.14627 -0.24951 0)
(1.15519 -0.235608 0)
(1.16325 -0.221304 0)
(1.17012 -0.207259 0)
(1.17617 -0.193071 0)
(1.18156 -0.178879 0)
(1.18594 -0.165134 0)
(1.18919 -0.151839 0)
(1.19154 -0.138818 0)
(1.19321 -0.126091 0)
(1.19408 -0.113851 0)
(1.19397 -0.102283 0)
(1.19286 -0.0914774 0)
(1.19094 -0.0814015 0)
(1.18844 -0.0720462 0)
(1.18548 -0.0634522 0)
(1.18214 -0.0556089 0)
(1.17842 -0.0484327 0)
(1.17429 -0.0418949 0)
(1.16978 -0.0360624 0)
(1.14161 -0.260106 0)
(1.15171 -0.246782 0)
(1.16064 -0.232732 0)
(1.16856 -0.218257 0)
(1.17557 -0.203827 0)
(1.18166 -0.18928 0)
(1.1867 -0.174921 0)
(1.1908 -0.160985 0)
(1.19411 -0.147387 0)
(1.19653 -0.1341 0)
(1.19789 -0.121246 0)
(1.19823 -0.108979 0)
(1.19774 -0.0973683 0)
(1.19648 -0.0864547 0)
(1.19442 -0.0762645 0)
(1.19165 -0.0668505 0)
(1.18834 -0.0582528 0)
(1.18465 -0.0504713 0)
(1.18055 -0.0434573 0)
(1.17607 -0.0371319 0)
(1.17133 -0.0314449 0)
(1.14637 -0.256824 0)
(1.1568 -0.243757 0)
(1.16603 -0.229714 0)
(1.17417 -0.215081 0)
(1.18105 -0.200304 0)
(1.1869 -0.185495 0)
(1.19201 -0.170845 0)
(1.19617 -0.156567 0)
(1.19917 -0.142748 0)
(1.20109 -0.129369 0)
(1.20217 -0.116402 0)
(1.20246 -0.103952 0)
(1.20184 -0.0921999 0)
(1.20024 -0.0812495 0)
(1.19778 -0.0710615 0)
(1.19465 -0.0616337 0)
(1.19102 -0.0530227 0)
(1.18701 -0.0452641 0)
(1.18271 -0.038318 0)
(1.17812 -0.0321116 0)
(1.17318 -0.0266011 0)
(1.15105 -0.253017 0)
(1.16189 -0.2403 0)
(1.17144 -0.22644 0)
(1.17967 -0.211774 0)
(1.18668 -0.196683 0)
(1.19253 -0.18157 0)
(1.19733 -0.166661 0)
(1.20115 -0.15212 0)
(1.20407 -0.138021 0)
(1.20604 -0.124382 0)
(1.20691 -0.111262 0)
(1.2067 -0.0987789 0)
(1.20562 -0.0870081 0)
(1.20379 -0.0759775 0)
(1.20117 -0.0657131 0)
(1.1978 -0.0562517 0)
(1.19386 -0.0476196 0)
(1.18951 -0.0398822 0)
(1.18482 -0.0330888 0)
(1.17984 -0.0271433 0)
(1.17463 -0.0218758 0)
(1.15581 -0.248683 0)
(1.16702 -0.236244 0)
(1.17674 -0.222776 0)
(1.1853 -0.208192 0)
(1.19243 -0.192942 0)
(1.19809 -0.177604 0)
(1.20272 -0.162373 0)
(1.20651 -0.147447 0)
(1.20923 -0.133078 0)
(1.21074 -0.119338 0)
(1.21123 -0.106133 0)
(1.21089 -0.0934739 0)
(1.2097 -0.0815417 0)
(1.20758 -0.0704593 0)
(1.20461 -0.0602167 0)
(1.20087 -0.0507882 0)
(1.19654 -0.0422129 0)
(1.19179 -0.0345398 0)
(1.18683 -0.027798 0)
(1.1817 -0.0219413 0)
(1.17633 -0.0168616 0)
(1.15997 -0.244191 0)
(1.17168 -0.231925 0)
(1.18203 -0.218621 0)
(1.19085 -0.204252 0)
(1.19808 -0.189061 0)
(1.2039 -0.17351 0)
(1.20849 -0.157897 0)
(1.21188 -0.142666 0)
(1.2142 -0.128095 0)
(1.2156 -0.114124 0)
(1.21599 -0.1007 0)
(1.21529 -0.0879351 0)
(1.21362 -0.075974 0)
(1.21114 -0.0648682 0)
(1.2079 -0.0546172 0)
(1.20393 -0.0452014 0)
(1.19934 -0.0366459 0)
(1.19429 -0.0289913 0)
(1.18892 -0.0223435 0)
(1.18335 -0.0167192 0)
(1.17762 -0.011942 0)
(1.16471 -0.238995 0)
(1.17647 -0.227031 0)
(1.18696 -0.214147 0)
(1.19625 -0.199958 0)
(1.20389 -0.184836 0)
(1.20965 -0.169263 0)
(1.21401 -0.15343 0)
(1.21739 -0.137792 0)
(1.21968 -0.122846 0)
(1.22068 -0.108697 0)
(1.22055 -0.0952024 0)
(1.21951 -0.0823143 0)
(1.21764 -0.0701876 0)
(1.21493 -0.0589891 0)
(1.21137 -0.0487522 0)
(1.20703 -0.0394256 0)
(1.20201 -0.0310068 0)
(1.19653 -0.0234825 0)
(1.19082 -0.0169143 0)
(1.18502 -0.0113558 0)
(1.17912 -0.00670633 0)
(1.16903 -0.233788 0)
(1.18128 -0.221743 0)
(1.19222 -0.208986 0)
(1.20166 -0.195148 0)
(1.20937 -0.18036 0)
(1.21543 -0.164807 0)
(1.22001 -0.14872 0)
(1.22307 -0.132795 0)
(1.22482 -0.117629 0)
(1.2256 -0.103212 0)
(1.22541 -0.0894343 0)
(1.22411 -0.0763698 0)
(1.22176 -0.0641817 0)
(1.21853 -0.052997 0)
(1.21457 -0.0428144 0)
(1.20994 -0.0335701 0)
(1.20469 -0.0252307 0)
(1.19895 -0.0177808 0)
(1.19288 -0.0113091 0)
(1.18663 -0.00591298 0)
(1.18028 -0.00148509 0)
(1.17339 -0.228404 0)
(1.18586 -0.216247 0)
(1.19711 -0.203552 0)
(1.20697 -0.189877 0)
(1.21513 -0.175292 0)
(1.2213 -0.159967 0)
(1.22568 -0.143938 0)
(1.22866 -0.127763 0)
(1.23039 -0.112182 0)
(1.23086 -0.0974666 0)
(1.23014 -0.0835594 0)
(1.2284 -0.0703916 0)
(1.22576 -0.0580582 0)
(1.22228 -0.0467618 0)
(1.21802 -0.036567 0)
(1.21301 -0.0274389 0)
(1.20735 -0.0192981 0)
(1.20117 -0.0120665 0)
(1.19473 -0.00574052 0)
(1.18819 -0.000392676 0)
(1.18158 0.00401254 0)
(1.17802 -0.222841 0)
(1.19047 -0.210522 0)
(1.20199 -0.197746 0)
(1.21212 -0.184192 0)
(1.22042 -0.169947 0)
(1.22692 -0.154818 0)
(1.23169 -0.138775 0)
(1.23462 -0.122467 0)
(1.23584 -0.106689 0)
(1.23585 -0.0917258 0)
(1.23491 -0.0775362 0)
(1.23296 -0.0641489 0)
(1.22994 -0.0517129 0)
(1.22594 -0.0404213 0)
(1.22117 -0.0303016 0)
(1.21576 -0.0213008 0)
(1.20981 -0.0133008 0)
(1.20341 -0.00621488 0)
(1.19668 -2.57165e-05 0)
(1.18974 0.00518817 0)
(1.18265 0.0094648 0)
(1.18259 -0.217555 0)
(1.19538 -0.204494 0)
(1.20694 -0.191557 0)
(1.21719 -0.178158 0)
(1.22588 -0.164048 0)
(1.23264 -0.149148 0)
(1.23738 -0.133378 0)
(1.24023 -0.117103 0)
(1.24142 -0.101065 0)
(1.24124 -0.08575 0)
(1.23987 -0.0713097 0)
(1.23743 -0.0577983 0)
(1.23399 -0.0452805 0)
(1.22967 -0.0339078 0)
(1.22457 -0.0237515 0)
(1.21881 -0.0148232 0)
(1.21245 -0.00702031 0)
(1.20563 -0.000211263 0)
(1.19851 0.00572047 0)
(1.19122 0.0108003 0)
(1.18384 0.0150885 0)
(1.18735 -0.212476 0)
(1.19999 -0.198719 0)
(1.21186 -0.185237 0)
(1.22239 -0.17167 0)
(1.23119 -0.157739 0)
(1.23816 -0.143063 0)
(1.24325 -0.127464 0)
(1.24626 -0.111294 0)
(1.24718 -0.0952222 0)
(1.24647 -0.0797486 0)
(1.24462 -0.0650876 0)
(1.24185 -0.0513686 0)
(1.2381 -0.0387178 0)
(1.23333 -0.0273179 0)
(1.22768 -0.0172426 0)
(1.22139 -0.00845481 0)
(1.21464 -0.000831926 0)
(1.20755 0.00578073 0)
(1.20021 0.0115018 0)
(1.19262 0.01641 0)
(1.18483 0.020592 0)
(1.19257 -0.20768 0)
(1.20508 -0.192816 0)
(1.21678 -0.178824 0)
(1.22734 -0.1651 0)
(1.2364 -0.151109 0)
(1.24359 -0.136557 0)
(1.24877 -0.121253 0)
(1.25184 -0.105302 0)
(1.25281 -0.0892047 0)
(1.25204 -0.0734852 0)
(1.24992 -0.0585318 0)
(1.24663 -0.0446492 0)
(1.24232 -0.031965 0)
(1.23708 -0.0205524 0)
(1.23106 -0.0104557 0)
(1.22442 -0.00167807 0)
(1.21727 0.00580196 0)
(1.20976 0.0121484 0)
(1.20202 0.0175306 0)
(1.19407 0.0221779 0)
(1.18598 0.0262312 0)
(1.19809 -0.203288 0)
(1.21022 -0.187346 0)
(1.2219 -0.172384 0)
(1.23261 -0.158109 0)
(1.24181 -0.143968 0)
(1.24909 -0.129556 0)
(1.25435 -0.114538 0)
(1.25757 -0.0988038 0)
(1.25856 -0.0828025 0)
(1.25744 -0.0671048 0)
(1.25474 -0.0520813 0)
(1.25099 -0.0380376 0)
(1.2463 -0.0252183 0)
(1.24062 -0.0137997 0)
(1.23403 -0.0038058 0)
(1.2268 0.00483663 0)
(1.21918 0.012156 0)
(1.21132 0.0183077 0)
(1.20331 0.023419 0)
(1.19511 0.0278002 0)
(1.18674 0.0316044 0)
(1.20421 -0.199021 0)
(1.21587 -0.182037 0)
(1.2271 -0.166128 0)
(1.23764 -0.151246 0)
(1.24695 -0.136767 0)
(1.25445 -0.122242 0)
(1.25989 -0.107371 0)
(1.26311 -0.0919435 0)
(1.26406 -0.0761467 0)
(1.26298 -0.0603988 0)
(1.26019 -0.0451672 0)
(1.25599 -0.0309724 0)
(1.2507 -0.0181173 0)
(1.2445 -0.00670009 0)
(1.23752 0.00332048 0)
(1.22989 0.0119374 0)
(1.2218 0.0191268 0)
(1.21348 0.0250497 0)
(1.20508 0.029851 0)
(1.19655 0.0339279 0)
(1.18792 0.0374079 0)
(1.21077 -0.19473 0)
(1.22185 -0.177072 0)
(1.23268 -0.160033 0)
(1.24306 -0.144139 0)
(1.25234 -0.129179 0)
(1.25974 -0.114663 0)
(1.26521 -0.0999324 0)
(1.26872 -0.0845213 0)
(1.26978 -0.0688771 0)
(1.26832 -0.0534762 0)
(1.26492 -0.038439 0)
(1.26026 -0.0241439 0)
(1.25457 -0.011103 0)
(1.24783 0.000281019 0)
(1.2402 0.0101123 0)
(1.23199 0.0185373 0)
(1.22345 0.0256152 0)
(1.21478 0.0314045 0)
(1.20602 0.0359836 0)
(1.19711 0.0397322 0)
(1.18821 0.0427644 0)
(1.21778 -0.190217 0)
(1.22847 -0.172042 0)
(1.23861 -0.154171 0)
(1.24843 -0.137383 0)
(1.25759 -0.121689 0)
(1.26527 -0.106589 0)
(1.27079 -0.0918351 0)
(1.27393 -0.0769379 0)
(1.27489 -0.061617 0)
(1.27381 -0.046094 0)
(1.27057 -0.0308826 0)
(1.2654 -0.0166524 0)
(1.25891 -0.00372712 0)
(1.25166 0.00768756 0)
(1.24377 0.0176259 0)
(1.2352 0.0260318 0)
(1.22612 0.032938 0)
(1.21687 0.0384244 0)
(1.20763 0.0427738 0)
(1.19842 0.0463424 0)
(1.18934 0.0490198 0)
(1.22521 -0.185287 0)
(1.23534 -0.167027 0)
(1.24491 -0.148565 0)
(1.25439 -0.13051 0)
(1.26322 -0.113885 0)
(1.27032 -0.0987641 0)
(1.27582 -0.0839545 0)
(1.27963 -0.068537 0)
(1.28077 -0.0531944 0)
(1.27895 -0.0384443 0)
(1.27489 -0.0238366 0)
(1.26952 -0.00954388 0)
(1.26297 0.00372669 0)
(1.25512 0.0151805 0)
(1.24629 0.0247284 0)
(1.23695 0.0327447 0)
(1.22746 0.0395033 0)
(1.21803 0.0449426 0)
(1.20849 0.049265 0)
(1.19875 0.0525385 0)
(1.18922 0.0546805 0)
(1.23262 -0.180193 0)
(1.2429 -0.161547 0)
(1.25201 -0.142627 0)
(1.26034 -0.124126 0)
(1.26861 -0.106616 0)
(1.27624 -0.0901414 0)
(1.28171 -0.0748844 0)
(1.28439 -0.060433 0)
(1.28512 -0.0456468 0)
(1.28417 -0.0303963 0)
(1.2808 -0.0153813 0)
(1.27484 -0.00138583 0)
(1.267 0.0112869 0)
(1.25842 0.0226408 0)
(1.24956 0.0324485 0)
(1.24018 0.0406179 0)
(1.23024 0.0472141 0)
(1.22 0.0521549 0)
(1.20969 0.0560715 0)
(1.19967 0.0592903 0)
(1.19003 0.0613461 0)
(1.24065 -0.174446 0)
(1.2504 -0.155897 0)
(1.25888 -0.136994 0)
(1.26724 -0.117433 0)
(1.27498 -0.098729 0)
(1.28122 -0.0822877 0)
(1.28632 -0.0668752 0)
(1.29027 -0.0511942 0)
(1.29153 -0.0358697 0)
(1.28932 -0.0217815 0)
(1.28459 -0.00800348 0)
(1.27851 0.00595909 0)
(1.27128 0.0192451 0)
(1.26249 0.0308958 0)
(1.25243 0.0402266 0)
(1.24181 0.0476672 0)
(1.23121 0.0538165 0)
(1.2209 0.0587665 0)
(1.21067 0.0628451 0)
(1.20028 0.0659704 0)
(1.18996 0.0675752 0)
(1.2478 -0.169135 0)
(1.25854 -0.149738 0)
(1.26722 -0.130199 0)
(1.27403 -0.110954 0)
(1.28071 -0.09187 0)
(1.28754 -0.0736076 0)
(1.29259 -0.057098 0)
(1.2949 -0.0424767 0)
(1.2952 -0.0281217 0)
(1.29402 -0.0133042 0)
(1.29055 0.00130828 0)
(1.28405 0.0150095 0)
(1.27509 0.0272715 0)
(1.265 0.0382673 0)
(1.25481 0.0477918 0)
(1.24458 0.0556962 0)
(1.23393 0.0618568 0)
(1.22279 0.0662964 0)
(1.21151 0.069636 0)
(1.20051 0.0723304 0)
(1.19008 0.0739781 0)
(1.25638 -0.16272 0)
(1.26644 -0.143368 0)
(1.27426 -0.124144 0)
(1.28162 -0.104076 0)
(1.28814 -0.0838229 0)
(1.29318 -0.0654913 0)
(1.29718 -0.0488999 0)
(1.30062 -0.0329099 0)
(1.30185 -0.0174409 0)
(1.29946 -0.00353264 0)
(1.29417 0.00936902 0)
(1.28711 0.0225697 0)
(1.27895 0.0355582 0)
(1.26946 0.0471195 0)
(1.25847 0.0565109 0)
(1.24657 0.0635124 0)
(1.23469 0.0687338 0)
(1.22328 0.0729551 0)
(1.21233 0.0765529 0)
(1.20143 0.0792673 0)
(1.19052 0.080653 0)
(1.26313 -0.157512 0)
(1.27461 -0.136896 0)
(1.28365 -0.116335 0)
(1.2896 -0.096587 0)
(1.29442 -0.0769119 0)
(1.29952 -0.0572842 0)
(1.30369 -0.0390685 0)
(1.30583 -0.0232526 0)
(1.30555 -0.00899965 0)
(1.30344 0.00512029 0)
(1.29958 0.0191868 0)
(1.29277 0.032499 0)
(1.2832 0.0446056 0)
(1.27185 0.0549795 0)
(1.25984 0.0638758 0)
(1.24826 0.0713562 0)
(1.23693 0.0769619 0)
(1.22519 0.0809403 0)
(1.21315 0.0837764 0)
(1.20127 0.0856137 0)
(1.18994 0.0864899 0)
(1.27214 -0.150812 0)
(1.28301 -0.129898 0)
(1.29072 -0.109917 0)
(1.29715 -0.0894658 0)
(1.30278 -0.0684776 0)
(1.30657 -0.048354 0)
(1.30897 -0.0303316 0)
(1.31091 -0.0139142 0)
(1.31154 0.00167913 0)
(1.30929 0.0160413 0)
(1.30365 0.0286486 0)
(1.29551 0.0406302 0)
(1.28599 0.0528131 0)
(1.27551 0.0639984 0)
(1.26384 0.0732544 0)
(1.25106 0.0801857 0)
(1.23801 0.0846906 0)
(1.22529 0.0879094 0)
(1.21321 0.0906452 0)
(1.20173 0.0925826 0)
(1.19057 0.0933287 0)
(1.27937 -0.145267 0)
(1.29085 -0.123571 0)
(1.30054 -0.10165 0)
(1.30656 -0.0806404 0)
(1.31005 -0.0605829 0)
(1.31268 -0.0405828 0)
(1.3153 -0.0211156 0)
(1.31707 -0.00337167 0)
(1.31609 0.0118467 0)
(1.31275 0.0250955 0)
(1.30775 0.0383035 0)
(1.30067 0.051099 0)
(1.29091 0.0630539 0)
(1.27864 0.0731002 0)
(1.26511 0.081092 0)
(1.25176 0.087734 0)
(1.23915 0.0927119 0)
(1.22678 0.0962467 0)
(1.21427 0.0986172 0)
(1.20182 0.099676 0)
(1.18981 0.0994306 0)
(1.28838 -0.138762 0)
(1.30003 -0.11605 0)
(1.30827 -0.0944443 0)
(1.31373 -0.0735096 0)
(1.31843 -0.0519931 0)
(1.3213 -0.0306983 0)
(1.32219 -0.0110777 0)
(1.32193 0.00617856 0)
(1.32029 0.0216778 0)
(1.31856 0.0363649 0)
(1.31278 0.049542 0)
(1.30386 0.0606724 0)
(1.29277 0.0713152 0)
(1.28074 0.0816657 0)
(1.26825 0.0905239 0)
(1.2549 0.0971747 0)
(1.24103 0.101464 0)
(1.22712 0.104052 0)
(1.21373 0.105733 0)
(1.20126 0.106597 0)
(1.18969 0.106322 0)
(1.29749 -0.131799 0)
(1.30775 -0.109663 0)
(1.31719 -0.0866735 0)
(1.3241 -0.0640296 0)
(1.32739 -0.0424481 0)
(1.32786 -0.0222473 0)
(1.32802 -0.00251558 0)
(1.32801 0.0166352 0)
(1.32643 0.0337312 0)
(1.32254 0.0470294 0)
(1.3155 0.0588035 0)
(1.30758 0.0708737 0)
(1.29755 0.0822855 0)
(1.28484 0.0919897 0)
(1.27035 0.0996314 0)
(1.25538 0.105045 0)
(1.24102 0.108894 0)
(1.2275 0.111939 0)
(1.21443 0.113995 0)
(1.20159 0.114493 0)
(1.1892 0.113265 0)
(1.30596 -0.125589 0)
(1.31752 -0.101926 0)
(1.32654 -0.0780733 0)
(1.33183 -0.0560257 0)
(1.335 -0.034156 0)
(1.33655 -0.0122832 0)
(1.33688 0.00876613 0)
(1.33401 0.027628 0)
(1.32958 0.0432643 0)
(1.32687 0.0575408 0)
(1.32116 0.0710224 0)
(1.31178 0.0823151 0)
(1.29965 0.0917363 0)
(1.28593 0.10034 0)
(1.2717 0.108357 0)
(1.25751 0.114336 0)
(1.24325 0.118103 0)
(1.22874 0.120553 0)
(1.21433 0.121835 0)
(1.20068 0.121737 0)
(1.18824 0.120264 0)
(1.31771 -0.117029 0)
(1.3267 -0.0939373 0)
(1.33426 -0.0709976 0)
(1.34112 -0.0472074 0)
(1.34544 -0.0235973 0)
(1.34512 -0.00167364 0)
(1.34305 0.0179279 0)
(1.33878 0.036943 0)
(1.33607 0.0552613 0)
(1.3324 0.0703458 0)
(1.32388 0.0814594 0)
(1.31395 0.0919368 0)
(1.30289 0.102362 0)
(1.28983 0.111327 0)
(1.27479 0.118654 0)
(1.25878 0.12335 0)
(1.24301 0.12587 0)
(1.22796 0.12766 0)
(1.21371 0.129032 0)
(1.20022 0.12916 0)
(1.18752 0.127418 0)
(1.32634 -0.110296 0)
(1.33577 -0.0865441 0)
(1.34495 -0.0616894 0)
(1.351 -0.0370584 0)
(1.35335 -0.0143884 0)
(1.35199 0.00703793 0)
(1.35181 0.0290305 0)
(1.34698 0.0493014 0)
(1.34059 0.0663223 0)
(1.33516 0.080484 0)
(1.32813 0.093104 0)
(1.31888 0.104536 0)
(1.30603 0.113577 0)
(1.29111 0.120803 0)
(1.27506 0.127187 0)
(1.25917 0.131944 0)
(1.2441 0.134883 0)
(1.22937 0.136574 0)
(1.2146 0.137448 0)
(1.20016 0.137017 0)
(1.18675 0.134851 0)
(1.33869 -0.101302 0)
(1.34763 -0.0767355 0)
(1.35399 -0.0527162 0)
(1.35841 -0.0293949 0)
(1.36244 -0.00474237 0)
(1.36336 0.0193806 0)
(1.35974 0.0405409 0)
(1.3518 0.0585688 0)
(1.34552 0.0769721 0)
(1.3411 0.0936412 0)
(1.33235 0.105961 0)
(1.32078 0.115027 0)
(1.3075 0.123326 0)
(1.29329 0.131357 0)
(1.27774 0.137991 0)
(1.26127 0.142117 0)
(1.24462 0.143829 0)
(1.22841 0.144228 0)
(1.21289 0.144121 0)
(1.1983 0.143139 0)
(1.18486 0.140823 0)
(1.34904 -0.0928287 0)
(1.35669 -0.068893 0)
(1.36311 -0.0443988 0)
(1.37021 -0.018239 0)
(1.3727 0.00712288 0)
(1.37021 0.0287517 0)
(1.36634 0.050287 0)
(1.36038 0.0706727 0)
(1.3527 0.0902037 0)
(1.34446 0.1056 0)
(1.33461 0.116734 0)
(1.3244 0.126911 0)
(1.31129 0.135695 0)
(1.29556 0.142484 0)
(1.27843 0.147705 0)
(1.26098 0.150937 0)
(1.24429 0.152595 0)
(1.22861 0.153257 0)
(1.21351 0.152921 0)
(1.19886 0.151373 0)
(1.1849 0.148573 0)
(1.3593 -0.0850275 0)
(1.36901 -0.0588449 0)
(1.37565 -0.0328028 0)
(1.37898 -0.00820753 0)
(1.3796 0.0153818 0)
(1.38041 0.0404023 0)
(1.37704 0.0639984 0)
(1.3676 0.0824355 0)
(1.35644 0.100223 0)
(1.34834 0.117348 0)
(1.33987 0.130231 0)
(1.32762 0.139723 0)
(1.31237 0.146217 0)
(1.29612 0.15233 0)
(1.27927 0.157728 0)
(1.26215 0.161009 0)
(1.24491 0.162107 0)
(1.22789 0.161616 0)
(1.21162 0.160054 0)
(1.19639 0.157498 0)
(1.18225 0.154017 0)
(1.37177 -0.0752511 0)
(1.38045 -0.0483095 0)
(1.38418 -0.0242304 0)
(1.38833 0.00133702 0)
(1.3919 0.0283253 0)
(1.38998 0.0531453 0)
(1.38317 0.0741523 0)
(1.37425 0.0934066 0)
(1.36411 0.113662 0)
(1.35403 0.131465 0)
(1.34248 0.142487 0)
(1.329 0.150545 0)
(1.31474 0.157936 0)
(1.29853 0.164282 0)
(1.28093 0.168754 0)
(1.2628 0.171051 0)
(1.24473 0.171549 0)
(1.22743 0.17091 0)
(1.21127 0.169138 0)
(1.19624 0.166031 0)
(1.18209 0.161875 0)
(1.38195 -0.0665776 0)
(1.3903 -0.0399149 0)
(1.39719 -0.0124879 0)
(1.40122 0.0147773 0)
(1.40025 0.0391709 0)
(1.3969 0.0629365 0)
(1.3932 0.0873415 0)
(1.38429 0.108068 0)
(1.36949 0.125554 0)
(1.35676 0.14239 0)
(1.34572 0.15461 0)
(1.3329 0.16402 0)
(1.31686 0.170513 0)
(1.29882 0.174919 0)
(1.28029 0.178164 0)
(1.26173 0.179649 0)
(1.24346 0.17971 0)
(1.22574 0.178706 0)
(1.20906 0.176287 0)
(1.19365 0.172382 0)
(1.17933 0.167531 0)
(1.39273 -0.0582396 0)
(1.40404 -0.0281363 0)
(1.40883 -0.000157472 0)
(1.40956 0.0244447 0)
(1.40989 0.0503602 0)
(1.40888 0.0774076 0)
(1.40162 0.100689 0)
(1.38964 0.118812 0)
(1.37503 0.137651 0)
(1.3636 0.156583 0)
(1.35031 0.169253 0)
(1.33434 0.176519 0)
(1.3174 0.181737 0)
(1.30007 0.186868 0)
(1.28174 0.190039 0)
(1.26317 0.190732 0)
(1.24445 0.190053 0)
(1.2259 0.188476 0)
(1.20849 0.185426 0)
(1.19274 0.180794 0)
(1.17833 0.175237 0)
(1.40596 -0.0468054 0)
(1.41444 -0.0176905 0)
(1.41839 0.00937419 0)
(1.42297 0.0379064 0)
(1.4223 0.0649691 0)
(1.41637 0.0890385 0)
(1.40858 0.112033 0)
(1.39968 0.133916 0)
(1.3833 0.152337 0)
(1.3677 0.168728 0)
(1.35171 0.180606 0)
(1.33588 0.188575 0)
(1.31938 0.194478 0)
(1.30034 0.198405 0)
(1.28059 0.199966 0)
(1.26109 0.19937 0)
(1.24182 0.197671 0)
(1.22306 0.195463 0)
(1.20565 0.192156 0)
(1.19002 0.187368 0)
(1.17572 0.181486 0)
(1.41615 -0.0379631 0)
(1.42524 -0.00819539 0)
(1.43286 0.0231981 0)
(1.43472 0.0518448 0)
(1.43075 0.0760123 0)
(1.42527 0.101662 0)
(1.4198 0.127335 0)
(1.40654 0.146931 0)
(1.38784 0.163911 0)
(1.37335 0.182078 0)
(1.35673 0.195557 0)
(1.33895 0.203301 0)
(1.32048 0.207936 0)
(1.30121 0.211393 0)
(1.28123 0.21259 0)
(1.26161 0.211074 0)
(1.24233 0.208461 0)
(1.22326 0.205416 0)
(1.2051 0.201233 0)
(1.18856 0.195389 0)
(1.17361 0.188526 0)
(1.4299 -0.0265806 0)
(1.43917 0.00539746 0)
(1.44348 0.0354097 0)
(1.44472 0.0632745 0)
(1.44312 0.0902394 0)
(1.43544 0.116327 0)
(1.42698 0.139737 0)
(1.41372 0.160103 0)
(1.39703 0.179806 0)
(1.37956 0.196591 0)
(1.35862 0.208025 0)
(1.33869 0.214618 0)
(1.31953 0.21873 0)
(1.30008 0.222144 0)
(1.27935 0.222547 0)
(1.25926 0.219936 0)
(1.23956 0.216488 0)
(1.22022 0.212686 0)
(1.20212 0.208055 0)
(1.18592 0.202295 0)
(1.17125 0.195522 0)
(1.44419 -0.0133132 0)
(1.44929 0.0158692 0)
(1.45431 0.0466491 0)
(1.45917 0.0785422 0)
(1.45418 0.104479 0)
(1.44266 0.128599 0)
(1.43694 0.154068 0)
(1.42288 0.175827 0)
(1.40287 0.193002 0)
(1.38425 0.209934 0)
(1.36253 0.222934 0)
(1.34198 0.230199 0)
(1.32209 0.234147 0)
(1.3015 0.236502 0)
(1.27948 0.235262 0)
(1.2588 0.231421 0)
(1.23871 0.226973 0)
(1.21924 0.222284 0)
(1.20075 0.216673 0)
(1.18355 0.209647 0)
(1.16801 0.201705 0)
(1.45699 -0.00129848 0)
(1.46181 0.0283552 0)
(1.468 0.0609725 0)
(1.4706 0.0924393 0)
(1.46363 0.117294 0)
(1.45351 0.14342 0)
(1.44626 0.169204 0)
(1.42915 0.188755 0)
(1.41083 0.208446 0)
(1.39093 0.225215 0)
(1.36497 0.236322 0)
(1.34166 0.242154 0)
(1.31987 0.244704 0)
(1.29899 0.246722 0)
(1.27715 0.245363 0)
(1.25621 0.240994 0)
(1.23604 0.235955 0)
(1.21643 0.230277 0)
(1.19786 0.223876 0)
(1.18091 0.21684 0)
(1.16576 0.209053 0)
(1.47218 0.0127764 0)
(1.47463 0.0414232 0)
(1.47924 0.0738267 0)
(1.48258 0.106422 0)
(1.47496 0.132099 0)
(1.46346 0.157624 0)
(1.45487 0.183864 0)
(1.437 0.204679 0)
(1.41921 0.224877 0)
(1.3965 0.241049 0)
(1.36887 0.252384 0)
(1.34436 0.258456 0)
(1.32183 0.261002 0)
(1.29961 0.261489 0)
(1.2762 0.257027 0)
(1.25431 0.251645 0)
(1.23344 0.245434 0)
(1.21376 0.23888 0)
(1.19536 0.23197 0)
(1.17803 0.22423 0)
(1.16227 0.215351 0)
(1.48665 0.0272831 0)
(1.48708 0.0552516 0)
(1.49218 0.0879106 0)
(1.49539 0.121356 0)
(1.48487 0.146313 0)
(1.474 0.172291 0)
(1.46454 0.200085 0)
(1.44371 0.219121 0)
(1.42518 0.238833 0)
(1.4004 0.255025 0)
(1.37055 0.265834 0)
(1.34417 0.271214 0)
(1.31959 0.272384 0)
(1.29617 0.271643 0)
(1.27413 0.267685 0)
(1.25196 0.262018 0)
(1.23113 0.25567 0)
(1.21143 0.24833 0)
(1.19258 0.240187 0)
(1.17479 0.231464 0)
(1.15919 0.222198 0)
(1.50048 0.0423048 0)
(1.50014 0.0693516 0)
(1.50642 0.102666 0)
(1.50698 0.136136 0)
(1.49471 0.161648 0)
(1.4863 0.188221 0)
(1.47351 0.216381 0)
(1.45169 0.236412 0)
(1.43465 0.2572 0)
(1.40779 0.273897 0)
(1.37539 0.283678 0)
(1.34647 0.287713 0)
(1.31997 0.28791 0)
(1.29565 0.286326 0)
(1.2718 0.279017 0)
(1.24853 0.271442 0)
(1.22695 0.263845 0)
(1.2071 0.255731 0)
(1.18871 0.247464 0)
(1.17155 0.238861 0)
(1.15603 0.229196 0)
(1.51419 0.0569608 0)
(1.51397 0.0840293 0)
(1.52092 0.118809 0)
(1.51782 0.150997 0)
(1.50504 0.176838 0)
(1.4979 0.20461 0)
(1.48165 0.231689 0)
(1.45944 0.251625 0)
(1.43927 0.271399 0)
(1.40992 0.286936 0)
(1.3764 0.297277 0)
(1.34655 0.301851 0)
(1.31823 0.30136 0)
(1.29189 0.297285 0)
(1.2685 0.289671 0)
(1.24596 0.281602 0)
(1.22463 0.27395 0)
(1.20497 0.265653 0)
(1.18617 0.256677 0)
(1.16819 0.246788 0)
(1.15222 0.235917 0)
(1.52755 0.0708133 0)
(1.52824 0.0994157 0)
(1.53551 0.136685 0)
(1.52847 0.166526 0)
(1.51703 0.193518 0)
(1.50876 0.22299 0)
(1.49078 0.249928 0)
(1.47064 0.271187 0)
(1.44594 0.290477 0)
(1.41768 0.306732 0)
(1.38161 0.316559 0)
(1.34802 0.318812 0)
(1.31631 0.315141 0)
(1.28905 0.310334 0)
(1.26566 0.301849 0)
(1.24245 0.291685 0)
(1.22053 0.282562 0)
(1.20037 0.273238 0)
(1.18138 0.263668 0)
(1.16389 0.253695 0)
(1.1486 0.242897 0)
(1.54098 0.0854334 0)
(1.54325 0.116325 0)
(1.54931 0.155278 0)
(1.53878 0.181972 0)
(1.52912 0.209525 0)
(1.51751 0.239383 0)
(1.49764 0.264472 0)
(1.47935 0.286525 0)
(1.45046 0.305735 0)
(1.42096 0.321706 0)
(1.38239 0.331033 0)
(1.34746 0.333084 0)
(1.31493 0.3301 0)
(1.28612 0.323643 0)
(1.26082 0.3124 0)
(1.23801 0.301141 0)
(1.21664 0.29158 0)
(1.19704 0.282491 0)
(1.17847 0.272968 0)
(1.16084 0.262379 0)
(1.14487 0.250381 0)
(1.55424 0.100819 0)
(1.5582 0.133985 0)
(1.56281 0.174054 0)
(1.54973 0.200022 0)
(1.54289 0.229385 0)
(1.52762 0.259122 0)
(1.50739 0.285032 0)
(1.49153 0.308531 0)
(1.45783 0.326334 0)
(1.42591 0.339912 0)
(1.38617 0.34951 0)
(1.34865 0.350778 0)
(1.31215 0.34432 0)
(1.28101 0.334809 0)
(1.25643 0.324176 0)
(1.23467 0.312356 0)
(1.21323 0.301658 0)
(1.19308 0.291611 0)
(1.17387 0.280868 0)
(1.15594 0.269233 0)
(1.14022 0.256921 0)
(1.56787 0.11731 0)
(1.57304 0.152131 0)
(1.57564 0.191767 0)
(1.56019 0.217036 0)
(1.55425 0.246553 0)
(1.53587 0.274409 0)
(1.51524 0.30003 0)
(1.49859 0.323198 0)
(1.46267 0.341709 0)
(1.43037 0.357105 0)
(1.38815 0.367306 0)
(1.34708 0.36619 0)
(1.309 0.358482 0)
(1.27769 0.348809 0)
(1.25179 0.335915 0)
(1.22926 0.32196 0)
(1.20793 0.310005 0)
(1.18795 0.299659 0)
(1.1694 0.289052 0)
(1.15218 0.277518 0)
(1.13642 0.264805 0)
(1.58172 0.134386 0)
(1.58793 0.171359 0)
(1.58938 0.211978 0)
(1.57209 0.238812 0)
(1.56768 0.269327 0)
(1.54752 0.296984 0)
(1.52587 0.32246 0)
(1.50944 0.345671 0)
(1.47174 0.364081 0)
(1.43409 0.376438 0)
(1.3885 0.384198 0)
(1.34615 0.382748 0)
(1.30583 0.372833 0)
(1.27173 0.359272 0)
(1.24558 0.346208 0)
(1.22477 0.333504 0)
(1.20455 0.321142 0)
(1.18457 0.310143 0)
(1.16566 0.298559 0)
(1.14775 0.285611 0)
(1.13149 0.271681 0)
(1.59605 0.152814 0)
(1.60248 0.190785 0)
(1.60164 0.229971 0)
(1.58248 0.256667 0)
(1.57808 0.286303 0)
(1.55646 0.312793 0)
(1.53405 0.338166 0)
(1.5167 0.361633 0)
(1.47676 0.380245 0)
(1.43682 0.393077 0)
(1.3903 0.402199 0)
(1.3441 0.398569 0)
(1.30135 0.386582 0)
(1.26771 0.3734 0)
(1.24144 0.359502 0)
(1.21951 0.344316 0)
(1.19867 0.329701 0)
(1.17845 0.317239 0)
(1.15963 0.30503 0)
(1.14225 0.292159 0)
(1.12664 0.278615 0)
(1.61079 0.173877 0)
(1.61793 0.213646 0)
(1.61581 0.253306 0)
(1.5952 0.281185 0)
(1.59098 0.310884 0)
(1.56886 0.337404 0)
(1.54506 0.361619 0)
(1.52529 0.384215 0)
(1.48521 0.40302 0)
(1.44183 0.414447 0)
(1.39082 0.421049 0)
(1.34216 0.41677 0)
(1.29728 0.401908 0)
(1.26103 0.383913 0)
(1.23413 0.368192 0)
(1.21316 0.353881 0)
(1.1939 0.33983 0)
(1.17452 0.326931 0)
(1.15604 0.314327 0)
(1.13843 0.30086 0)
(1.12215 0.286307 0)
(1.62545 0.194727 0)
(1.63185 0.23357 0)
(1.62754 0.27037 0)
(1.60522 0.298305 0)
(1.601 0.327217 0)
(1.5785 0.354353 0)
(1.55364 0.378604 0)
(1.53191 0.40169 0)
(1.49111 0.420832 0)
(1.44357 0.4321 0)
(1.39 0.43927 0)
(1.33743 0.431646 0)
(1.28999 0.413101 0)
(1.25547 0.39628 0)
(1.2299 0.381289 0)
(1.20856 0.365839 0)
(1.18856 0.349831 0)
(1.16888 0.33503 0)
(1.15015 0.32108 0)
(1.13245 0.306887 0)
(1.1164 0.292214 0)
(1.64131 0.220313 0)
(1.64714 0.259424 0)
(1.6423 0.296775 0)
(1.61835 0.325016 0)
(1.61361 0.353555 0)
(1.59111 0.380152 0)
(1.56431 0.40243 0)
(1.5393 0.424651 0)
(1.4982 0.443793 0)
(1.44784 0.454711 0)
(1.38918 0.457394 0)
(1.33287 0.446898 0)
(1.28589 0.428597 0)
(1.24954 0.407961 0)
(1.22249 0.389708 0)
(1.20074 0.373022 0)
(1.18142 0.357133 0)
(1.16274 0.342324 0)
(1.14482 0.328425 0)
(1.12772 0.314313 0)
(1.11175 0.299414 0)
(1.65533 0.239826 0)
(1.65889 0.277715 0)
(1.65371 0.314382 0)
(1.6287 0.342415 0)
(1.62326 0.370558 0)
(1.60179 0.398581 0)
(1.57324 0.421521 0)
(1.54547 0.444214 0)
(1.50377 0.462995 0)
(1.44912 0.472502 0)
(1.38752 0.475618 0)
(1.32922 0.465291 0)
(1.27783 0.440219 0)
(1.2417 0.417891 0)
(1.21645 0.400455 0)
(1.19588 0.384014 0)
(1.17677 0.367394 0)
(1.15797 0.351381 0)
(1.13976 0.336221 0)
(1.12235 0.321086 0)
(1.10621 0.30558 0)
(1.67248 0.270309 0)
(1.67317 0.308219 0)
(1.66862 0.344937 0)
(1.64291 0.371281 0)
(1.63532 0.398862 0)
(1.61448 0.425368 0)
(1.5832 0.446353 0)
(1.5522 0.467403 0)
(1.5092 0.484556 0)
(1.45229 0.494827 0)
(1.38549 0.496339 0)
(1.32003 0.477623 0)
(1.26938 0.452096 0)
(1.23499 0.429615 0)
(1.20947 0.409873 0)
(1.18832 0.39149 0)
(1.16924 0.373899 0)
(1.15089 0.357415 0)
(1.13318 0.3421 0)
(1.11633 0.327085 0)
(1.10063 0.311673 0)
(1.68528 0.289204 0)
(1.68312 0.326824 0)
(1.68004 0.363739 0)
(1.6546 0.389184 0)
(1.64485 0.417923 0)
(1.62595 0.444678 0)
(1.59179 0.465353 0)
(1.55791 0.485982 0)
(1.51424 0.504058 0)
(1.45374 0.515638 0)
(1.38053 0.513086 0)
(1.31351 0.492847 0)
(1.2614 0.463521 0)
(1.22597 0.437657 0)
(1.20106 0.417396 0)
(1.18112 0.399566 0)
(1.16324 0.382318 0)
(1.14554 0.365584 0)
(1.12803 0.34972 0)
(1.11116 0.334006 0)
(1.0953 0.317926 0)
(1.70238 0.324199 0)
(1.69686 0.361532 0)
(1.69436 0.395721 0)
(1.66895 0.416717 0)
(1.65389 0.445431 0)
(1.63843 0.47075 0)
(1.60224 0.49127 0)
(1.56504 0.510747 0)
(1.51927 0.526913 0)
(1.45355 0.535738 0)
(1.37599 0.530898 0)
(1.30486 0.50698 0)
(1.25236 0.474947 0)
(1.21875 0.448929 0)
(1.19462 0.427909 0)
(1.17471 0.408812 0)
(1.15667 0.390315 0)
(1.13899 0.372587 0)
(1.1216 0.355937 0)
(1.10495 0.339731 0)
(1.08939 0.323484 0)
(1.71467 0.34326 0)
(1.70664 0.380068 0)
(1.70677 0.413967 0)
(1.68073 0.436325 0)
(1.66122 0.465586 0)
(1.64888 0.490433 0)
(1.61193 0.511907 0)
(1.57113 0.531592 0)
(1.52266 0.548704 0)
(1.45367 0.558133 0)
(1.3697 0.549901 0)
(1.29363 0.518479 0)
(1.24119 0.48255 0)
(1.20883 0.455479 0)
(1.18532 0.434178 0)
(1.16599 0.415194 0)
(1.1488 0.396976 0)
(1.13197 0.379207 0)
(1.11521 0.362304 0)
(1.09901 0.345848 0)
(1.0837 0.329339 0)
(1.7303 0.380739 0)
(1.71951 0.415377 0)
(1.72056 0.445596 0)
(1.6938 0.467186 0)
(1.66944 0.493094 0)
(1.65636 0.516211 0)
(1.62286 0.536695 0)
(1.57819 0.554383 0)
(1.52526 0.567497 0)
(1.45089 0.573749 0)
(1.35696 0.560237 0)
(1.27873 0.526779 0)
(1.23291 0.491799 0)
(1.20277 0.465801 0)
(1.17974 0.444826 0)
(1.16031 0.425395 0)
(1.14281 0.406213 0)
(1.12588 0.387336 0)
(1.10913 0.369392 0)
(1.09302 0.352137 0)
(1.07782 0.335056 0)
(1.74201 0.404842 0)
(1.72892 0.436565 0)
(1.73151 0.465204 0)
(1.70613 0.487979 0)
(1.67707 0.512051 0)
(1.66102 0.535785 0)
(1.63249 0.55753 0)
(1.58563 0.57808 0)
(1.52943 0.591875 0)
(1.4478 0.58928 0)
(1.34473 0.570384 0)
(1.27247 0.532996 0)
(1.22451 0.498904 0)
(1.19484 0.473571 0)
(1.17188 0.452654 0)
(1.15223 0.432987 0)
(1.13479 0.41369 0)
(1.11826 0.394468 0)
(1.10204 0.375856 0)
(1.08641 0.357984 0)
(1.07161 0.340475 0)
(1.75554 0.437155 0)
(1.73869 0.462185 0)
(1.73704 0.489292 0)
(1.72114 0.517442 0)
(1.68772 0.536247 0)
(1.66696 0.556325 0)
(1.64078 0.577162 0)
(1.59177 0.600408 0)
(1.53239 0.609151 0)
(1.43511 0.59927 0)
(1.32902 0.573079 0)
(1.25786 0.535969 0)
(1.21521 0.505913 0)
(1.18791 0.482354 0)
(1.16498 0.461509 0)
(1.14508 0.441776 0)
(1.12752 0.422364 0)
(1.11108 0.402571 0)
(1.09518 0.382923 0)
(1.07991 0.364098 0)
(1.06543 0.346001 0)
(1.76554 0.464393 0)
(1.75521 0.487181 0)
(1.73991 0.515335 0)
(1.73226 0.540377 0)
(1.69934 0.561446 0)
(1.67517 0.578506 0)
(1.64816 0.593433 0)
(1.59771 0.617517 0)
(1.53301 0.618848 0)
(1.4259 0.602834 0)
(1.31093 0.57436 0)
(1.24866 0.541379 0)
(1.21019 0.516519 0)
(1.18291 0.493508 0)
(1.15917 0.472194 0)
(1.13849 0.451531 0)
(1.12031 0.431326 0)
(1.10366 0.41078 0)
(1.08799 0.390129 0)
(1.07314 0.370327 0)
(1.05904 0.351583 0)
(1.77466 0.495886 0)
(1.76803 0.515122 0)
(1.74497 0.541481 0)
(1.73985 0.557286 0)
(1.7097 0.576535 0)
(1.68281 0.591036 0)
(1.65332 0.602437 0)
(1.60231 0.625058 0)
(1.53042 0.627209 0)
(1.41417 0.598808 0)
(1.29773 0.573917 0)
(1.24075 0.545885 0)
(1.20325 0.52488 0)
(1.17443 0.5018 0)
(1.14998 0.479096 0)
(1.12958 0.457873 0)
(1.11169 0.438172 0)
(1.09533 0.4181 0)
(1.08018 0.397157 0)
(1.06595 0.376525 0)
(1.05235 0.357043 0)
(1.78341 0.504246 0)
(1.7765 0.521989 0)
(1.75366 0.547072 0)
(1.74563 0.560283 0)
(1.7156 0.585025 0)
(1.69024 0.59403 0)
(1.65919 0.602409 0)
(1.60543 0.629305 0)
(1.52888 0.62476 0)
(1.40129 0.590668 0)
(1.28607 0.578448 0)
(1.23329 0.557772 0)
(1.19859 0.538522 0)
(1.16914 0.51492 0)
(1.14401 0.48967 0)
(1.12299 0.46683 0)
(1.10434 0.446587 0)
(1.0875 0.426155 0)
(1.07239 0.404481 0)
(1.05862 0.38277 0)
(1.04551 0.362408 0)
(1.7924 0.515163 0)
(1.78001 0.531794 0)
(1.76239 0.54856 0)
(1.75155 0.555255 0)
(1.7221 0.579327 0)
(1.69762 0.591027 0)
(1.66661 0.602356 0)
(1.60858 0.63104 0)
(1.52678 0.617838 0)
(1.38495 0.590782 0)
(1.28051 0.588902 0)
(1.22526 0.571876 0)
(1.19064 0.551105 0)
(1.15966 0.524483 0)
(1.13499 0.497779 0)
(1.11462 0.474763 0)
(1.09597 0.454443 0)
(1.07909 0.433765 0)
(1.06422 0.411523 0)
(1.05102 0.388909 0)
(1.03847 0.367736 0)
(1.80016 0.51582 0)
(1.78584 0.53106 0)
(1.76859 0.547063 0)
(1.75682 0.552023 0)
(1.72637 0.575497 0)
(1.70627 0.586222 0)
(1.67325 0.600966 0)
(1.61235 0.630185 0)
(1.52221 0.617479 0)
(1.37625 0.598812 0)
(1.26959 0.602386 0)
(1.21801 0.586781 0)
(1.18258 0.564688 0)
(1.15133 0.537176 0)
(1.12652 0.508351 0)
(1.10571 0.483474 0)
(1.087 0.462172 0)
(1.07025 0.441001 0)
(1.05573 0.418343 0)
(1.04316 0.395044 0)
(1.03122 0.373114 0)
(1.80575 0.509567 0)
(1.79138 0.523549 0)
(1.77474 0.541041 0)
(1.76279 0.547929 0)
(1.7313 0.572232 0)
(1.7136 0.584856 0)
(1.68079 0.605524 0)
(1.61635 0.63899 0)
(1.52393 0.62557 0)
(1.36823 0.614495 0)
(1.26405 0.624141 0)
(1.21489 0.60738 0)
(1.17603 0.581881 0)
(1.14283 0.550445 0)
(1.11756 0.519103 0)
(1.09675 0.492458 0)
(1.07814 0.470124 0)
(1.06148 0.448407 0)
(1.04716 0.425274 0)
(1.03511 0.401245 0)
(1.02375 0.378451 0)
(1.80967 0.503032 0)
(1.79572 0.516232 0)
(1.77919 0.538278 0)
(1.77079 0.550155 0)
(1.73923 0.577142 0)
(1.72331 0.595962 0)
(1.68826 0.621924 0)
(1.62229 0.657282 0)
(1.52674 0.643747 0)
(1.35905 0.642245 0)
(1.25706 0.648326 0)
(1.20478 0.620753 0)
(1.16447 0.592422 0)
(1.13139 0.560599 0)
(1.1069 0.529097 0)
(1.087 0.501503 0)
(1.06889 0.478218 0)
(1.05245 0.455821 0)
(1.03838 0.432094 0)
(1.02683 0.407321 0)
(1.01608 0.383666 0)
(1.81304 0.500871 0)
(1.8038 0.518938 0)
(1.78448 0.547137 0)
(1.78004 0.567899 0)
(1.74911 0.598502 0)
(1.733 0.618367 0)
(1.695 0.646611 0)
(1.62916 0.681459 0)
(1.53166 0.667548 0)
(1.34517 0.66666 0)
(1.24488 0.663116 0)
(1.19574 0.63343 0)
(1.1551 0.603717 0)
(1.12176 0.572385 0)
(1.09669 0.540057 0)
(1.07689 0.510928 0)
(1.05922 0.486223 0)
(1.04312 0.462915 0)
(1.02936 0.43859 0)
(1.01834 0.413186 0)
(1.00819 0.388762 0)
(1.8172 0.517484 0)
(1.81525 0.540354 0)
(1.79204 0.567801 0)
(1.78793 0.588275 0)
(1.75926 0.618894 0)
(1.74299 0.638352 0)
(1.70242 0.668344 0)
(1.63891 0.69902 0)
(1.53191 0.688603 0)
(1.33704 0.696307 0)
(1.24181 0.683356 0)
(1.18769 0.64737 0)
(1.14544 0.616265 0)
(1.11127 0.583959 0)
(1.08595 0.550572 0)
(1.06645 0.519896 0)
(1.04939 0.493766 0)
(1.03367 0.469637 0)
(1.02022 0.444836 0)
(1.00967 0.418924 0)
(1.00012 0.393823 0)
)
;

boundaryField
{
    inlet
    {
        type            uniformFixedValue;
        uniformValue    table
        
2
(
(0 (1.1 0 0))
(8 (3 0 0))
)
;
        value           nonuniform 0();
    }
    outlet
    {
        type            inletOutlet;
        inletValue      nonuniform 0();
        value           nonuniform 0();
    }
    triangle
    {
        type            slip;
    }
    top
    {
        type            symmetryPlane;
    }
    bottom
    {
        type            symmetryPlane;
    }
    defaultFaces
    {
        type            empty;
    }
    procBoundary14to6
    {
        type            processor;
        value           nonuniform List<vector> 
22
(
(1.131 -0.171021 0)
(1.13313 -0.162091 0)
(1.13474 -0.153147 0)
(1.13614 -0.144601 0)
(1.13723 -0.136789 0)
(1.13792 -0.129814 0)
(1.13821 -0.123522 0)
(1.13803 -0.11712 0)
(1.13761 -0.109432 0)
(1.06416 -0.295544 0)
(1.07322 -0.284419 0)
(1.08092 -0.273076 0)
(1.08849 -0.262996 0)
(1.09621 -0.252147 0)
(1.10247 -0.241074 0)
(1.10895 -0.230385 0)
(1.11423 -0.219995 0)
(1.12005 -0.209168 0)
(1.12441 -0.198479 0)
(1.12809 -0.187573 0)
(1.13144 -0.177306 0)
(1.13144 -0.177306 0)
)
;
    }
    procBoundary14to13
    {
        type            processor;
        value           nonuniform List<vector> 
140
(
(1.82504 0.51708 0)
(1.83247 0.531988 0)
(1.8442 0.5548 0)
(1.85859 0.582817 0)
(1.87221 0.618383 0)
(1.88452 0.655224 0)
(1.89628 0.700427 0)
(1.90575 0.748574 0)
(1.9065 0.785368 0)
(1.86937 0.821517 0)
(1.78971 0.821018 0)
(1.66179 0.819356 0)
(1.53584 0.794104 0)
(1.42719 0.773619 0)
(1.33502 0.74714 0)
(1.24474 0.73699 0)
(1.17432 0.748126 0)
(1.1286 0.751871 0)
(1.10709 0.748371 0)
(1.08813 0.742809 0)
(1.06667 0.762347 0)
(1.03986 0.787105 0)
(1.01851 0.78175 0)
(0.965443 0.753707 0)
(0.839709 0.665956 0)
(0.69671 0.549729 0)
(0.569932 0.413112 0)
(0.469131 0.19567 0)
(0.33819 -0.150373 0)
(0.191713 -0.492305 0)
(0.0712881 -0.686208 0)
(-0.0397246 -0.788139 0)
(-0.152076 -0.812017 0)
(-0.254501 -0.780599 0)
(-0.331099 -0.73225 0)
(-0.369775 -0.696813 0)
(-0.382918 -0.659606 0)
(-0.393185 -0.608312 0)
(-0.396217 -0.55493 0)
(-0.392383 -0.502802 0)
(-0.385262 -0.453791 0)
(-0.376282 -0.409057 0)
(-0.365134 -0.368531 0)
(-0.353086 -0.332682 0)
(-0.338115 -0.299058 0)
(-0.32596 -0.268265 0)
(-0.313339 -0.239455 0)
(-0.304242 -0.212082 0)
(-0.294795 -0.186462 0)
(-0.28678 -0.162843 0)
(-0.27803 -0.142415 0)
(-0.269946 -0.125396 0)
(-0.261776 -0.110496 0)
(-0.255269 -0.0946111 0)
(1.05956 -0.303827 0)
(1.06355 -0.300499 0)
(1.06728 -0.299049 0)
(1.07145 -0.297697 0)
(1.07589 -0.295958 0)
(1.0801 -0.294433 0)
(1.08421 -0.293013 0)
(1.08899 -0.291205 0)
(1.09298 -0.289358 0)
(1.09762 -0.287655 0)
(1.10224 -0.285894 0)
(1.10689 -0.284095 0)
(1.11157 -0.28231 0)
(1.1166 -0.280408 0)
(1.12107 -0.278228 0)
(1.12605 -0.275463 0)
(1.1304 -0.272376 0)
(1.1347 -0.268801 0)
(1.13922 -0.264538 0)
(1.14316 -0.260219 0)
(1.14744 -0.255339 0)
(1.15171 -0.250342 0)
(1.15582 -0.245377 0)
(1.16014 -0.240408 0)
(1.16476 -0.235548 0)
(1.16925 -0.231293 0)
(1.17449 -0.227146 0)
(1.17991 -0.223514 0)
(1.18602 -0.219822 0)
(1.19244 -0.216118 0)
(1.19945 -0.212019 0)
(1.20647 -0.207718 0)
(1.21398 -0.202913 0)
(1.22111 -0.198084 0)
(1.22859 -0.192936 0)
(1.23574 -0.187851 0)
(1.24319 -0.182683 0)
(1.25082 -0.177252 0)
(1.25858 -0.171985 0)
(1.26753 -0.165859 0)
(1.27573 -0.160423 0)
(1.28628 -0.153576 0)
(1.29515 -0.147492 0)
(1.3063 -0.140198 0)
(1.31652 -0.132831 0)
(1.32621 -0.126294 0)
(1.3378 -0.11819 0)
(1.34732 -0.111524 0)
(1.35891 -0.103504 0)
(1.37075 -0.0947008 0)
(1.38179 -0.0862665 0)
(1.39432 -0.0771529 0)
(1.40813 -0.0652824 0)
(1.41917 -0.0566979 0)
(1.43519 -0.0435123 0)
(1.44778 -0.0323957 0)
(1.4615 -0.020008 0)
(1.47514 -0.00841485 0)
(1.48979 0.00502581 0)
(1.50497 0.0192777 0)
(1.52064 0.0342467 0)
(1.53685 0.0503409 0)
(1.55306 0.0684907 0)
(1.5688 0.0880659 0)
(1.58428 0.107858 0)
(1.5999 0.127608 0)
(1.61571 0.148481 0)
(1.63111 0.170156 0)
(1.64742 0.195623 0)
(1.66186 0.215502 0)
(1.67944 0.24527 0)
(1.69302 0.264009 0)
(1.71129 0.300572 0)
(1.72423 0.320832 0)
(1.74121 0.360529 0)
(1.75408 0.383192 0)
(1.76634 0.416201 0)
(1.77569 0.439009 0)
(1.78582 0.474053 0)
(1.79423 0.487169 0)
(1.79869 0.501424 0)
(1.80279 0.512725 0)
(1.80771 0.508078 0)
(1.81257 0.495408 0)
(1.81426 0.486207 0)
(1.81916 0.495502 0)
)
;
    }
    procBoundary14to15
    {
        type            processor;
        value           nonuniform List<vector> 
141
(
(0.982438 0.374681 0)
(0.975959 0.378153 0)
(0.969348 0.381491 0)
(0.962618 0.384719 0)
(0.955781 0.387859 0)
(0.948845 0.390972 0)
(0.941799 0.393993 0)
(0.934643 0.396873 0)
(0.927381 0.399597 0)
(0.920024 0.402226 0)
(0.912569 0.404735 0)
(0.905016 0.407089 0)
(0.89738 0.4093 0)
(0.889684 0.41148 0)
(0.881922 0.413632 0)
(0.874067 0.415629 0)
(0.866099 0.417311 0)
(0.858042 0.418719 0)
(0.849945 0.420049 0)
(0.841836 0.421434 0)
(0.83369 0.422779 0)
(0.825467 0.423898 0)
(0.817158 0.424703 0)
(0.808799 0.425285 0)
(0.800434 0.42579 0)
(0.79209 0.426271 0)
(0.783762 0.42666 0)
(0.775437 0.426875 0)
(0.767121 0.42689 0)
(0.758827 0.426746 0)
(0.750565 0.426493 0)
(0.742341 0.426165 0)
(0.734149 0.425758 0)
(0.725988 0.425253 0)
(0.717857 0.424618 0)
(0.709761 0.423838 0)
(0.701708 0.422907 0)
(0.693709 0.421841 0)
(0.685777 0.420646 0)
(0.677929 0.419304 0)
(0.670182 0.417743 0)
(0.662542 0.415951 0)
(0.654967 0.414241 0)
(0.647251 0.413649 0)
(0.638967 0.415298 0)
(0.629133 0.416062 0)
(0.624877 0.403284 0)
(0.637962 0.333843 0)
(0.662079 0.216223 0)
(0.675339 0.151023 0)
(0.677941 0.121811 0)
(0.679671 0.104453 0)
(0.679909 0.0907999 0)
(0.679654 0.0781431 0)
(1.13831 -0.100149 0)
(1.1397 -0.0953399 0)
(1.14128 -0.0876713 0)
(1.14244 -0.0833633 0)
(1.14443 -0.0797392 0)
(1.14665 -0.0756741 0)
(1.14815 -0.0719458 0)
(1.15032 -0.0683007 0)
(1.15198 -0.0647101 0)
(1.15406 -0.0607053 0)
(1.1555 -0.0570438 0)
(1.15749 -0.0530063 0)
(1.15894 -0.0489444 0)
(1.16063 -0.0445968 0)
(1.16205 -0.0402809 0)
(1.16359 -0.0357057 0)
(1.16504 -0.0310688 0)
(1.16641 -0.0264653 0)
(1.16792 -0.0217554 0)
(1.16918 -0.0171286 0)
(1.17062 -0.0123523 0)
(1.1717 -0.00769043 0)
(1.173 -0.0027007 0)
(1.17386 0.00223917 0)
(1.17493 0.00755843 0)
(1.17561 0.0128017 0)
(1.17652 0.0183762 0)
(1.1771 0.0237421 0)
(1.17797 0.0293044 0)
(1.17843 0.0344653 0)
(1.17936 0.0399725 0)
(1.17946 0.044907 0)
(1.18043 0.0506872 0)
(1.18004 0.055752 0)
(1.18079 0.0620686 0)
(1.18017 0.0676414 0)
(1.18035 0.0741059 0)
(1.18004 0.0802908 0)
(1.17941 0.0861294 0)
(1.17966 0.0927011 0)
(1.17843 0.0981476 0)
(1.17861 0.104933 0)
(1.17729 0.110875 0)
(1.17669 0.117861 0)
(1.17536 0.124306 0)
(1.17437 0.131483 0)
(1.17239 0.137367 0)
(1.1718 0.144677 0)
(1.1692 0.149829 0)
(1.16871 0.157024 0)
(1.16603 0.162282 0)
(1.16479 0.169237 0)
(1.16226 0.175108 0)
(1.15989 0.181441 0)
(1.15759 0.18799 0)
(1.15435 0.193579 0)
(1.15211 0.200413 0)
(1.14858 0.205944 0)
(1.14576 0.212458 0)
(1.14237 0.218662 0)
(1.13865 0.22478 0)
(1.13514 0.231422 0)
(1.13103 0.237809 0)
(1.12681 0.244308 0)
(1.12261 0.251258 0)
(1.11773 0.25757 0)
(1.11313 0.264427 0)
(1.10816 0.271096 0)
(1.1028 0.277175 0)
(1.09782 0.283797 0)
(1.09227 0.289709 0)
(1.08678 0.29565 0)
(1.08126 0.301439 0)
(1.07549 0.30693 0)
(1.06978 0.312465 0)
(1.06389 0.317753 0)
(1.05788 0.32289 0)
(1.05182 0.328035 0)
(1.04561 0.333156 0)
(1.03919 0.338079 0)
(1.03264 0.342918 0)
(1.02594 0.347742 0)
(1.01904 0.352568 0)
(1.01194 0.35724 0)
(1.00465 0.361801 0)
(0.997182 0.366282 0)
(0.98953 0.370738 0)
)
;
    }
    procBoundary14to21
    {
        type            processor;
        value           nonuniform List<vector> 
13
(
(-0.249456 -0.0766132 0)
(-0.244709 -0.0575717 0)
(-0.24025 -0.0419032 0)
(-0.236341 -0.0292028 0)
(-0.233776 -0.017203 0)
(-0.233093 -0.00629943 0)
(-0.233093 0.00629943 0)
(-0.233776 0.017203 0)
(-0.236341 0.0292028 0)
(-0.24025 0.0419032 0)
(-0.244709 0.0575717 0)
(-0.249456 0.0766132 0)
(-0.255269 0.0946111 0)
)
;
    }
    procBoundary14to22
    {
        type            processor;
        value           nonuniform List<vector> 
23
(
(0.62853 -0.0781209 0)
(0.64858 -0.0799138 0)
(0.666339 -0.0805857 0)
(0.679654 -0.0781431 0)
(-0.240037 0.090206 0)
(-0.211048 0.0666765 0)
(-0.173425 0.0438689 0)
(-0.128601 0.0184547 0)
(-0.0770296 -0.0116114 0)
(-0.019436 -0.0433487 0)
(0.0433635 -0.0705842 0)
(0.10786 -0.0961317 0)
(0.173213 -0.115896 0)
(0.238228 -0.12818 0)
(0.302061 -0.130518 0)
(0.364218 -0.127529 0)
(0.421529 -0.124076 0)
(0.468845 -0.119559 0)
(0.509174 -0.114681 0)
(0.546241 -0.108477 0)
(0.580103 -0.100547 0)
(0.62853 -0.0781209 0)
(0.607817 -0.0931751 0)
)
;
    }
    procBoundary14to23
    {
        type            processor;
        value           nonuniform List<vector> 
13
(
(0.678205 0.0658585 0)
(0.677379 0.0539428 0)
(0.672757 0.0425219 0)
(0.674906 0.0308848 0)
(0.672223 0.0184435 0)
(0.677753 0.00659845 0)
(0.677753 0.00659845 0)
(0.684481 -0.00609583 0)
(0.678832 -0.0167768 0)
(0.681412 -0.0282848 0)
(0.679267 -0.0395192 0)
(0.6839 -0.0507256 0)
(0.684772 -0.0620601 0)
)
;
    }
}


// ************************************************************************* //
