/*--------------------------------*- C++ -*----------------------------------*\
  =========                 |
  \\      /  F ield         | OpenFOAM: The Open Source CFD Toolbox
   \\    /   O peration     | Website:  https://openfoam.org
    \\  /    A nd           | Version:  7
     \\/     M anipulation  |
\*---------------------------------------------------------------------------*/
FoamFile
{
    version     2.0;
    format      ascii;
    class       volVectorField;
    location    "0.1";
    object      U;
}
// * * * * * * * * * * * * * * * * * * * * * * * * * * * * * * * * * * * * * //

dimensions      [0 1 -1 0 0 0 0];

internalField   nonuniform List<vector> 
3225
(
(1.1 1.60525e-16 0)
(1.1 -2.16576e-16 0)
(1.1 7.53006e-18 0)
(1.1 -1.0298e-17 0)
(1.1 4.51412e-16 0)
(1.1 1.29029e-15 0)
(1.1 1.73631e-15 0)
(1.1 1.29419e-15 0)
(1.1 5.78114e-16 0)
(1.1 3.03848e-16 0)
(1.1 2.73358e-16 0)
(1.1 1.47955e-16 0)
(1.1 -1.58959e-15 0)
(1.1 -1.60976e-15 0)
(1.1 -1.34818e-15 0)
(1.1 -1.36471e-15 0)
(1.1 -1.08903e-15 0)
(1.1 -1.00881e-15 0)
(1.1 -8.77877e-16 0)
(1.1 -8.881e-16 0)
(1.1 -7.34082e-16 0)
(1.1 -3.69374e-16 0)
(1.1 -4.63562e-16 0)
(1.1 -2.98313e-16 0)
(1.1 -3.65276e-16 0)
(1.1 -6.46061e-16 0)
(1.1 -5.0236e-16 0)
(1.1 4.66587e-17 0)
(1.1 -3.2378e-16 0)
(1.1 -2.02912e-16 0)
(1.1 -2.39298e-16 0)
(1.1 1.57544e-16 0)
(1.1 7.24665e-16 0)
(1.1 1.13205e-15 0)
(1.1 1.00995e-15 0)
(1.1 7.96628e-16 0)
(1.1 5.24831e-16 0)
(1.1 2.76062e-16 0)
(1.1 1.40609e-16 0)
(1.1 -1.93898e-15 0)
(1.1 -1.93546e-15 0)
(1.1 -1.68466e-15 0)
(1.1 -1.42908e-15 0)
(1.1 -1.2507e-15 0)
(1.1 -1.45859e-15 0)
(1.1 -1.6416e-15 0)
(1.1 -1.662e-15 0)
(1.1 -1.02357e-15 0)
(1.1 -8.24893e-16 0)
(1.1 -9.91449e-16 0)
(1.1 -1.08178e-15 0)
(1.1 -1.58499e-15 0)
(1.1 -1.24591e-15 0)
(1.1 -3.22261e-16 0)
(1.1 2.32616e-16 0)
(1.1 1.51476e-16 0)
(1.1 -4.40603e-16 0)
(1.1 -6.25762e-16 0)
(1.1 -3.70337e-16 0)
(1.1 -3.67871e-17 0)
(1.1 -1.23182e-16 0)
(1.1 4.26809e-16 0)
(1.1 1.31565e-16 0)
(1.1 3.87278e-17 0)
(1.1 9.67611e-17 0)
(1.1 1.65566e-16 0)
(1.1 -2.99982e-15 0)
(1.1 -2.85399e-15 0)
(1.1 -2.82009e-15 0)
(1.1 -2.09782e-15 0)
(1.1 -2.25017e-15 0)
(1.1 -2.21986e-15 0)
(1.1 -1.42154e-15 0)
(1.1 -1.31644e-15 0)
(1.1 -1.21802e-15 0)
(1.1 -1.0382e-15 0)
(1.1 -1.06996e-15 0)
(1.1 -1.30773e-15 0)
(1.1 -1.85402e-15 0)
(1.1 -1.69913e-15 0)
(1.1 -8.63339e-16 0)
(1.1 -6.94267e-16 0)
(1.1 -2.64367e-16 0)
(1.1 -5.32416e-16 0)
(1.1 -1.53703e-16 0)
(1.1 -5.29741e-16 0)
(1.1 -5.09864e-16 0)
(1.1 -6.47184e-16 0)
(1.1 -5.80079e-16 0)
(1.1 -1.95385e-16 0)
(1.1 2.48315e-17 0)
(1.1 4.71746e-16 0)
(1.1 1.33074e-15 0)
(1.1 -3.1515e-15 0)
(1.1 -2.93318e-15 0)
(1.1 -2.85328e-15 0)
(1.1 -2.7345e-15 0)
(1.1 -2.74182e-15 0)
(1.1 -2.30811e-15 0)
(1.1 -1.88194e-15 0)
(1.1 -1.76339e-15 0)
(1.1 -1.63006e-15 0)
(1.1 -1.65336e-15 0)
(1.1 -1.59583e-15 0)
(1.1 -1.28042e-15 0)
(1.1 -1.30605e-15 0)
(1.1 -1.38346e-15 0)
(1.1 -1.34611e-15 0)
(1.1 -1.41857e-15 0)
(1.1 -8.89401e-16 0)
(1.1 -2.32637e-16 0)
(1.1 3.9303e-16 0)
(1.1 6.34818e-16 0)
(1.1 2.51979e-16 0)
(1.1 -6.87507e-16 0)
(1.1 -1.17696e-15 0)
(1.1 -7.26013e-16 0)
(1.1 9.97042e-17 0)
(1.1 8.63157e-16 0)
(1.1 1.6207e-15 0)
(1.1 -2.57683e-15 0)
(1.1 -2.98535e-15 0)
(1.1 -2.83656e-15 0)
(1.1 -2.74472e-15 0)
(1.1 -2.80811e-15 0)
(1.1 -2.50645e-15 0)
(1.1 -2.67832e-15 0)
(1.1 -2.43565e-15 0)
(1.1 -2.03598e-15 0)
(1.1 -2.01586e-15 0)
(1.1 -1.80149e-15 0)
(1.1 -1.5286e-15 0)
(1.1 -1.02037e-15 0)
(1.1 -1.17947e-15 0)
(1.1 -1.51754e-15 0)
(1.1 -1.23146e-15 0)
(1.1 -6.24048e-16 0)
(1.1 -4.29229e-17 0)
(1.1 5.57e-16 0)
(1.1 1.07063e-15 0)
(1.1 6.30362e-16 0)
(1.1 -2.01588e-16 0)
(1.1 -4.20123e-16 0)
(1.1 -3.24735e-16 0)
(1.1 -4.84409e-17 0)
(1.1 6.71059e-16 0)
(1.1 1.05147e-15 0)
(1.1 -1.88104e-15 0)
(1.1 -1.95854e-15 0)
(1.1 -2.03674e-15 0)
(1.1 -1.94501e-15 0)
(1.1 -2.11068e-15 0)
(1.1 -2.27294e-15 0)
(1.1 -2.32151e-15 0)
(1.1 -1.91701e-15 0)
(1.1 -1.88786e-15 0)
(1.1 -1.73479e-15 0)
(1.1 -1.54976e-15 0)
(1.1 -1.46605e-15 0)
(1.1 -9.65881e-16 0)
(1.1 -6.84893e-16 0)
(1.1 -4.25476e-16 0)
(1.1 -5.25212e-16 0)
(1.1 -5.44963e-16 0)
(1.1 2.70292e-16 0)
(1.1 2.98212e-16 0)
(1.1 4.02544e-16 0)
(1.1 4.23924e-16 0)
(1.1 5.84375e-16 0)
(1.1 4.07252e-16 0)
(1.1 2.79998e-16 0)
(1.1 4.00058e-16 0)
(1.1 2.86727e-16 0)
(1.1 4.86701e-16 0)
(1.1 -1.57557e-15 0)
(1.1 -1.6445e-15 0)
(1.1 -1.64609e-15 0)
(1.1 -1.47708e-15 0)
(1.1 -1.26583e-15 0)
(1.1 -1.42784e-15 0)
(1.1 -1.33495e-15 0)
(1.1 -1.31036e-15 0)
(1.1 -1.46537e-15 0)
(1.1 -1.40221e-15 0)
(1.1 -1.06096e-15 0)
(1.1 -8.6502e-16 0)
(1.1 -5.91401e-16 0)
(1.1 3.97663e-17 0)
(1.1 4.44181e-16 0)
(1.1 2.75191e-16 0)
(1.1 -5.24395e-17 0)
(1.1 1.99374e-16 0)
(1.1 1.87577e-16 0)
(1.1 -1.77955e-16 0)
(1.1 4.69752e-17 0)
(1.1 5.51976e-16 0)
(1.1 6.19549e-16 0)
(1.1 5.00445e-16 0)
(1.1 6.59453e-16 0)
(1.1 3.56452e-16 0)
(1.1 -6.88481e-17 0)
(1.1 -1.26873e-15 0)
(1.1 -9.01073e-16 0)
(1.1 -7.65738e-16 0)
(1.1 -7.49223e-16 0)
(1.1 -6.02075e-16 0)
(1.1 -5.46123e-16 0)
(1.1 -6.0544e-16 0)
(1.1 -1.19305e-15 0)
(1.1 -1.06945e-15 0)
(1.1 -9.63371e-16 0)
(1.1 -6.61571e-16 0)
(1.1 -3.40899e-16 0)
(1.1 -3.65943e-16 0)
(1.1 4.42535e-17 0)
(1.1 8.25172e-17 0)
(1.1 5.14482e-16 0)
(1.1 5.02575e-16 0)
(1.1 4.27128e-16 0)
(1.1 4.16091e-16 0)
(1.1 2.51316e-16 0)
(1.1 1.95058e-16 0)
(1.1 2.48049e-16 0)
(1.1 2.90456e-16 0)
(1.1 6.17552e-16 0)
(1.1 4.0051e-16 0)
(1.1 2.79799e-17 0)
(1.1 -2.00831e-16 0)
(1.1 -3.55289e-16 0)
(1.1 5.92239e-16 0)
(1.1 5.36369e-16 0)
(1.1 2.78809e-16 0)
(1.1 -9.18929e-17 0)
(1.1 -1.30785e-16 0)
(1.1 -2.10284e-16 0)
(1.1 -7.98832e-16 0)
(1.1 -6.06174e-16 0)
(1.1 -3.79157e-16 0)
(1.1 -5.4154e-16 0)
(1.1 -6.11609e-16 0)
(1.1 -5.29417e-16 0)
(1.1 -8.57504e-17 0)
(1.1 -1.68483e-16 0)
(1.1 7.85492e-17 0)
(1.1 4.32463e-16 0)
(1.1 7.20731e-16 0)
(1.1 4.75998e-16 0)
(1.1 7.12278e-16 0)
(1.1 7.80139e-16 0)
(1.1 -1.34808e-16 0)
(1.1 -1.42841e-17 0)
(1.1 5.75989e-16 0)
(1.1 6.34095e-16 0)
(1.1 -6.91957e-18 0)
(1.1 -2.48278e-17 0)
(1.1 6.24059e-16 0)
(1.1 1.07771e-15 0)
(1.1 1.12089e-15 0)
(1.1 7.38602e-16 0)
(1.1 2.88939e-16 0)
(1.1 -4.09659e-16 0)
(1.1 -3.02076e-16 0)
(1.1 3.41518e-18 0)
(1.1 7.48409e-17 0)
(1.1 1.58214e-16 0)
(1.1 2.13827e-16 0)
(1.1 -1.80558e-16 0)
(1.1 1.35868e-16 0)
(1.1 -1.18419e-16 0)
(1.1 1.64013e-16 0)
(1.1 1.33278e-16 0)
(1.1 1.05779e-16 0)
(1.1 -4.1284e-16 0)
(1.1 -4.93939e-16 0)
(1.1 -2.31377e-16 0)
(1.1 4.50489e-16 0)
(1.1 4.56435e-17 0)
(1.1 -2.42793e-16 0)
(1.1 -2.24942e-16 0)
(1.1 -2.17788e-16 0)
(1.1 2.92546e-17 0)
(1.1 4.99878e-17 0)
(1.1 5.5086e-16 0)
(1.1 6.62866e-16 0)
(1.1 6.43732e-16 0)
(1.1 8.62873e-16 0)
(1.1 7.4213e-16 0)
(1.1 7.01503e-16 0)
(1.1 2.38149e-16 0)
(1.1 3.7014e-16 0)
(1.1 -1.26957e-17 0)
(1.1 2.67722e-16 0)
(1.1 3.93038e-16 0)
(1.1 2.70187e-17 0)
(1.1 -2.76389e-16 0)
(1.1 -9.99795e-17 0)
(1.1 1.81052e-17 0)
(1.1 4.84012e-17 0)
(1.1 7.59374e-17 0)
(1.1 -9.98268e-16 0)
(1.1 -7.20792e-16 0)
(1.1 -9.31823e-16 0)
(1.1 -5.93234e-16 0)
(1.1 -5.4613e-16 0)
(1.1 -1.58939e-16 0)
(1.1 -7.58802e-16 0)
(1.1 -9.44052e-16 0)
(1.1 -3.35779e-16 0)
(1.1 -2.99817e-16 0)
(1.1 1.22846e-15 0)
(1.1 8.43732e-16 0)
(1.1 8.28451e-16 0)
(1.1 4.32586e-16 0)
(1.1 4.98008e-16 0)
(1.1 4.6651e-16 0)
(1.1 6.33025e-16 0)
(1.1 5.59962e-16 0)
(1.1 6.00524e-16 0)
(1.1 -7.19872e-17 0)
(1.1 -3.28933e-16 0)
(1.1 -1.56767e-16 0)
(1.1 -1.34693e-16 0)
(1.1 -1.01088e-16 0)
(1.1 -4.89233e-16 0)
(1.1 -8.98894e-16 0)
(1.1 -4.77863e-16 0)
(1.1 -2.47347e-16 0)
(1.1 -4.45716e-16 0)
(1.1 -1.21694e-15 0)
(1.1 -1.28422e-15 0)
(1.1 -7.91864e-16 0)
(1.1 -5.00014e-16 0)
(1.1 -5.94063e-16 0)
(1.1 -6.9282e-16 0)
(1.1 -2.90846e-16 0)
(1.1 -3.525e-16 0)
(1.1 2.8545e-16 0)
(1.1 3.67719e-16 0)
(1.1 2.68798e-16 0)
(1.1 2.79515e-16 0)
(1.1 3.4023e-16 0)
(1.1 1.11536e-16 0)
(1.1 3.02118e-16 0)
(1.1 2.33038e-16 0)
(1.1 1.53204e-16 0)
(1.1 -1.90622e-17 0)
(1.1 -3.37868e-16 0)
(1.1 -2.69109e-16 0)
(1.1 -6.0341e-16 0)
(1.1 -8.29841e-16 0)
(1.1 -5.38354e-16 0)
(1.1 -8.88371e-16 0)
(1.1 -1.07974e-15 0)
(1.1 -9.22563e-16 0)
(1.1 -1.29761e-15 0)
(1.1 -2.02113e-15 0)
(1.1 -1.86763e-15 0)
(1.1 -7.75561e-16 0)
(1.1 -1.20318e-15 0)
(1.1 -1.02468e-15 0)
(1.1 -7.82725e-16 0)
(1.1 -6.20997e-16 0)
(1.1 -2.77286e-16 0)
(1.1 1.35741e-16 0)
(1.1 1.29663e-16 0)
(1.1 1.04969e-16 0)
(1.1 2.51211e-17 0)
(1.1 -9.01629e-17 0)
(1.1 -4.80091e-16 0)
(1.1 -4.96183e-16 0)
(1.1 -4.75437e-16 0)
(1.1 -5.87288e-16 0)
(1.1 -7.71893e-17 0)
(1.1 8.59577e-18 0)
(1.1 1.06744e-16 0)
(1.1 -4.7763e-16 0)
(1.1 -1.00356e-15 0)
(1.1 -7.48186e-16 0)
(1.1 -7.86128e-16 0)
(1.1 -1.30248e-15 0)
(1.1 -9.67285e-16 0)
(1.1 -9.00222e-16 0)
(1.1 -1.57961e-15 0)
(1.1 -1.62621e-15 0)
(1.1 -1.2348e-15 0)
(1.1 -9.0411e-16 0)
(1.1 -8.03897e-16 0)
(1.1 -2.64333e-16 0)
(1.1 -4.17664e-16 0)
(1.1 -6.69467e-17 0)
(1.1 9.1993e-16 0)
(1.1 2.79921e-16 0)
(1.1 1.07337e-16 0)
(1.1 -2.44032e-16 0)
(1.1 -6.62337e-16 0)
(1.1 -7.39077e-16 0)
(1.1 -6.00666e-16 0)
(1.1 -7.12126e-16 0)
(1.1 -6.87486e-16 0)
(1.1 -1.47829e-16 0)
(1.1 3.7366e-16 0)
(1.1 2.29306e-16 0)
(1.1 2.42494e-16 0)
(1.1 -3.0852e-16 0)
(1.1 -8.82071e-16 0)
(1.1 -9.00078e-16 0)
(1.1 -1.05662e-15 0)
(1.1 -8.07366e-16 0)
(1.1 -8.36811e-16 0)
(1.1 -7.19711e-16 0)
(1.1 -9.40138e-16 0)
(1.1 -1.08895e-15 0)
(1.1 -6.40904e-16 0)
(1.1 -4.42771e-16 0)
(1.1 -1.30379e-16 0)
(1.1 -1.0874e-16 0)
(1.1 -5.63471e-17 0)
(1.1 4.49176e-16 0)
(1.1 2.75917e-16 0)
(1.1 -1.56789e-16 0)
(1.1 -5.91543e-16 0)
(1.1 -7.26991e-16 0)
(1.1 -8.27751e-16 0)
(1.1 -8.12723e-16 0)
(1.1 -5.64196e-16 0)
(1.1 -6.07469e-16 0)
(1.1 -5.13709e-16 0)
(1.1 -8.83979e-17 0)
(1.1 -3.5545e-16 0)
(1.1 3.01733e-16 0)
(1.1 -1.14423e-16 0)
(1.1 -2.52872e-16 0)
(1.1 -4.27605e-16 0)
(1.1 -5.14534e-16 0)
(1.1 -1.21992e-15 0)
(1.1 -1.19317e-15 0)
(1.1 -3.55907e-16 0)
(1.1 -7.45188e-16 0)
(1.1 -7.3451e-16 0)
(1.1 -6.81053e-16 0)
(1.1 -2.84158e-16 0)
(1.1 3.46123e-17 0)
(1.1 -6.1059e-17 0)
(1.1 -6.27317e-16 0)
(1.1 -1.50722e-17 0)
(1.1 -1.68626e-16 0)
(1.1 -1.14805e-15 0)
(1.1 -1.0978e-15 0)
(1.1 -1.10681e-15 0)
(1.1 -9.6687e-16 0)
(1.1 -9.69924e-16 0)
(1.1 -7.62542e-16 0)
(1.1 -7.90175e-16 0)
(1.1 -9.99806e-16 0)
(1.1 -9.31042e-16 0)
(1.1 -7.82693e-16 0)
(1.1 -5.82621e-16 0)
(1.1 -4.79198e-16 0)
(1.1 -2.6019e-16 0)
(1.1 -9.1603e-17 0)
(1.1 -2.59124e-16 0)
(1.1 -1.3349e-15 0)
(1.1 -1.43692e-15 0)
(1.1 -9.45389e-16 0)
(1.1 -5.32444e-16 0)
(1.1 -4.41132e-16 0)
(1.1 -5.80721e-16 0)
(1.1 -4.4822e-16 0)
(1.1 -1.33591e-16 0)
(1.1 -3.68015e-16 0)
(1.1 -4.81623e-16 0)
(1.1 -1.31127e-15 0)
(1.1 -2.06123e-15 0)
(1.1 -2.01178e-15 0)
(1.1 -1.85689e-15 0)
(1.1 -1.70659e-15 0)
(1.1 -1.30544e-15 0)
(1.1 -1.00554e-15 0)
(1.1 -1.06723e-15 0)
(1.1 -1.02246e-15 0)
(1.1 -1.15315e-15 0)
(1.1 -1.14364e-15 0)
(1.1 -5.70665e-16 0)
(1.1 -7.42503e-16 0)
(1.1 -7.34787e-16 0)
(1.1 -1.24551e-15 0)
(1.1 -7.01014e-16 0)
(1.1 -5.81318e-16 0)
(1.1 -9.32499e-16 0)
(1.1 -9.19258e-16 0)
(1.1 -7.77424e-16 0)
(1.1 -2.52099e-17 0)
(1.1 -9.42954e-17 0)
(1.1 2.05391e-16 0)
(1.1 2.3781e-16 0)
(1.1 1.02356e-16 0)
(1.1 6.39322e-17 0)
(1.1 1.58788e-16 0)
(1.1 -3.18279e-15 0)
(1.1 -2.97583e-15 0)
(1.1 -2.48483e-15 0)
(1.1 -1.3415e-15 0)
(1.1 -1.21612e-15 0)
(1.1 -9.47305e-16 0)
(1.1 -5.68614e-16 0)
(1.1 -6.62843e-16 0)
(1.1 -6.83822e-16 0)
(1.1 -4.69612e-16 0)
(1.1 -4.14877e-16 0)
(1.1 -5.80912e-16 0)
(1.1 -8.94604e-16 0)
(1.1 -7.64775e-16 0)
(1.1 -7.79749e-16 0)
(1.1 -4.78338e-16 0)
(1.1 3.10453e-16 0)
(1.1 2.67602e-16 0)
(1.1 1.29287e-17 0)
(1.1 -3.84717e-16 0)
(1.1 -1.22489e-16 0)
(1.1 2.4112e-16 0)
(1.1 5.95092e-16 0)
(1.1 1.11305e-15 0)
(1.1 4.07649e-16 0)
(1.1 3.64098e-16 0)
(1.1 2.49607e-16 0)
(1.1 -3.81389e-15 0)
(1.1 -2.79144e-15 0)
(1.1 -2.23198e-15 0)
(1.1 -1.41249e-15 0)
(1.1 -1.22416e-15 0)
(1.1 -1.12642e-16 0)
(1.1 -6.10128e-17 0)
(1.1 1.62278e-16 0)
(1.1 3.41403e-16 0)
(1.1 2.07486e-16 0)
(1.1 7.42369e-17 0)
(1.1 -1.6359e-16 0)
(1.1 -4.03923e-16 0)
(1.1 -2.79309e-16 0)
(1.1 4.32422e-16 0)
(1.1 3.63831e-16 0)
(1.1 7.14434e-16 0)
(1.1 1.4107e-15 0)
(1.1 8.41223e-16 0)
(1.1 2.64915e-16 0)
(1.1 -4.25256e-17 0)
(1.1 2.85816e-16 0)
(1.1 7.71286e-16 0)
(1.1 9.67901e-16 0)
(1.1 2.51615e-16 0)
(1.1 5.57236e-16 0)
(1.1 4.98712e-16 0)
(1.1 -2.96276e-15 0)
(1.1 -2.78049e-15 0)
(1.1 -1.98822e-15 0)
(1.1 -1.92309e-15 0)
(1.1 -1.07323e-15 0)
(1.1 -5.31035e-16 0)
(1.1 -3.29364e-16 0)
(1.1 7.15938e-18 0)
(1.1 4.31384e-16 0)
(1.1 1.29557e-16 0)
(1.1 4.03582e-16 0)
(1.1 4.8644e-16 0)
(1.1 5.7848e-16 0)
(1.1 1.08493e-15 0)
(1.1 1.44028e-15 0)
(1.1 1.18098e-15 0)
(1.1 1.08189e-15 0)
(1.1 1.64086e-15 0)
(1.1 1.49761e-15 0)
(1.1 9.98776e-16 0)
(1.1 5.28098e-16 0)
(1.1 7.31109e-16 0)
(1.1 1.29952e-15 0)
(1.1 5.22376e-16 0)
(1.1 4.37826e-16 0)
(1.1 2.21133e-16 0)
(1.1 5.57141e-16 0)
(1.1 -1.36429e-15 0)
(1.1 -1.36887e-15 0)
(1.1 -1.15903e-15 0)
(1.1 -1.30579e-15 0)
(1.1 -1.21283e-15 0)
(1.1 -9.36802e-16 0)
(1.1 -5.74167e-16 0)
(1.1 -1.03343e-16 0)
(1.1 1.89089e-16 0)
(1.1 1.99707e-16 0)
(1.1 6.22909e-16 0)
(1.1 4.24493e-16 0)
(1.1 1.89577e-15 0)
(1.1 2.1442e-15 0)
(1.1 1.39634e-15 0)
(1.1 4.57304e-16 0)
(1.1 7.33049e-16 0)
(1.1 1.18885e-15 0)
(1.1 1.23011e-15 0)
(1.1 1.3774e-15 0)
(1.1 1.38353e-15 0)
(1.1 1.20382e-15 0)
(1.1 1.15235e-15 0)
(1.1 4.189e-16 0)
(1.1 5.43611e-16 0)
(1.1 6.21368e-17 0)
(1.1 2.80379e-16 0)
(1.1 -6.66345e-16 0)
(1.1 -1.45177e-15 0)
(1.1 -2.05509e-15 0)
(1.1 -2.44962e-15 0)
(1.1 -1.69622e-15 0)
(1.1 -1.72139e-15 0)
(1.1 -1.48689e-15 0)
(1.1 -8.89355e-16 0)
(1.1 -2.29472e-16 0)
(1.1 -1.41401e-17 0)
(1.1 -2.40216e-16 0)
(1.1 -3.56613e-16 0)
(1.1 3.96218e-16 0)
(1.1 8.32256e-16 0)
(1.1 3.7451e-16 0)
(1.1 2.74308e-16 0)
(1.1 1.56483e-16 0)
(1.1 7.78925e-16 0)
(1.1 6.81989e-16 0)
(1.1 9.97536e-16 0)
(1.1 1.58779e-15 0)
(1.1 1.38125e-15 0)
(1.1 5.79207e-16 0)
(1.1 6.73849e-16 0)
(1.1 9.14691e-16 0)
(1.1 5.0054e-16 0)
(1.1 2.27877e-16 0)
(1.1 -2.95357e-16 0)
(1.1 -1.06858e-15 0)
(1.1 -2.04158e-15 0)
(1.1 -2.54955e-15 0)
(1.1 -1.8077e-15 0)
(1.1 -1.1255e-15 0)
(1.1 -4.37308e-16 0)
(1.1 -7.30079e-16 0)
(1.1 -7.58339e-16 0)
(1.1 -6.98269e-17 0)
(1.1 -4.22001e-16 0)
(1.1 -5.71754e-16 0)
(1.1 -1.18021e-15 0)
(1.1 -8.47837e-16 0)
(1.1 -8.96468e-16 0)
(1.1 -3.67684e-16 0)
(1.1 -7.16511e-16 0)
(1.1 -5.1018e-17 0)
(1.1 9.65836e-16 0)
(1.1 1.26584e-15 0)
(1.1 1.14231e-15 0)
(1.1 9.06577e-16 0)
(1.1 5.23402e-16 0)
(1.1 8.10975e-16 0)
(1.1 8.76023e-16 0)
(1.1 3.7776e-16 0)
(1.1 1.83702e-16 0)
(1.1 5.49227e-16 0)
(1.1 4.47799e-16 0)
(1.1 2.89799e-16 0)
(1.1 3.36878e-16 0)
(1.1 -1.41e-16 0)
(1.1 -1.02559e-16 0)
(1.1 -9.15523e-17 0)
(1.1 -1.54732e-17 0)
(1.1 -3.43364e-16 0)
(1.1 -2.49408e-16 0)
(1.1 -1.73994e-16 0)
(1.1 -4.36603e-16 0)
(1.1 -7.45948e-16 0)
(1.1 -7.80083e-16 0)
(1.1 -7.07934e-16 0)
(1.1 -4.53983e-16 0)
(1.1 -4.14444e-16 0)
(1.1 -4.96707e-16 0)
(1.1 4.50901e-16 0)
(1.1 1.02581e-15 0)
(1.1 8.02899e-16 0)
(1.1 7.27399e-16 0)
(1.1 7.82561e-16 0)
(1.1 9.61917e-16 0)
(1.1 6.95513e-16 0)
(1.1 4.87689e-16 0)
(1.1 5.60568e-17 0)
(1.1 -5.79122e-16 0)
(1.1 -2.35659e-16 0)
(1.1 -4.024e-17 0)
(1.1 3.43514e-16 0)
(1.1 3.2421e-16 0)
(1.1 2.28294e-16 0)
(1.1 8.32838e-17 0)
(1.1 1.94683e-16 0)
(1.1 1.04569e-16 0)
(1.1 -5.91254e-17 0)
(1.1 -3.72854e-16 0)
(1.1 -3.13996e-16 0)
(1.1 -3.57594e-16 0)
(1.1 -2.48229e-16 0)
(1.1 3.71551e-17 0)
(1.1 -7.7942e-18 0)
(1.1 -3.59398e-16 0)
(1.1 -8.9455e-16 0)
(1.1 -4.04498e-16 0)
(1.1 -9.37838e-17 0)
(1.1 2.08316e-16 0)
(1.1 4.49337e-16 0)
(1.1 9.19075e-16 0)
(1.1 7.88391e-16 0)
(1.1 8.66633e-16 0)
(1.1 7.93321e-16 0)
(1.1 4.31607e-16 0)
(1.1 -1.10965e-15 0)
(1.1 -6.69847e-16 0)
(1.1 -5.87659e-17 0)
(1.1 1.61579e-16 0)
(1.1 2.51926e-16 0)
(1.1 -3.53706e-17 0)
(1.1 -2.57481e-16 0)
(1.1 -1.85918e-17 0)
(1.1 1.09724e-16 0)
(1.1 6.2491e-17 0)
(1.1 -2.74314e-16 0)
(1.1 1.26484e-16 0)
(1.1 1.8079e-16 0)
(1.1 6.20797e-16 0)
(1.1 5.40694e-16 0)
(1.1 1.90638e-16 0)
(1.1 -8.55859e-17 0)
(1.1 -5.66426e-16 0)
(1.1 -1.05051e-15 0)
(1.1 -7.54979e-16 0)
(1.1 -7.15899e-16 0)
(1.1 -3.46188e-16 0)
(1.1 4.52001e-16 0)
(1.1 1.3523e-16 0)
(1.1 2.08043e-16 0)
(1.1 4.21987e-16 0)
(1.1 2.61246e-16 0)
(1.1 -5.8327e-16 0)
(1.1 -2.72544e-16 0)
(1.1 -2.53635e-17 0)
(1.1 3.12044e-16 0)
(1.1 7.77695e-17 0)
(1.1 -4.77808e-16 0)
(1.1 -5.65972e-16 0)
(1.1 -7.47888e-16 0)
(1.1 -6.88235e-16 0)
(1.1 -9.8295e-16 0)
(1.1 -2.48759e-16 0)
(1.1 2.38227e-16 0)
(1.1 7.75849e-16 0)
(1.1 2.73903e-16 0)
(1.1 -9.57908e-17 0)
(1.1 -4.06896e-16 0)
(1.1 1.5984e-18 0)
(1.1 -3.136e-16 0)
(1.1 -1.15175e-15 0)
(1.1 -9.48182e-16 0)
(1.1 -1.13274e-15 0)
(1.1 -5.65628e-16 0)
(1.1 -5.73642e-16 0)
(1.1 -5.37287e-16 0)
(1.1 -2.03882e-16 0)
(1.1 -1.59827e-16 0)
(1.1 2.32702e-17 0)
(1.1 -3.80552e-16 0)
(1.1 -1.07394e-15 0)
(1.1 -1.47228e-15 0)
(1.1 -1.1092e-15 0)
(1.1 -1.04646e-15 0)
(1.1 -1.05655e-15 0)
(1.1 -1.17995e-15 0)
(1.1 -1.21912e-15 0)
(1.1 -9.48632e-16 0)
(1.1 -8.70801e-16 0)
(1.1 -6.03092e-16 0)
(1.1 -5.50776e-16 0)
(1.1 -2.80423e-16 0)
(1.1 -3.30115e-16 0)
(1.1 -4.10499e-16 0)
(1.1 -6.85167e-16 0)
(1.1 -7.34369e-16 0)
(1.1 -9.68277e-16 0)
(1.1 -5.04778e-16 0)
(1.1 -1.02103e-15 0)
(1.1 -7.4214e-16 0)
(1.1 -6.62431e-16 0)
(1.1 -1.0613e-15 0)
(1.1 -9.87473e-16 0)
(1.1 -9.6389e-16 0)
(1.1 -6.91634e-16 0)
(1.1 8.05904e-19 0)
(1.1 9.64092e-16 0)
(1.1 3.4758e-16 0)
(1.1 -1.84483e-16 0)
(1.1 -5.35213e-16 0)
(1.1 -9.78155e-16 0)
(1.1 -1.40005e-15 0)
(1.1 -1.2958e-15 0)
(1.1 -8.23285e-16 0)
(1.1 -7.12012e-16 0)
(1.1 -3.45869e-16 0)
(1.1 -5.2119e-16 0)
(1.1 -5.51783e-16 0)
(1.1 -5.62469e-16 0)
(1.1 8.24418e-17 0)
(1.1 -1.21841e-16 0)
(1.1 -3.54014e-16 0)
(1.1 -7.41125e-16 0)
(1.1 -4.99842e-16 0)
(1.1 -4.40166e-16 0)
(1.1 -7.68757e-16 0)
(1.1 -5.57132e-16 0)
(1.1 -5.50165e-16 0)
(1.1 -6.75133e-16 0)
(1.1 -8.06022e-16 0)
(1.1 -1.00456e-15 0)
(1.1 -7.91321e-16 0)
(1.1 -5.71977e-16 0)
(1.1 6.2144e-16 0)
(1.1 5.95664e-16 0)
(1.1 2.96064e-16 0)
(1.1 -4.53821e-16 0)
(1.1 -5.85885e-16 0)
(1.1 -5.26299e-16 0)
(1.1 -9.9656e-16 0)
(1.1 -9.33185e-16 0)
(1.1 -7.05195e-16 0)
(1.1 -4.95195e-16 0)
(1.1 -4.9121e-17 0)
(1.1 3.342e-16 0)
(1.1 -2.91832e-16 0)
(1.1 -2.42224e-16 0)
(1.1 -6.05874e-16 0)
(1.1 -7.85217e-16 0)
(1.1 -7.24104e-16 0)
(1.1 -1.33087e-16 0)
(1.1 -4.50898e-16 0)
(1.1 -4.59902e-16 0)
(1.1 -5.73358e-16 0)
(1.1 -8.0782e-16 0)
(1.1 -5.75426e-16 0)
(1.1 -5.136e-16 0)
(1.1 -7.89665e-16 0)
(1.1 -8.18608e-16 0)
(1.1 -9.73933e-16 0)
(1.1 4.12584e-16 0)
(1.1 3.76014e-16 0)
(1.1 -4.56386e-17 0)
(1.1 -1.85058e-16 0)
(1.1 -4.43219e-16 0)
(1.1 -1.76164e-16 0)
(1.1 -1.22378e-16 0)
(1.1 -4.26092e-16 0)
(1.1 -2.41214e-16 0)
(1.1 -9.23344e-17 0)
(1.1 3.02159e-16 0)
(1.1 8.71866e-16 0)
(1.1 4.87595e-16 0)
(1.1 -3.24232e-16 0)
(1.1 -1.50424e-16 0)
(1.1 -2.62094e-16 0)
(1.1 -3.1947e-16 0)
(1.1 -2.51886e-16 0)
(1.1 -2.31369e-16 0)
(1.1 -2.73492e-17 0)
(1.1 -2.6869e-16 0)
(1.1 -9.09834e-16 0)
(1.1 -7.73238e-16 0)
(1.1 -3.16447e-16 0)
(1.1 -6.20005e-16 0)
(1.1 -7.42306e-16 0)
(1.1 -4.52431e-16 0)
(1.1 2.262e-16 0)
(1.1 1.21488e-16 0)
(1.1 -1.86207e-17 0)
(1.1 -2.58197e-16 0)
(1.1 -4.92146e-16 0)
(1.1 -1.51938e-17 0)
(1.1 5.21462e-16 0)
(1.1 3.66414e-16 0)
(1.1 3.0229e-16 0)
(1.1 1.65085e-16 0)
(1.1 1.4189e-16 0)
(1.1 6.20409e-16 0)
(1.1 8.05409e-16 0)
(1.1 1.90737e-16 0)
(1.1 5.07429e-16 0)
(1.1 5.48514e-16 0)
(1.1 5.77688e-16 0)
(1.1 8.70625e-17 0)
(1.1 2.80166e-16 0)
(1.1 9.67583e-17 0)
(1.1 5.00256e-18 0)
(1.1 -5.82661e-16 0)
(1.1 -7.73984e-16 0)
(1.1 -5.15965e-16 0)
(1.1 5.03646e-17 0)
(1.1 -2.14029e-16 0)
(1.1 -7.34688e-17 0)
(1.1 -1.22792e-16 0)
(1.1 2.01317e-17 0)
(1.1 2.58527e-16 0)
(1.1 2.75485e-16 0)
(1.1 2.78305e-16 0)
(1.1 3.99874e-16 0)
(1.1 2.92437e-16 0)
(1.1 2.82788e-16 0)
(1.1 2.40716e-16 0)
(1.1 3.00928e-16 0)
(1.1 3.50869e-16 0)
(1.1 3.31371e-16 0)
(1.1 1.50084e-16 0)
(1.1 -1.28712e-16 0)
(1.1 7.56253e-17 0)
(1.1 7.80399e-16 0)
(1.1 6.5468e-16 0)
(1.1 5.85628e-16 0)
(1.1 9.44385e-16 0)
(1.1 5.71732e-16 0)
(1.1 3.21129e-16 0)
(1.1 -1.41969e-16 0)
(1.1 -3.18864e-16 0)
(1.1 -2.29545e-16 0)
(1.1 2.84436e-16 0)
(1.1 3.70052e-16 0)
(1.1 2.72435e-16 0)
(1.1 1.28527e-16 0)
(1.1 3.71852e-16 0)
(1.1 5.34035e-16 0)
(1.1 8.22676e-16 0)
(1.1 8.94076e-16 0)
(1.1 7.05033e-16 0)
(1.1 7.04043e-16 0)
(1.1 8.02615e-16 0)
(1.1 6.79263e-16 0)
(1.1 7.96718e-16 0)
(1.1 8.30922e-16 0)
(1.1 5.52797e-16 0)
(1.1 3.86052e-16 0)
(1.1 7.35866e-17 0)
(1.1 -2.14918e-16 0)
(1.1 1.88701e-16 0)
(1.1 3.17092e-16 0)
(1.1 5.93248e-16 0)
(1.1 5.63939e-16 0)
(1.1 9.52916e-16 0)
(1.1 1.10625e-15 0)
(1.1 6.90812e-16 0)
(1.1 4.48657e-16 0)
(1.1 7.5593e-16 0)
(1.1 5.53049e-16 0)
(1.1 5.94106e-16 0)
(1.1 5.00447e-16 0)
(1.1 -9.49014e-19 0)
(1.1 1.29472e-16 0)
(1.1 4.2979e-16 0)
(1.1 8.19742e-16 0)
(1.1 1.1862e-15 0)
(1.1 9.80934e-16 0)
(1.1 1.07792e-15 0)
(1.1 1.21616e-15 0)
(1.1 1.00416e-15 0)
(1.1 7.01816e-16 0)
(1.1 5.78068e-16 0)
(1.1 3.73914e-17 0)
(1.1 2.9866e-16 0)
(1.1 6.49333e-17 0)
(1.1 -4.85557e-17 0)
(1.1 2.604e-17 0)
(1.1 4.50563e-16 0)
(1.1 4.11979e-16 0)
(1.1 2.54554e-16 0)
(1.1 6.17944e-16 0)
(1.1 1.54222e-15 0)
(1.1 1.31061e-15 0)
(1.1 1.4109e-15 0)
(1.1 1.72145e-15 0)
(1.1 1.32461e-15 0)
(1.1 7.59589e-16 0)
(1.1 5.28451e-16 0)
(1.1 2.08753e-16 0)
(1.1 6.37514e-16 0)
(1.1 1.5453e-15 0)
(1.1 1.67148e-15 0)
(1.1 1.75783e-15 0)
(1.1 1.2384e-15 0)
(1.1 7.31428e-16 0)
(1.1 6.18657e-16 0)
(1.1 6.57215e-16 0)
(1.1 4.86118e-16 0)
(1.1 1.36695e-16 0)
(1.1 -5.95624e-16 0)
(1.1 -4.79917e-16 0)
(1.1 -5.55836e-16 0)
(1.1 1.73464e-16 0)
(1.1 2.99239e-16 0)
(1.1 2.93038e-16 0)
(1.1 5.31955e-16 0)
(1.1 4.985e-16 0)
(1.1 2.39233e-16 0)
(1.1 5.18522e-16 0)
(1.1 8.74585e-16 0)
(1.1 1.67512e-15 0)
(1.1 1.46448e-15 0)
(1.1 1.56187e-15 0)
(1.1 9.93949e-16 0)
(1.1 6.08054e-16 0)
(1.1 3.65792e-16 0)
(1.1 5.85368e-16 0)
(1.1 6.96101e-16 0)
(1.1 7.22574e-16 0)
(1.1 6.66589e-16 0)
(1.1 8.86473e-16 0)
(1.1 3.80028e-16 0)
(1.1 -4.95071e-16 0)
(1.1 -3.17004e-16 0)
(1.1 -5.92678e-16 0)
(1.1 -9.8191e-16 0)
(1.1 -1.08871e-15 0)
(1.1 -1.35139e-15 0)
(1.1 -6.83655e-16 0)
(1.1 -6.69732e-16 0)
(1.1 -2.01285e-16 0)
(1.1 -1.68378e-16 0)
(1.1 1.66814e-16 0)
(1.1 6.1767e-16 0)
(1.1 4.18759e-16 0)
(1.1 4.59369e-16 0)
(1.1 1.08887e-15 0)
(1.1 1.04671e-15 0)
(1.1 6.7497e-16 0)
(1.1 6.27155e-16 0)
(1.1 7.46392e-16 0)
(1.1 4.37439e-16 0)
(1.1 1.0756e-15 0)
(1.1 9.50682e-16 0)
(1.1 7.50736e-16 0)
(1.1 6.46645e-16 0)
(1.1 1.70743e-16 0)
(1.1 7.66834e-17 0)
(1.1 5.24506e-17 0)
(1.1 -7.12153e-16 0)
(1.1 -7.13439e-16 0)
(1.1 -7.89139e-16 0)
(1.1 -1.36854e-15 0)
(1.1 -9.29134e-16 0)
(1.1 -7.90996e-16 0)
(1.1 -6.94806e-16 0)
(1.1 -7.63534e-16 0)
(1.1 -6.08336e-16 0)
(1.1 -7.04739e-16 0)
(1.1 -1.83916e-16 0)
(1.1 3.92581e-16 0)
(1.1 4.93569e-16 0)
(1.1 3.08555e-16 0)
(1.1 8.03557e-16 0)
(1.1 5.60293e-16 0)
(1.1 6.59742e-17 0)
(1.1 -2.47725e-16 0)
(1.1 3.4414e-16 0)
(1.1 4.11077e-16 0)
(1.1 2.06867e-15 0)
(1.1 1.73053e-15 0)
(1.1 1.40608e-15 0)
(1.1 9.93332e-16 0)
(1.1 5.92939e-16 0)
(1.1 3.9826e-16 0)
(1.1 3.72858e-16 0)
(1.1 4.03076e-16 0)
(1.1 1.89498e-16 0)
(1.1 2.0683e-16 0)
(1.1 1.16627e-16 0)
(1.1 -2.87364e-16 0)
(1.1 -4.26058e-16 0)
(1.1 -4.34392e-16 0)
(1.1 -3.37547e-16 0)
(1.1 -3.7317e-16 0)
(1.1 -5.16705e-16 0)
(1.1 -1.64786e-16 0)
(1.1 3.50175e-18 0)
(1.1 1.63243e-16 0)
(1.1 -4.01773e-16 0)
(1.1 -1.62299e-17 0)
(1.1 -4.50069e-16 0)
(1.1 -3.45251e-16 0)
(1.1 -8.2685e-17 0)
(1.1 3.4878e-16 0)
(1.1 8.14589e-16 0)
(1.1 2.10656e-15 0)
(1.1 1.43112e-15 0)
(1.1 6.75353e-16 0)
(1.1 6.07976e-16 0)
(1.1 5.4246e-17 0)
(1.1 -1.58398e-17 0)
(1.1 1.36176e-16 0)
(1.1 4.15792e-16 0)
(1.1 4.40542e-16 0)
(1.1 5.38354e-16 0)
(1.1 4.95073e-16 0)
(1.1 2.14546e-16 0)
(1.1 -2.66744e-16 0)
(1.1 -2.68074e-18 0)
(1.1 2.74452e-16 0)
(1.1 -9.87003e-17 0)
(1.1 -1.01758e-16 0)
(1.1 -4.85633e-16 0)
(1.1 -2.71751e-16 0)
(1.1 -2.64702e-16 0)
(1.1 -3.24959e-16 0)
(1.1 -3.73993e-16 0)
(1.1 -2.20991e-16 0)
(1.1 -1.74222e-17 0)
(1.1 4.58833e-16 0)
(1.1 2.28986e-16 0)
(1.1 9.81164e-17 0)
(1.1 1.14994e-15 0)
(1.1 1.04894e-15 0)
(1.1 7.29328e-16 0)
(1.1 5.19365e-16 0)
(1.1 5.77911e-16 0)
(1.1 5.31281e-16 0)
(1.1 2.64886e-16 0)
(1.1 6.87659e-16 0)
(1.1 3.23279e-16 0)
(1.1 5.95941e-16 0)
(1.1 3.1625e-16 0)
(1.1 4.58984e-16 0)
(1.1 2.27994e-16 0)
(1.1 4.82675e-16 0)
(1.1 1.46939e-16 0)
(1.1 -2.03263e-16 0)
(1.1 3.85272e-17 0)
(1.1 -1.60516e-16 0)
(1.1 -9.34894e-17 0)
(1.1 -7.27657e-16 0)
(1.1 -6.293e-16 0)
(1.1 -1.62978e-16 0)
(1.1 -9.48353e-18 0)
(1.1 1.10385e-16 0)
(1.1 4.98918e-16 0)
(1.1 6.95335e-17 0)
(1.1 -1.53432e-16 0)
(1.1 3.86001e-16 0)
(1.1 4.6703e-16 0)
(1.1 4.31343e-16 0)
(1.1 3.9315e-16 0)
(1.1 6.71838e-16 0)
(1.1 8.42859e-16 0)
(1.1 1.05939e-15 0)
(1.1 8.36548e-16 0)
(1.1 6.17607e-16 0)
(1.1 5.64858e-16 0)
(1.1 4.83036e-16 0)
(1.1 2.85049e-16 0)
(1.1 8.53309e-16 0)
(1.1 9.63638e-16 0)
(1.1 3.88486e-16 0)
(1.1 2.15457e-16 0)
(1.1 4.89956e-16 0)
(1.1 5.14329e-16 0)
(1.1 2.67693e-17 0)
(1.1 2.86777e-17 0)
(1.1 1.57216e-16 0)
(1.1 4.60695e-17 0)
(1.1 -3.11636e-16 0)
(1.1 -1.50765e-16 0)
(1.1 -3.60741e-16 0)
(1.1 -2.13767e-16 0)
(1.1 -1.73545e-16 0)
(1.1 8.66879e-16 0)
(1.1 9.16767e-16 0)
(1.1 1.28303e-15 0)
(1.1 1.41361e-15 0)
(1.1 1.19823e-15 0)
(1.1 1.30987e-15 0)
(1.1 1.62674e-15 0)
(1.1 1.39226e-15 0)
(1.1 1.60721e-15 0)
(1.1 1.373e-15 0)
(1.1 1.15315e-15 0)
(1.1 1.27512e-15 0)
(1.1 1.0663e-15 0)
(1.1 8.25375e-16 0)
(1.1 6.04684e-16 0)
(1.1 7.95365e-16 0)
(1.1 1.41952e-15 0)
(1.1 1.2196e-15 0)
(1.1 6.5476e-16 0)
(1.1 1.15732e-15 0)
(1.1 1.09684e-15 0)
(1.1 5.42921e-16 0)
(1.1 -4.80851e-17 0)
(1.1 -3.24698e-16 0)
(1.1 -5.96706e-16 0)
(1.1 -7.24903e-16 0)
(1.1 -7.26959e-16 0)
(1.1 7.21487e-16 0)
(1.1 7.2627e-16 0)
(1.1 1.03804e-15 0)
(1.1 1.18118e-15 0)
(1.1 1.44649e-15 0)
(1.1 1.78784e-15 0)
(1.1 1.65197e-15 0)
(1.1 1.69473e-15 0)
(1.1 1.94236e-15 0)
(1.1 1.88434e-15 0)
(1.1 1.50602e-15 0)
(1.1 1.4247e-15 0)
(1.1 1.24848e-15 0)
(1.1 1.07202e-15 0)
(1.1 1.05727e-15 0)
(1.1 1.05984e-15 0)
(1.1 1.02181e-15 0)
(1.1 1.65274e-15 0)
(1.1 1.52684e-15 0)
(1.1 1.53643e-15 0)
(1.1 9.84484e-16 0)
(1.1 1.47341e-16 0)
(1.1 -1.92647e-16 0)
(1.1 -5.79031e-16 0)
(1.1 -8.43705e-16 0)
(1.1 -1.23817e-15 0)
(1.1 -1.07445e-15 0)
(1.1 9.3851e-16 0)
(1.1 7.35493e-16 0)
(1.1 1.05247e-15 0)
(1.1 1.1119e-15 0)
(1.1 1.5129e-15 0)
(1.1 1.74533e-15 0)
(1.1 1.58399e-15 0)
(1.1 1.95756e-15 0)
(1.1 2.06694e-15 0)
(1.1 1.87718e-15 0)
(1.1 1.69881e-15 0)
(1.1 1.33848e-15 0)
(1.1 1.47324e-15 0)
(1.1 1.43792e-15 0)
(1.1 1.54236e-15 0)
(1.1 1.43585e-15 0)
(1.1 9.92844e-16 0)
(1.1 9.69824e-16 0)
(1.1 6.97239e-16 0)
(1.1 4.30614e-16 0)
(1.1 1.76967e-17 0)
(1.1 -6.39211e-16 0)
(1.1 -5.95859e-16 0)
(1.1 -9.33221e-16 0)
(1.1 -1.53286e-15 0)
(1.1 -1.76155e-15 0)
(1.1 -1.43513e-15 0)
(1.1 8.08436e-16 0)
(1.1 1.19935e-15 0)
(1.1 1.13542e-15 0)
(1.1 1.00796e-15 0)
(1.1 4.66962e-16 0)
(1.1 3.07304e-16 0)
(1.1 8.60586e-16 0)
(1.1 1.07317e-15 0)
(1.1 1.3383e-15 0)
(1.1 1.21323e-15 0)
(1.1 1.55191e-15 0)
(1.1 1.54869e-15 0)
(1.1 1.40263e-15 0)
(1.1 1.44567e-15 0)
(1.1 2.07552e-15 0)
(1.1 1.93595e-15 0)
(1.1 1.82035e-15 0)
(1.1 1.06963e-15 0)
(1.1 4.31875e-16 0)
(1.1 -3.6334e-16 0)
(1.1 -3.486e-16 0)
(1.1 -6.71733e-16 0)
(1.1 -1.06689e-15 0)
(1.1 -1.64774e-15 0)
(1.1 -1.54083e-15 0)
(1.1 -1.78221e-15 0)
(1.1 -1.64074e-15 0)
(1.1 1.06428e-15 0)
(1.1 1.17422e-15 0)
(1.1 8.6358e-16 0)
(1.1 9.04721e-16 0)
(1.1 9.16277e-16 0)
(1.1 8.32655e-16 0)
(1.1 8.90074e-16 0)
(1.1 8.98237e-16 0)
(1.1 4.12571e-16 0)
(1.1 6.13328e-16 0)
(1.1 1.18979e-15 0)
(1.1 1.1237e-15 0)
(1.1 8.09992e-16 0)
(1.1 1.25513e-15 0)
(1.1 1.68777e-15 0)
(1.1 1.6856e-15 0)
(1.1 1.52626e-15 0)
(1.1 1.02843e-15 0)
(1.1 7.20049e-16 0)
(1.1 3.8725e-16 0)
(1.1 7.84783e-17 0)
(1.1 -3.30883e-16 0)
(1.1 -8.80361e-16 0)
(1.1 -1.37177e-15 0)
(1.1 -1.21219e-15 0)
(1.1 -9.46804e-16 0)
(1.1 -8.66366e-16 0)
(1.1 1.76201e-15 0)
(1.1 1.94018e-15 0)
(1.1 1.37924e-15 0)
(1.1 1.07881e-15 0)
(1.1 8.48717e-16 0)
(1.1 6.87673e-16 0)
(1.1 7.35997e-16 0)
(1.1 7.38803e-16 0)
(1.1 5.95318e-16 0)
(1.1 6.77415e-16 0)
(1.1 6.35351e-16 0)
(1.1 6.38612e-16 0)
(1.1 5.08254e-16 0)
(1.1 3.95913e-16 0)
(1.1 5.06234e-16 0)
(1.1 6.10531e-16 0)
(1.1 5.78306e-16 0)
(1.1 2.36762e-16 0)
(1.1 1.25183e-16 0)
(1.1 2.66358e-16 0)
(1.1 3.18101e-16 0)
(1.1 5.07969e-17 0)
(1.1 -7.31934e-16 0)
(1.1 -6.67649e-16 0)
(1.1 -7.9442e-16 0)
(1.1 -2.36334e-16 0)
(1.1 1.67439e-16 0)
(1.1 1.94208e-15 0)
(1.1 2.25187e-15 0)
(1.1 2.04002e-15 0)
(1.1 1.82478e-15 0)
(1.1 1.65522e-15 0)
(1.1 1.44406e-15 0)
(1.1 1.36445e-15 0)
(1.1 9.02821e-16 0)
(1.1 9.52649e-16 0)
(1.1 6.14596e-16 0)
(1.1 2.11873e-16 0)
(1.1 1.91919e-16 0)
(1.1 1.52745e-16 0)
(1.1 -1.49018e-16 0)
(1.1 3.51968e-17 0)
(1.1 2.01252e-16 0)
(1.1 -2.92849e-16 0)
(1.1 -4.49444e-17 0)
(1.1 1.26082e-16 0)
(1.1 6.23783e-17 0)
(1.1 -2.77911e-17 0)
(1.1 4.26453e-17 0)
(1.1 -1.84705e-16 0)
(1.1 8.50447e-17 0)
(1.1 4.58891e-16 0)
(1.1 1.27493e-15 0)
(1.1 8.03701e-16 0)
(1.1 1.96756e-15 0)
(1.1 1.71473e-15 0)
(1.1 1.71137e-15 0)
(1.1 1.75866e-15 0)
(1.1 1.87432e-15 0)
(1.1 1.57705e-15 0)
(1.1 1.32124e-15 0)
(1.1 8.75881e-16 0)
(1.1 6.93919e-16 0)
(1.1 2.44409e-16 0)
(1.1 2.74766e-16 0)
(1.1 4.56923e-16 0)
(1.1 1.5083e-16 0)
(1.1 -3.5879e-16 0)
(1.1 -3.29408e-16 0)
(1.1 -2.80886e-16 0)
(1.1 -1.26382e-15 0)
(1.1 -1.21951e-15 0)
(1.1 -8.00897e-16 0)
(1.1 -7.21818e-16 0)
(1.1 -6.99123e-16 0)
(1.1 -2.98129e-16 0)
(1.1 5.02728e-16 0)
(1.1 9.51801e-16 0)
(1.1 1.65204e-15 0)
(1.1 2.28635e-15 0)
(1.1 1.74027e-15 0)
(1.1 7.04692e-16 0)
(1.1 4.13619e-16 0)
(1.1 7.71629e-16 0)
(1.1 8.5636e-16 0)
(1.1 8.44686e-16 0)
(1.1 8.91361e-16 0)
(1.1 6.34636e-16 0)
(1.1 4.96402e-16 0)
(1.1 3.23065e-16 0)
(1.1 -7.20928e-17 0)
(1.1 -2.01732e-17 0)
(1.1 2.5517e-16 0)
(1.1 -2.6732e-17 0)
(1.1 -2.15862e-16 0)
(1.1 -3.09647e-16 0)
(1.1 -5.95566e-16 0)
(1.1 -1.1603e-15 0)
(1.1 -1.95941e-15 0)
(1.1 -2.16504e-15 0)
(1.1 -1.65123e-15 0)
(1.1 -9.38522e-16 0)
(1.1 -5.71523e-16 0)
(1.1 5.49575e-16 0)
(1.1 1.10319e-15 0)
(1.1 1.63657e-15 0)
(1.1 1.36409e-15 0)
(1.1 1.04823e-15 0)
(1.1 -1.68463e-16 0)
(1.1 -4.24559e-16 0)
(1.1 -1.49113e-16 0)
(1.1 2.84188e-17 0)
(1.1 9.69912e-17 0)
(1.1 6.79532e-17 0)
(1.1 2.27106e-16 0)
(1.1 1.00737e-16 0)
(1.1 -8.51042e-18 0)
(1.1 -1.56436e-17 0)
(1.1 -2.69423e-16 0)
(1.1 -4.13857e-16 0)
(1.1 2.0799e-16 0)
(1.1 5.40967e-16 0)
(1.1 1.45666e-16 0)
(1.1 -1.45421e-16 0)
(1.1 -4.70451e-16 0)
(1.1 -1.23855e-15 0)
(1.1 -1.58081e-15 0)
(1.1 -1.45284e-15 0)
(1.1 -6.76725e-16 0)
(1.1 -6.0846e-16 0)
(1.1 3.1439e-16 0)
(1.1 4.42715e-16 0)
(1.1 5.50334e-16 0)
(1.1 4.12675e-17 0)
(1.1 -8.61341e-17 0)
(1.1 -1.0274e-15 0)
(1.1 -6.67208e-16 0)
(1.1 -9.14634e-16 0)
(1.1 -8.54771e-16 0)
(1.1 -5.78275e-16 0)
(1.1 -5.63038e-16 0)
(1.1 -7.58502e-16 0)
(1.1 -6.28323e-16 0)
(1.1 -5.36239e-16 0)
(1.1 -1.43813e-16 0)
(1.1 -2.84731e-16 0)
(1.1 -3.72333e-16 0)
(1.1 4.52683e-16 0)
(1.1 1.30068e-16 0)
(1.1 -3.0592e-16 0)
(1.1 -3.26416e-16 0)
(1.1 -4.43598e-18 0)
(1.1 -3.19925e-16 0)
(1.1 -6.92363e-16 0)
(1.1 -9.63387e-16 0)
(1.1 -6.56853e-16 0)
(1.1 -4.91047e-16 0)
(1.1 -2.83472e-16 0)
(1.1 -3.56945e-16 0)
(1.1 -1.54191e-16 0)
(1.1 1.38743e-16 0)
(1.1 -2.62814e-16 0)
(1.1 -1.1001e-15 0)
(1.1 -7.94214e-16 0)
(1.1 -1.02425e-15 0)
(1.1 -1.1426e-15 0)
(1.1 -1.20155e-15 0)
(1.1 -8.90768e-16 0)
(1.1 -1.16654e-15 0)
(1.1 -9.73362e-16 0)
(1.1 -4.64544e-16 0)
(1.1 -4.48172e-16 0)
(1.1 -6.38143e-16 0)
(1.1 -8.12695e-16 0)
(1.1 -6.50289e-16 0)
(1.1 -4.8393e-16 0)
(1.1 -2.22455e-16 0)
(1.1 -3.81694e-16 0)
(1.1 3.19795e-16 0)
(1.1 2.15837e-16 0)
(1.1 7.30154e-17 0)
(1.1 -4.14936e-16 0)
(1.1 -5.17573e-16 0)
(1.1 -9.63768e-17 0)
(1.1 -1.51804e-16 0)
(1.1 -3.26349e-16 0)
(1.1 4.62119e-18 0)
(1.1 -1.42314e-16 0)
(1.1 -6.84514e-17 0)
(1.1 -1.16407e-15 0)
(1.1 -1.87772e-15 0)
(1.1 -1.67202e-15 0)
(1.1 -1.72619e-15 0)
(1.1 -1.59662e-15 0)
(1.1 -1.48458e-15 0)
(1.1 -1.16509e-15 0)
(1.1 -1.07234e-15 0)
(1.1 -7.89081e-16 0)
(1.1 -6.1189e-16 0)
(1.1 -8.44025e-16 0)
(1.1 -9.30407e-16 0)
(1.1 -5.30642e-16 0)
(1.1 -4.0018e-16 0)
(1.1 -3.70093e-16 0)
(1.1 -1.80619e-16 0)
(1.1 2.58562e-16 0)
(1.1 2.88383e-16 0)
(1.1 4.48341e-16 0)
(1.1 1.6107e-16 0)
(1.1 -9.93941e-17 0)
(1.1 5.14317e-17 0)
(1.1 -1.89086e-16 0)
(1.1 3.78709e-17 0)
(1.1 -4.91987e-16 0)
(1.1 -4.05866e-16 0)
(1.1 -1.5877e-16 0)
(1.1 -8.7367e-16 0)
(1.1 -1.46765e-15 0)
(1.1 -1.34741e-15 0)
(1.1 -9.37576e-16 0)
(1.1 -1.13362e-15 0)
(1.1 -1.20314e-15 0)
(1.1 -8.42072e-16 0)
(1.1 -8.55349e-16 0)
(1.1 -9.63063e-16 0)
(1.1 -6.85354e-16 0)
(1.1 -2.46409e-16 0)
(1.1 -3.45448e-16 0)
(1.1 -2.96158e-16 0)
(1.1 -4.22013e-16 0)
(1.1 -3.83445e-16 0)
(1.1 -3.40966e-16 0)
(1.1 -7.40812e-17 0)
(1.1 4.82359e-17 0)
(1.1 1.12636e-16 0)
(1.1 1.83516e-16 0)
(1.1 -1.56962e-16 0)
(1.1 -3.26472e-16 0)
(1.1 -4.93297e-16 0)
(1.1 1.71487e-16 0)
(1.1 -2.06199e-16 0)
(1.1 -1.42559e-16 0)
(1.1 4.54512e-17 0)
(1.1 2.76398e-17 0)
(1.1 4.19406e-16 0)
(1.1 9.13217e-17 0)
(1.1 -1.54213e-16 0)
(1.1 -3.68342e-16 0)
(1.1 -2.53459e-16 0)
(1.1 -4.22096e-16 0)
(1.1 -4.30309e-16 0)
(1.1 -7.07034e-16 0)
(1.1 -7.97261e-16 0)
(1.1 -2.54619e-16 0)
(1.1 -4.16806e-16 0)
(1.1 -8.75955e-16 0)
(1.1 -7.73145e-16 0)
(1.1 -5.59372e-16 0)
(1.1 -4.49804e-16 0)
(1.1 -4.81493e-16 0)
(1.1 -1.72917e-16 0)
(1.1 -3.83281e-17 0)
(1.1 8.34975e-17 0)
(1.1 -2.54596e-16 0)
(1.1 -9.2106e-16 0)
(1.1 -8.3974e-16 0)
(1.1 -5.20368e-16 0)
(1.1 -3.62574e-17 0)
(1.1 1.52882e-16 0)
(1.1 2.78574e-16 0)
(1.1 -6.80769e-16 0)
(1.1 -4.16451e-16 0)
(1.1 -3.46271e-16 0)
(1.1 -4.40831e-16 0)
(1.1 -1.38741e-16 0)
(1.1 -2.08179e-17 0)
(1.1 1.40171e-16 0)
(1.1 4.86566e-17 0)
(1.1 4.94198e-18 0)
(1.1 -4.8625e-16 0)
(1.1 -6.30143e-16 0)
(1.1 -4.82447e-16 0)
(1.1 -9.62098e-16 0)
(1.1 -8.13775e-16 0)
(1.1 -1.14249e-15 0)
(1.1 -7.62291e-16 0)
(1.1 -9.45658e-16 0)
(1.1 -4.21521e-16 0)
(1.1 4.87439e-16 0)
(1.1 -7.78309e-17 0)
(1.1 -6.73966e-16 0)
(1.1 -1.29859e-15 0)
(1.1 -1.31545e-15 0)
(1.1 -1.08761e-15 0)
(1.1 -8.16229e-16 0)
(1.1 -3.04883e-16 0)
(1.1 1.2548e-16 0)
(1.1 5.40046e-19 0)
(1.1 -2.61528e-16 0)
(1.1 -2.55959e-16 0)
(1.1 -4.27119e-17 0)
(1.1 -7.01428e-18 0)
(1.1 -6.61462e-17 0)
(1.1 4.22922e-17 0)
(1.1 4.89687e-17 0)
(1.1 3.46923e-16 0)
(1.1 2.35784e-16 0)
(1.1 -7.57434e-17 0)
(1.1 -2.88451e-16 0)
(1.1 -2.89666e-16 0)
(1.1 -1.3844e-16 0)
(1.1 -5.46293e-16 0)
(1.1 -1.0103e-15 0)
(1.1 -1.00918e-15 0)
(1.1 -7.82414e-16 0)
(1.1 -3.07119e-16 0)
(1.1 -3.22388e-16 0)
(1.1 -1.09919e-18 0)
(1.1 -2.92511e-16 0)
(1.1 -4.57945e-16 0)
(1.1 -3.09842e-16 0)
(1.1 -5.42248e-16 0)
(1.1 -1.18212e-16 0)
(1.1 1.20007e-16 0)
(1.1 4.55663e-16 0)
(1.1 4.82439e-16 0)
(1.1 2.82189e-16 0)
(1.1 4.30306e-16 0)
(1.1 1.59934e-16 0)
(1.1 -2.04096e-16 0)
(1.1 -3.7224e-16 0)
(1.1 -1.41869e-16 0)
(1.1 1.13828e-16 0)
(1.1 2.72335e-16 0)
(1.1 -1.70363e-17 0)
(1.1 -1.99247e-16 0)
(1.1 -1.99935e-16 0)
(1.1 -3.63729e-16 0)
(1.1 -2.02691e-16 0)
(1.1 -3.64951e-16 0)
(1.1 -6.59169e-16 0)
(1.1 -4.54571e-16 0)
(1.1 -5.90609e-16 0)
(1.1 -1.42233e-16 0)
(1.1 4.70591e-16 0)
(1.1 5.1956e-16 0)
(1.1 3.44283e-16 0)
(1.1 4.68892e-16 0)
(1.1 2.22793e-16 0)
(1.1 -1.26672e-16 0)
(1.1 -2.19759e-16 0)
(1.1 1.13405e-15 0)
(1.1 1.45957e-15 0)
(1.1 1.43425e-15 0)
(1.1 1.22892e-15 0)
(1.1 9.47847e-16 0)
(1.1 6.58885e-16 0)
(1.1 3.46604e-16 0)
(1.1 5.51136e-16 0)
(1.1 3.3963e-16 0)
(1.1 4.89902e-16 0)
(1.1 4.80077e-16 0)
(1.1 4.23589e-16 0)
(1.1 3.91604e-16 0)
(1.1 -1.08807e-16 0)
(1.1 -7.05494e-17 0)
(1.1 1.96155e-16 0)
(1.1 -3.26901e-16 0)
(1.1 -5.33007e-16 0)
(1.1 -5.37161e-16 0)
(1.1 3.53212e-16 0)
(1.1 2.99586e-16 0)
(1.1 4.21843e-16 0)
(1.1 5.36899e-16 0)
(1.1 3.2811e-16 0)
(1.1 2.24866e-16 0)
(1.1 -1.85636e-16 0)
(1.1 -2.30256e-16 0)
(1.1 1.32517e-15 0)
(1.1 1.6038e-15 0)
(1.1 2.00874e-15 0)
(1.1 1.93943e-15 0)
(1.1 1.42894e-15 0)
(1.1 1.29297e-15 0)
(1.1 9.16814e-16 0)
(1.1 1.01241e-15 0)
(1.1 9.08608e-16 0)
(1.1 8.10174e-16 0)
(1.1 8.40187e-16 0)
(1.1 8.70293e-16 0)
(1.1 6.38569e-16 0)
(1.1 1.93849e-17 0)
(1.1 -1.18404e-16 0)
(1.1 -6.17459e-17 0)
(1.1 -1.87816e-16 0)
(1.1 -7.09471e-16 0)
(1.1 -4.46065e-16 0)
(1.1 2.18186e-16 0)
(1.1 5.4196e-16 0)
(1.1 4.58951e-16 0)
(1.1 6.2314e-16 0)
(1.1 2.70334e-16 0)
(1.1 4.52842e-17 0)
(1.1 -8.02257e-17 0)
(1.1 -1.49745e-16 0)
(1.1 2.0797e-15 0)
(1.1 1.59618e-15 0)
(1.1 1.61272e-15 0)
(1.1 1.81667e-15 0)
(1.1 1.59586e-15 0)
(1.1 1.57607e-15 0)
(1.1 1.4084e-15 0)
(1.1 1.12698e-15 0)
(1.1 9.68688e-16 0)
(1.1 6.03238e-16 0)
(1.1 4.79057e-16 0)
(1.1 4.97978e-16 0)
(1.1 2.59063e-16 0)
(1.1 2.95241e-16 0)
(1.1 1.07025e-16 0)
(1.1 -2.88485e-16 0)
(1.1 -2.26685e-16 0)
(1.1 -4.18127e-16 0)
(1.1 -3.88125e-16 0)
(1.1 -1.80497e-16 0)
(1.1 2.93853e-16 0)
(1.1 6.02509e-16 0)
(1.1 3.7533e-16 0)
(1.1 2.20531e-16 0)
(1.1 -6.91507e-17 0)
(1.1 -1.99666e-16 0)
(1.1 -2.3136e-16 0)
(1.1 2.20894e-15 0)
(1.1 1.91641e-15 0)
(1.1 1.53128e-15 0)
(1.1 1.42702e-15 0)
(1.1 1.91403e-15 0)
(1.1 2.11384e-15 0)
(1.1 1.87122e-15 0)
(1.1 1.33702e-15 0)
(1.1 3.99654e-16 0)
(1.1 2.8735e-16 0)
(1.1 9.66318e-17 0)
(1.1 3.47283e-16 0)
(1.1 3.58331e-16 0)
(1.1 4.92147e-16 0)
(1.1 1.49476e-16 0)
(1.1 -3.30461e-16 0)
(1.1 -2.44535e-16 0)
(1.1 -6.70952e-17 0)
(1.1 3.2373e-16 0)
(1.1 -6.05578e-17 0)
(1.1 8.04895e-17 0)
(1.1 4.15307e-16 0)
(1.1 1.89487e-16 0)
(1.1 3.78933e-16 0)
(1.1 2.31868e-17 0)
(1.1 -5.83887e-16 0)
(1.1 -5.61809e-16 0)
(1.1 2.57143e-15 0)
(1.1 2.57893e-15 0)
(1.1 2.36182e-15 0)
(1.1 1.74945e-15 0)
(1.1 1.89738e-15 0)
(1.1 1.71748e-15 0)
(1.1 1.65139e-15 0)
(1.1 1.11198e-15 0)
(1.1 6.43415e-16 0)
(1.1 7.08424e-16 0)
(1.1 2.77059e-16 0)
(1.1 7.01803e-16 0)
(1.1 5.87833e-16 0)
(1.1 -6.70416e-19 0)
(1.1 -2.58872e-16 0)
(1.1 -1.98628e-16 0)
(1.1 5.93514e-17 0)
(1.1 5.1877e-16 0)
(1.1 8.5488e-16 0)
(1.1 2.05839e-16 0)
(1.1 -4.08037e-16 0)
(1.1 5.09585e-17 0)
(1.1 3.55381e-16 0)
(1.1 3.20136e-17 0)
(1.1 -4.49833e-16 0)
(1.1 -1.44276e-16 0)
(1.1 -2.96885e-16 0)
(1.1 2.24941e-15 0)
(1.1 1.96929e-15 0)
(1.1 1.70532e-15 0)
(1.1 1.44805e-15 0)
(1.1 1.30927e-15 0)
(1.1 1.30702e-15 0)
(1.1 1.29116e-15 0)
(1.1 1.47336e-15 0)
(1.1 1.24671e-15 0)
(1.1 9.45692e-16 0)
(1.1 1.00471e-15 0)
(1.1 7.58722e-16 0)
(1.1 7.79559e-16 0)
(1.1 8.13635e-16 0)
(1.1 7.49859e-16 0)
(1.1 6.1226e-16 0)
(1.1 6.40608e-16 0)
(1.1 1.17723e-15 0)
(1.1 7.80171e-16 0)
(1.1 1.47738e-16 0)
(1.1 -2.37638e-16 0)
(1.1 -1.08005e-16 0)
(1.1 -4.4377e-17 0)
(1.1 -6.31035e-16 0)
(1.1 -5.76255e-16 0)
(1.1 -4.26828e-17 0)
(1.1 -3.18341e-16 0)
(1.1 1.25333e-15 0)
(1.1 1.36753e-15 0)
(1.1 1.28118e-15 0)
(1.1 1.08929e-15 0)
(1.1 1.18002e-15 0)
(1.1 1.12832e-15 0)
(1.1 9.64506e-16 0)
(1.1 1.06359e-15 0)
(1.1 1.05544e-15 0)
(1.1 9.53519e-16 0)
(1.1 1.14145e-15 0)
(1.1 2.12054e-16 0)
(1.1 3.79065e-16 0)
(1.1 6.63228e-16 0)
(1.1 1.00664e-15 0)
(1.1 1.13392e-15 0)
(1.1 1.09444e-15 0)
(1.1 8.92469e-16 0)
(1.1 4.79234e-16 0)
(1.1 4.46649e-16 0)
(1.1 5.06317e-16 0)
(1.1 1.79072e-16 0)
(1.1 -9.85844e-18 0)
(1.1 -2.19175e-16 0)
(1.1 2.68239e-16 0)
(1.1 -1.80371e-16 0)
(1.1 -3.56398e-16 0)
(1.1 5.75425e-16 0)
(1.1 1.02038e-15 0)
(1.1 9.15999e-16 0)
(1.1 1.03674e-15 0)
(1.1 1.05198e-15 0)
(1.1 8.06637e-16 0)
(1.1 8.44308e-16 0)
(1.1 6.98753e-16 0)
(1.1 9.00069e-16 0)
(1.1 1.01958e-15 0)
(1.1 8.17332e-16 0)
(1.1 6.51195e-16 0)
(1.1 2.76723e-16 0)
(1.1 7.36212e-16 0)
(1.1 1.04014e-15 0)
(1.1 1.2886e-15 0)
(1.1 1.52598e-15 0)
(1.1 1.0572e-15 0)
(1.1 1.05282e-15 0)
(1.1 1.19247e-15 0)
(1.1 5.48075e-16 0)
(1.1 2.92018e-16 0)
(1.1 4.35809e-16 0)
(1.1 1.0877e-15 0)
(1.1 1.09323e-15 0)
(1.1 2.57994e-16 0)
(1.1 4.37527e-16 0)
(1.1 -1.30488e-16 0)
(1.1 6.75208e-16 0)
(1.1 9.51101e-16 0)
(1.1 7.09002e-16 0)
(1.1 3.41006e-16 0)
(1.1 5.38186e-16 0)
(1.1 9.85802e-16 0)
(1.1 1.05436e-15 0)
(1.1 1.31029e-15 0)
(1.1 1.12907e-15 0)
(1.1 1.01211e-15 0)
(1.1 8.23075e-16 0)
(1.1 5.27351e-16 0)
(1.1 8.74818e-16 0)
(1.1 1.13307e-15 0)
(1.1 9.99668e-16 0)
(1.1 1.13568e-15 0)
(1.1 1.30121e-15 0)
(1.1 1.05318e-15 0)
(1.1 1.03134e-15 0)
(1.1 1.01552e-15 0)
(1.1 1.16669e-15 0)
(1.1 1.13372e-15 0)
(1.1 1.71572e-15 0)
(1.1 1.81083e-15 0)
(1.1 1.85911e-15 0)
(1.1 1.31939e-15 0)
(1.1 -8.33069e-16 0)
(1.1 -4.73156e-16 0)
(1.1 -4.1469e-16 0)
(1.1 -5.88754e-16 0)
(1.1 -9.20319e-16 0)
(1.1 -5.4792e-16 0)
(1.1 1.99575e-16 0)
(1.1 4.0615e-16 0)
(1.1 9.89244e-16 0)
(1.1 4.52961e-16 0)
(1.1 8.8891e-16 0)
(1.1 4.46681e-16 0)
(1.1 6.52274e-16 0)
(1.1 8.69756e-16 0)
(1.1 1.1636e-15 0)
(1.1 1.07898e-15 0)
(1.1 1.053e-15 0)
(1.1 1.21639e-15 0)
(1.1 7.81482e-16 0)
(1.1 9.77629e-16 0)
(1.1 1.49971e-15 0)
(1.1 1.43665e-15 0)
(1.1 1.42665e-15 0)
(1.1 1.48499e-15 0)
(1.1 1.60104e-15 0)
(1.1 2.44942e-15 0)
(1.1 1.90069e-15 0)
(1.1 -6.81458e-16 0)
(1.1 -1.01957e-15 0)
(1.1 -1.69998e-15 0)
(1.1 -1.52712e-15 0)
(1.1 -1.08474e-15 0)
(1.1 -8.62268e-16 0)
(1.1 -1.09565e-15 0)
(1.1 -1.06529e-15 0)
(1.1 -6.73578e-16 0)
(1.1 -1.0506e-16 0)
(1.1 5.7076e-16 0)
(1.1 7.45152e-16 0)
(1.1 1.18774e-15 0)
(1.1 9.96698e-16 0)
(1.1 1.03271e-15 0)
(1.1 9.47703e-16 0)
(1.1 8.6976e-16 0)
(1.1 7.57818e-16 0)
(1.1 6.8145e-16 0)
(1.1 1.26616e-15 0)
(1.1 1.75501e-15 0)
(1.1 1.89703e-15 0)
(1.1 1.58265e-15 0)
(1.1 1.11414e-15 0)
(1.1 1.19195e-15 0)
(1.1 1.37923e-15 0)
(1.1 1.84316e-15 0)
(1.1 -6.26421e-16 0)
(1.1 -1.20639e-15 0)
(1.1 -1.13144e-15 0)
(1.1 -7.79004e-16 0)
(1.1 -3.23803e-16 0)
(1.1 -4.6776e-16 0)
(1.1 -6.53396e-16 0)
(1.1 -5.85488e-16 0)
(1.1 -4.44759e-16 0)
(1.1 2.60556e-16 0)
(1.1 3.92549e-16 0)
(1.1 7.2211e-16 0)
(1.1 5.96163e-16 0)
(1.1 6.55703e-16 0)
(1.1 5.34527e-16 0)
(1.1 3.76088e-16 0)
(1.1 3.63509e-16 0)
(1.1 2.29237e-16 0)
(1.1 2.21481e-16 0)
(1.1 7.12426e-16 0)
(1.1 1.35829e-15 0)
(1.1 2.0351e-15 0)
(1.1 1.64655e-15 0)
(1.1 1.30531e-15 0)
(1.1 1.08469e-15 0)
(1.1 9.18728e-16 0)
(1.1 1.19392e-15 0)
(1.1 -1.1618e-15 0)
(1.1 -1.10297e-15 0)
(1.1 -8.76113e-16 0)
(1.1 -5.50219e-16 0)
(1.1 -1.91116e-16 0)
(1.1 -1.02154e-16 0)
(1.1 8.28652e-17 0)
(1.1 2.65868e-16 0)
(1.1 -5.99181e-17 0)
(1.1 -3.18208e-17 0)
(1.1 -1.20004e-16 0)
(1.1 2.09852e-16 0)
(1.1 1.26029e-16 0)
(1.1 5.39939e-16 0)
(1.1 3.84302e-16 0)
(1.1 5.92634e-16 0)
(1.1 4.93834e-16 0)
(1.1 -1.86306e-16 0)
(1.1 -1.9929e-16 0)
(1.1 -1.47614e-16 0)
(1.1 6.9575e-17 0)
(1.1 9.68894e-16 0)
(1.1 1.24431e-15 0)
(1.1 9.29636e-16 0)
(1.1 7.27175e-16 0)
(1.1 9.04116e-16 0)
(1.1 7.18072e-16 0)
(1.1 -1.01101e-15 0)
(1.1 -8.37274e-16 0)
(1.1 -4.74521e-16 0)
(1.1 -3.43104e-16 0)
(1.1 2.10056e-16 0)
(1.1 1.53057e-16 0)
(1.1 4.7627e-16 0)
(1.1 8.60355e-16 0)
(1.1 4.32182e-16 0)
(1.1 -6.76416e-16 0)
(1.1 -7.05515e-16 0)
(1.1 -5.20858e-16 0)
(1.1 9.10255e-17 0)
(1.1 4.55041e-17 0)
(1.1 -4.05743e-16 0)
(1.1 -2.45856e-16 0)
(1.1 -2.31024e-16 0)
(1.1 -3.70651e-16 0)
(1.1 -1.8975e-16 0)
(1.1 -3.2727e-16 0)
(1.1 -6.22034e-17 0)
(1.1 9.84612e-17 0)
(1.1 7.93124e-16 0)
(1.1 9.35762e-16 0)
(1.1 8.57114e-16 0)
(1.1 6.92538e-16 0)
(1.1 8.48821e-16 0)
(1.1 1.0408e-16 0)
(1.1 1.46914e-16 0)
(1.1 6.39783e-16 0)
(1.1 3.7438e-16 0)
(1.1 5.6676e-16 0)
(1.1 4.11255e-16 0)
(1.1 2.06785e-16 0)
(1.1 -2.44893e-17 0)
(1.1 -2.31447e-16 0)
(1.1 -6.27229e-16 0)
(1.1 -6.81364e-16 0)
(1.1 -4.91513e-16 0)
(1.1 -4.33963e-16 0)
(1.1 -3.89462e-16 0)
(1.1 -9.62641e-16 0)
(1.1 -1.4214e-15 0)
(1.1 -1.25938e-15 0)
(1.1 -5.44391e-16 0)
(1.1 3.36352e-16 0)
(1.1 1.6907e-16 0)
(1.1 -5.71545e-17 0)
(1.1 -3.36108e-16 0)
(1.1 5.55172e-17 0)
(1.1 5.9327e-16 0)
(1.1 3.45769e-16 0)
(1.1 4.60547e-16 0)
(1.1 9.65766e-16 0)
(1.1 7.79782e-16 0)
(1.1 9.25768e-16 0)
(1.1 9.64539e-16 0)
(1.1 8.61479e-16 0)
(1.1 9.09455e-17 0)
(1.1 2.06297e-16 0)
(1.1 1.98552e-16 0)
(1.1 -2.17883e-16 0)
(1.1 -2.4293e-16 0)
(1.1 5.1135e-17 0)
(1.1 -5.22864e-17 0)
(1.1 -2.37213e-16 0)
(1.1 -4.24503e-16 0)
(1.1 -6.67208e-16 0)
(1.1 -1.13164e-16 0)
(1.1 -4.01715e-16 0)
(1.1 -6.86568e-16 0)
(1.1 -4.87763e-16 0)
(1.1 -1.03954e-16 0)
(1.1 2.07459e-16 0)
(1.1 -2.27743e-16 0)
(1.1 -3.19499e-16 0)
(1.1 2.37681e-16 0)
(1.1 4.96445e-16 0)
(1.1 3.27318e-16 0)
(1.1 4.35081e-16 0)
(1.1 8.43594e-16 0)
(1.1 -7.14236e-16 0)
(1.1 -6.25963e-16 0)
(1.1 -4.62184e-16 0)
(1.1 -5.02698e-16 0)
(1.1 -5.51521e-16 0)
(1.1 -4.27378e-16 0)
(1.1 -9.48722e-17 0)
(1.1 -6.645e-17 0)
(1.1 -5.62732e-17 0)
(1.1 2.02416e-16 0)
(1.1 -8.77319e-17 0)
(1.1 -1.21933e-17 0)
(1.1 1.81703e-16 0)
(1.1 -2.63038e-16 0)
(1.1 -1.83072e-16 0)
(1.1 1.8429e-17 0)
(1.1 6.37482e-16 0)
(1.1 4.23764e-16 0)
(1.1 1.22346e-16 0)
(1.1 2.11595e-16 0)
(1.1 1.58656e-16 0)
(1.1 1.71283e-16 0)
(1.1 1.0972e-16 0)
(1.1 4.80651e-16 0)
(1.1 6.78029e-16 0)
(1.1 -1.6057e-16 0)
(1.1 -1.81912e-16 0)
(1.1 -1.75061e-15 0)
(1.1 -1.64328e-15 0)
(1.1 -1.13177e-15 0)
(1.1 -1.09389e-15 0)
(1.1 -8.24281e-16 0)
(1.1 -7.62629e-16 0)
(1.1 -7.61151e-16 0)
(1.1 -5.03606e-16 0)
(1.1 -3.56979e-16 0)
(1.1 -4.8053e-17 0)
(1.1 3.29649e-16 0)
(1.1 2.61162e-16 0)
(1.1 3.19121e-16 0)
(1.1 -3.9185e-17 0)
(1.1 -1.23941e-16 0)
(1.1 -1.1263e-16 0)
(1.1 2.96528e-16 0)
(1.1 5.6844e-16 0)
(1.1 3.40393e-16 0)
(1.1 1.35832e-16 0)
(1.1 -6.4285e-17 0)
(1.1 2.5386e-16 0)
(1.1 -1.56169e-16 0)
(1.1 -4.87369e-16 0)
(1.1 1.47219e-17 0)
(1.1 -2.54964e-16 0)
(1.1 -3.61934e-16 0)
(1.1 -2.1397e-15 0)
(1.1 -1.53065e-15 0)
(1.1 -1.20049e-15 0)
(1.1 -1.07259e-15 0)
(1.1 -9.20604e-16 0)
(1.1 -1.08735e-15 0)
(1.1 -9.61017e-16 0)
(1.1 -7.03429e-16 0)
(1.1 2.95654e-17 0)
(1.1 2.57027e-16 0)
(1.1 9.59126e-16 0)
(1.1 2.37154e-16 0)
(1.1 -7.75652e-16 0)
(1.1 -3.95636e-16 0)
(1.1 -5.38473e-16 0)
(1.1 -3.21107e-16 0)
(1.1 8.42743e-16 0)
(1.1 1.28631e-15 0)
(1.1 1.21143e-15 0)
(1.1 4.70889e-16 0)
(1.1 -2.1e-16 0)
(1.1 -1.41653e-16 0)
(1.1 -2.50263e-16 0)
(1.1 -4.19691e-16 0)
(1.1 -2.91983e-16 0)
(1.1 -1.64343e-16 0)
(1.1 -1.46741e-16 0)
(1.1 -8.62061e-16 0)
(1.1 -1.09983e-15 0)
(1.1 -1.73177e-15 0)
(1.1 -1.50627e-15 0)
(1.1 -9.72132e-16 0)
(1.1 -8.72551e-16 0)
(1.1 -1.10414e-15 0)
(1.1 -6.06397e-16 0)
(1.1 -3.40015e-16 0)
(1.1 -1.83695e-16 0)
(1.1 -2.63392e-16 0)
(1.1 1.66046e-16 0)
(1.1 3.05122e-16 0)
(1.1 -5.49035e-17 0)
(1.1 3.88213e-17 0)
(1.1 5.4253e-16 0)
(1.1 1.4625e-15 0)
(1.1 1.97536e-15 0)
(1.1 1.44703e-15 0)
(1.1 5.79413e-16 0)
(1.1 3.92943e-16 0)
(1.1 -2.30888e-16 0)
(1.1 -1.7219e-16 0)
(1.1 -1.25187e-16 0)
(1.1 -5.16501e-16 0)
(1.1 -3.36312e-16 0)
(1.1 -3.58863e-16 0)
(1.1 -4.33769e-16 0)
(1.1 -1.00342e-15 0)
(1.1 -1.489e-15 0)
(1.1 -1.32327e-15 0)
(1.1 -1.44188e-15 0)
(1.1 -1.01095e-15 0)
(1.1 -8.17184e-16 0)
(1.1 -7.26393e-16 0)
(1.1 -7.48183e-16 0)
(1.1 -7.80681e-16 0)
(1.1 -8.67885e-16 0)
(1.1 -4.9261e-16 0)
(1.1 -1.53252e-16 0)
(1.1 5.878e-17 0)
(1.1 4.69538e-16 0)
(1.1 8.53666e-16 0)
(1.1 7.20324e-16 0)
(1.1 1.16462e-15 0)
(1.1 9.48755e-16 0)
(1.1 8.84386e-16 0)
(1.1 3.13457e-16 0)
(1.1 2.13779e-16 0)
(1.1 -5.394e-17 0)
(1.1 -3.01254e-16 0)
(1.1 -5.26383e-16 0)
(1.1 -2.00959e-16 0)
(1.1 -3.86914e-16 0)
(1.1 2.29871e-17 0)
(1.1 -5.42792e-16 0)
(1.1 -1.07723e-15 0)
(1.1 -1.10781e-15 0)
(1.1 -1.26683e-15 0)
(1.1 -1.1037e-15 0)
(1.1 -6.14457e-16 0)
(1.1 -7.37436e-16 0)
(1.1 -9.1634e-16 0)
(1.1 -8.31007e-16 0)
(1.1 -4.67949e-16 0)
(1.1 -6.59883e-16 0)
(1.1 -5.17922e-16 0)
(1.1 -1.39531e-16 0)
(1.1 -1.10255e-16 0)
(1.1 1.82847e-17 0)
(1.1 -4.26564e-16 0)
(1.1 -3.29611e-16 0)
(1.1 4.77656e-16 0)
(1.1 5.28971e-16 0)
(1.1 3.28571e-16 0)
(1.1 2.11074e-16 0)
(1.1 -1.68488e-16 0)
(1.1 -6.90529e-17 0)
(1.1 1.19063e-17 0)
(1.1 -8.23781e-17 0)
(1.1 -2.45476e-16 0)
(1.1 1.48295e-16 0)
(1.1 -2.77361e-16 0)
(1.1 -2.73515e-16 0)
(1.1 -9.63949e-16 0)
(1.1 -8.97745e-16 0)
(1.1 -6.18081e-16 0)
(1.1 -7.92747e-16 0)
(1.1 -8.33722e-16 0)
(1.1 -6.15359e-16 0)
(1.1 -3.97141e-16 0)
(1.1 -1.71479e-16 0)
(1.1 -3.05013e-16 0)
(1.1 -2.20843e-16 0)
(1.1 -4.37699e-16 0)
(1.1 -4.7986e-16 0)
(1.1 -3.92869e-16 0)
(1.1 -3.10412e-16 0)
(1.1 -4.77028e-16 0)
(1.1 -4.58436e-16 0)
(1.1 -1.52914e-16 0)
(1.1 1.8298e-16 0)
(1.1 -4.82027e-16 0)
(1.1 -7.33862e-16 0)
(1.1 -3.89028e-16 0)
(1.1 -5.41565e-16 0)
(1.1 -4.90442e-16 0)
(1.1 -3.98523e-16 0)
(1.1 6.85686e-16 0)
(1.1 3.4651e-16 0)
(1.1 2.45117e-16 0)
(1.1 -1.47437e-16 0)
(1.1 8.4806e-17 0)
(1.1 -1.9713e-16 0)
(1.1 -2.84941e-17 0)
(1.1 -1.09154e-16 0)
(1.1 -2.07407e-16 0)
(1.1 -3.92185e-16 0)
(1.1 -6.02185e-16 0)
(1.1 -1.70467e-16 0)
(1.1 -3.23276e-16 0)
(1.1 -5.60973e-16 0)
(1.1 -8.91955e-16 0)
(1.1 -6.99644e-16 0)
(1.1 -3.13381e-16 0)
(1.1 -5.51491e-16 0)
(1.1 -8.92861e-16 0)
(1.1 1.29002e-16 0)
(1.1 1.68432e-16 0)
(1.1 -1.1058e-15 0)
(1.1 -1.2844e-15 0)
(1.1 -1.09034e-15 0)
(1.1 -1.26406e-15 0)
(1.1 -1.11165e-15 0)
(1.1 -6.431e-16 0)
(1.1 6.51112e-17 0)
(1.1 3.36743e-16 0)
(1.1 4.40036e-16 0)
(1.1 3.63788e-16 0)
(1.1 6.19477e-16 0)
(1.1 1.66173e-16 0)
(1.1 4.06383e-16 0)
(1.1 1.68926e-16 0)
(1.1 1.12231e-16 0)
(1.1 2.60598e-17 0)
(1.1 -1.17646e-16 0)
(1.1 2.40594e-16 0)
(1.1 -1.4355e-16 0)
(1.1 -1.32667e-16 0)
(1.1 -3.72008e-16 0)
(1.1 -8.03359e-16 0)
(1.1 -8.72775e-16 0)
(1.1 -9.68541e-16 0)
(1.1 -9.11397e-16 0)
(1.1 -4.89215e-16 0)
(1.1 -5.24472e-16 0)
(1.1 -1.15749e-15 0)
(1.1 -1.17737e-15 0)
(1.1 -9.62689e-16 0)
(1.1 -8.56317e-16 0)
(1.1 -6.11459e-16 0)
(1.1 -4.04662e-16 0)
(1.1 -1.06007e-15 0)
(1.1 -9.06695e-16 0)
(1.1 -3.36346e-16 0)
(1.1 -3.5089e-16 0)
(1.1 -6.12669e-16 0)
(1.1 1.79358e-16 0)
(1.1 2.30142e-16 0)
(1.1 -3.77376e-17 0)
(1.1 1.08543e-16 0)
(1.1 3.20488e-16 0)
(1.1 -8.55117e-17 0)
(1.1 8.3614e-17 0)
(1.1 -7.83824e-17 0)
(1.1 1.50463e-16 0)
(1.1 1.00313e-16 0)
(1.1 -8.69846e-16 0)
(1.1 -1.69655e-15 0)
(1.1 -1.99822e-15 0)
(1.1 -1.57428e-15 0)
(1.1 -1.89879e-15 0)
(1.1 -1.64723e-15 0)
(1.1 -1.23435e-15 0)
(1.1 -7.54329e-16 0)
(1.1 -8.76547e-16 0)
(1.1 3.43194e-17 0)
(1.1 -2.54494e-16 0)
(1.1 -3.75838e-16 0)
(1.1 -2.14614e-16 0)
(1.1 1.25939e-16 0)
(1.1 -1.79676e-16 0)
(1.1 1.07037e-16 0)
(1.1 -1.38619e-16 0)
(1.1 -1.79545e-16 0)
(1.1 -1.52268e-16 0)
(1.1 2.64561e-16 0)
(1.1 7.23356e-16 0)
(1.1 5.76433e-16 0)
(1.1 -3.28544e-18 0)
(1.1 7.3013e-19 0)
(1.1 4.35479e-16 0)
(1.1 2.58291e-16 0)
(1.1 5.73648e-17 0)
(1.1 -5.47835e-16 0)
(1.1 -1.63598e-15 0)
(1.1 -2.07399e-15 0)
(1.1 -2.20837e-15 0)
(1.1 -2.19229e-15 0)
(1.1 -1.77203e-15 0)
(1.1 -9.97788e-16 0)
(1.1 -4.41217e-16 0)
(1.1 -5.99872e-16 0)
(1.1 -2.08233e-16 0)
(1.1 -2.62063e-17 0)
(1.1 -2.45986e-16 0)
(1.1 1.05294e-16 0)
(1.1 3.7767e-16 0)
(1.1 3.54687e-16 0)
(1.1 6.19956e-16 0)
(1.1 7.39187e-16 0)
(1.1 -1.64483e-17 0)
(1.1 6.09914e-17 0)
(1.1 1.70227e-16 0)
(1.1 6.0797e-16 0)
(1.1 3.62772e-16 0)
(1.1 3.28797e-16 0)
(1.1 -3.00609e-16 0)
(1.1 -2.21725e-16 0)
(1.1 -3.16082e-16 0)
(1.1 -2.80336e-16 0)
(1.1 -4.04393e-16 0)
(1.1 -4.87535e-16 0)
(1.1 -9.27524e-16 0)
(1.1 -1.06211e-15 0)
(1.1 -1.03833e-15 0)
(1.1 -8.23184e-16 0)
(1.1 -4.77838e-16 0)
(1.1 -7.34599e-16 0)
(1.1 -6.84172e-16 0)
(1.1 -6.39399e-16 0)
(1.1 -2.69458e-16 0)
(1.1 -8.2912e-17 0)
(1.1 -2.18129e-16 0)
(1.1 -1.87468e-16 0)
(1.1 -2.43551e-16 0)
(1.1 -1.2685e-16 0)
(1.1 6.23274e-16 0)
(1.1 2.39532e-16 0)
(1.1 3.19125e-16 0)
(1.1 -1.98129e-17 0)
(1.1 -3.43161e-16 0)
(1.1 -4.86636e-16 0)
(1.1 -2.80394e-16 0)
(1.1 -5.79858e-16 0)
(1.1 -4.62083e-16 0)
(1.1 -3.68106e-16 0)
(1.1 -5.66747e-16 0)
(1.1 -5.35006e-16 0)
(1.1 -2.72071e-16 0)
(1.1 -5.05532e-16 0)
(1.1 -3.80797e-16 0)
(1.1 -3.15117e-16 0)
(1.1 -1.90045e-16 0)
(1.1 -6.08603e-17 0)
(1.1 -4.08064e-16 0)
(1.1 -2.88562e-16 0)
(1.1 -5.93978e-16 0)
(1.1 -6.19317e-16 0)
(1.1 -1.79855e-16 0)
(1.1 -4.93759e-16 0)
(1.1 -1.05562e-15 0)
(1.1 -9.02476e-16 0)
(1.1 -5.30583e-16 0)
(1.1 -6.27912e-17 0)
(1.1 4.1828e-16 0)
(1.1 1.44596e-16 0)
(1.1 -4.78768e-16 0)
(1.1 -9.52482e-16 0)
(1.1 -9.29364e-16 0)
(1.1 -7.8989e-16 0)
(1.1 -5.91437e-16 0)
(1.1 -3.19045e-16 0)
(1.1 -4.1634e-16 0)
(1.1 -3.33177e-16 0)
(1.1 6.68624e-17 0)
(1.1 1.3198e-16 0)
(1.1 4.47197e-16 0)
(1.1 5.16147e-17 0)
(1.1 -1.10221e-16 0)
(1.1 -6.05547e-16 0)
(1.1 -1.87227e-16 0)
(1.1 -8.93825e-17 0)
(1.1 1.74133e-16 0)
(1.1 -1.44649e-16 0)
(1.1 -7.17689e-17 0)
(1.1 2.81908e-16 0)
(1.1 -3.91581e-17 0)
(1.1 -1.09142e-16 0)
(1.1 -4.46228e-17 0)
(1.1 1.15657e-16 0)
(1.1 3.67173e-17 0)
(1.1 3.56507e-16 0)
(1.1 4.07151e-17 0)
(1.1 -3.97777e-16 0)
(1.1 -7.49325e-16 0)
(1.1 -6.69594e-16 0)
(1.1 -5.98894e-16 0)
(1.1 -3.16443e-16 0)
(1.1 -3.71534e-16 0)
(1.1 -1.58619e-16 0)
(1.1 5.40253e-16 0)
(1.1 8.70756e-16 0)
(1.1 7.86028e-16 0)
(1.1 9.08978e-16 0)
(1.1 4.17035e-16 0)
(1.1 -2.02499e-16 0)
(1.1 -4.70799e-16 0)
(1.1 -4.74591e-16 0)
(1.1 -3.32606e-16 0)
(1.1 -4.04622e-16 0)
(1.1 -5.70293e-16 0)
(1.1 2.63653e-16 0)
(1.1 1.06858e-16 0)
(1.1 5.98523e-16 0)
(1.1 1.09585e-15 0)
(1.1 1.26143e-15 0)
(1.1 7.3033e-16 0)
(1.1 3.83844e-16 0)
(1.1 2.0981e-16 0)
(1.1 -2.40815e-16 0)
(1.1 -4.31097e-16 0)
(1.1 -3.88987e-16 0)
(1.1 -1.88553e-16 0)
(1.1 -3.223e-16 0)
(1.1 -5.09706e-17 0)
(1.1 -3.15543e-17 0)
(1.1 6.90518e-17 0)
(1.1 6.56291e-16 0)
(1.1 9.42893e-16 0)
(1.1 1.00642e-15 0)
(1.1 5.12241e-16 0)
(1.1 7.3255e-16 0)
(1.1 4.06747e-16 0)
(1.1 1.27519e-16 0)
(1.1 -2.4611e-16 0)
(1.1 -6.82e-16 0)
(1.1 -1.10987e-15 0)
(1.1 -1.07717e-15 0)
(1.1 -6.39804e-16 0)
(1.1 -8.34581e-16 0)
(1.1 1.58293e-15 0)
(1.1 1.59121e-15 0)
(1.1 1.53676e-15 0)
(1.1 1.05865e-15 0)
(1.1 6.93021e-16 0)
(1.1 -6.55629e-16 0)
(1.1 -1.10552e-15 0)
(1.1 -8.38872e-16 0)
(1.1 -6.60955e-16 0)
(1.1 -5.92026e-16 0)
(1.1 -9.8557e-16 0)
(1.1 -2.96333e-16 0)
(1.1 -3.34634e-16 0)
(1.1 -2.34723e-16 0)
(1.1 1.8856e-16 0)
(1.1 5.74588e-16 0)
(1.1 2.95545e-16 0)
(1.1 -3.72871e-16 0)
(1.1 -6.45315e-17 0)
(1.1 1.3726e-16 0)
(1.1 8.37584e-17 0)
(1.1 -1.19837e-16 0)
(1.1 -5.03562e-16 0)
(1.1 -1.03519e-15 0)
(1.1 -9.94837e-16 0)
(1.1 -1.79199e-15 0)
(1.1 -1.78428e-15 0)
(1.1 1.33902e-15 0)
(1.1 9.43759e-16 0)
(1.1 5.21802e-16 0)
(1.1 1.04543e-16 0)
(1.1 -5.95593e-16 0)
(1.1 -1.07932e-15 0)
(1.1 -1.31056e-15 0)
(1.1 -1.36296e-15 0)
(1.1 -1.37619e-15 0)
(1.1 -1.73001e-15 0)
(1.1 -1.27457e-15 0)
(1.1 -9.99218e-16 0)
(1.1 -7.28354e-16 0)
(1.1 -2.10653e-16 0)
(1.1 -5.16129e-16 0)
(1.1 -5.24517e-16 0)
(1.1 -7.42817e-16 0)
(1.1 -1.12432e-15 0)
(1.1 -1.43508e-15 0)
(1.1 -2.39934e-16 0)
(1.1 -6.22466e-16 0)
(1.1 -7.85178e-16 0)
(1.1 -9.49304e-16 0)
(1.1 -1.44535e-15 0)
(1.1 -1.58049e-15 0)
(1.1 -1.83904e-15 0)
(1.1 -1.9578e-15 0)
(1.1 1.0035e-15 0)
(1.1 -1.74857e-16 0)
(1.1 -1.17937e-15 0)
(1.1 -1.90249e-15 0)
(1.1 -2.73601e-15 0)
(1.1 -2.78916e-15 0)
(1.1 -2.30749e-15 0)
(1.1 -1.76329e-15 0)
(1.1 -1.01287e-15 0)
(1.1 -1.01544e-15 0)
(1.1 -5.52694e-16 0)
(1.1 -6.69633e-16 0)
(1.1 -5.84751e-16 0)
(1.1 -5.24955e-16 0)
(1.1 -1.41989e-15 0)
(1.1 -8.82684e-16 0)
(1.1 -1.36753e-15 0)
(1.1 -8.75855e-16 0)
(1.1 -1.25366e-15 0)
(1.1 -1.40193e-15 0)
(1.1 -1.7479e-15 0)
(1.1 -1.94719e-15 0)
(1.1 -1.39259e-15 0)
(1.1 -1.39062e-15 0)
(1.1 -1.51359e-15 0)
(1.1 -1.01901e-15 0)
(1.1 -1.028e-15 0)
(1.1 4.57733e-16 0)
(1.1 -4.91621e-16 0)
(1.1 -1.25666e-15 0)
(1.1 -1.51442e-15 0)
(1.1 -1.78677e-15 0)
(1.1 -1.99385e-15 0)
(1.1 -1.9447e-15 0)
(1.1 -1.21729e-15 0)
(1.1 -7.27895e-16 0)
(1.1 -6.33035e-16 0)
(1.1 -6.88185e-16 0)
(1.1 -6.65674e-16 0)
(1.1 -1.02018e-15 0)
(1.1 -1.3745e-15 0)
(1.1 -1.19388e-15 0)
(1.1 -9.03878e-16 0)
(1.1 -9.01404e-16 0)
(1.1 -8.44339e-16 0)
(1.1 -1.20833e-15 0)
(1.1 -1.87922e-15 0)
(1.1 -1.99534e-15 0)
(1.1 -1.99282e-15 0)
(1.1 -1.32071e-15 0)
(1.1 -1.13289e-15 0)
(1.1 -6.79456e-16 0)
(1.1 -1.74644e-16 0)
(1.1 -6.22108e-17 0)
(1.1 -1.06998e-15 0)
(1.1 -1.26857e-15 0)
(1.1 -1.13883e-15 0)
(1.1 -1.04494e-15 0)
(1.1 -9.6508e-16 0)
(1.1 -7.12854e-16 0)
(1.1 -3.33366e-16 0)
(1.1 -7.47298e-16 0)
(1.1 -8.81923e-16 0)
(1.1 -5.91534e-16 0)
(1.1 -1.05379e-15 0)
(1.1 -9.88913e-16 0)
(1.1 -6.05387e-16 0)
(1.1 -6.58815e-16 0)
(1.1 -1.60641e-16 0)
(1.1 -7.33012e-16 0)
(1.1 -6.33745e-16 0)
(1.1 -8.28471e-16 0)
(1.1 -8.72391e-16 0)
(1.1 -1.28158e-15 0)
(1.1 -1.46294e-15 0)
(1.1 -1.14145e-15 0)
(1.1 -1.24305e-15 0)
(1.1 -8.8031e-16 0)
(1.1 -3.75824e-16 0)
(1.1 5.10606e-16 0)
(1.1 6.21638e-16 0)
(1.1 -1.07622e-15 0)
(1.1 -5.70079e-16 0)
(1.1 5.13638e-17 0)
(1.1 3.64978e-16 0)
(1.1 5.02016e-16 0)
(1.1 1.15155e-15 0)
(1.1 1.12161e-15 0)
(1.1 6.6468e-16 0)
(1.1 1.30872e-16 0)
(1.1 1.01623e-16 0)
(1.1 5.51715e-17 0)
(1.1 1.56169e-16 0)
(1.1 2.53225e-16 0)
(1.1 3.04137e-16 0)
(1.1 5.32125e-16 0)
(1.1 -3.32729e-17 0)
(1.1 8.65329e-17 0)
(1.1 2.29898e-16 0)
(1.1 1.71027e-16 0)
(1.1 -3.28653e-16 0)
(1.1 -8.13454e-16 0)
(1.1 -3.94935e-16 0)
(1.1 -8.3293e-16 0)
(1.1 -7.12475e-16 0)
(1.1 -6.58308e-16 0)
(1.1 6.60447e-17 0)
(1.1 1.22734e-16 0)
(1.1 -1.52236e-15 0)
(1.1 -7.20346e-16 0)
(1.1 6.75641e-16 0)
(1.1 6.85561e-16 0)
(1.1 8.57751e-16 0)
(1.1 6.82022e-16 0)
(1.1 3.18572e-16 0)
(1.1 8.26665e-16 0)
(1.1 1.10647e-15 0)
(1.1 1.13442e-15 0)
(1.1 1.18275e-15 0)
(1.1 1.1582e-15 0)
(1.1 6.72673e-16 0)
(1.1 3.45918e-17 0)
(1.1 1.32351e-16 0)
(1.1 -3.92724e-18 0)
(1.1 1.86613e-16 0)
(1.1 3.80981e-16 0)
(1.1 5.16537e-16 0)
(1.1 -1.27574e-17 0)
(1.1 -6.96555e-17 0)
(1.1 3.51829e-16 0)
(1.1 1.65044e-16 0)
(1.1 -2.1494e-16 0)
(1.1 -5.21103e-16 0)
(1.1 -9.18208e-16 0)
(1.1 -7.51114e-16 0)
(1.1 -1.02857e-16 0)
(1.1 5.15798e-16 0)
(1.1 5.28432e-16 0)
(1.1 5.10505e-16 0)
(1.1 5.45568e-16 0)
(1.1 3.0948e-16 0)
(1.1 3.82333e-16 0)
(1.1 8.87756e-16 0)
(1.1 1.20333e-15 0)
(1.1 1.40587e-15 0)
(1.1 1.43421e-15 0)
(1.1 1.4944e-15 0)
(1.1 8.98777e-16 0)
(1.1 6.02992e-16 0)
(1.1 -1.16029e-16 0)
(1.1 1.11945e-16 0)
(1.1 -1.57696e-16 0)
(1.1 -2.19629e-16 0)
(1.1 -2.53534e-17 0)
(1.1 1.80039e-16 0)
(1.1 4.88467e-16 0)
(1.1 7.24473e-16 0)
(1.1 1.0146e-15 0)
(1.1 5.73891e-16 0)
(1.1 -3.78582e-16 0)
(1.1 -1.61623e-15 0)
(1.1 -1.40296e-15 0)
(1.1 1.25489e-15 0)
(1.1 9.28219e-16 0)
(1.1 3.78533e-16 0)
(1.1 3.26557e-16 0)
(1.1 2.7231e-16 0)
(1.1 4.63874e-16 0)
(1.1 3.6217e-16 0)
(1.1 4.35042e-16 0)
(1.1 6.6239e-16 0)
(1.1 8.48206e-16 0)
(1.1 7.33793e-16 0)
(1.1 3.20138e-16 0)
(1.1 2.80456e-16 0)
(1.1 3.18769e-16 0)
(1.1 1.24652e-16 0)
(1.1 8.2764e-17 0)
(1.1 2.36526e-16 0)
(1.1 8.21037e-17 0)
(1.1 -9.77362e-17 0)
(1.1 2.15016e-16 0)
(1.1 6.76879e-16 0)
(1.1 3.33559e-16 0)
(1.1 6.02921e-16 0)
(1.1 3.91267e-16 0)
(1.1 5.69433e-16 0)
(1.1 3.4431e-16 0)
(1.1 -1.07278e-16 0)
(1.1 7.98323e-17 0)
(1.1 -4.81748e-17 0)
(1.1 -1.79698e-16 0)
(1.1 1.63529e-17 0)
(1.1 8.69853e-18 0)
(1.1 1.97269e-16 0)
(1.1 1.29476e-16 0)
(1.1 -2.28445e-16 0)
(1.1 2.08347e-16 0)
(1.1 2.79868e-16 0)
(1.1 8.03828e-20 0)
(1.1 -2.3521e-16 0)
(1.1 2.8822e-17 0)
(1.1 2.96667e-16 0)
(1.1 7.69489e-16 0)
(1.1 3.61357e-16 0)
(1.1 7.18611e-16 0)
(1.1 6.09707e-16 0)
(1.1 5.05314e-16 0)
(1.1 7.29596e-17 0)
(1.1 4.3468e-16 0)
(1.1 5.91524e-17 0)
(1.1 3.47534e-16 0)
(1.1 4.9604e-16 0)
(1.1 8.44338e-16 0)
(1.1 1.07391e-15 0)
(1.1 7.04508e-16 0)
(1.1 -2.5275e-16 0)
(1.1 -2.8534e-16 0)
(1.1 -3.15544e-16 0)
(1.1 3.31879e-17 0)
(1.1 1.16083e-16 0)
(1.1 -9.59069e-18 0)
(1.1 -1.05352e-16 0)
(1.1 -3.68907e-16 0)
(1.1 -4.95809e-16 0)
(1.1 -6.57503e-16 0)
(1.1 -4.07949e-16 0)
(1.1 -1.01185e-16 0)
(1.1 1.79239e-16 0)
(1.1 3.1613e-16 0)
(1.1 8.22176e-16 0)
(1.1 8.26203e-16 0)
(1.1 6.39078e-16 0)
(1.1 6.60032e-16 0)
(1.1 6.17101e-16 0)
(1.1 3.87041e-16 0)
(1.1 7.85158e-16 0)
(1.1 -1.97156e-17 0)
(1.1 2.27828e-16 0)
(1.1 5.49378e-16 0)
(1.1 2.85462e-16 0)
(1.1 2.70085e-16 0)
(1.1 7.74756e-17 0)
(1.1 -7.27404e-16 0)
(1.1 -6.31974e-16 0)
(1.1 -4.20394e-16 0)
(1.1 -2.41068e-16 0)
(1.1 -1.56347e-16 0)
(1.1 -4.12224e-16 0)
(1.1 -2.02785e-16 0)
(1.1 -1.56746e-16 0)
(1.1 -7.93286e-16 0)
(1.1 -8.29605e-16 0)
(1.1 -4.91387e-16 0)
(1.1 3.87449e-17 0)
(1.1 -2.43346e-16 0)
(1.1 -1.29111e-16 0)
(1.1 1.72089e-18 0)
(1.1 7.11434e-16 0)
(1.1 7.60111e-16 0)
(1.1 6.67108e-16 0)
(1.1 5.57847e-16 0)
(1.1 9.26336e-16 0)
(1.1 3.41063e-16 0)
(1.1 2.2677e-16 0)
(1.1 8.00458e-17 0)
(1.1 3.98744e-16 0)
(1.1 -9.78275e-17 0)
(1.1 -4.85805e-16 0)
(1.1 -6.89149e-16 0)
(1.1 -9.29976e-16 0)
(1.1 -8.52129e-16 0)
(1.1 -6.36335e-16 0)
(1.1 -8.0083e-16 0)
(1.1 -4.73855e-16 0)
(1.1 -7.42922e-16 0)
(1.1 -4.25817e-16 0)
(1.1 -4.26064e-16 0)
(1.1 -8.8296e-16 0)
(1.1 -6.94394e-16 0)
(1.1 -3.73202e-16 0)
(1.1 -4.52748e-16 0)
(1.1 -5.51722e-16 0)
(1.1 -5.81891e-16 0)
(1.1 -1.63024e-16 0)
(1.1 -5.22549e-17 0)
(1.1 2.59445e-16 0)
(1.1 -1.52153e-17 0)
(1.1 2.63098e-16 0)
(1.1 1.11798e-15 0)
(1.1 9.67191e-16 0)
(1.1 6.64233e-16 0)
(1.1 1.66205e-16 0)
(1.1 -2.58244e-17 0)
(1.1 -2.19119e-16 0)
(1.1 -8.95891e-16 0)
(1.1 -1.28241e-15 0)
(1.1 -9.90822e-16 0)
(1.1 -8.09462e-16 0)
(1.1 -1.30295e-15 0)
(1.1 -1.19214e-15 0)
(1.1 -1.08437e-15 0)
(1.1 -1.08246e-15 0)
(1.1 -8.90155e-16 0)
(1.1 -8.81693e-16 0)
(1.1 -7.65559e-16 0)
(1.1 -8.14344e-16 0)
(1.1 -8.78859e-16 0)
(1.1 -1.10235e-15 0)
(1.1 -1.17732e-15 0)
(1.1 -9.55898e-16 0)
(1.1 -8.88683e-16 0)
(1.1 -1.01225e-15 0)
(1.1 -1.0016e-15 0)
(1.1 -2.21238e-16 0)
(1.1 5.84876e-16 0)
(1.1 4.51793e-16 0)
(1.1 6.19795e-16 0)
(1.1 5.47737e-16 0)
(1.1 -2.02388e-17 0)
(1.1 -6.70326e-16 0)
(1.1 -7.20577e-16 0)
(1.1 -1.29969e-15 0)
(1.1 -1.24819e-15 0)
(1.1 -3.18221e-16 0)
(1.1 -1.02056e-15 0)
(1.1 -1.14468e-15 0)
(1.1 -1.22391e-15 0)
(1.1 -1.53862e-15 0)
(1.1 -1.20253e-15 0)
(1.1 -1.27448e-15 0)
(1.1 -9.52701e-16 0)
(1.1 -7.488e-16 0)
(1.1 -6.76672e-16 0)
(1.1 -8.3866e-16 0)
(1.1 -8.66194e-16 0)
(1.1 -1.16093e-15 0)
(1.1 -9.47491e-16 0)
(1.1 -1.05034e-15 0)
(1.1 -1.26325e-15 0)
(1.1 -1.18095e-15 0)
(1.1 -1.63215e-16 0)
(1.1 1.24207e-16 0)
(1.1 -8.9324e-17 0)
(1.1 1.8518e-16 0)
(1.1 2.07063e-16 0)
(1.1 -1.88778e-16 0)
(1.1 -1.19498e-15 0)
(1.1 -2.02361e-15 0)
(1.1 -1.6519e-15 0)
(1.1 -9.38445e-16 0)
(1.1 -1.01948e-15 0)
(1.1 -1.93026e-15 0)
(1.1 -1.91559e-15 0)
(1.1 -2.00567e-15 0)
(1.1 -1.95051e-15 0)
(1.1 -1.16917e-15 0)
(1.1 -1.19709e-15 0)
(1.1 -7.47424e-16 0)
(1.1 -1.01963e-15 0)
(1.1 -1.09524e-15 0)
(1.1 -1.17625e-15 0)
(1.1 -9.89504e-16 0)
(1.1 -1.05282e-15 0)
(1.1 -9.89114e-16 0)
(1.1 -1.16255e-15 0)
(1.1 -9.0334e-16 0)
(1.1 -2.03266e-16 0)
(1.1 -3.76565e-16 0)
(1.1 -4.02017e-16 0)
(1.1 -4.83718e-16 0)
(1.1 -8.92024e-16 0)
(1.1 -7.65733e-16 0)
(1.1 -3.67449e-16 0)
(1.1 -1.16863e-15 0)
(1.1 -1.69764e-15 0)
(1.1 -1.2849e-15 0)
(1.1 -9.97904e-17 0)
(1.1 -9.66785e-16 0)
(1.1 -9.90877e-16 0)
(1.1 -1.16899e-15 0)
(1.1 -1.46159e-15 0)
(1.1 -9.90888e-16 0)
(1.1 -1.14699e-15 0)
(1.1 -7.99305e-16 0)
(1.1 -4.18685e-16 0)
(1.1 -6.45094e-16 0)
(1.1 -1.24019e-15 0)
(1.1 -1.13212e-15 0)
(1.1 -9.37422e-16 0)
(1.1 -7.12941e-16 0)
(1.1 -7.67197e-16 0)
(1.1 -1.08244e-15 0)
(1.1 -5.67734e-16 0)
(1.1 -6.41799e-17 0)
(1.1 -2.59815e-16 0)
(1.1 -2.97316e-16 0)
(1.1 -3.07333e-16 0)
(1.1 -7.63644e-16 0)
(1.1 -9.53437e-16 0)
(1.1 -1.31354e-15 0)
(1.1 -1.29273e-15 0)
(1.1 -6.52874e-16 0)
(1.1 -5.86752e-16 0)
(1.1 -1.42458e-16 0)
(1.1 5.60881e-16 0)
(1.1 7.53676e-16 0)
(1.1 4.14237e-16 0)
(1.1 2.9773e-16 0)
(1.1 4.12757e-17 0)
(1.1 1.67095e-16 0)
(1.1 -8.03738e-17 0)
(1.1 -2.43191e-16 0)
(1.1 -3.12481e-16 0)
(1.1 -2.16453e-16 0)
(1.1 -2.6056e-16 0)
(1.1 -7.23814e-16 0)
(1.1 -3.21729e-16 0)
(1.1 -5.55973e-17 0)
(1.1 -3.72324e-17 0)
(1.1 -2.98769e-16 0)
(1.1 -6.888e-16 0)
(1.1 -1.14082e-15 0)
(1.1 -1.36106e-15 0)
(1.1 -1.16153e-15 0)
(1.1 -9.45885e-16 0)
(1.1 -8.55846e-16 0)
(1.1 -1.27794e-15 0)
(1.1 -6.48842e-16 0)
(1.1 1.8463e-16 0)
(1.1 2.89099e-16 0)
(1.1 -1.05395e-16 0)
(1.1 4.8411e-16 0)
(1.1 7.56528e-16 0)
(1.1 7.79661e-16 0)
(1.1 1.14022e-15 0)
(1.1 1.19999e-15 0)
(1.1 1.1642e-15 0)
(1.1 8.30963e-16 0)
(1.1 5.08486e-16 0)
(1.1 8.44984e-17 0)
(1.1 1.4846e-16 0)
(1.1 -5.98768e-17 0)
(1.1 -2.35564e-16 0)
(1.1 3.98123e-16 0)
(1.1 4.40712e-16 0)
(1.1 -4.8445e-17 0)
(1.1 -7.88235e-16 0)
(1.1 -1.38616e-15 0)
(1.1 -2.10097e-15 0)
(1.1 -2.10115e-15 0)
(1.1 -1.56509e-15 0)
(1.1 -1.21757e-15 0)
(1.1 -1.13573e-15 0)
(1.1 -6.65873e-16 0)
(1.1 -1.73832e-16 0)
(1.1 3.61267e-16 0)
(1.1 1.08412e-15 0)
(1.1 6.39575e-16 0)
(1.1 -9.64184e-16 0)
(1.1 -1.11834e-16 0)
(1.1 8.27137e-16 0)
(1.1 1.47668e-15 0)
(1.1 1.52405e-15 0)
(1.1 1.13364e-15 0)
(1.1 1.14466e-15 0)
(1.1 1.12403e-15 0)
(1.1 7.54086e-16 0)
(1.1 6.10479e-16 0)
(1.1 4.28687e-16 0)
(1.1 4.3785e-16 0)
(1.1 1.92267e-16 0)
(1.1 9.74579e-17 0)
(1.1 -3.94028e-16 0)
(1.1 -1.06899e-15 0)
(1.1 -1.83816e-15 0)
(1.1 -1.93045e-15 0)
(1.1 -1.83147e-15 0)
(1.1 -1.63246e-15 0)
(1.1 -1.23338e-15 0)
(1.1 -1.25098e-15 0)
(1.1 -8.13679e-16 0)
(1.1 -8.34409e-16 0)
(1.1 -3.82325e-16 0)
(1.1 9.39011e-17 0)
(1.1 4.60649e-16 0)
(1.1 -1.49969e-15 0)
(1.1 -1.28776e-15 0)
(1.1 -5.81168e-16 0)
(1.1 -1.45048e-16 0)
(1.1 2.45524e-16 0)
(1.1 7.57763e-16 0)
(1.1 8.13071e-16 0)
(1.1 3.26049e-16 0)
(1.1 5.9239e-16 0)
(1.1 5.29281e-16 0)
(1.1 2.72189e-16 0)
(1.1 4.65287e-18 0)
(1.1 -6.28468e-16 0)
(1.1 -6.87496e-16 0)
(1.1 -2.09289e-16 0)
(1.1 -5.20653e-16 0)
(1.1 -1.28403e-15 0)
(1.1 -1.23959e-15 0)
(1.1 -1.36972e-15 0)
(1.1 -1.34779e-15 0)
(1.1 -9.52813e-16 0)
(1.1 -7.82887e-16 0)
(1.1 -7.60023e-16 0)
(1.1 -7.10618e-16 0)
(1.1 -6.26572e-16 0)
(1.1 -8.04931e-16 0)
(1.1 -5.52732e-16 0)
(1.1 -1.10437e-15 0)
(1.1 -1.01245e-15 0)
(1.1 -9.77982e-16 0)
(1.1 -8.87298e-16 0)
(1.1 -1.02027e-15 0)
(1.1 -7.33017e-16 0)
(1.1 -8.38285e-16 0)
(1.1 -1.01146e-15 0)
(1.1 -4.0005e-16 0)
(1.1 -6.26148e-17 0)
(1.1 -5.3489e-17 0)
(1.1 -4.03564e-17 0)
(1.1 -7.99911e-16 0)
(1.1 -9.29155e-16 0)
(1.1 -9.23771e-16 0)
(1.1 -9.49611e-16 0)
(1.1 -1.22537e-15 0)
(1.1 -6.4537e-16 0)
(1.1 -4.40432e-16 0)
(1.1 -7.68756e-16 0)
(1.1 -1.15638e-15 0)
(1.1 -1.11207e-15 0)
(1.1 -9.01111e-16 0)
(1.1 -4.03905e-16 0)
(1.1 -4.69192e-16 0)
(1.1 -1.19051e-15 0)
(1.1 -1.1367e-15 0)
(1.1 -6.53702e-16 0)
(1.1 -7.14504e-16 0)
(1.1 -1.08787e-15 0)
(1.1 -1.31648e-15 0)
(1.1 -1.33015e-15 0)
(1.1 -1.18414e-15 0)
(1.1 -1.19077e-15 0)
(1.1 -1.00634e-15 0)
(1.1 -8.25773e-16 0)
(1.1 -3.34566e-16 0)
(1.1 3.56081e-16 0)
(1.1 8.56934e-17 0)
(1.1 -8.38393e-17 0)
(1.1 -5.1666e-16 0)
(1.1 -1.25318e-15 0)
(1.1 -1.23535e-15 0)
(1.1 -1.13864e-15 0)
(1.1 -8.28619e-16 0)
(1.1 -6.39674e-16 0)
(1.1 -1.23558e-15 0)
(1.1 -1.72351e-15 0)
(1.1 -1.07509e-15 0)
(1.1 -8.39867e-16 0)
(1.1 -5.7518e-16 0)
(1.1 -6.45822e-16 0)
(1.1 -5.8781e-16 0)
(1.1 -1.06965e-15 0)
(1.1 -1.88992e-16 0)
(1.1 -4.49215e-16 0)
(1.1 -3.72792e-16 0)
(1.1 -4.19599e-16 0)
(1.1 -6.51652e-16 0)
(1.1 -7.07573e-16 0)
(1.1 -5.66972e-16 0)
(1.1 -5.72061e-16 0)
(1.1 -5.47539e-16 0)
(1.1 -2.51186e-16 0)
(1.1 2.6523e-16 0)
(1.1 3.76049e-17 0)
(1.1 4.0979e-17 0)
(1.1 -1.72669e-16 0)
(1.1 -4.48039e-16 0)
(1.1 -7.60061e-16 0)
(1.1 -5.88218e-16 0)
(1.1 -7.21897e-16 0)
(1.1 -1.3471e-15 0)
(1.1 -1.37717e-15 0)
(1.1 -1.47496e-15 0)
(1.1 -6.60121e-16 0)
(1.1 -7.02617e-16 0)
(1.1 -6.39286e-16 0)
(1.1 -3.33073e-16 0)
(1.1 -6.25841e-16 0)
(1.1 -9.22386e-16 0)
(1.1 -2.43862e-16 0)
(1.1 -7.55269e-16 0)
(1.1 -6.84088e-16 0)
(1.1 -7.00584e-16 0)
(1.1 -9.31396e-16 0)
(1.1 -8.56994e-16 0)
(1.1 6.66261e-17 0)
(1.1 2.05086e-16 0)
(1.1 2.40789e-16 0)
(1.1 5.23244e-17 0)
(1.1 -4.44034e-17 0)
(1.1 2.22082e-16 0)
(1.1 3.12579e-16 0)
(1.1 1.84256e-16 0)
(1.1 2.28147e-16 0)
(1.1 -8.84514e-17 0)
(1.1 -4.07396e-17 0)
(1.1 -5.96326e-16 0)
(1.1 -1.09684e-15 0)
(1.1 -1.54917e-16 0)
(1.1 -3.2995e-16 0)
(1.1 -1.22649e-15 0)
(1.1 -1.20076e-15 0)
(1.1 -7.21891e-16 0)
(1.1 -3.13517e-16 0)
(1.1 -8.53774e-16 0)
(1.1 -7.60625e-16 0)
(1.1 4.89478e-16 0)
(1.1 2.47331e-16 0)
(1.1 1.43386e-16 0)
(1.1 1.91265e-16 0)
(1.1 -1.06099e-16 0)
(1.1 -1.97657e-16 0)
(1.1 3.63091e-16 0)
(1.1 4.61134e-16 0)
(1.1 4.89527e-16 0)
(1.1 3.2395e-16 0)
(1.1 1.00562e-16 0)
(1.1 1.13707e-16 0)
(1.1 3.13122e-16 0)
(1.1 2.55043e-16 0)
(1.1 3.4427e-16 0)
(1.1 9.26466e-17 0)
(1.1 -1.24351e-16 0)
(1.1 -6.2586e-16 0)
(1.1 -5.44757e-16 0)
(1.1 5.79859e-19 0)
(1.1 7.29482e-17 0)
(1.1 -7.94209e-16 0)
(1.1 -1.01026e-15 0)
(1.1 -6.22541e-16 0)
(1.1 -5.08284e-16 0)
(1.1 -3.74265e-16 0)
(1.1 -3.82319e-16 0)
)
;

boundaryField
{
    inlet
    {
        type            uniformFixedValue;
        uniformValue    table
        
2
(
(0 (1.1 0 0))
(8 (3 0 0))
)
;
        value           nonuniform 0();
    }
    outlet
    {
        type            inletOutlet;
        inletValue      nonuniform 0();
        value           nonuniform 0();
    }
    triangle
    {
        type            slip;
    }
    top
    {
        type            symmetryPlane;
    }
    bottom
    {
        type            symmetryPlane;
    }
    defaultFaces
    {
        type            empty;
    }
    procBoundary27to19
    {
        type            processor;
        value           nonuniform List<vector> 
28
(
(1.1 1.37497e-16 0)
(1.1 2.27465e-16 0)
(1.1 6.76394e-16 0)
(1.1 1.60158e-16 0)
(1.1 4.50246e-16 0)
(1.1 5.79983e-16 0)
(1.1 8.99885e-16 0)
(1.1 5.42765e-16 0)
(1.1 1.62081e-16 0)
(1.1 -2.59085e-16 0)
(1.1 -3.95995e-16 0)
(1.1 -3.92418e-16 0)
(1.1 -1.15424e-15 0)
(1.1 -9.11067e-16 0)
(1.1 -5.25462e-16 0)
(1.1 -7.49274e-16 0)
(1.1 -9.56732e-16 0)
(1.1 -5.46031e-16 0)
(1.1 -1.61777e-16 0)
(1.1 -1.85805e-16 0)
(1.1 -2.79742e-16 0)
(1.1 -2.90064e-16 0)
(1.1 -2.20013e-16 0)
(1.1 -1.48308e-16 0)
(1.1 1.48925e-16 0)
(1.1 2.22338e-16 0)
(1.1 -2.8361e-16 0)
(1.1 -2.8361e-16 0)
)
;
    }
    procBoundary27to20
    {
        type            processor;
        value           uniform (1.1 -2.421e-16 0);
    }
    procBoundary27to26
    {
        type            processor;
        value           nonuniform List<vector> 
119
(
(1.1 -1.98567e-15 0)
(1.1 -2.3021e-15 0)
(1.1 -2.9988e-15 0)
(1.1 -3.10299e-15 0)
(1.1 -2.10101e-15 0)
(1.1 -2.12381e-15 0)
(1.1 -2.01752e-15 0)
(1.1 -1.49414e-15 0)
(1.1 -3.826e-16 0)
(1.1 6.82388e-16 0)
(1.1 5.92107e-16 0)
(1.1 8.00402e-16 0)
(1.1 1.22786e-16 0)
(1.1 5.77065e-16 0)
(1.1 1.33916e-15 0)
(1.1 7.46395e-16 0)
(1.1 -1.32737e-17 0)
(1.1 -1.13681e-15 0)
(1.1 -3.26884e-15 0)
(1.1 -4.12756e-15 0)
(1.1 -3.48584e-15 0)
(1.1 -1.37656e-15 0)
(1.1 -1.25479e-16 0)
(1.1 4.6893e-16 0)
(1.1 3.70632e-16 0)
(1.1 -1.07043e-15 0)
(1.1 -1.57689e-15 0)
(1.1 -1.21119e-15 0)
(1.1 2.72594e-17 0)
(1.1 1.30262e-15 0)
(1.1 1.20619e-15 0)
(1.1 4.62281e-16 0)
(1.1 -4.42484e-17 0)
(1.1 -4.50263e-16 0)
(1.1 -2.28351e-16 0)
(1.1 1.45392e-17 0)
(1.1 -3.26957e-16 0)
(1.1 2.35586e-16 0)
(1.1 1.14375e-15 0)
(1.1 2.35239e-15 0)
(1.1 2.26747e-15 0)
(1.1 1.56961e-15 0)
(1.1 1.21807e-15 0)
(1.1 6.58745e-16 0)
(1.1 2.50852e-16 0)
(1.1 2.29991e-16 0)
(1.1 9.62529e-16 0)
(1.1 7.12269e-16 0)
(1.1 1.41567e-15 0)
(1.1 1.79189e-15 0)
(1.1 1.66325e-15 0)
(1.1 6.36566e-16 0)
(1.1 -2.40799e-16 0)
(1.1 -1.02989e-15 0)
(1.1 -1.25026e-15 0)
(1.1 -6.6035e-16 0)
(1.1 -6.44343e-16 0)
(1.1 -3.65571e-16 0)
(1.1 -5.13758e-16 0)
(1.1 4.52381e-16 0)
(1.1 8.46042e-16 0)
(1.1 9.26293e-16 0)
(1.1 1.38605e-15 0)
(1.1 2.1714e-15 0)
(1.1 2.4118e-15 0)
(1.1 2.86949e-15 0)
(1.1 2.37387e-15 0)
(1.1 1.11403e-15 0)
(1.1 1.7198e-16 0)
(1.1 -4.21837e-16 0)
(1.1 -7.92969e-16 0)
(1.1 -5.3273e-16 0)
(1.1 -4.92389e-16 0)
(1.1 -1.28093e-15 0)
(1.1 -8.88064e-16 0)
(1.1 1.26482e-16 0)
(1.1 6.01201e-16 0)
(1.1 -7.32339e-16 0)
(1.1 -1.92573e-15 0)
(1.1 -2.01345e-15 0)
(1.1 -9.24547e-16 0)
(1.1 -3.62062e-16 0)
(1.1 3.16886e-16 0)
(1.1 2.8655e-16 0)
(1.1 9.19013e-16 0)
(1.1 -8.14865e-18 0)
(1.1 -1.21742e-15 0)
(1.1 1.29269e-16 0)
(1.1 8.80536e-17 0)
(1.1 -8.98523e-16 0)
(1.1 -2.75494e-16 0)
(1.1 -1.40244e-16 0)
(1.1 4.40739e-16 0)
(1.1 1.55357e-15 0)
(1.1 1.28073e-15 0)
(1.1 1.96772e-15 0)
(1.1 1.10906e-15 0)
(1.1 -5.41334e-16 0)
(1.1 -1.4215e-15 0)
(1.1 -1.95946e-15 0)
(1.1 -7.99326e-16 0)
(1.1 1.19804e-15 0)
(1.1 6.4767e-17 0)
(1.1 -1.28667e-16 0)
(1.1 -8.55512e-16 0)
(1.1 -8.14001e-16 0)
(1.1 -3.36393e-16 0)
(1.1 -1.12349e-16 0)
(1.1 -6.02975e-16 0)
(1.1 -1.18024e-15 0)
(1.1 2.12168e-16 0)
(1.1 -6.2601e-17 0)
(1.1 -1.58639e-15 0)
(1.1 -1.47467e-15 0)
(1.1 -7.87363e-16 0)
(1.1 -5.13954e-16 0)
(1.1 -2.63058e-16 0)
(1.1 2.01058e-16 0)
(1.1 7.36472e-16 0)
)
;
    }
    procBoundary27to28
    {
        type            processor;
        value           nonuniform List<vector> 
119
(
(1.1 6.19193e-17 0)
(1.1 5.57526e-16 0)
(1.1 1.36192e-15 0)
(1.1 1.39696e-15 0)
(1.1 6.01997e-16 0)
(1.1 7.24194e-16 0)
(1.1 2.91107e-16 0)
(1.1 3.41825e-17 0)
(1.1 3.21377e-16 0)
(1.1 3.01987e-16 0)
(1.1 -2.66528e-16 0)
(1.1 -3.9237e-16 0)
(1.1 1.15316e-16 0)
(1.1 1.94592e-16 0)
(1.1 -3.31146e-16 0)
(1.1 -5.23719e-16 0)
(1.1 -1.54325e-16 0)
(1.1 -2.08214e-17 0)
(1.1 -2.72354e-16 0)
(1.1 1.19509e-16 0)
(1.1 7.44777e-16 0)
(1.1 7.32709e-16 0)
(1.1 -3.88924e-18 0)
(1.1 -8.5373e-17 0)
(1.1 3.12919e-16 0)
(1.1 3.55818e-16 0)
(1.1 -1.10824e-16 0)
(1.1 -8.6821e-17 0)
(1.1 1.63069e-16 0)
(1.1 -3.60388e-16 0)
(1.1 -7.5361e-16 0)
(1.1 -2.50156e-16 0)
(1.1 -5.47088e-17 0)
(1.1 2.99004e-16 0)
(1.1 3.25086e-16 0)
(1.1 1.31043e-16 0)
(1.1 2.53041e-16 0)
(1.1 -7.35116e-17 0)
(1.1 6.51257e-16 0)
(1.1 9.57507e-16 0)
(1.1 3.02188e-16 0)
(1.1 -1.53273e-16 0)
(1.1 3.48836e-17 0)
(1.1 -9.06953e-16 0)
(1.1 -1.29332e-15 0)
(1.1 -7.07787e-16 0)
(1.1 -2.28811e-16 0)
(1.1 -1.07111e-16 0)
(1.1 7.23767e-17 0)
(1.1 3.59383e-16 0)
(1.1 9.0657e-16 0)
(1.1 1.66682e-16 0)
(1.1 6.34675e-17 0)
(1.1 2.13718e-16 0)
(1.1 2.60326e-16 0)
(1.1 1.88103e-16 0)
(1.1 -7.47652e-17 0)
(1.1 -1.3222e-16 0)
(1.1 -1.99726e-16 0)
(1.1 -4.57137e-16 0)
(1.1 1.69911e-16 0)
(1.1 3.6859e-16 0)
(1.1 2.12597e-16 0)
(1.1 -1.05665e-16 0)
(1.1 -8.32187e-16 0)
(1.1 -6.65825e-16 0)
(1.1 4.74727e-17 0)
(1.1 2.11954e-17 0)
(1.1 3.8063e-16 0)
(1.1 1.43373e-15 0)
(1.1 1.98471e-15 0)
(1.1 1.60773e-15 0)
(1.1 7.1308e-16 0)
(1.1 4.58641e-16 0)
(1.1 4.12163e-16 0)
(1.1 7.01763e-16 0)
(1.1 7.44175e-16 0)
(1.1 -1.54921e-16 0)
(1.1 -3.45028e-16 0)
(1.1 5.28755e-16 0)
(1.1 -6.37242e-17 0)
(1.1 -6.05248e-16 0)
(1.1 -4.52489e-16 0)
(1.1 -4.92763e-16 0)
(1.1 -4.16429e-16 0)
(1.1 -6.47097e-17 0)
(1.1 -3.4047e-16 0)
(1.1 -2.02726e-16 0)
(1.1 -5.86012e-17 0)
(1.1 -3.14651e-16 0)
(1.1 -1.31683e-16 0)
(1.1 7.98753e-17 0)
(1.1 -3.25354e-16 0)
(1.1 -1.38966e-15 0)
(1.1 -1.59258e-15 0)
(1.1 -7.69018e-16 0)
(1.1 -1.04663e-16 0)
(1.1 2.2546e-16 0)
(1.1 -1.18987e-16 0)
(1.1 -6.15627e-16 0)
(1.1 -8.20835e-16 0)
(1.1 -4.34513e-16 0)
(1.1 -7.16682e-17 0)
(1.1 -2.38928e-16 0)
(1.1 -8.05778e-16 0)
(1.1 -9.21621e-16 0)
(1.1 -8.51453e-16 0)
(1.1 -5.11705e-16 0)
(1.1 -1.24501e-16 0)
(1.1 1.22991e-16 0)
(1.1 -6.80938e-17 0)
(1.1 1.11048e-16 0)
(1.1 5.9615e-16 0)
(1.1 5.3229e-17 0)
(1.1 -1.06108e-15 0)
(1.1 -1.04343e-15 0)
(1.1 -8.78382e-16 0)
(1.1 -8.92739e-16 0)
(1.1 -7.30133e-16 0)
)
;
    }
}


// ************************************************************************* //
