/*--------------------------------*- C++ -*----------------------------------*\
  =========                 |
  \\      /  F ield         | OpenFOAM: The Open Source CFD Toolbox
   \\    /   O peration     | Website:  https://openfoam.org
    \\  /    A nd           | Version:  7
     \\/     M anipulation  |
\*---------------------------------------------------------------------------*/
FoamFile
{
    version     2.0;
    format      ascii;
    class       volScalarField;
    location    "0.1";
    object      rho;
}
// * * * * * * * * * * * * * * * * * * * * * * * * * * * * * * * * * * * * * //

dimensions      [1 -3 0 0 0 0 0];

internalField   nonuniform List<scalar> 
3225
(
2.43135
1.40001
1.40001
1.40001
1.40001
1.40001
1.40001
1.40001
1.40001
1.40001
1.40001
1.40001
1.40001
1.40001
1.40001
1.40001
1.40001
1.40001
1.40001
1.40001
1.40001
1.40001
1.40001
1.40001
1.45897
1.97752
2.21027
1.40001
1.40001
1.40001
1.40001
1.40001
1.40001
1.40001
1.40001
1.40001
1.40001
1.40001
1.40001
1.40001
1.40001
1.40001
1.40001
1.40001
1.40001
1.40001
1.40001
1.40001
1.40001
1.40001
1.40001
1.40001
1.40001
1.40001
1.40001
1.40001
1.40001
1.40001
1.40001
1.40001
1.40001
1.40001
1.40001
1.40001
1.40001
1.40001
1.40001
1.40001
1.40001
1.40001
1.40001
1.40001
1.40001
1.40001
1.40001
1.40001
1.40001
1.40001
1.40001
1.40001
1.40001
1.40001
1.40001
1.40001
1.40001
1.40001
1.40001
1.40001
1.40001
1.40001
1.40001
1.40001
1.40001
1.40001
1.40001
1.40001
1.40001
1.40001
1.40001
1.40001
1.40001
1.40001
1.40001
1.40001
1.40001
1.40001
1.40001
1.40001
1.40001
1.40001
1.40001
1.40001
1.40001
1.40001
1.40001
1.40001
1.40001
1.40001
1.40001
1.40001
1.40001
1.40001
1.40001
1.40001
1.40001
1.40001
1.40001
1.40001
1.40001
1.40001
1.40001
1.40001
1.40001
1.40001
1.40001
1.40001
1.40001
1.40001
1.40001
1.40001
1.40001
1.40001
1.40001
1.40001
1.40001
1.40001
1.40001
1.40001
1.40001
1.40001
1.40001
1.40001
1.40001
1.40001
1.40001
1.40001
1.40001
1.40001
1.40001
1.40001
1.40001
1.40001
1.40001
1.40001
1.40001
1.40001
1.40001
1.40001
1.40001
1.40001
1.40001
1.40001
1.40001
1.40001
1.40001
1.40001
1.40001
1.40001
1.40001
1.40001
1.40001
1.40001
1.40001
1.40001
1.40001
1.40001
1.40001
1.40001
1.40001
1.40001
1.40001
1.40001
1.40001
1.40001
1.40001
1.40001
1.40001
1.40001
1.40001
1.40001
1.40001
1.40001
1.40001
1.40001
1.40001
1.40001
1.40001
1.40001
1.40001
1.40001
1.40001
1.40001
1.40001
1.40001
1.40001
1.40001
1.40001
1.40001
1.40001
1.40001
1.40001
1.40001
1.40001
1.40001
1.40001
1.40001
1.40001
1.40001
1.40001
1.40001
1.40001
1.40001
1.40001
1.40001
1.40001
1.40001
1.40001
1.40001
1.40001
1.40001
1.40001
1.40001
1.40001
1.40001
1.40001
1.40001
1.40001
1.40001
1.40001
1.40001
1.40001
1.40001
1.40001
1.40001
1.40001
1.40001
1.40001
1.40001
1.40001
1.40001
1.40001
1.40001
1.40001
1.40001
1.40001
1.40001
1.40001
1.40001
1.40001
1.40001
1.40001
1.40001
1.40001
1.40001
1.40001
1.40001
1.40001
1.40001
1.40001
1.40001
1.40001
1.40001
1.40001
1.40001
1.40001
1.40001
1.40001
1.40001
1.40001
1.40001
1.40001
1.40001
1.40001
1.40001
1.40001
1.40001
1.40001
1.40001
1.40001
1.40001
1.40001
1.40001
1.40001
1.40001
1.40001
1.40001
1.40001
1.40001
1.40001
1.40001
1.40001
1.40001
1.40001
1.40001
1.40001
1.40001
1.40001
1.40001
1.40001
1.40001
1.40001
1.40001
1.40001
1.40001
1.40001
1.40001
1.40001
1.40001
1.40001
1.40001
1.40001
1.40001
1.40001
1.40001
1.40001
1.40001
1.40001
1.40001
1.40001
1.40001
1.40001
1.40001
1.40001
1.40001
1.40001
1.40001
1.40001
1.40001
1.40001
1.40001
1.40001
1.40001
1.40001
1.40001
1.40001
1.40001
1.40001
1.40001
1.40001
1.40001
1.40001
1.40001
1.40001
1.40001
1.40001
1.40001
1.40001
1.40001
1.40001
1.40001
1.40001
1.40001
1.40001
1.40001
1.40001
1.40001
1.40001
1.40001
1.40001
1.40001
1.40001
1.40001
1.40001
1.40001
1.40001
1.40001
1.40001
1.40001
1.40001
1.40001
1.40001
1.40001
1.40001
1.40001
1.40001
1.40001
1.40001
1.40001
1.40001
1.40001
1.40001
1.40001
1.40001
1.40001
1.40001
1.40001
1.40001
1.40001
1.40001
1.40001
1.40001
1.40001
1.40001
1.40001
1.40001
1.40001
1.40001
1.40001
1.40001
1.40001
1.40001
1.40001
1.40001
1.40001
1.40001
1.40001
1.40001
1.40001
1.40001
1.40001
1.40001
1.40001
1.40001
1.40001
1.40001
1.40001
1.40001
1.40001
1.40001
1.40001
1.40001
1.40001
1.40001
1.40001
1.40001
1.40001
1.40001
1.40001
1.40001
1.40001
1.40001
1.40001
1.40001
1.40001
1.40001
1.40001
1.40001
1.40001
1.40001
1.40001
1.40001
1.40001
1.40001
1.40001
1.40001
1.40001
1.40001
1.40001
1.40001
1.40001
1.40001
1.40001
1.40001
1.40001
1.40001
1.40001
1.40001
1.40001
1.40001
1.40001
1.40001
1.40001
1.40001
1.40001
1.40001
1.40001
1.40001
1.40001
1.40001
1.40001
1.40001
1.40001
1.40001
1.40001
1.40001
1.40001
1.40001
1.40001
1.40001
1.40001
1.40001
1.40001
1.40001
1.40001
1.40001
1.40001
1.40001
1.40001
1.40001
1.40001
1.40001
1.40001
1.40001
1.40001
1.40001
1.40001
1.40001
1.40001
1.40001
1.40001
1.40001
1.40001
1.40001
1.40001
1.40001
1.40001
1.40001
1.40001
1.40001
1.40001
1.40001
1.40001
1.40001
1.40001
1.40001
1.40001
1.40001
1.40001
1.40001
1.40001
1.40001
1.40001
1.40001
1.40001
1.40001
1.40001
1.40001
1.40001
1.40001
1.40001
1.40001
1.40001
1.40001
1.40001
1.40001
1.40001
1.40001
1.40001
1.40001
1.40001
1.40001
1.40001
1.40001
1.40001
1.40001
1.40001
1.40001
1.40001
1.40001
1.40001
1.40001
1.40001
1.40001
1.40001
1.40001
1.40001
1.40001
1.40001
1.40001
1.40001
1.40001
1.40001
1.40001
1.40001
1.40001
1.40001
1.40001
1.40001
1.40001
1.40001
1.40001
1.40001
1.40001
1.40001
1.40001
1.40001
1.40001
1.40001
1.40001
1.40001
1.40001
1.40001
1.40001
1.40001
1.40001
1.40001
1.40001
1.40001
1.40001
1.40001
1.40001
1.40001
1.40001
1.40001
1.40001
1.40001
1.40001
1.40001
1.40001
1.40001
1.40001
1.40001
1.40001
1.40001
1.40001
1.40001
1.40001
1.40001
1.40001
1.40001
1.40001
1.40001
1.40001
1.40001
1.40001
1.40001
1.40001
1.40001
1.40001
1.40001
1.40001
1.40001
1.40001
1.40001
1.40001
1.40001
1.40001
1.40001
1.40001
1.40001
1.40001
1.40001
1.40001
1.40001
1.40001
1.40001
1.40001
1.40001
1.40001
1.40001
1.40001
1.40001
1.40001
1.40001
1.40001
1.40001
1.40001
1.40001
1.40001
1.40001
1.40001
1.40001
1.40001
1.40001
1.40001
1.40001
1.40001
1.40001
1.40001
1.40001
1.40001
1.40001
1.40001
1.40001
1.40001
1.40001
1.40001
1.40001
1.40001
1.40001
1.40001
1.40001
1.40001
1.40001
1.40001
1.40001
1.40001
1.40001
1.40001
1.40001
1.40001
1.40001
1.40001
1.40001
1.40001
1.40001
1.40001
1.40001
1.40001
1.40001
1.40001
1.40001
1.40001
1.40001
1.40001
1.40001
1.40001
1.40001
1.40001
1.40001
1.40001
1.40001
1.40001
1.40001
1.40001
1.40001
1.40001
1.40001
1.40001
1.40001
1.40001
1.40001
1.40001
1.40001
1.40001
1.40001
1.40001
1.40001
1.40001
1.40001
1.40001
1.40001
1.40001
1.40001
1.40001
1.40001
1.40001
1.40001
1.40001
1.40001
1.40001
1.40001
1.40001
1.40001
1.40001
1.40001
1.40001
1.40001
1.40001
1.40001
1.40001
1.40001
1.40001
1.40001
1.40001
1.40001
1.40001
1.40001
1.40001
1.40001
1.40001
1.40001
1.40001
1.40001
1.40001
1.40001
1.40001
1.40001
1.40001
1.40001
1.40001
1.40001
1.40001
1.40001
1.40001
1.40001
1.40001
1.40001
1.40001
1.40001
1.40001
1.40001
1.40001
1.40001
1.40001
1.40001
1.40001
1.40001
1.40001
1.40001
1.40001
1.40001
1.40001
1.40001
1.40001
1.40001
1.40001
1.40001
1.40001
1.40001
1.40001
1.40001
1.40001
1.40001
1.40001
1.40001
1.40001
1.40001
1.40001
1.40001
1.40001
1.40001
1.40001
1.40001
1.40001
1.40001
1.40001
1.40001
1.40001
1.40001
1.40001
1.40001
1.40001
1.40001
1.40001
1.40001
1.40001
1.40001
1.40001
1.40001
1.40001
1.40001
1.40001
1.40001
1.40001
1.40001
1.40001
1.40001
1.40001
1.40001
1.40001
1.40001
1.40001
1.40001
1.40001
1.40001
1.40001
1.40001
1.40001
1.40001
1.40001
1.40001
1.40001
1.40001
1.40001
1.40001
1.40001
1.40001
1.40001
1.40001
1.40001
1.40001
1.40001
1.40001
1.40001
1.40001
1.40001
1.40001
1.40001
1.40001
1.40001
1.40001
1.40001
1.40001
1.40001
1.40001
1.40001
1.40001
1.40001
1.40001
1.40001
1.40001
1.40001
1.40001
1.40001
1.40001
1.40001
1.40001
1.40001
1.40001
1.40001
1.40001
1.40001
1.40001
1.40001
1.40001
1.40001
1.40001
1.40001
1.40001
1.40001
1.40001
1.40001
1.40001
1.40001
1.40001
1.40001
1.40001
1.40001
1.40001
1.40001
1.40001
1.40001
1.40001
1.40001
1.40001
1.40001
1.40001
1.40001
1.40001
1.40001
1.40001
1.40001
1.40001
1.40001
1.40001
1.40001
1.40001
1.40001
1.40001
1.40001
1.40001
1.40001
1.40001
1.40001
1.40001
1.40001
1.40001
1.40001
1.40001
1.40001
1.40001
1.40001
1.40001
1.40001
1.40001
1.40001
1.40001
1.40001
1.40001
1.40001
1.40001
1.40001
1.40001
1.40001
1.40001
1.40001
1.40001
1.40001
1.40001
1.40001
1.40001
1.40001
1.40001
1.40001
1.40001
1.40001
1.40001
1.40001
1.40001
1.40001
1.40001
1.40001
1.40001
1.40001
1.40001
1.40001
1.40001
1.40001
1.40001
1.40001
1.40001
1.40001
1.40001
1.40001
1.40001
1.40001
1.40001
1.40001
1.40001
1.40001
1.40001
1.40001
1.40001
1.40001
1.40001
1.40001
1.40001
1.40001
1.40001
1.40001
1.40001
1.40001
1.40001
1.40001
1.40001
1.40001
1.40001
1.40001
1.40001
1.40001
1.40001
1.40001
1.40001
1.40001
1.40001
1.40001
1.40001
1.40001
1.40001
1.40001
1.40001
1.40001
1.40001
1.40001
1.40001
1.40001
1.40001
1.40001
1.40001
1.40001
1.40001
1.40001
1.40001
1.40001
1.40001
1.40001
1.40001
1.40001
1.40001
1.40001
1.40001
1.40001
1.40001
1.40001
1.40001
1.40001
1.40001
1.40001
1.40001
1.40001
1.40001
1.40001
1.40001
1.40001
1.40001
1.40001
1.40001
1.40001
1.40001
1.40001
1.40001
1.40001
1.40001
1.40001
1.40001
1.40001
1.40001
1.40001
1.40001
1.40001
1.40001
1.40001
1.40001
1.40001
1.40001
1.40001
1.40001
1.40001
1.40001
1.40001
1.40001
1.40001
1.40001
1.40001
1.40001
1.40001
1.40001
1.40001
1.40001
1.40001
1.40001
1.40001
1.40001
1.40001
1.40001
1.40001
1.40001
1.40001
1.40001
1.40001
1.40001
1.40001
1.40001
1.40001
1.40001
1.40001
1.40001
1.40001
1.40001
1.40001
1.40001
1.40001
1.40001
1.40001
1.40001
1.40001
1.40001
1.40001
1.40001
1.40001
1.40001
1.40001
1.40001
1.40001
1.40001
1.40001
1.40001
1.40001
1.40001
1.40001
1.40001
1.40001
1.40001
1.40001
1.40001
1.40001
1.40001
1.40001
1.40001
1.40001
1.40001
1.40001
1.40001
1.40001
1.40001
1.40001
1.40001
1.40001
1.40001
1.40001
1.40001
1.40001
1.40001
1.40001
1.40001
1.40001
1.40001
1.40001
1.40001
1.40001
1.40001
1.40001
1.40001
1.40001
1.40001
1.40001
1.40001
1.40001
1.40001
1.40001
1.40001
1.40001
1.40001
1.40001
1.40001
1.40001
1.40001
1.40001
1.40001
1.40001
1.40001
1.40001
1.40001
1.40001
1.40001
1.40001
1.40001
1.40001
1.40001
1.40001
1.40001
1.40001
1.40001
1.40001
1.40001
1.40001
1.40001
1.40001
1.40001
1.40001
1.40001
1.40001
1.40001
1.40001
1.40001
1.40001
1.40001
1.40001
1.40001
1.40001
1.40001
1.40001
1.40001
1.40001
1.40001
1.40001
1.40001
1.40001
1.40001
1.40001
1.40001
1.40001
1.40001
1.40001
1.40001
1.40001
1.40001
1.40001
1.40001
1.40001
1.40001
1.40001
1.40001
1.40001
1.40001
1.40001
1.40001
1.40001
1.40001
1.40001
1.40001
1.40001
1.40001
1.40001
1.40001
1.40001
1.40001
1.40001
1.40001
1.40001
1.40001
1.40001
1.40001
1.40001
1.40001
1.40001
1.40001
1.40001
1.40001
1.40001
1.40001
1.40001
1.40001
1.40001
1.40001
1.40001
1.40001
1.40001
1.40001
1.40001
1.40001
1.40001
1.40001
1.40001
1.40001
1.40001
1.40001
1.40001
1.40001
1.40001
1.40001
1.40001
1.40001
1.40001
1.40001
1.40001
1.40001
1.40001
1.40001
1.40001
1.40001
1.40001
1.40001
1.40001
1.40001
1.40001
1.40001
1.40001
1.40001
1.40001
1.40001
1.40001
1.40001
1.40001
1.40001
1.40001
1.40001
1.40001
1.40001
1.40001
1.40001
1.40001
1.40001
1.40001
1.40001
1.40001
1.40001
1.40001
1.40001
1.40001
1.40001
1.40001
1.40001
1.40001
1.40001
1.40001
1.40001
1.40001
1.40001
1.40001
1.40001
1.40001
1.40001
1.40001
1.40001
1.40001
1.40001
1.40001
1.40001
1.40001
1.40001
1.40001
1.40001
1.40001
1.40001
1.40001
1.40001
1.40001
1.40001
1.40001
1.40001
1.40001
1.40001
1.40001
1.40001
1.40001
1.40001
1.40001
1.40001
1.40001
1.40001
1.40001
1.40001
1.40001
1.40001
1.40001
1.40001
1.40001
1.40001
1.40001
1.40001
1.40001
1.40001
1.40001
1.40001
1.40001
1.40001
1.40001
1.40001
1.40001
1.40001
1.40001
1.40001
1.40001
1.40001
1.40001
1.40001
1.40001
1.40001
1.40001
1.40001
1.40001
1.40001
1.40001
1.40001
1.40001
1.40001
1.40001
1.40001
1.40001
1.40001
1.40001
1.40001
1.40001
1.40001
1.40001
1.40001
1.40001
1.40001
1.40001
1.40001
1.40001
1.40001
1.40001
1.40001
1.40001
1.40001
1.40001
1.40001
1.40001
1.40001
1.40001
1.40001
1.40001
1.40001
1.40001
1.40001
1.40001
1.40001
1.40001
1.40001
1.40001
1.40001
1.40001
1.40001
1.40001
1.40001
1.40001
1.40001
1.40001
1.40001
1.40001
1.40001
1.40001
1.40001
1.40001
1.40001
1.40001
1.40001
1.40001
1.40001
1.40001
1.40001
1.40001
1.40001
1.40001
1.40001
1.40001
1.40001
1.40001
1.40001
1.40001
1.40001
1.40001
1.40001
1.40001
1.40001
1.40001
1.40001
1.40001
1.40001
1.40001
1.40001
1.40001
1.40001
1.40001
1.40001
1.40001
1.40001
1.40001
1.40001
1.40001
1.40001
1.40001
1.40001
1.40001
1.40001
1.40001
1.40001
1.40001
1.40001
1.40001
1.40001
1.40001
1.40001
1.40001
1.40001
1.40001
1.40001
1.40001
1.40001
1.40001
1.40001
1.40001
1.40001
1.40001
1.40001
1.40001
1.40001
1.40001
1.40001
1.40001
1.40001
1.40001
1.40001
1.40001
1.40001
1.40001
1.40001
1.40001
1.40001
1.40001
1.40001
1.40001
1.40001
1.40001
1.40001
1.40001
1.40001
1.40001
1.40001
1.40001
1.40001
1.40001
1.40001
1.40001
1.40001
1.40001
1.40001
1.40001
1.40001
1.40001
1.40001
1.40001
1.40001
1.40001
1.40001
1.40001
1.40001
1.40001
1.40001
1.40001
1.40001
1.40001
1.40001
1.40001
1.40001
1.40001
1.40001
1.40001
1.40001
1.40001
1.40001
1.40001
1.40001
1.40001
1.40001
1.40001
1.40001
1.40001
1.40001
1.40001
1.40001
1.40001
1.40001
1.40001
1.40001
1.40001
1.40001
1.40001
1.40001
1.40001
1.40001
1.40001
1.40001
1.40001
1.40001
1.40001
1.40001
1.40001
1.40001
1.40001
1.40001
1.40001
1.40001
1.40001
1.40001
1.40001
1.40001
1.40001
1.40001
1.40001
1.40001
1.40001
1.40001
1.40001
1.40001
1.40001
1.40001
1.40001
1.40001
1.40001
1.40001
1.40001
1.40001
1.40001
1.40001
1.40001
1.40001
1.40001
1.40001
1.40001
1.40001
1.40001
1.40001
1.40001
1.40001
1.40001
1.40001
1.40001
1.40001
1.40001
1.40001
1.40001
1.40001
1.40001
1.40001
1.40001
1.40001
1.40001
1.40001
1.40001
1.40001
1.40001
1.40001
1.40001
1.40001
1.40001
1.40001
1.40001
1.40001
1.40001
1.40001
1.40001
1.40001
1.40001
1.40001
1.40001
1.40001
1.40001
1.40001
1.40001
1.40001
1.40001
1.40001
1.40001
1.40001
1.40001
1.40001
1.40001
1.40001
1.40001
1.40001
1.40001
1.40001
1.40001
1.40001
1.40001
1.40001
1.40001
1.40001
1.40001
1.40002
1.40001
1.40001
1.40001
1.40001
1.40001
1.40001
1.40001
1.40001
1.40001
1.40001
1.40001
1.40001
1.40001
1.40001
1.40001
1.40001
1.40001
1.40001
1.40001
1.40001
1.40001
1.40001
1.40001
1.40001
1.40001
1.40006
1.40001
1.40001
1.40001
1.40001
1.40001
1.40001
1.40001
1.40001
1.40001
1.40001
1.40001
1.40001
1.40001
1.40001
1.40001
1.40001
1.40001
1.40001
1.40001
1.40001
1.40001
1.40001
1.40001
1.40001
1.40001
1.40013
1.40001
1.40001
1.40001
1.40001
1.40001
1.40001
1.40001
1.40001
1.40001
1.40001
1.40001
1.40001
1.40001
1.40001
1.40001
1.40001
1.40001
1.40001
1.40001
1.40001
1.40001
1.40001
1.40001
1.40001
1.40001
1.40025
1.40001
1.40001
1.40001
1.40001
1.40001
1.40001
1.40001
1.40001
1.40001
1.40001
1.40001
1.40001
1.40001
1.40001
1.40001
1.40001
1.40001
1.40001
1.40001
1.40001
1.40001
1.40001
1.40001
1.40001
1.40001
1.40045
1.40001
1.40001
1.40001
1.40001
1.40001
1.40001
1.40001
1.40001
1.40001
1.40001
1.40001
1.40001
1.40001
1.40001
1.40001
1.40001
1.40001
1.40001
1.40001
1.40001
1.40001
1.40001
1.40001
1.40001
1.40001
1.40068
1.40001
1.40001
1.40001
1.40001
1.40001
1.40001
1.40001
1.40001
1.40001
1.40001
1.40001
1.40001
1.40001
1.40001
1.40001
1.40001
1.40001
1.40001
1.40001
1.40001
1.40001
1.40001
1.40001
1.40001
1.40001
1.4009
1.40001
1.40001
1.40001
1.40001
1.40001
1.40001
1.40001
1.40001
1.40001
1.40001
1.40001
1.40001
1.40001
1.40001
1.40001
1.40001
1.40001
1.40001
1.40001
1.40001
1.40001
1.40001
1.40001
1.40001
1.40001
1.40114
1.40001
1.40001
1.40001
1.40001
1.40001
1.40001
1.40001
1.40001
1.40001
1.40001
1.40001
1.40001
1.40001
1.40001
1.40001
1.40001
1.40001
1.40001
1.40001
1.40001
1.40001
1.40001
1.40001
1.40001
1.40001
1.40148
1.40001
1.40001
1.40001
1.40001
1.40001
1.40001
1.40001
1.40001
1.40001
1.40001
1.40001
1.40001
1.40001
1.40001
1.40001
1.40001
1.40001
1.40001
1.40001
1.40001
1.40001
1.40001
1.40001
1.40001
1.40001
1.402
1.40001
1.40001
1.40001
1.40001
1.40001
1.40001
1.40001
1.40001
1.40001
1.40001
1.40001
1.40001
1.40001
1.40001
1.40001
1.40001
1.40001
1.40001
1.40001
1.40001
1.40001
1.40001
1.40001
1.40001
1.40001
1.40285
1.40001
1.40001
1.40001
1.40001
1.40001
1.40001
1.40001
1.40001
1.40001
1.40001
1.40001
1.40001
1.40001
1.40001
1.40001
1.40001
1.40001
1.40001
1.40001
1.40001
1.40001
1.40001
1.40001
1.40001
1.40001
1.40427
1.40001
1.40001
1.40001
1.40001
1.40001
1.40001
1.40001
1.40001
1.40001
1.40001
1.40001
1.40001
1.40001
1.40001
1.40001
1.40001
1.40001
1.40001
1.40001
1.40001
1.40001
1.40001
1.40001
1.40001
1.40001
1.40656
1.40001
1.40001
1.40001
1.40001
1.40001
1.40001
1.40001
1.40001
1.40001
1.40001
1.40001
1.40001
1.40001
1.40001
1.40001
1.40001
1.40001
1.40001
1.40001
1.40001
1.40001
1.40001
1.40001
1.40001
1.40001
1.41015
1.40001
1.40001
1.40001
1.40001
1.40001
1.40001
1.40001
1.40001
1.40001
1.40001
1.40001
1.40001
1.40001
1.40001
1.40001
1.40001
1.40001
1.40001
1.40001
1.40001
1.40001
1.40001
1.40001
1.40001
1.40001
1.41565
1.40001
1.40001
1.40001
1.40001
1.40001
1.40001
1.40001
1.40001
1.40001
1.40001
1.40001
1.40001
1.40001
1.40001
1.40001
1.40001
1.40001
1.40001
1.40001
1.40001
1.40001
1.40001
1.40001
1.40001
1.40001
1.424
1.40001
1.40001
1.40001
1.40001
1.40001
1.40001
1.40001
1.40001
1.40001
1.40001
1.40001
1.40001
1.40001
1.40001
1.40001
1.40001
1.40001
1.40001
1.40001
1.40001
1.40001
1.40001
1.40001
1.40001
1.40001
1.43639
1.40001
1.40001
1.40001
1.40001
1.40001
1.40001
1.40001
1.40001
1.40001
1.40001
1.40001
1.40001
1.40001
1.40001
1.40001
1.40001
1.40001
1.40001
1.40001
1.40001
1.40001
1.40001
1.40001
1.40001
1.40001
1.45465
1.40001
1.40001
1.40001
1.40001
1.40001
1.40001
1.40001
1.40001
1.40001
1.40001
1.40001
1.40001
1.40001
1.40001
1.40001
1.40001
1.40001
1.40001
1.40001
1.40001
1.40001
1.40001
1.40001
1.40001
1.40002
1.48153
1.40001
1.40001
1.40001
1.40001
1.40001
1.40001
1.40001
1.40001
1.40001
1.40001
1.40001
1.40001
1.40001
1.40001
1.40001
1.40001
1.40001
1.40001
1.40001
1.40001
1.40001
1.40001
1.40001
1.40001
1.40005
1.5183
1.40001
1.40001
1.40001
1.40001
1.40001
1.40001
1.40001
1.40001
1.40001
1.40001
1.40001
1.40001
1.40001
1.40001
1.40001
1.40001
1.40001
1.40001
1.40001
1.40001
1.40001
1.40001
1.40001
1.40001
1.40013
1.56094
1.40001
1.40001
1.40001
1.40001
1.40001
1.40001
1.40001
1.40001
1.40001
1.40001
1.40001
1.40001
1.40001
1.40001
1.40001
1.40001
1.40001
1.40001
1.40001
1.40001
1.40001
1.40001
1.40001
1.40001
1.40033
1.60304
1.40001
1.40001
1.40001
1.40001
1.40001
1.40001
1.40001
1.40001
1.40001
1.40001
1.40001
1.40001
1.40001
1.40001
1.40001
1.40001
1.40001
1.40001
1.40001
1.40001
1.40001
1.40001
1.40001
1.40001
1.4008
1.64287
1.40001
1.40001
1.40001
1.40001
1.40001
1.40001
1.40001
1.40001
1.40001
1.40001
1.40001
1.40001
1.40001
1.40001
1.40001
1.40001
1.40001
1.40001
1.40001
1.40001
1.40001
1.40001
1.40001
1.40001
1.40181
1.68125
1.40001
1.40001
1.40001
1.40001
1.40001
1.40001
1.40001
1.40001
1.40001
1.40001
1.40001
1.40001
1.40001
1.40001
1.40001
1.40001
1.40001
1.40001
1.40001
1.40001
1.40001
1.40001
1.40001
1.40001
1.40387
1.71901
1.40001
1.40001
1.40001
1.40001
1.40001
1.40001
1.40001
1.40001
1.40001
1.40001
1.40001
1.40001
1.40001
1.40001
1.40001
1.40001
1.40001
1.40001
1.40001
1.40001
1.40001
1.40001
1.40001
1.40001
1.40768
1.75656
1.40001
1.40001
1.40001
1.40001
1.40001
1.40001
1.40001
1.40001
1.40001
1.40001
1.40001
1.40001
1.40001
1.40001
1.40001
1.40001
1.40001
1.40001
1.40001
1.40001
1.40001
1.40001
1.40001
1.40001
1.41415
1.79399
1.40001
1.40001
1.40001
1.40001
1.40001
1.40001
1.40001
1.40001
1.40001
1.40001
1.40001
1.40001
1.40001
1.40001
1.40001
1.40001
1.40001
1.40001
1.40001
1.40001
1.40001
1.40001
1.40001
1.40001
1.42382
1.83129
1.40001
1.40001
1.40001
1.40001
1.40001
1.40001
1.40001
1.40001
1.40001
1.40001
1.40001
1.40001
1.40001
1.40001
1.40001
1.40001
1.40001
1.40001
1.40001
1.40001
1.40001
1.40001
1.40001
1.40001
1.43683
1.86782
1.40001
1.40001
1.40001
1.40001
1.40001
1.40001
1.40001
1.40001
1.40001
1.40001
1.40001
1.40001
1.40001
1.40001
1.40001
1.40001
1.40001
1.40001
1.40001
1.40001
1.40001
1.40001
1.40001
1.40001
1.4537
1.90291
1.40001
1.40001
1.40001
1.40001
1.40001
1.40001
1.40001
1.40001
1.40001
1.40001
1.40001
1.40001
1.40001
1.40001
1.40001
1.40001
1.40001
1.40001
1.40001
1.40001
1.40001
1.40001
1.40001
1.40001
1.47461
1.93615
1.40001
1.40001
1.40001
1.40001
1.40001
1.40001
1.40001
1.40001
1.40001
1.40001
1.40001
1.40001
1.40001
1.40001
1.40001
1.40001
1.40001
1.40001
1.40001
1.40001
1.40001
1.40001
1.40001
1.40001
1.49909
1.96692
1.40001
1.40001
1.40001
1.40001
1.40001
1.40001
1.40001
1.40001
1.40001
1.40001
1.40001
1.40001
1.40001
1.40001
1.40001
1.40001
1.40001
1.40001
1.40001
1.40001
1.40001
1.40001
1.40001
1.40001
1.52619
1.99483
1.40001
1.40001
1.40001
1.40001
1.40001
1.40001
1.40001
1.40001
1.40001
1.40001
1.40001
1.40001
1.40001
1.40001
1.40001
1.40001
1.40001
1.40001
1.40001
1.40001
1.40001
1.40001
1.40001
1.40001
1.55463
2.0198
1.40001
1.40001
1.40001
1.40001
1.40001
1.40001
1.40001
1.40001
1.40001
1.40001
1.40001
1.40001
1.40001
1.40001
1.40001
1.40001
1.40001
1.40001
1.40001
1.40001
1.40001
1.40001
1.40001
1.40001
1.58296
2.04278
1.40001
1.40001
1.40001
1.40001
1.40001
1.40001
1.40001
1.40001
1.40001
1.40001
1.40001
1.40001
1.40001
1.40001
1.40001
1.40001
1.40001
1.40001
1.40001
1.40001
1.40001
1.40001
1.40001
1.40001
1.60977
2.06322
1.40001
1.40001
1.40001
1.40001
1.40001
1.40001
1.40001
1.40001
1.40001
1.40001
1.40001
1.40001
1.40001
1.40001
1.40001
1.40001
1.40001
1.40001
1.40001
1.40001
1.40001
1.40001
1.40001
1.40001
1.63459
2.07944
1.40001
1.40001
1.40001
1.40001
1.40001
1.40001
1.40001
1.40001
1.40001
1.40001
1.40001
1.40001
1.40001
1.40001
1.40001
1.40001
1.40001
1.40001
1.40001
1.40001
1.40001
1.40001
1.40001
1.40007
1.65917
2.09132
1.40001
1.40001
1.40001
1.40001
1.40001
1.40001
1.40001
1.40001
1.40001
1.40001
1.40001
1.40001
1.40001
1.40001
1.40001
1.40001
1.40001
1.40001
1.40001
1.40001
1.40001
1.40001
1.40001
1.40048
1.68585
2.10322
1.40001
1.40001
1.40001
1.40001
1.40001
1.40001
1.40001
1.40001
1.40001
1.40001
1.40001
1.40001
1.40001
1.40001
1.40001
1.40001
1.40001
1.40001
1.40001
1.40001
1.40001
1.40001
1.40001
1.40167
1.713
2.11495
1.40001
1.40001
1.40001
1.40001
1.40001
1.40001
1.40001
1.40001
1.40001
1.40001
1.40001
1.40001
1.40001
1.40001
1.40001
1.40001
1.40001
1.40001
1.40001
1.40001
1.40001
1.40001
1.40001
1.40372
1.73878
2.12461
1.40001
1.40001
1.40001
1.40001
1.40001
1.40001
1.40001
1.40001
1.40001
1.40001
1.40001
1.40001
1.40001
1.40001
1.40001
1.40001
1.40001
1.40001
1.40001
1.40001
1.40001
1.40001
1.40001
1.40637
1.76357
2.1335
1.40001
1.40001
1.40001
1.40001
1.40001
1.40001
1.40001
1.40001
1.40001
1.40001
1.40001
1.40001
1.40001
1.40001
1.40001
1.40001
1.40001
1.40001
1.40001
1.40001
1.40001
1.40001
1.40001
1.40959
1.78769
2.14244
1.40001
1.40001
1.40001
1.40001
1.40001
1.40001
1.40001
1.40001
1.40001
1.40001
1.40001
1.40001
1.40001
1.40001
1.40001
1.40001
1.40001
1.40001
1.40001
1.40001
1.40001
1.40001
1.40001
1.41337
1.81072
2.15071
1.40001
1.40001
1.40001
1.40001
1.40001
1.40001
1.40001
1.40001
1.40001
1.40001
1.40001
1.40001
1.40001
1.40001
1.40001
1.40001
1.40001
1.40001
1.40001
1.40001
1.40001
1.40001
1.40001
1.4176
1.83238
2.15835
1.40001
1.40001
1.40001
1.40001
1.40001
1.40001
1.40001
1.40001
1.40001
1.40001
1.40001
1.40001
1.40001
1.40001
1.40001
1.40001
1.40001
1.40001
1.40001
1.40001
1.40001
1.40001
1.40001
1.42218
1.85282
2.16577
1.40001
1.40001
1.40001
1.40001
1.40001
1.40001
1.40001
1.40001
1.40001
1.40001
1.40001
1.40001
1.40001
1.40001
1.40001
1.40001
1.40001
1.40001
1.40001
1.40001
1.40001
1.40001
1.40001
1.42696
1.87204
2.17283
1.40001
1.40001
1.40001
1.40001
1.40001
1.40001
1.40001
1.40001
1.40001
1.40001
1.40001
1.40001
1.40001
1.40001
1.40001
1.40001
1.40001
1.40001
1.40001
1.40001
1.40001
1.40001
1.40001
1.43184
1.88989
2.17919
1.40001
1.40001
1.40001
1.40001
1.40001
1.40001
1.40001
1.40001
1.40001
1.40001
1.40001
1.40001
1.40001
1.40001
1.40001
1.40001
1.40001
1.40001
1.40001
1.40001
1.40001
1.40001
1.40001
1.43666
1.90626
2.18459
1.40001
1.40001
1.40001
1.40001
1.40001
1.40001
1.40001
1.40001
1.40001
1.40001
1.40001
1.40001
1.40001
1.40001
1.40001
1.40001
1.40001
1.40001
1.40001
1.40001
1.40001
1.40001
1.40001
1.44123
1.92106
2.18905
1.40001
1.40001
1.40001
1.40001
1.40001
1.40001
1.40001
1.40001
1.40001
1.40001
1.40001
1.40001
1.40001
1.40001
1.40001
1.40001
1.40001
1.40001
1.40001
1.40001
1.40001
1.40001
1.40001
1.4454
1.93426
2.19298
1.40001
1.40001
1.40001
1.40001
1.40001
1.40001
1.40001
1.40001
1.40001
1.40001
1.40001
1.40001
1.40001
1.40001
1.40001
1.40001
1.40001
1.40001
1.40001
1.40001
1.40001
1.40001
1.40001
1.44913
1.94575
2.19658
1.40001
1.40001
1.40001
1.40001
1.40001
1.40001
1.40001
1.40001
1.40001
1.40001
1.40001
1.40001
1.40001
1.40001
1.40001
1.40001
1.40001
1.40001
1.40001
1.40001
1.40001
1.40001
1.40001
1.45232
1.95555
2.19968
1.40001
1.40001
1.40001
1.40001
1.40001
1.40001
1.40001
1.40001
1.40001
1.40001
1.40001
1.40001
1.40001
1.40001
1.40001
1.40001
1.40001
1.40001
1.40001
1.40001
1.40001
1.40001
1.40001
1.45493
1.9636
2.20219
1.40001
1.40001
1.40001
1.40001
1.40001
1.40001
1.40001
1.40001
1.40001
1.40001
1.40001
1.40001
1.40001
1.40001
1.40001
1.40001
1.40001
1.40001
1.40001
1.40001
1.40001
1.40001
1.40001
1.45693
1.97011
2.20499
1.40001
1.40001
1.40001
1.40001
1.40001
1.40001
1.40001
1.40001
1.40001
1.40001
1.40001
1.40001
1.40001
1.40001
1.40001
1.40001
1.40001
1.40001
1.40001
1.40001
1.40001
1.40001
1.40001
1.4583
1.97463
2.20751
1.40001
1.40001
1.40001
1.40001
1.40001
1.40001
1.40001
1.40001
1.40001
1.40001
1.40001
1.40001
1.40001
1.40001
1.40001
1.40001
1.40001
1.40001
1.40001
1.40001
1.40001
1.40001
1.40001
1.45897
1.97752
2.21027
1.40001
1.40001
1.40001
1.40002
1.40005
1.40012
1.40024
1.40043
1.40073
1.40118
1.40161
1.40209
1.40277
1.40386
1.40567
1.4087
1.41365
1.42101
1.43104
1.44659
1.48247
1.57469
1.72695
1.85446
1.93604
1.98948
2.03051
2.06343
2.08952
2.10773
2.12253
2.13561
2.14647
2.15423
2.15871
2.16172
2.15833
2.1485
2.1436
2.14996
2.16559
2.17699
2.18646
2.19522
2.20391
2.21316
2.22283
2.23287
2.24357
2.25502
2.2674
2.28158
2.2979
2.31381
2.32709
2.34078
2.352
2.36452
2.36844
2.43135
1.40001
1.40001
1.40001
1.40001
1.40001
1.40001
1.40001
1.40001
1.40001
1.40001
1.40001
1.40001
1.40001
1.40001
1.40001
)
;

boundaryField
{
    inlet
    {
        type            calculated;
        value           nonuniform 0();
    }
    outlet
    {
        type            calculated;
        value           nonuniform 0();
    }
    triangle
    {
        type            calculated;
        value           nonuniform List<scalar> 2(2.43135 2.43135);
    }
    top
    {
        type            symmetryPlane;
    }
    bottom
    {
        type            symmetryPlane;
    }
    defaultFaces
    {
        type            empty;
    }
    procBoundary10to1
    {
        type            processor;
        value           uniform 1.40001;
    }
    procBoundary10to2
    {
        type            processor;
        value           nonuniform List<scalar> 
27
(
1.40001
1.40001
1.40001
1.40001
1.40001
1.40001
1.40001
1.40001
1.40001
1.40001
1.40001
1.40001
1.40001
1.40001
1.40001
1.40001
1.40001
1.40001
1.40001
1.40001
1.40001
1.40001
1.40001
1.40001
1.40001
1.40001
1.40001
)
;
    }
    procBoundary10to3
    {
        type            processor;
        value           uniform 1.40001;
    }
    procBoundary10to9
    {
        type            processor;
        value           nonuniform List<scalar> 
120
(
1.40001
1.40001
1.40001
1.40001
1.40001
1.40001
1.40001
1.40001
1.40001
1.40001
1.40001
1.40001
1.40001
1.40001
1.40001
1.40001
1.40001
1.40001
1.40001
1.40001
1.40001
1.40001
1.40001
1.40001
1.40001
1.40001
1.40001
1.40001
1.40001
1.40001
1.40001
1.40001
1.40001
1.40001
1.40001
1.40001
1.40001
1.40001
1.40001
1.40001
1.40001
1.40001
1.40001
1.40001
1.40001
1.40001
1.40001
1.40001
1.40001
1.40001
1.40001
1.40001
1.40001
1.40001
1.40001
1.40001
1.40001
1.40001
1.40001
1.40001
1.40001
1.40001
1.40001
1.40001
1.40001
1.40001
1.40001
1.40001
1.40001
1.40001
1.40001
1.40001
1.40001
1.40001
1.40001
1.40001
1.40001
1.40001
1.40001
1.40001
1.40001
1.40001
1.40001
1.40001
1.40001
1.40001
1.40001
1.40001
1.40001
1.40001
1.40001
1.40001
1.40001
1.40001
1.40001
1.40001
1.40001
1.40001
1.40001
1.40001
1.40001
1.40001
1.40001
1.40001
1.40001
1.40001
1.40001
1.40001
1.40001
1.40001
1.40001
1.40001
1.40001
1.40001
1.40001
1.40001
1.40001
1.40001
1.40001
1.40001
)
;
    }
    procBoundary10to11
    {
        type            processor;
        value           nonuniform List<scalar> 
122
(
2.38419
1.40001
1.40001
1.40001
1.40001
1.40001
1.40001
1.40001
1.40001
1.40001
1.40001
1.40001
1.40001
1.40001
1.40001
1.40001
1.40001
1.40001
1.40001
1.40001
1.40001
1.40001
1.40001
1.40001
1.40001
1.40001
1.40001
1.40001
1.40001
1.40001
1.40001
1.40001
1.40001
1.40001
1.40001
1.40001
1.40001
1.40001
1.40001
1.40001
1.40001
1.40001
1.40001
1.40001
1.40001
1.40001
1.40001
1.40001
1.40001
1.40001
1.40001
1.40001
1.40001
1.40001
1.40001
1.40001
1.40001
1.40001
1.40001
1.40001
1.40001
1.40001
1.40001
1.40001
1.40001
1.40002
1.40005
1.40011
1.40023
1.40041
1.40071
1.40117
1.40168
1.4022
1.40288
1.40396
1.40578
1.40884
1.41371
1.42043
1.42989
1.45214
1.55033
1.77516
1.93511
1.99003
2.00833
2.0301
2.05104
2.07057
2.08634
2.10276
2.11631
2.12837
2.13888
2.14763
2.1542
2.15872
2.15886
2.15555
2.15309
2.15812
2.16995
2.1781
2.18528
2.19404
2.20254
2.21132
2.2207
2.23046
2.2407
2.25141
2.26253
2.27449
2.28765
2.30085
2.31133
2.322
2.32965
2.33676
2.32575
2.38419
)
;
    }
    procBoundary10to17
    {
        type            processor;
        value           uniform 1.40001;
    }
    procBoundary10to18
    {
        type            processor;
        value           nonuniform List<scalar> 
28
(
2.36844
1.40001
1.40001
1.40001
1.40001
1.40001
1.40001
1.40001
1.40001
1.40001
1.40001
1.40001
1.40001
1.40001
1.40001
1.40001
1.40001
1.40001
1.40001
1.40001
1.40001
1.4583
1.97463
2.20751
1.40001
1.40001
1.40001
1.40001
)
;
    }
}


// ************************************************************************* //
