/*--------------------------------*- C++ -*----------------------------------*\
  =========                 |
  \\      /  F ield         | OpenFOAM: The Open Source CFD Toolbox
   \\    /   O peration     | Website:  https://openfoam.org
    \\  /    A nd           | Version:  7
     \\/     M anipulation  |
\*---------------------------------------------------------------------------*/
FoamFile
{
    version     2.0;
    format      ascii;
    class       volVectorField;
    location    "0.1";
    object      U;
}
// * * * * * * * * * * * * * * * * * * * * * * * * * * * * * * * * * * * * * //

dimensions      [0 1 -1 0 0 0 0];

internalField   nonuniform List<vector> 
3225
(
(0.270947 0.100129 0)
(1.1 -6.04546e-16 0)
(1.1 7.66599e-16 0)
(1.1 -6.65762e-16 0)
(1.1 -5.08221e-16 0)
(1.1 -4.81646e-16 0)
(1.1 -4.73244e-16 0)
(1.1 -1.94249e-16 0)
(1.1 -1.52292e-15 0)
(1.1 -4.55102e-16 0)
(1.1 1.29504e-16 0)
(1.1 -5.93832e-16 0)
(1.1 -3.9134e-17 0)
(1.1 1.59451e-16 0)
(1.1 -6.94138e-16 0)
(1.1 3.29645e-17 0)
(1.1 -9.24594e-17 0)
(1.1 -9.06043e-16 0)
(1.1 -5.98039e-16 0)
(1.1 -5.95081e-16 0)
(1.1 -4.47664e-16 0)
(1.1 -2.19618e-16 0)
(1.1 -3.55532e-17 0)
(1.1 7.46547e-16 0)
(1.05221 0.000962092 0)
(0.666685 0.00912813 0)
(0.319175 0.0142773 0)
(1.1 2.69251e-16 0)
(1.1 3.4458e-16 0)
(1.1 -1.17819e-15 0)
(1.1 -1.34879e-15 0)
(1.1 -3.1688e-16 0)
(1.1 7.77839e-16 0)
(1.1 -5.4411e-16 0)
(1.1 8.29733e-16 0)
(1.1 9.21505e-16 0)
(1.1 1.78017e-16 0)
(1.1 1.87057e-16 0)
(1.1 -6.10238e-16 0)
(1.1 9.92275e-16 0)
(1.1 1.89746e-15 0)
(1.1 1.4277e-15 0)
(1.1 3.47999e-15 0)
(1.1 2.09975e-15 0)
(1.1 6.46341e-16 0)
(1.1 2.79792e-16 0)
(1.1 -1.4038e-15 0)
(1.1 -9.22856e-16 0)
(1.1 1.11576e-15 0)
(1.1 1.09158e-15 0)
(1.1 1.45714e-15 0)
(1.1 -3.51957e-17 0)
(1.1 -1.43813e-15 0)
(1.1 -1.53219e-15 0)
(1.1 -1.08514e-15 0)
(1.1 1.32092e-15 0)
(1.1 -8.92677e-16 0)
(1.1 -7.78512e-16 0)
(1.1 3.37498e-16 0)
(1.1 3.52189e-16 0)
(1.1 5.47521e-16 0)
(1.1 9.33263e-17 0)
(1.1 1.97e-16 0)
(1.1 1.11e-15 0)
(1.1 -7.68903e-16 0)
(1.1 1.92681e-16 0)
(1.1 1.49682e-15 0)
(1.1 1.87529e-15 0)
(1.1 2.64737e-15 0)
(1.1 1.79391e-15 0)
(1.1 8.94661e-16 0)
(1.1 1.8774e-16 0)
(1.1 -8.02376e-16 0)
(1.1 -7.56031e-16 0)
(1.1 1.42798e-15 0)
(1.1 6.22128e-16 0)
(1.1 1.40156e-15 0)
(1.1 9.38123e-16 0)
(1.1 -1.18758e-15 0)
(1.1 -9.77101e-16 0)
(1.1 -7.87311e-16 0)
(1.1 9.68524e-16 0)
(1.1 -6.14607e-16 0)
(1.1 -1.12526e-16 0)
(1.1 1.06607e-15 0)
(1.1 1.48581e-15 0)
(1.1 6.01366e-16 0)
(1.1 4.07714e-16 0)
(1.1 -2.49696e-16 0)
(1.1 4.68096e-16 0)
(1.1 -9.92796e-16 0)
(1.1 8.3386e-17 0)
(1.1 1.34899e-15 0)
(1.1 1.71873e-15 0)
(1.1 2.58094e-15 0)
(1.1 1.07838e-15 0)
(1.1 1.27375e-15 0)
(1.1 1.27847e-16 0)
(1.1 -1.00606e-15 0)
(1.1 -3.30798e-16 0)
(1.1 9.43105e-16 0)
(1.1 1.06556e-15 0)
(1.1 6.91566e-16 0)
(1.1 1.03002e-15 0)
(1.1 -2.42563e-16 0)
(1.1 -5.89678e-16 0)
(1.1 2.14981e-17 0)
(1.1 1.19089e-15 0)
(1.1 -3.66326e-16 0)
(1.1 -2.03407e-16 0)
(1.1 1.24374e-15 0)
(1.1 6.88111e-16 0)
(1.1 4.09003e-16 0)
(1.1 8.80858e-16 0)
(1.1 -3.04823e-16 0)
(1.1 7.52813e-16 0)
(1.1 -1.34814e-15 0)
(1.1 2.39892e-16 0)
(1.1 2.73521e-16 0)
(1.1 1.04316e-15 0)
(1.1 1.59544e-15 0)
(1.1 6.65752e-16 0)
(1.1 1.62434e-15 0)
(1.1 3.64815e-17 0)
(1.1 -2.97248e-16 0)
(1.1 3.12857e-17 0)
(1.1 7.37541e-16 0)
(1.1 1.38077e-15 0)
(1.1 9.90451e-16 0)
(1.1 1.21729e-15 0)
(1.1 -7.05823e-17 0)
(1.1 -5.99001e-16 0)
(1.1 -9.75043e-17 0)
(1.1 5.10103e-16 0)
(1.1 -8.77358e-16 0)
(1.1 -8.0122e-16 0)
(1.1 6.5848e-16 0)
(1.1 -5.69234e-16 0)
(1.1 3.77498e-16 0)
(1.1 8.48518e-16 0)
(1.1 5.88751e-17 0)
(1.1 8.93108e-16 0)
(1.1 -6.89477e-16 0)
(1.1 -5.8446e-17 0)
(1.1 -2.37764e-17 0)
(1.1 1.08058e-16 0)
(1.1 4.47632e-16 0)
(1.1 9.92493e-16 0)
(1.1 1.33271e-15 0)
(1.1 4.94294e-16 0)
(1.1 -8.13159e-16 0)
(1.1 -1.15025e-15 0)
(1.1 2.9065e-16 0)
(1.1 1.22252e-15 0)
(1.1 1.66453e-15 0)
(1.1 8.13145e-16 0)
(1.1 -1.81949e-16 0)
(1.1 -3.08568e-16 0)
(1.1 -4.10502e-16 0)
(1.1 6.98303e-16 0)
(1.1 -1.88466e-15 0)
(1.1 -2.50426e-16 0)
(1.1 7.60177e-16 0)
(1.1 -1.92053e-16 0)
(1.1 9.44555e-16 0)
(1.1 8.73584e-16 0)
(1.1 3.19246e-16 0)
(1.1 9.5084e-16 0)
(1.1 7.13895e-16 0)
(1.1 -1.43814e-16 0)
(1.1 -8.53654e-16 0)
(1.1 2.35042e-16 0)
(1.1 -1.20528e-16 0)
(1.1 1.08801e-15 0)
(1.1 8.48311e-16 0)
(1.1 9.17289e-16 0)
(1.1 -1.10681e-15 0)
(1.1 -1.52046e-15 0)
(1.1 -2.72108e-16 0)
(1.1 1.2758e-15 0)
(1.1 4.81689e-16 0)
(1.1 6.13362e-16 0)
(1.1 3.26006e-16 0)
(1.1 -2.1753e-16 0)
(1.1 -1.06956e-15 0)
(1.1 1.25628e-15 0)
(1.1 -1.85639e-15 0)
(1.1 3.20183e-16 0)
(1.1 5.6739e-16 0)
(1.1 2.19269e-16 0)
(1.1 6.59517e-16 0)
(1.1 7.62249e-16 0)
(1.1 8.26995e-16 0)
(1.1 7.74254e-16 0)
(1.1 6.99267e-16 0)
(1.1 -5.51323e-16 0)
(1.1 -1.38044e-15 0)
(1.1 -8.87051e-17 0)
(1.1 1.35691e-16 0)
(1.1 5.90297e-17 0)
(1.1 3.62409e-16 0)
(1.1 5.92281e-16 0)
(1.1 -3.3304e-16 0)
(1.1 -2.23142e-15 0)
(1.1 -4.96784e-16 0)
(1.1 5.30217e-16 0)
(1.1 2.45187e-16 0)
(1.1 1.36988e-15 0)
(1.1 7.25941e-16 0)
(1.1 -2.5768e-16 0)
(1.1 -1.41267e-15 0)
(1.1 1.09473e-16 0)
(1.1 -8.32976e-16 0)
(1.1 1.25251e-16 0)
(1.1 9.55725e-16 0)
(1.1 3.41072e-16 0)
(1.1 7.00173e-16 0)
(1.1 7.06787e-16 0)
(1.1 3.00673e-16 0)
(1.1 -8.11666e-16 0)
(1.1 1.58019e-17 0)
(1.1 -8.90053e-17 0)
(1.1 -7.37351e-16 0)
(1.1 -1.00233e-15 0)
(1.1 -4.56536e-16 0)
(1.1 2.66236e-17 0)
(1.1 4.34457e-19 0)
(1.1 4.14702e-16 0)
(1.1 -1.33289e-16 0)
(1.1 -1.84357e-15 0)
(1.1 -1.05834e-15 0)
(1.1 -5.93395e-16 0)
(1.1 2.3304e-16 0)
(1.1 8.4661e-16 0)
(1.1 3.32095e-16 0)
(1.1 1.48143e-16 0)
(1.1 -4.2031e-16 0)
(1.1 1.30069e-16 0)
(1.1 -9.04412e-16 0)
(1.1 5.52041e-17 0)
(1.1 2.79274e-16 0)
(1.1 -3.24063e-16 0)
(1.1 6.96498e-16 0)
(1.1 1.1087e-15 0)
(1.1 -3.9934e-16 0)
(1.1 -3.90198e-16 0)
(1.1 6.29201e-16 0)
(1.1 -9.63535e-17 0)
(1.1 -7.51599e-16 0)
(1.1 -1.82058e-15 0)
(1.1 -6.65817e-16 0)
(1.1 -1.56796e-16 0)
(1.1 4.81207e-17 0)
(1.1 4.01288e-16 0)
(1.1 -6.94464e-16 0)
(1.1 -1.19137e-15 0)
(1.1 -1.5872e-15 0)
(1.1 -9.10108e-16 0)
(1.1 -1.59217e-16 0)
(1.1 8.1686e-16 0)
(1.1 -8.09826e-16 0)
(1.1 7.564e-16 0)
(1.1 -8.64107e-18 0)
(1.1 -1.02233e-16 0)
(1.1 -1.79712e-15 0)
(1.1 -8.87742e-17 0)
(1.1 -6.45567e-16 0)
(1.1 -4.08826e-16 0)
(1.1 1.23194e-15 0)
(1.1 5.71366e-16 0)
(1.1 6.58825e-16 0)
(1.1 7.59211e-16 0)
(1.1 1.2963e-15 0)
(1.1 -6.28947e-16 0)
(1.1 -1.9554e-15 0)
(1.1 -1.85826e-15 0)
(1.1 1.07126e-16 0)
(1.1 5.31397e-16 0)
(1.1 1.59572e-16 0)
(1.1 1.79863e-17 0)
(1.1 -2.61844e-16 0)
(1.1 -1.36405e-15 0)
(1.1 -1.21509e-15 0)
(1.1 -6.52316e-16 0)
(1.1 -4.77616e-17 0)
(1.1 1.37093e-15 0)
(1.1 -4.78979e-16 0)
(1.1 8.66362e-16 0)
(1.1 -1.50945e-16 0)
(1.1 -4.31901e-16 0)
(1.1 -2.01493e-15 0)
(1.1 -2.70326e-16 0)
(1.1 -6.42367e-16 0)
(1.1 -1.39312e-16 0)
(1.1 8.84182e-16 0)
(1.1 -4.96425e-16 0)
(1.1 1.56983e-16 0)
(1.1 5.52904e-16 0)
(1.1 6.7825e-16 0)
(1.1 -3.52522e-16 0)
(1.1 -2.43764e-15 0)
(1.1 -7.88409e-16 0)
(1.1 -3.81865e-16 0)
(1.1 5.39456e-16 0)
(1.1 -3.78723e-16 0)
(1.1 -1.8681e-16 0)
(1.1 4.75191e-16 0)
(1.1 -1.83433e-15 0)
(1.1 -1.05366e-15 0)
(1.1 -6.92522e-16 0)
(1.1 -5.77694e-17 0)
(1.1 1.04872e-15 0)
(1.1 -5.06577e-16 0)
(1.1 9.48206e-16 0)
(1.1 4.94377e-16 0)
(1.1 -4.10016e-16 0)
(1.1 -2.36981e-15 0)
(1.1 -1.14594e-15 0)
(1.1 -1.34131e-15 0)
(1.1 8.6016e-18 0)
(1.1 7.06894e-16 0)
(1.1 -4.91668e-16 0)
(1.1 -8.45522e-16 0)
(1.1 6.84977e-16 0)
(1.1 -4.16878e-16 0)
(1.1 -9.71375e-16 0)
(1.1 -2.14614e-15 0)
(1.1 -1.41001e-15 0)
(1.1 -1.81426e-15 0)
(1.1 -6.6115e-17 0)
(1.1 -4.3676e-16 0)
(1.1 6.16934e-18 0)
(1.1 7.06806e-16 0)
(1.1 -1.41235e-15 0)
(1.1 -8.2406e-16 0)
(1.1 -8.70275e-16 0)
(1.1 -1.37252e-16 0)
(1.1 6.11554e-16 0)
(1.1 -7.61602e-16 0)
(1.1 4.75418e-16 0)
(1.1 6.35826e-16 0)
(1.1 -1.1016e-16 0)
(1.1 -1.82672e-15 0)
(1.1 -1.51937e-15 0)
(1.1 -1.45206e-15 0)
(1.1 4.43232e-16 0)
(1.1 9.0468e-16 0)
(1.1 -7.46231e-16 0)
(1.1 -3.77232e-16 0)
(1.1 7.68921e-16 0)
(1.1 7.18781e-17 0)
(1.1 -1.25768e-15 0)
(1.1 -1.27793e-15 0)
(1.1 -2.72849e-15 0)
(1.1 -1.03984e-15 0)
(1.1 3.2904e-16 0)
(1.1 5.92208e-17 0)
(1.1 -1.42797e-16 0)
(1.1 2.63631e-16 0)
(1.1 2.29487e-17 0)
(1.1 -1.39405e-15 0)
(1.1 -9.16706e-16 0)
(1.1 -4.33595e-16 0)
(1.1 3.89589e-16 0)
(1.1 -1.75537e-16 0)
(1.1 1.44453e-16 0)
(1.1 5.94404e-16 0)
(1.1 2.35469e-17 0)
(1.1 -9.41989e-16 0)
(1.1 -1.0982e-15 0)
(1.1 -9.45571e-16 0)
(1.1 9.39579e-16 0)
(1.1 1.24654e-15 0)
(1.1 -7.98089e-16 0)
(1.1 1.09794e-16 0)
(1.1 -5.71277e-17 0)
(1.1 4.23957e-16 0)
(1.1 -9.16641e-16 0)
(1.1 -1.67172e-15 0)
(1.1 -2.47929e-15 0)
(1.1 -2.96911e-16 0)
(1.1 -1.38134e-16 0)
(1.1 -4.96856e-16 0)
(1.1 -8.64338e-16 0)
(1.1 -7.83834e-16 0)
(1.1 -1.05128e-16 0)
(1.1 -1.52045e-15 0)
(1.1 -1.06704e-15 0)
(1.1 -1.25049e-15 0)
(1.1 -3.89408e-16 0)
(1.1 -3.45313e-16 0)
(1.1 -1.23229e-16 0)
(1.1 2.79859e-16 0)
(1.1 -2.1088e-16 0)
(1.1 -7.37724e-16 0)
(1.1 -1.63335e-15 0)
(1.1 -6.55212e-16 0)
(1.1 1.29252e-15 0)
(1.1 7.94791e-16 0)
(1.1 -4.22674e-16 0)
(1.1 7.66908e-16 0)
(1.1 -6.73339e-16 0)
(1.1 -6.70177e-17 0)
(1.1 -7.61143e-16 0)
(1.1 -1.85845e-15 0)
(1.1 -1.96003e-15 0)
(1.1 -7.59737e-16 0)
(1.1 -9.09047e-16 0)
(1.1 -1.39531e-15 0)
(1.1 -1.36419e-15 0)
(1.1 -1.58814e-15 0)
(1.1 -6.09578e-16 0)
(1.1 -9.16681e-16 0)
(1.1 -1.3036e-15 0)
(1.1 -1.82709e-15 0)
(1.1 -1.22824e-15 0)
(1.1 -9.55144e-16 0)
(1.1 -3.89794e-16 0)
(1.1 -5.11545e-17 0)
(1.1 -8.02159e-16 0)
(1.1 -1.51176e-15 0)
(1.1 -1.32354e-15 0)
(1.1 2.17088e-17 0)
(1.1 1.02647e-15 0)
(1.1 1.51302e-16 0)
(1.1 4.3779e-16 0)
(1.1 1.03139e-15 0)
(1.1 -1.38629e-15 0)
(1.1 -1.46115e-15 0)
(1.1 -2.3972e-17 0)
(1.1 -1.6678e-15 0)
(1.1 -1.92022e-15 0)
(1.1 -1.21073e-15 0)
(1.1 -1.02758e-15 0)
(1.1 -1.8175e-15 0)
(1.1 -1.62461e-15 0)
(1.1 -1.45643e-15 0)
(1.1 -9.64659e-16 0)
(1.1 -6.34489e-16 0)
(1.1 -1.69847e-15 0)
(1.1 -1.66994e-15 0)
(1.1 -1.03425e-15 0)
(1.1 -1.14881e-15 0)
(1.1 -3.63721e-17 0)
(1.1 8.12605e-16 0)
(1.1 -5.04056e-17 0)
(1.1 -2.00683e-15 0)
(1.1 -1.46885e-15 0)
(1.1 4.21615e-16 0)
(1.1 8.04599e-16 0)
(1.1 7.84289e-16 0)
(1.1 5.77083e-16 0)
(1.1 7.92593e-16 0)
(1.1 -1.07736e-15 0)
(1.1 -1.83364e-15 0)
(1.1 -3.80061e-16 0)
(1.1 -1.68795e-15 0)
(1.1 -1.51186e-15 0)
(1.1 -1.09262e-15 0)
(1.1 -8.85312e-16 0)
(1.1 -1.30563e-15 0)
(1.1 -9.17957e-16 0)
(1.1 -1.44197e-15 0)
(1.1 -1.37803e-15 0)
(1.1 -2.98039e-16 0)
(1.1 -1.57844e-15 0)
(1.1 -7.04279e-16 0)
(1.1 -1.17996e-15 0)
(1.1 -4.85551e-16 0)
(1.1 2.71996e-17 0)
(1.1 6.84211e-16 0)
(1.1 6.85069e-16 0)
(1.1 -4.71425e-16 0)
(1.1 -8.29295e-16 0)
(1.1 -1.1231e-16 0)
(1.1 1.92105e-16 0)
(1.1 6.36242e-16 0)
(1.1 3.33086e-16 0)
(1.1 -8.33527e-17 0)
(1.1 -7.76669e-16 0)
(1.1 -9.29412e-16 0)
(1.1 -1.06005e-15 0)
(1.1 -1.93109e-15 0)
(1.1 -2.13597e-15 0)
(1.1 -1.20556e-15 0)
(1.1 -1.04977e-15 0)
(1.1 -1.03321e-15 0)
(1.1 -9.50756e-16 0)
(1.1 -1.40007e-15 0)
(1.1 -1.01418e-15 0)
(1.1 -1.60963e-16 0)
(1.1 -6.88949e-16 0)
(1.1 -1.4015e-15 0)
(1.1 -3.11438e-15 0)
(1.1 -2.31946e-16 0)
(1.1 1.38712e-16 0)
(1.1 1.65783e-16 0)
(1.1 1.88848e-16 0)
(1.1 5.85267e-16 0)
(1.1 -2.53023e-17 0)
(1.1 -3.30508e-16 0)
(1.1 -3.18415e-16 0)
(1.1 5.46636e-16 0)
(1.1 9.76591e-17 0)
(1.1 -2.93575e-16 0)
(1.1 -6.91308e-16 0)
(1.1 -2.82745e-16 0)
(1.1 -9.75088e-16 0)
(1.1 -1.15227e-15 0)
(1.1 -1.49921e-15 0)
(1.1 -1.34799e-15 0)
(1.1 -7.07542e-16 0)
(1.1 -4.53469e-16 0)
(1.1 -8.61139e-16 0)
(1.1 -1.2884e-15 0)
(1.1 -6.53239e-16 0)
(1.1 6.56873e-17 0)
(1.1 2.06799e-16 0)
(1.1 -2.31008e-15 0)
(1.1 -3.57319e-15 0)
(1.1 -9.63732e-16 0)
(1.1 -3.00886e-16 0)
(1.1 -3.85269e-16 0)
(1.1 -1.68632e-17 0)
(1.1 -8.01882e-16 0)
(1.1 1.11811e-16 0)
(1.1 3.00142e-16 0)
(1.1 -3.24932e-16 0)
(1.1 5.56902e-16 0)
(1.1 -5.19935e-16 0)
(1.1 -1.11662e-16 0)
(1.1 -7.31673e-16 0)
(1.1 2.05344e-16 0)
(1.1 -9.23861e-16 0)
(1.1 -6.1836e-16 0)
(1.1 -1.28072e-15 0)
(1.1 -9.96654e-16 0)
(1.1 -6.44082e-16 0)
(1.1 3.71878e-16 0)
(1.1 -2.407e-16 0)
(1.1 -1.09693e-15 0)
(1.1 -4.25462e-16 0)
(1.1 9.23019e-17 0)
(1.1 -4.2519e-17 0)
(1.1 -1.42124e-15 0)
(1.1 -3.07035e-15 0)
(1.1 -1.28465e-15 0)
(1.1 -5.4526e-16 0)
(1.1 3.00684e-16 0)
(1.1 2.01504e-16 0)
(1.1 -1.58695e-15 0)
(1.1 -1.34327e-16 0)
(1.1 6.32597e-16 0)
(1.1 6.51865e-16 0)
(1.1 3.12536e-16 0)
(1.1 8.08802e-17 0)
(1.1 -2.95495e-17 0)
(1.1 -1.24519e-15 0)
(1.1 -3.06063e-16 0)
(1.1 -1.29884e-15 0)
(1.1 -1.18343e-15 0)
(1.1 -1.20165e-15 0)
(1.1 -2.57598e-16 0)
(1.1 -1.43342e-15 0)
(1.1 4.34788e-16 0)
(1.1 -1.0998e-16 0)
(1.1 -7.38744e-16 0)
(1.1 -5.00304e-16 0)
(1.1 4.38487e-16 0)
(1.1 -2.63379e-16 0)
(1.1 -6.9193e-16 0)
(1.1 -2.73825e-15 0)
(1.1 -1.58431e-15 0)
(1.1 -3.9809e-17 0)
(1.1 1.17025e-15 0)
(1.1 -4.58688e-16 0)
(1.1 -9.91145e-16 0)
(1.1 -6.68463e-16 0)
(1.1 2.29781e-16 0)
(1.1 1.22288e-15 0)
(1.1 2.44249e-16 0)
(1.1 3.77695e-16 0)
(1.1 3.88033e-17 0)
(1.1 -7.02795e-16 0)
(1.1 -4.38802e-16 0)
(1.1 -1.96317e-15 0)
(1.1 -6.97187e-16 0)
(1.1 -5.72007e-16 0)
(1.1 -6.28552e-16 0)
(1.1 -1.70017e-15 0)
(1.1 1.22682e-16 0)
(1.1 -3.15182e-16 0)
(1.1 3.59834e-16 0)
(1.1 -4.98286e-16 0)
(1.1 6.61205e-16 0)
(1.1 -3.28082e-16 0)
(1.1 -3.15371e-16 0)
(1.1 -1.89746e-15 0)
(1.1 -7.31488e-16 0)
(1.1 3.66672e-16 0)
(1.1 1.11525e-15 0)
(1.1 -3.51723e-16 0)
(1.1 -5.35934e-16 0)
(1.1 -4.69093e-16 0)
(1.1 5.58182e-16 0)
(1.1 8.51951e-16 0)
(1.1 3.98882e-16 0)
(1.1 -5.41371e-16 0)
(1.1 2.0213e-17 0)
(1.1 -2.13132e-16 0)
(1.1 2.22903e-16 0)
(1.1 -2.3058e-15 0)
(1.1 -1.05435e-15 0)
(1.1 -1.65638e-16 0)
(1.1 -1.14191e-15 0)
(1.1 -7.36808e-16 0)
(1.1 4.99751e-16 0)
(1.1 2.62771e-16 0)
(1.1 1.77469e-16 0)
(1.1 4.36892e-16 0)
(1.1 1.00217e-15 0)
(1.1 -2.50771e-16 0)
(1.1 -2.10053e-16 0)
(1.1 -8.6848e-16 0)
(1.1 2.76634e-16 0)
(1.1 3.1617e-16 0)
(1.1 7.64618e-16 0)
(1.1 2.45729e-16 0)
(1.1 -3.83302e-16 0)
(1.1 1.55318e-16 0)
(1.1 8.25796e-16 0)
(1.1 6.89903e-16 0)
(1.1 3.46052e-16 0)
(1.1 -2.71394e-16 0)
(1.1 1.23511e-16 0)
(1.1 -1.57769e-16 0)
(1.1 -2.28629e-16 0)
(1.1 -1.28592e-15 0)
(1.1 -1.63542e-15 0)
(1.1 -2.39883e-16 0)
(1.1 -1.12306e-15 0)
(1.1 -1.33143e-15 0)
(1.1 5.56024e-17 0)
(1.1 1.10336e-15 0)
(1.1 -6.92369e-17 0)
(1.1 9.94363e-16 0)
(1.1 9.5892e-16 0)
(1.1 5.12751e-17 0)
(1.1 -1.71824e-16 0)
(1.1 -1.04977e-16 0)
(1.1 4.38744e-16 0)
(1.1 1.40527e-16 0)
(1.1 7.13212e-16 0)
(1.1 8.35646e-16 0)
(1.1 -4.18146e-18 0)
(1.1 3.3116e-16 0)
(1.1 7.55204e-16 0)
(1.1 -5.14176e-17 0)
(1.1 7.84459e-17 0)
(1.1 1.47828e-16 0)
(1.1 -5.70018e-16 0)
(1.1 -3.16331e-16 0)
(1.1 -6.55607e-16 0)
(1.1 -3.78665e-16 0)
(1.1 -9.18686e-16 0)
(1.1 -5.17944e-16 0)
(1.1 -1.68634e-15 0)
(1.1 -1.60488e-15 0)
(1.1 -2.3297e-16 0)
(1.1 1.1438e-15 0)
(1.1 7.6662e-16 0)
(1.1 9.33037e-16 0)
(1.1 4.79032e-16 0)
(1.1 3.05355e-16 0)
(1.1 4.41702e-16 0)
(1.1 -1.09879e-17 0)
(1.1 -1.12006e-16 0)
(1.1 -5.36676e-16 0)
(1.1 9.74884e-16 0)
(1.1 1.66125e-15 0)
(1.1 5.01741e-16 0)
(1.1 6.4985e-16 0)
(1.1 7.62237e-16 0)
(1.1 -2.00424e-16 0)
(1.1 1.16906e-16 0)
(1.1 -1.3598e-16 0)
(1.1 -4.36798e-17 0)
(1.1 3.40518e-16 0)
(1.1 -2.72352e-16 0)
(1.1 -5.35985e-16 0)
(1.1 -3.86179e-16 0)
(1.1 -2.3994e-16 0)
(1.1 -1.43849e-15 0)
(1.1 -1.20652e-15 0)
(1.1 3.82214e-16 0)
(1.1 1.35407e-15 0)
(1.1 1.03026e-15 0)
(1.1 8.94944e-16 0)
(1.1 -6.35732e-16 0)
(1.1 1.21753e-16 0)
(1.1 4.93353e-16 0)
(1.1 2.35508e-16 0)
(1.1 4.26743e-17 0)
(1.1 -5.59428e-16 0)
(1.1 9.36993e-16 0)
(1.1 2.29136e-15 0)
(1.1 2.13537e-16 0)
(1.1 1.67899e-15 0)
(1.1 1.59964e-15 0)
(1.1 -1.51085e-16 0)
(1.1 -9.25173e-16 0)
(1.1 6.01268e-16 0)
(1.1 -5.91744e-16 0)
(1.1 6.40743e-16 0)
(1.1 -6.80088e-16 0)
(1.1 1.20178e-16 0)
(1.1 -2.70869e-16 0)
(1.1 -5.0363e-16 0)
(1.1 -9.43632e-16 0)
(1.1 -1.3877e-15 0)
(1.1 6.75956e-16 0)
(1.1 1.49768e-15 0)
(1.1 2.53541e-16 0)
(1.1 -2.25211e-16 0)
(1.1 -1.07085e-15 0)
(1.1 -6.0869e-16 0)
(1.1 3.77428e-16 0)
(1.1 -2.71754e-18 0)
(1.1 3.24702e-16 0)
(1.1 1.26302e-16 0)
(1.1 1.00163e-15 0)
(1.1 1.97673e-15 0)
(1.1 5.61598e-16 0)
(1.1 2.11493e-15 0)
(1.1 2.037e-15 0)
(1.1 -5.29505e-16 0)
(1.1 -6.20392e-16 0)
(1.1 1.76852e-15 0)
(1.1 -2.07429e-16 0)
(1.1 2.79208e-16 0)
(1.1 -9.50124e-16 0)
(1.1 -2.00335e-16 0)
(1.1 -5.33569e-16 0)
(1.1 -1.39997e-15 0)
(1.1 -4.4718e-16 0)
(1.1 -4.25419e-16 0)
(1.1 2.11465e-16 0)
(1.1 7.62235e-16 0)
(1.1 2.6295e-16 0)
(1.1 -1.00808e-15 0)
(1.1 -8.17975e-16 0)
(1.1 -7.57563e-16 0)
(1.1 6.07723e-16 0)
(1.1 5.89107e-16 0)
(1.1 3.08229e-16 0)
(1.1 4.79559e-16 0)
(1.1 1.45217e-15 0)
(1.1 1.30893e-15 0)
(1.1 1.72822e-15 0)
(1.1 1.17105e-15 0)
(1.1 1.11827e-15 0)
(1.1 -1.00691e-15 0)
(1.1 -2.73199e-17 0)
(1.1 1.28582e-15 0)
(1.1 9.12775e-17 0)
(1.1 -1.67747e-16 0)
(1.1 -4.25803e-16 0)
(1.1 -9.42216e-16 0)
(1.1 -8.87935e-16 0)
(1.1 -7.43586e-16 0)
(1.1 -4.02997e-16 0)
(1.1 7.89687e-16 0)
(1.1 2.2232e-16 0)
(1.1 1.09482e-15 0)
(1.1 1.2016e-15 0)
(1.1 -5.82064e-16 0)
(1.1 -1.57303e-15 0)
(1.1 -1.16359e-15 0)
(1.1 1.20376e-16 0)
(1.1 1.71859e-15 0)
(1.1 6.82951e-16 0)
(1.1 9.83001e-16 0)
(1.1 7.67498e-16 0)
(1.1 8.44035e-16 0)
(1.1 1.72125e-15 0)
(1.1 1.17366e-15 0)
(1.1 6.30023e-16 0)
(1.1 -8.87859e-16 0)
(1.1 4.50065e-16 0)
(1.1 7.71922e-16 0)
(1.1 -3.25156e-16 0)
(1.1 4.51111e-16 0)
(1.1 3.67213e-17 0)
(1.1 -1.36258e-15 0)
(1.1 -7.94843e-16 0)
(1.1 -6.79637e-16 0)
(1.1 -3.91815e-16 0)
(1.1 6.89306e-16 0)
(1.1 6.32015e-16 0)
(1.1 9.39134e-16 0)
(1.1 8.86723e-16 0)
(1.1 -2.10011e-16 0)
(1.1 -1.71538e-15 0)
(1.1 -1.7096e-15 0)
(1.1 -3.42919e-16 0)
(1.1 7.57303e-16 0)
(1.1 5.10222e-16 0)
(1.1 1.45616e-15 0)
(1.1 6.53857e-16 0)
(1.1 1.38287e-16 0)
(1.1 1.22724e-15 0)
(1.1 1.8859e-15 0)
(1.1 6.73391e-16 0)
(1.1 9.14439e-17 0)
(1.1 1.85597e-15 0)
(1.1 1.49694e-16 0)
(1.1 6.54271e-17 0)
(1.1 4.02976e-16 0)
(1.1 2.72845e-16 0)
(1.1 -8.2149e-16 0)
(1.1 -2.75176e-16 0)
(1.1 -1.71835e-15 0)
(1.1 -8.98479e-16 0)
(1.1 -2.1367e-16 0)
(1.1 2.91296e-16 0)
(1.1 6.66704e-16 0)
(1.1 3.92144e-16 0)
(1.1 -5.45529e-16 0)
(1.1 -6.28363e-16 0)
(1.1 -1.78003e-15 0)
(1.1 -7.23493e-16 0)
(1.1 9.35705e-16 0)
(1.1 4.90741e-16 0)
(1.1 1.33596e-15 0)
(1.1 1.07526e-15 0)
(1.1 -3.22101e-16 0)
(1.1 9.60884e-16 0)
(1.1 2.01519e-15 0)
(1.1 7.33884e-16 0)
(1.1 4.58805e-16 0)
(1.1 1.73677e-15 0)
(1.1 -7.6433e-16 0)
(1.1 2.35596e-16 0)
(1.1 -5.57476e-16 0)
(1.1 -1.77755e-16 0)
(1.1 -4.01842e-16 0)
(1.1 -3.7656e-16 0)
(1.1 -1.89576e-15 0)
(1.1 -1.32221e-15 0)
(1.1 7.84885e-16 0)
(1.1 1.43746e-16 0)
(1.1 6.2903e-16 0)
(1.1 1.4209e-15 0)
(1.1 8.13521e-16 0)
(1.1 -5.98529e-16 0)
(1.1 -1.95749e-15 0)
(1.1 -1.11241e-15 0)
(1.1 4.38078e-16 0)
(1.1 3.77793e-16 0)
(1.1 9.30137e-16 0)
(1.1 7.10641e-16 0)
(1.1 1.16765e-16 0)
(1.1 6.44643e-16 0)
(1.1 1.91194e-15 0)
(1.1 1.37269e-15 0)
(1.1 7.36181e-16 0)
(1.1 5.78711e-16 0)
(1.1 -1.12759e-15 0)
(1.1 -2.49881e-16 0)
(1.1 -9.24212e-16 0)
(1.1 -1.45438e-15 0)
(1.1 -6.83051e-16 0)
(1.1 2.24029e-16 0)
(1.1 -1.05152e-15 0)
(1.1 -1.40223e-15 0)
(1.1 1.86306e-15 0)
(1.1 -3.74927e-17 0)
(1.1 2.3099e-16 0)
(1.1 9.77095e-16 0)
(1.1 2.65231e-16 0)
(1.1 -2.9438e-16 0)
(1.1 -2.18604e-15 0)
(1.1 -1.45661e-15 0)
(1.1 6.33162e-16 0)
(1.1 -2.239e-16 0)
(1.1 7.63802e-16 0)
(1.1 2.75969e-17 0)
(1.1 7.30933e-16 0)
(1.1 5.25589e-16 0)
(1.1 8.14345e-16 0)
(1.1 1.20503e-15 0)
(1.1 1.20712e-15 0)
(1.1 -6.89786e-16 0)
(1.1 -9.34832e-16 0)
(1.1 -7.32573e-16 0)
(1.1 -1.65069e-15 0)
(1.1 -1.27126e-15 0)
(1.1 -1.39797e-15 0)
(1.1 -9.50148e-17 0)
(1.1 -4.83993e-16 0)
(1.1 -8.05122e-16 0)
(1.1 1.61919e-15 0)
(1.1 7.39454e-16 0)
(1.1 -8.12662e-16 0)
(1.1 6.49487e-16 0)
(1.1 2.16118e-16 0)
(1.1 -5.94543e-16 0)
(1.1 -1.83548e-15 0)
(1.1 -1.62431e-15 0)
(1.1 6.48444e-16 0)
(1.1 -8.45125e-16 0)
(1.1 7.50022e-16 0)
(1.1 1.63165e-16 0)
(1.1 5.33751e-16 0)
(1.1 6.40744e-16 0)
(1.1 -1.57713e-17 0)
(1.1 -7.67756e-17 0)
(1.1 1.38234e-15 0)
(1.1 -1.00844e-16 0)
(1.1 -4.34092e-16 0)
(1.1 -1.31376e-15 0)
(1.1 -1.56136e-15 0)
(1.1 -9.10259e-16 0)
(1.1 -1.16703e-15 0)
(1.1 -4.92463e-16 0)
(1.1 -4.49908e-16 0)
(1.1 1.68982e-16 0)
(1.1 1.26147e-15 0)
(1.1 5.67765e-16 0)
(1.1 -5.17338e-16 0)
(1.1 3.64651e-16 0)
(1.1 8.4973e-16 0)
(1.1 -1.41294e-16 0)
(1.1 -1.63838e-15 0)
(1.1 -6.97816e-16 0)
(1.1 -3.57032e-16 0)
(1.1 -1.28953e-15 0)
(1.1 4.31784e-16 0)
(1.1 -1.5503e-16 0)
(1.1 2.6315e-16 0)
(1.1 8.11028e-16 0)
(1.1 -1.95486e-16 0)
(1.1 -3.97597e-16 0)
(1.1 1.78968e-15 0)
(1.1 -6.89715e-16 0)
(1.1 1.2398e-17 0)
(1.1 -1.51299e-15 0)
(1.1 -1.92965e-15 0)
(1.1 -1.2676e-15 0)
(1.1 -4.4241e-16 0)
(1.1 -2.4622e-18 0)
(1.1 -2.62639e-16 0)
(1.1 -8.85363e-17 0)
(1.1 7.31933e-16 0)
(1.1 -2.80392e-16 0)
(1.1 -2.63984e-16 0)
(1.1 7.80849e-16 0)
(1.1 4.68221e-16 0)
(1.1 -1.10103e-17 0)
(1.1 -1.93128e-15 0)
(1.1 1.44956e-17 0)
(1.1 -7.57821e-16 0)
(1.1 -1.99721e-15 0)
(1.1 4.40407e-16 0)
(1.1 -3.20197e-16 0)
(1.1 -3.46984e-16 0)
(1.1 5.4282e-16 0)
(1.1 -7.88406e-16 0)
(1.1 -1.95863e-16 0)
(1.1 1.33161e-15 0)
(1.1 -7.50161e-16 0)
(1.1 3.8598e-17 0)
(1.1 -6.60974e-16 0)
(1.1 -2.04492e-15 0)
(1.1 -1.11702e-15 0)
(1.1 -6.49547e-17 0)
(1.1 -6.3062e-17 0)
(1.1 -7.53563e-16 0)
(1.1 -1.59674e-16 0)
(1.1 -2.2049e-16 0)
(1.1 5.45086e-16 0)
(1.1 -4.87865e-16 0)
(1.1 8.14402e-16 0)
(1.1 4.0541e-16 0)
(1.1 1.24418e-16 0)
(1.1 -9.50697e-16 0)
(1.1 -3.7997e-16 0)
(1.1 -1.44875e-15 0)
(1.1 -1.10476e-15 0)
(1.1 4.82449e-16 0)
(1.1 1.61801e-15 0)
(1.1 -8.6913e-16 0)
(1.1 3.48507e-16 0)
(1.1 -1.17215e-15 0)
(1.1 -7.04299e-16 0)
(1.1 1.43134e-15 0)
(1.1 -1.47389e-17 0)
(1.1 -6.26227e-16 0)
(1.1 -6.78531e-16 0)
(1.1 -1.38054e-15 0)
(1.1 -1.06814e-15 0)
(1.1 2.84251e-16 0)
(1.1 -6.68096e-16 0)
(1.1 -4.11988e-16 0)
(1.1 2.44748e-16 0)
(1.1 -3.14224e-16 0)
(1.1 2.43273e-16 0)
(1.1 -2.31943e-16 0)
(1.1 -1.06626e-16 0)
(1.1 7.69397e-16 0)
(1.1 5.88442e-16 0)
(1.1 2.63528e-17 0)
(1.1 -2.46227e-16 0)
(1.1 -1.41154e-15 0)
(1.1 -2.96926e-16 0)
(1.1 5.70372e-16 0)
(1.1 1.03587e-15 0)
(1.1 -3.8226e-16 0)
(1.1 -4.25579e-16 0)
(1.1 -6.05305e-16 0)
(1.1 -6.84466e-16 0)
(1.1 6.27095e-16 0)
(1.1 1.2651e-16 0)
(1.1 -8.39528e-16 0)
(1.1 -6.5825e-16 0)
(1.1 -1.25468e-15 0)
(1.1 -1.13326e-15 0)
(1.1 4.90651e-16 0)
(1.1 -8.51704e-16 0)
(1.1 5.16869e-16 0)
(1.1 8.54102e-16 0)
(1.1 -3.17121e-16 0)
(1.1 -7.91175e-16 0)
(1.1 5.23296e-17 0)
(1.1 2.61616e-16 0)
(1.1 1.74721e-15 0)
(1.1 1.77812e-16 0)
(1.1 2.97836e-16 0)
(1.1 -4.18503e-16 0)
(1.1 -6.65897e-16 0)
(1.1 -2.66352e-16 0)
(1.1 2.75203e-16 0)
(1.1 1.38861e-16 0)
(1.1 -4.78502e-16 0)
(1.1 -8.00494e-16 0)
(1.1 6.25943e-16 0)
(1.1 -6.74472e-17 0)
(1.1 -6.23333e-17 0)
(1.1 1.68542e-16 0)
(1.1 -4.39011e-16 0)
(1.1 1.88665e-16 0)
(1.1 -1.26663e-15 0)
(1.1 -8.93988e-16 0)
(1.1 7.84401e-16 0)
(1.1 -2.30977e-16 0)
(1.1 5.8198e-16 0)
(1.1 6.67856e-16 0)
(1.1 -2.53513e-16 0)
(1.1 -9.4128e-16 0)
(1.1 -4.57993e-16 0)
(1.1 -3.54299e-16 0)
(1.1 1.56544e-15 0)
(1.1 -3.08868e-16 0)
(1.1 7.4107e-16 0)
(1.1 -1.20938e-15 0)
(1.1 -1.83933e-15 0)
(1.1 -6.55931e-16 0)
(1.1 -4.24123e-16 0)
(1.1 4.76324e-16 0)
(1.1 -1.39727e-15 0)
(1.1 -1.7514e-16 0)
(1.1 1.71881e-17 0)
(1.1 2.78396e-16 0)
(1.1 5.25279e-17 0)
(1.1 -3.09429e-16 0)
(1.1 -3.43239e-16 0)
(1.1 -6.58077e-16 0)
(1.1 -1.36011e-15 0)
(1.1 -4.79139e-16 0)
(1.1 2.9177e-16 0)
(1.1 2.70025e-16 0)
(1.1 7.37113e-16 0)
(1.1 6.35802e-16 0)
(1.1 -1.67164e-17 0)
(1.1 -8.33682e-16 0)
(1.1 -5.32273e-16 0)
(1.1 -3.13102e-16 0)
(1.1 6.47662e-16 0)
(1.1 4.89888e-16 0)
(1.1 7.26104e-16 0)
(1.1 -1.35412e-15 0)
(1.1 -1.0831e-15 0)
(1.1 -8.51495e-16 0)
(1.1 -3.57912e-16 0)
(1.1 1.50739e-16 0)
(1.1 -7.12168e-16 0)
(1.1 3.73049e-16 0)
(1.1 -3.65096e-16 0)
(1.1 -6.17395e-16 0)
(1.1 -1.42495e-16 0)
(1.1 -6.50259e-16 0)
(1.1 -2.45953e-16 0)
(1.1 -3.81283e-16 0)
(1.1 -1.85041e-15 0)
(1.1 -4.66658e-16 0)
(1.1 2.31788e-16 0)
(1.1 9.09297e-16 0)
(1.1 1.51428e-15 0)
(1.1 4.22745e-16 0)
(1.1 3.16815e-16 0)
(1.1 -1.58115e-15 0)
(1.1 -8.0619e-16 0)
(1.1 2.40706e-16 0)
(1.1 6.16811e-16 0)
(1.1 2.04042e-16 0)
(1.1 5.15835e-16 0)
(1.1 -1.13557e-15 0)
(1.1 2.92275e-16 0)
(1.1 -4.95279e-16 0)
(1.1 -4.59226e-16 0)
(1.1 -2.86495e-16 0)
(1.1 2.77221e-16 0)
(1.1 9.93237e-17 0)
(1.1 -1.82786e-16 0)
(1.1 -2.92903e-16 0)
(1.1 -3.49882e-16 0)
(1.1 -2.89651e-16 0)
(1.1 7.09409e-16 0)
(1.1 -1.40493e-16 0)
(1.1 -1.04563e-15 0)
(1.1 -1.06689e-15 0)
(1.1 3.5639e-16 0)
(1.1 1.08953e-15 0)
(1.1 1.02541e-15 0)
(1.1 7.14526e-16 0)
(1.1 8.01931e-16 0)
(1.1 -1.95873e-15 0)
(1.1 -9.90464e-16 0)
(1.1 1.34492e-15 0)
(1.1 1.07602e-15 0)
(1.1 2.83532e-16 0)
(1.1 1.10353e-15 0)
(1.1 -2.06364e-15 0)
(1.1 5.49254e-16 0)
(1.1 3.14452e-16 0)
(1.1 -4.88946e-16 0)
(1.1 -5.20333e-16 0)
(1.1 -2.88327e-16 0)
(1.1 8.09761e-16 0)
(1.1 1.19777e-16 0)
(1.1 9.70418e-16 0)
(1.1 -2.42543e-16 0)
(1.1 -1.80174e-16 0)
(1.1 7.60103e-16 0)
(1.1 -9.80526e-16 0)
(1.1 1.08358e-16 0)
(1.1 -1.87008e-15 0)
(1.1 -7.49415e-16 0)
(1.1 5.38999e-16 0)
(1.1 3.93756e-16 0)
(1.1 5.5023e-16 0)
(1.1 7.43314e-17 0)
(1.1 -1.05457e-15 0)
(1.1 -4.81921e-16 0)
(1.1 9.95187e-16 0)
(1.1 4.84463e-16 0)
(1.1 2.97991e-16 0)
(1.1 1.14312e-15 0)
(1.1 -9.01805e-16 0)
(1.1 2.72863e-16 0)
(1.1 7.20977e-16 0)
(1.1 1.48084e-16 0)
(1.1 6.51468e-16 0)
(1.1 -1.03909e-15 0)
(1.1 1.14076e-15 0)
(1.1 8.00907e-16 0)
(1.1 -1.5674e-16 0)
(1.1 -1.47294e-16 0)
(1.1 3.01574e-16 0)
(1.1 1.19796e-16 0)
(1.1 4.75293e-16 0)
(1.1 2.79958e-16 0)
(1.1 -1.45639e-15 0)
(1.1 -1.61686e-15 0)
(1.1 7.89144e-16 0)
(1.1 1.00419e-15 0)
(1.1 9.61021e-16 0)
(1.1 1.19124e-16 0)
(1.1 -1.00877e-15 0)
(1.1 1.35639e-16 0)
(1.1 7.50704e-18 0)
(1.1 -1.15288e-16 0)
(1.1 -6.24616e-17 0)
(1.1 1.26658e-15 0)
(1.1 -5.00292e-17 0)
(1.1 6.66517e-16 0)
(1.1 8.31712e-16 0)
(1.1 1.08231e-15 0)
(1.1 9.59311e-16 0)
(1.1 -7.26898e-16 0)
(1.1 5.45509e-16 0)
(1.1 3.77645e-16 0)
(1.1 -7.00404e-16 0)
(1.1 -6.54883e-17 0)
(1.1 7.74656e-16 0)
(1.1 -1.18945e-16 0)
(1.1 1.52209e-16 0)
(1.1 -9.76138e-17 0)
(1.1 -9.1639e-16 0)
(1.1 1.25242e-18 0)
(1.1 1.23347e-15 0)
(1.1 1.17931e-15 0)
(1.1 1.21203e-15 0)
(1.1 1.6118e-16 0)
(1.1 -8.03518e-16 0)
(1.1 1.60943e-16 0)
(1.1 -8.15852e-17 0)
(1.1 -3.8704e-16 0)
(1.1 -1.1087e-16 0)
(1.1 1.76752e-15 0)
(1.1 -4.97162e-16 0)
(1.1 1.37874e-15 0)
(1.1 9.49339e-16 0)
(1.1 1.03823e-15 0)
(1.1 4.68978e-16 0)
(1.1 -7.79322e-16 0)
(1.1 9.86791e-16 0)
(1.1 8.51485e-17 0)
(1.1 -7.75145e-16 0)
(1.1 -2.04462e-16 0)
(1.1 1.18662e-16 0)
(1.1 -4.16358e-16 0)
(1.1 -9.98503e-16 0)
(1.1 8.85257e-17 0)
(1.1 -4.56229e-16 0)
(1.1 8.11829e-16 0)
(1.1 9.8456e-16 0)
(1.1 1.0736e-15 0)
(1.1 1.26153e-15 0)
(1.1 5.28008e-16 0)
(1.1 1.80983e-16 0)
(1.1 4.33066e-16 0)
(1.1 2.17194e-17 0)
(1.1 -6.2217e-16 0)
(1.1 -1.10665e-16 0)
(1.1 1.06275e-15 0)
(1.1 -7.66453e-17 0)
(1.1 1.67736e-15 0)
(1.1 1.71954e-15 0)
(1.1 7.48425e-16 0)
(1.1 -6.30149e-16 0)
(1.1 -1.02643e-15 0)
(1.1 1.21212e-15 0)
(1.1 -5.98944e-16 0)
(1.1 -1.90679e-15 0)
(1.1 -9.43791e-16 0)
(1.1 -6.82318e-17 0)
(1.1 -2.3294e-16 0)
(1.1 -2.36484e-16 0)
(1.1 9.41242e-16 0)
(1.1 -2.64488e-16 0)
(1.1 4.58174e-16 0)
(1.1 6.33497e-16 0)
(1.1 5.12008e-16 0)
(1.1 1.21665e-15 0)
(1.1 3.00793e-16 0)
(1.1 2.10724e-16 0)
(1.1 8.69282e-16 0)
(1.1 2.95432e-16 0)
(1.1 -1.36627e-16 0)
(1.1 5.3072e-16 0)
(1.1 1.67192e-15 0)
(1.1 6.604e-16 0)
(1.1 1.41287e-15 0)
(1.1 1.32733e-15 0)
(1.1 5.89187e-16 0)
(1.1 -1.25004e-15 0)
(1.1 -1.16041e-15 0)
(1.1 2.72815e-16 0)
(1.1 -2.26909e-16 0)
(1.1 -7.26348e-16 0)
(1.1 -1.15103e-15 0)
(1.1 -5.98251e-16 0)
(1.1 -7.54897e-16 0)
(1.1 4.12996e-16 0)
(1.1 1.11036e-15 0)
(1.1 6.45716e-16 0)
(1.1 2.36515e-16 0)
(1.1 9.88949e-16 0)
(1.1 7.94609e-16 0)
(1.1 1.15066e-15 0)
(1.1 3.07492e-16 0)
(1.1 3.81136e-16 0)
(1.1 2.50036e-16 0)
(1.1 1.20966e-15 0)
(1.1 2.64169e-16 0)
(1.1 3.25227e-16 0)
(1.1 1.03369e-15 0)
(1.1 5.5981e-16 0)
(1.1 1.9192e-15 0)
(1.1 1.13015e-15 0)
(1.1 6.02628e-16 0)
(1.1 -1.64568e-15 0)
(1.1 -9.15491e-16 0)
(1.1 4.71162e-17 0)
(1.1 -3.47145e-16 0)
(1.1 -2.45986e-16 0)
(1.1 -8.23715e-16 0)
(1.1 -4.23396e-16 0)
(1.1 -8.05179e-16 0)
(1.1 2.4904e-16 0)
(1.1 8.37128e-16 0)
(1.1 3.72076e-16 0)
(1.1 1.06071e-15 0)
(1.1 1.16014e-15 0)
(1.1 1.04709e-15 0)
(1.1 7.62086e-16 0)
(1.1 5.76525e-16 0)
(1.1 -2.3996e-16 0)
(1.1 5.72082e-16 0)
(1.1 3.94744e-16 0)
(1.1 -2.51858e-16 0)
(1.1 -1.88665e-16 0)
(1.1 8.66341e-17 0)
(1.1 3.40247e-16 0)
(1.1 1.05301e-15 0)
(1.1 1.0052e-15 0)
(1.1 4.86234e-16 0)
(1.1 -1.35317e-15 0)
(1.1 -6.46382e-16 0)
(1.1 1.91301e-16 0)
(1.1 -4.49696e-16 0)
(1.1 -8.43026e-16 0)
(1.1 -5.83644e-16 0)
(1.1 -8.22634e-16 0)
(1.1 -4.63488e-16 0)
(1.1 3.23469e-16 0)
(1.1 1.04572e-15 0)
(1.1 -5.28589e-17 0)
(1.1 2.01938e-15 0)
(1.1 6.34951e-16 0)
(1.1 7.0568e-16 0)
(1.1 4.05091e-16 0)
(1.1 -6.23832e-16 0)
(1.1 -2.89978e-16 0)
(1.1 9.05721e-16 0)
(1.1 -4.97462e-16 0)
(1.1 -3.87293e-16 0)
(1.1 -1.3072e-16 0)
(1.1 -3.69478e-16 0)
(1.1 -1.21746e-16 0)
(1.1 3.40386e-17 0)
(1.1 5.737e-16 0)
(1.1 6.25051e-16 0)
(1.1 -9.65269e-16 0)
(1.1 -8.84889e-16 0)
(1.1 2.76773e-16 0)
(1.1 4.4376e-16 0)
(1.1 -5.52417e-17 0)
(1.1 -9.26128e-17 0)
(1.1 -7.7261e-16 0)
(1.1 -4.72872e-16 0)
(1.1 1.36564e-15 0)
(1.1 1.44473e-15 0)
(1.1 -4.73937e-16 0)
(1.1 2.01053e-15 0)
(1.1 6.17037e-16 0)
(1.1 3.4935e-16 0)
(1.1 1.03336e-17 0)
(1.1 2.43566e-16 0)
(1.1 4.45036e-17 0)
(1.1 6.65594e-16 0)
(1.1 -2.52556e-17 0)
(1.1 -3.167e-16 0)
(1.1 -4.60673e-16 0)
(1.1 -3.7835e-16 0)
(1.1 -2.11614e-16 0)
(1.1 2.47689e-16 0)
(1.1 1.02655e-15 0)
(1.1 3.40906e-16 0)
(1.1 -9.2698e-16 0)
(1.1 -8.28058e-16 0)
(1.1 3.91074e-16 0)
(1.1 8.59277e-16 0)
(1.1 6.40913e-16 0)
(1.1 -1.22839e-16 0)
(1.1 -1.92746e-16 0)
(1.1 3.06985e-16 0)
(1.1 1.23517e-15 0)
(1.1 1.17704e-15 0)
(1.1 2.62078e-16 0)
(1.1 9.96583e-16 0)
(1.1 8.41149e-16 0)
(1.1 5.9464e-16 0)
(1.1 -3.26914e-16 0)
(1.1 1.47407e-15 0)
(1.1 2.3277e-16 0)
(1.1 6.03921e-16 0)
(1.1 -3.00261e-16 0)
(1.1 -1.08696e-15 0)
(1.1 -5.32007e-16 0)
(1.1 -9.98704e-16 0)
(1.1 9.49116e-16 0)
(1.1 6.54589e-17 0)
(1.1 8.74934e-16 0)
(1.1 7.01699e-17 0)
(1.1 -1.26627e-15 0)
(1.1 -4.5206e-16 0)
(1.1 8.67499e-16 0)
(1.1 4.27374e-16 0)
(1.1 -7.3206e-16 0)
(1.1 -1.74751e-16 0)
(1.1 -6.22508e-16 0)
(1.1 1.43252e-15 0)
(1.1 8.80554e-16 0)
(1.1 1.22837e-15 0)
(1.1 1.63976e-15 0)
(1.1 1.35481e-15 0)
(1.1 6.02824e-16 0)
(1.1 -2.39995e-16 0)
(1.1 8.12533e-17 0)
(1.1 2.14807e-15 0)
(1.1 8.1195e-16 0)
(1.1 5.85488e-16 0)
(1.1 -7.06621e-16 0)
(1.1 -1.22182e-15 0)
(1.1 2.91171e-16 0)
(1.1 -7.58992e-16 0)
(1.1 1.62304e-15 0)
(1.1 -9.46337e-16 0)
(1.1 4.01706e-16 0)
(1.1 -4.23936e-16 0)
(1.1 -1.62798e-15 0)
(1.1 -8.42669e-16 0)
(1.1 1.06592e-15 0)
(1.1 2.10485e-16 0)
(1.1 -1.49101e-15 0)
(1.1 -3.06844e-16 0)
(1.1 -8.22544e-16 0)
(1.1 1.49301e-15 0)
(1.1 1.53107e-15 0)
(1.1 1.53168e-15 0)
(1.1 1.81474e-15 0)
(1.1 1.29893e-15 0)
(1.1 2.60479e-16 0)
(1.1 -1.37833e-15 0)
(1.1 -2.18309e-16 0)
(1.1 2.31449e-15 0)
(1.1 1.49146e-15 0)
(1.1 1.09933e-15 0)
(1.1 2.19082e-17 0)
(1.1 -4.15094e-16 0)
(1.1 3.72135e-16 0)
(1.1 -5.21655e-17 0)
(1.1 8.69101e-16 0)
(1.1 2.75677e-16 0)
(1.1 3.1864e-16 0)
(1.1 -1.46132e-16 0)
(1.1 -1.32745e-15 0)
(1.1 -1.05521e-15 0)
(1.1 1.25452e-15 0)
(1.1 4.461e-17 0)
(1.1 -1.28361e-15 0)
(1.1 -1.13219e-15 0)
(1.1 3.24615e-16 0)
(1.1 1.40195e-15 0)
(1.1 1.67834e-15 0)
(1.1 1.73903e-15 0)
(1.1 8.8942e-16 0)
(1.1 1.67703e-15 0)
(1.1 2.8341e-16 0)
(1.1 -1.37271e-15 0)
(1.1 6.20033e-17 0)
(1.1 1.26714e-15 0)
(1.1 1.02297e-15 0)
(1.1 1.32745e-15 0)
(1.1 1.87014e-16 0)
(1.1 -1.78595e-16 0)
(1.1 3.32963e-16 0)
(1.1 -9.96214e-17 0)
(1.1 1.21382e-15 0)
(1.1 1.07001e-15 0)
(1.1 -2.74274e-17 0)
(1.1 -4.04821e-16 0)
(1.1 -5.03641e-16 0)
(1.1 -7.10004e-16 0)
(1.1 9.02821e-16 0)
(1.1 8.07125e-16 0)
(1.1 -7.5945e-16 0)
(1.1 -1.88396e-15 0)
(1.1 -6.20413e-17 0)
(1.1 1.49049e-15 0)
(1.1 1.27291e-15 0)
(1.1 1.18821e-15 0)
(1.1 8.63439e-16 0)
(1.1 1.92159e-15 0)
(1.1 -2.15447e-16 0)
(1.1 -1.04645e-15 0)
(1.1 -1.06006e-16 0)
(1.1 7.51007e-16 0)
(1.1 2.77059e-16 0)
(1.1 9.57e-16 0)
(1.1 -7.29927e-16 0)
(1.1 -6.6777e-17 0)
(1.1 5.60722e-16 0)
(1.1 7.30954e-17 0)
(1.1 1.31215e-15 0)
(1.1 1.91694e-16 0)
(1.1 1.89145e-16 0)
(1.1 -7.66037e-16 0)
(1.1 2.13601e-16 0)
(1.1 -5.28468e-16 0)
(1.1 8.05958e-16 0)
(1.1 1.38699e-15 0)
(1.1 2.24908e-16 0)
(1.1 -1.41098e-15 0)
(1.1 -2.71281e-17 0)
(1.1 1.72861e-15 0)
(1.1 8.14899e-16 0)
(1.1 8.10227e-16 0)
(1.1 1.26682e-15 0)
(1.1 8.2662e-16 0)
(1.1 -2.18176e-16 0)
(1.1 -1.33121e-15 0)
(1.1 1.42927e-16 0)
(1.1 -5.85235e-16 0)
(1.1 1.86846e-16 0)
(1.1 -8.23747e-17 0)
(1.1 -5.2623e-16 0)
(1.1 4.97653e-16 0)
(1.1 5.28902e-16 0)
(1.1 3.44288e-16 0)
(1.1 1.02539e-15 0)
(1.1 2.55053e-16 0)
(1.1 2.08664e-16 0)
(1.1 2.12625e-16 0)
(1.1 -1.35058e-16 0)
(1.1 -8.16471e-16 0)
(1.1 2.22854e-15 0)
(1.1 9.9541e-16 0)
(1.1 5.7302e-17 0)
(1.1 -1.69138e-15 0)
(1.1 -2.09394e-16 0)
(1.1 1.84309e-15 0)
(1.1 7.13922e-16 0)
(1.1 -2.5842e-16 0)
(1.1 5.3447e-16 0)
(1.1 2.35529e-17 0)
(1.1 -1.53453e-16 0)
(1.1 -1.06661e-15 0)
(1.1 -7.58673e-16 0)
(1.1 -1.79426e-16 0)
(1.1 -3.89715e-17 0)
(1.1 -1.21385e-16 0)
(1.1 -4.80008e-17 0)
(1.1 2.38298e-16 0)
(1.1 2.35356e-16 0)
(1.1 -2.31954e-16 0)
(1.1 3.81468e-16 0)
(1.1 2.2238e-16 0)
(1.1 -2.89913e-16 0)
(1.1 6.39536e-16 0)
(1.1 -8.84933e-16 0)
(1.1 -7.55611e-14 0)
(1.1 2.77123e-15 0)
(1.1 1.37591e-15 0)
(1.1 -2.79814e-16 0)
(1.1 -8.5464e-16 0)
(1.1 -1.17479e-15 0)
(1.1 1.00555e-15 0)
(1.1 4.09583e-16 0)
(1.1 -7.88235e-16 0)
(1.1 -2.04083e-17 0)
(1.1 3.34611e-16 0)
(1.1 -2.03758e-16 0)
(1.1 -1.00993e-15 0)
(1.1 -5.11327e-17 0)
(1.1 -4.04771e-16 0)
(1.1 -2.77385e-16 0)
(1.1 1.84247e-16 0)
(1.1 7.21581e-16 0)
(1.1 -1.95621e-16 0)
(1.1 -1.85951e-16 0)
(1.1 -2.24015e-17 0)
(1.1 4.80566e-16 0)
(1.1 6.18683e-18 0)
(1.1 -7.06081e-16 0)
(1.1 -2.77447e-16 0)
(1.1 -1.2748e-15 0)
(1.1 -1.09424e-11 0)
(1.1 1.94108e-15 0)
(1.1 2.24686e-15 0)
(1.1 2.39678e-16 0)
(1.1 -1.24881e-15 0)
(1.1 -1.22025e-15 0)
(1.1 4.6055e-16 0)
(1.1 5.70238e-16 0)
(1.1 -6.23567e-16 0)
(1.1 4.07028e-17 0)
(1.1 3.44565e-16 0)
(1.1 -8.12997e-16 0)
(1.1 -8.43061e-16 0)
(1.1 5.61494e-16 0)
(1.1 -8.07967e-16 0)
(1.1 -4.45636e-17 0)
(1.1 2.26525e-16 0)
(1.1 2.77629e-16 0)
(1.1 -3.35882e-16 0)
(1.1 -1.94964e-16 0)
(1.1 3.46104e-16 0)
(1.1 3.80137e-16 0)
(1.1 6.22844e-16 0)
(1.1 4.60841e-17 0)
(1.1 -8.28781e-16 0)
(1.1 -4.92497e-16 0)
(1.1 -1.29655e-09 0)
(1.1 1.81556e-15 0)
(1.1 2.50865e-15 0)
(1.1 -1.19009e-16 0)
(1.1 -2.13619e-15 0)
(1.1 -5.61108e-16 0)
(1.1 3.86507e-16 0)
(1.1 2.93577e-16 0)
(1.1 -5.70815e-16 0)
(1.1 2.70086e-16 0)
(1.1 -1.56809e-16 0)
(1.1 -5.94766e-16 0)
(1.1 -4.27179e-16 0)
(1.1 2.31589e-16 0)
(1.1 -6.24813e-16 0)
(1.1 5.27638e-16 0)
(1.1 7.62174e-16 0)
(1.1 2.28951e-16 0)
(1.1 -1.12481e-15 0)
(1.1 1.48114e-16 0)
(1.1 4.95761e-16 0)
(1.1 -2.26831e-17 0)
(1.1 6.24374e-16 0)
(1.1 2.4283e-16 0)
(1.1 -8.86362e-16 0)
(1.1 -7.29782e-16 0)
(1.1 -8.53979e-08 0)
(1.1 1.33344e-15 0)
(1.1 2.20276e-15 0)
(1.1 3.81021e-16 0)
(1.1 -1.65765e-15 0)
(1.1 -4.48997e-16 0)
(1.1 -2.31929e-16 0)
(1.1 7.89254e-16 0)
(1.1 -3.46093e-16 0)
(1.1 -1.13787e-16 0)
(1.1 -1.01116e-15 0)
(1.1 -9.71048e-17 0)
(1.1 -8.55481e-16 0)
(1.1 -3.98351e-16 0)
(1.1 -1.3696e-16 0)
(1.1 1.15129e-15 0)
(1.1 9.1646e-16 0)
(1.1 2.08247e-16 0)
(1.1 -1.4661e-15 0)
(1.1 -2.55195e-16 0)
(1.1 4.06365e-16 0)
(1.1 -1.41194e-16 0)
(1.1 -6.47129e-17 0)
(1.1 -7.58985e-17 0)
(1.1 -1.25043e-15 0)
(1.1 -6.39826e-16 0)
(1.1 -1.6226e-06 0)
(1.1 1.58125e-15 0)
(1.1 1.58314e-15 0)
(1.1 7.06045e-16 0)
(1.1 -1.61712e-15 0)
(1.1 -4.60777e-16 0)
(1.1 -4.78651e-16 0)
(1.1 1.11473e-15 0)
(1.1 5.93749e-16 0)
(1.1 1.36243e-16 0)
(1.1 -1.16476e-15 0)
(1.1 -7.33672e-16 0)
(1.1 -1.01957e-15 0)
(1.1 -1.33569e-15 0)
(1.1 -5.73722e-16 0)
(1.1 4.69608e-16 0)
(1.1 3.15158e-16 0)
(1.1 1.79659e-16 0)
(1.1 -1.26894e-15 0)
(1.1 -7.00803e-16 0)
(1.1 1.47826e-16 0)
(1.1 -2.48186e-16 0)
(1.1 -3.67611e-16 0)
(1.1 -1.34766e-16 0)
(1.1 -1.48455e-15 0)
(1.1 -1.16606e-15 0)
(1.1 -1.07855e-05 0)
(1.1 2.13448e-15 0)
(1.1 6.35368e-16 0)
(1.1 7.57015e-16 0)
(1.1 -1.70376e-15 0)
(1.1 -7.08967e-16 0)
(1.1 3.51072e-17 0)
(1.1 7.30706e-16 0)
(1.1 3.9643e-16 0)
(1.1 7.66416e-16 0)
(1.1 -1.32068e-15 0)
(1.1 -3.52818e-16 0)
(1.1 -5.36731e-16 0)
(1.1 -1.74136e-15 0)
(1.1 -9.11201e-16 0)
(1.1 5.83855e-16 0)
(1.1 4.40805e-16 0)
(1.1 5.56472e-16 0)
(1.1 -9.99389e-16 0)
(1.1 -5.01737e-16 0)
(1.1 4.7082e-16 0)
(1.1 7.99178e-16 0)
(1.1 7.88634e-16 0)
(1.1 -6.62802e-17 0)
(1.1 -1.16378e-15 0)
(1.1 -1.58414e-15 0)
(1.1 -3.65391e-05 0)
(1.1 1.23632e-15 0)
(1.1 -2.88446e-16 0)
(1.1 1.13116e-15 0)
(1.1 -9.51144e-16 0)
(1.1 -1.04022e-15 0)
(1.1 -8.79175e-17 0)
(1.1 8.62397e-16 0)
(1.1 3.6931e-16 0)
(1.1 7.43528e-16 0)
(1.1 -1.5544e-15 0)
(1.1 -1.34895e-16 0)
(1.1 1.57745e-16 0)
(1.1 -9.26778e-16 0)
(1.1 -6.74483e-16 0)
(1.1 9.29294e-16 0)
(1.1 -9.79767e-17 0)
(1.1 1.76462e-16 0)
(1.1 -1.13276e-15 0)
(1.1 9.63256e-17 0)
(1.1 7.5372e-16 0)
(1.1 -4.95241e-16 0)
(1.1 1.38491e-15 0)
(1.1 7.61996e-16 0)
(1.1 -8.23646e-16 0)
(1.1 -1.55132e-15 0)
(1.09999 -8.63977e-05 0)
(1.1 7.30778e-16 0)
(1.1 -7.07432e-16 0)
(1.1 4.68936e-16 0)
(1.1 -1.67574e-16 0)
(1.1 -1.10184e-15 0)
(1.1 -6.24134e-16 0)
(1.1 5.42268e-16 0)
(1.1 1.27927e-15 0)
(1.1 2.96829e-16 0)
(1.1 9.1281e-17 0)
(1.1 -3.92878e-16 0)
(1.1 2.84852e-16 0)
(1.1 -2.05666e-16 0)
(1.1 -1.1016e-15 0)
(1.1 1.99029e-17 0)
(1.1 -1.13654e-15 0)
(1.1 7.08208e-16 0)
(1.1 -9.85713e-16 0)
(1.1 4.82173e-16 0)
(1.1 1.42749e-16 0)
(1.1 -6.54404e-16 0)
(1.1 1.24948e-15 0)
(1.1 9.27248e-16 0)
(1.1 -4.33955e-16 0)
(1.1 -1.1295e-16 0)
(1.09997 -0.000173905 0)
(1.1 1.02019e-15 0)
(1.1 2.61863e-16 0)
(1.1 1.39216e-16 0)
(1.1 -1.59362e-16 0)
(1.1 -9.25627e-16 0)
(1.1 -1.17969e-15 0)
(1.1 -1.1052e-16 0)
(1.1 8.06857e-16 0)
(1.1 -2.77298e-16 0)
(1.1 -1.8602e-16 0)
(1.1 -6.23995e-16 0)
(1.1 2.91023e-16 0)
(1.1 -2.44265e-16 0)
(1.1 -1.27225e-15 0)
(1.1 -1.35885e-16 0)
(1.1 -7.39779e-16 0)
(1.1 -1.1306e-16 0)
(1.1 1.70939e-16 0)
(1.1 -2.9615e-16 0)
(1.1 -8.88456e-17 0)
(1.1 8.70406e-19 0)
(1.1 4.08853e-16 0)
(1.1 1.4646e-16 0)
(1.1 4.60203e-16 0)
(1.1 6.24006e-16 0)
(1.09994 -0.000310051 0)
(1.1 4.2129e-16 0)
(1.1 4.14867e-16 0)
(1.1 3.25923e-16 0)
(1.1 3.21383e-16 0)
(1.1 1.63609e-16 0)
(1.1 -1.44984e-15 0)
(1.1 7.62584e-17 0)
(1.1 6.88607e-16 0)
(1.1 -2.58577e-16 0)
(1.1 -4.66713e-16 0)
(1.1 -5.91395e-16 0)
(1.1 -1.53308e-16 0)
(1.1 -4.44629e-16 0)
(1.1 -1.10582e-15 0)
(1.1 -3.4253e-16 0)
(1.1 -1.07255e-15 0)
(1.1 -7.72909e-16 0)
(1.1 9.88705e-16 0)
(1.1 6.71262e-17 0)
(1.1 1.62294e-16 0)
(1.1 6.53292e-16 0)
(1.1 9.62656e-16 0)
(1.1 2.14866e-16 0)
(1.1 5.37245e-16 0)
(1.1 4.64419e-16 0)
(1.09988 -0.000469583 0)
(1.1 2.96491e-16 0)
(1.1 -8.76496e-16 0)
(1.1 7.5006e-17 0)
(1.1 1.05583e-15 0)
(1.1 8.69757e-16 0)
(1.1 -6.1639e-16 0)
(1.1 5.71181e-16 0)
(1.1 6.00429e-16 0)
(1.1 -5.32549e-16 0)
(1.1 -6.51394e-16 0)
(1.1 -5.59944e-16 0)
(1.1 -2.81839e-16 0)
(1.1 -1.93273e-16 0)
(1.1 -1.3232e-15 0)
(1.1 -1.10446e-15 0)
(1.1 -1.37678e-15 0)
(1.1 -6.19322e-16 0)
(1.1 3.34276e-17 0)
(1.1 1.437e-16 0)
(1.1 -8.05098e-17 0)
(1.1 7.57642e-16 0)
(1.1 3.02118e-16 0)
(1.1 8.20236e-16 0)
(1.1 -2.76656e-16 0)
(1.1 -4.55049e-16 0)
(1.09979 -0.00061456 0)
(1.1 6.18288e-16 0)
(1.1 -6.01522e-16 0)
(1.1 3.67595e-16 0)
(1.1 1.27045e-15 0)
(1.1 5.62548e-16 0)
(1.1 -5.36325e-16 0)
(1.1 1.00474e-15 0)
(1.1 6.01528e-17 0)
(1.1 -1.12079e-15 0)
(1.1 -3.54421e-16 0)
(1.1 4.24033e-16 0)
(1.1 2.4327e-16 0)
(1.1 -1.00643e-15 0)
(1.1 -1.61713e-15 0)
(1.1 -1.40867e-15 0)
(1.1 -7.98574e-16 0)
(1.1 -1.15747e-15 0)
(1.1 -6.04368e-16 0)
(1.1 5.09451e-16 0)
(1.1 -3.14288e-16 0)
(1.1 2.29996e-16 0)
(1.1 -1.06397e-15 0)
(1.1 1.91363e-16 0)
(1.1 -6.91282e-17 0)
(1.1 -3.91659e-16 0)
(1.09966 -0.000778113 0)
(1.1 5.55842e-16 0)
(1.1 6.07163e-16 0)
(1.1 -1.51055e-17 0)
(1.1 4.40423e-16 0)
(1.1 5.71997e-16 0)
(1.1 -6.85248e-16 0)
(1.1 5.15276e-16 0)
(1.1 -6.72996e-16 0)
(1.1 -1.82782e-15 0)
(1.1 -8.02222e-17 0)
(1.1 1.70217e-15 0)
(1.1 2.37992e-16 0)
(1.1 -8.95154e-16 0)
(1.1 -7.38883e-16 0)
(1.1 -6.59242e-16 0)
(1.1 -4.85902e-16 0)
(1.1 -8.34687e-16 0)
(1.1 -7.92731e-16 0)
(1.1 6.7275e-16 0)
(1.1 -4.4918e-16 0)
(1.1 -2.51487e-16 0)
(1.1 -1.46665e-15 0)
(1.1 1.12966e-16 0)
(1.1 -2.74679e-17 0)
(1.1 6.96358e-16 0)
(1.0995 -0.000987147 0)
(1.1 1.18492e-17 0)
(1.1 3.11533e-16 0)
(1.1 -1.02112e-15 0)
(1.1 -4.55329e-16 0)
(1.1 6.69436e-16 0)
(1.1 -8.56856e-16 0)
(1.1 1.40533e-16 0)
(1.1 -2.9076e-16 0)
(1.1 -1.64065e-15 0)
(1.1 -4.0812e-16 0)
(1.1 1.24124e-15 0)
(1.1 9.22545e-16 0)
(1.1 -1.86197e-16 0)
(1.1 -2.6237e-16 0)
(1.1 -7.63625e-16 0)
(1.1 -6.80305e-16 0)
(1.1 -1.03465e-15 0)
(1.1 -3.65316e-16 0)
(1.1 5.30429e-16 0)
(1.1 -4.81788e-16 0)
(1.1 -2.53173e-16 0)
(1.1 -9.11099e-16 0)
(1.1 -2.70019e-16 0)
(1.1 -1.28272e-16 0)
(1.1 3.07284e-16 0)
(1.09926 -0.00131863 0)
(1.1 1.24832e-16 0)
(1.1 2.11249e-16 0)
(1.1 -7.13629e-16 0)
(1.1 -1.41803e-16 0)
(1.1 2.18635e-16 0)
(1.1 -1.26803e-15 0)
(1.1 -5.9529e-16 0)
(1.1 4.06497e-16 0)
(1.1 -1.29627e-15 0)
(1.1 -5.2468e-16 0)
(1.1 2.65447e-16 0)
(1.1 1.15693e-15 0)
(1.1 -1.63807e-16 0)
(1.1 -4.56915e-16 0)
(1.1 -3.00158e-16 0)
(1.1 -5.95619e-16 0)
(1.1 -8.40187e-16 0)
(1.1 5.34453e-16 0)
(1.1 5.96634e-16 0)
(1.1 -3.22157e-16 0)
(1.1 5.76099e-16 0)
(1.1 -8.00834e-16 0)
(1.1 -6.47493e-16 0)
(1.1 -1.87999e-16 0)
(1.1 1.15841e-15 0)
(1.09898 -0.00185194 0)
(1.1 2.37988e-16 0)
(1.1 -3.31433e-16 0)
(1.1 -4.21089e-16 0)
(1.1 6.30962e-16 0)
(1.1 -2.36792e-16 0)
(1.1 -1.50488e-15 0)
(1.1 -7.21972e-16 0)
(1.1 2.97512e-16 0)
(1.1 -8.57241e-16 0)
(1.1 -5.54984e-16 0)
(1.1 -6.36162e-16 0)
(1.1 7.23978e-16 0)
(1.1 -7.93371e-16 0)
(1.1 -6.88074e-16 0)
(1.1 6.18135e-16 0)
(1.1 -2.75206e-16 0)
(1.1 -1.44055e-16 0)
(1.1 1.51705e-15 0)
(1.1 3.00588e-16 0)
(1.1 -5.15059e-17 0)
(1.1 1.03718e-15 0)
(1.1 -1.40972e-15 0)
(1.1 -5.28553e-16 0)
(1.1 2.11733e-17 0)
(1.1 1.614e-15 0)
(1.09853 -0.00277836 0)
(1.1 -4.52262e-16 0)
(1.1 -1.0917e-15 0)
(1.1 -2.83686e-16 0)
(1.1 3.53297e-17 0)
(1.1 7.04566e-17 0)
(1.1 -8.15383e-17 0)
(1.1 -6.55176e-16 0)
(1.1 -9.04002e-16 0)
(1.1 -4.3157e-17 0)
(1.1 -2.02829e-16 0)
(1.1 -4.19085e-16 0)
(1.1 8.26604e-16 0)
(1.1 -9.86243e-16 0)
(1.1 -2.90478e-16 0)
(1.1 7.73655e-16 0)
(1.1 2.91846e-16 0)
(1.1 -1.59668e-16 0)
(1.1 8.13484e-16 0)
(1.1 6.09002e-16 0)
(1.1 -1.59035e-16 0)
(1.1 6.27346e-16 0)
(1.1 -6.2717e-16 0)
(1.1 -1.16612e-15 0)
(1.1 5.58171e-16 0)
(1.1 1.27884e-15 0)
(1.09791 -0.00424138 0)
(1.1 -7.58681e-16 0)
(1.1 -1.2887e-15 0)
(1.1 7.82642e-17 0)
(1.1 -5.04434e-16 0)
(1.1 -1.43699e-16 0)
(1.1 5.62092e-17 0)
(1.1 -1.05367e-15 0)
(1.1 -1.56061e-15 0)
(1.1 4.38228e-16 0)
(1.1 -3.54663e-16 0)
(1.1 2.44208e-16 0)
(1.1 1.12866e-15 0)
(1.1 -6.28837e-16 0)
(1.1 4.66219e-16 0)
(1.1 -1.14648e-16 0)
(1.1 2.9233e-16 0)
(1.1 -3.1863e-16 0)
(1.1 1.64688e-16 0)
(1.1 2.58884e-16 0)
(1.1 3.49904e-16 0)
(1.1 6.3899e-16 0)
(1.1 9.04325e-16 0)
(1.1 -3.61809e-16 0)
(1.1 8.58648e-16 0)
(1.1 -1.89015e-13 0)
(1.09688 -0.00659691 0)
(1.1 -7.88146e-16 0)
(1.1 -1.85866e-15 0)
(1.1 -1.08126e-15 0)
(1.1 -9.10505e-16 0)
(1.1 -1.40779e-17 0)
(1.1 -3.1395e-16 0)
(1.1 -8.81237e-16 0)
(1.1 -7.90373e-16 0)
(1.1 6.16474e-16 0)
(1.1 -4.70237e-16 0)
(1.1 1.0062e-15 0)
(1.1 1.11328e-15 0)
(1.1 -5.76784e-16 0)
(1.1 -6.59868e-16 0)
(1.1 -9.09455e-16 0)
(1.1 4.24166e-17 0)
(1.1 -1.66103e-16 0)
(1.1 -7.02323e-16 0)
(1.1 -4.71852e-16 0)
(1.1 5.33937e-16 0)
(1.1 1.25606e-15 0)
(1.1 5.07201e-16 0)
(1.1 -3.16819e-16 0)
(1.1 8.1034e-16 0)
(1.1 -1.05301e-10 0)
(1.09536 -0.0101456 0)
(1.1 -1.2411e-15 0)
(1.1 -6.15972e-16 0)
(1.1 -3.75543e-16 0)
(1.1 -2.05147e-16 0)
(1.1 3.45099e-16 0)
(1.1 4.12417e-16 0)
(1.1 -3.98289e-17 0)
(1.1 -1.95982e-16 0)
(1.1 -4.24279e-16 0)
(1.1 -9.62667e-16 0)
(1.1 1.48254e-15 0)
(1.1 5.72533e-16 0)
(1.1 -1.05688e-16 0)
(1.1 -1.86296e-15 0)
(1.1 -8.52693e-16 0)
(1.1 1.93536e-16 0)
(1.1 8.69382e-17 0)
(1.1 -3.61423e-16 0)
(1.1 -1.31837e-15 0)
(1.1 1.1376e-16 0)
(1.1 1.33981e-15 0)
(1.1 7.91504e-16 0)
(1.1 -7.92333e-16 0)
(1.1 2.62394e-16 0)
(1.1 -9.56893e-09 0)
(1.09294 -0.0155801 0)
(1.1 -1.32952e-15 0)
(1.1 -8.04397e-17 0)
(1.1 5.45883e-16 0)
(1.1 -3.55002e-16 0)
(1.1 3.24351e-16 0)
(1.1 -5.17138e-16 0)
(1.1 -4.48769e-16 0)
(1.1 -3.37254e-16 0)
(1.1 -1.36661e-15 0)
(1.1 -2.74504e-16 0)
(1.1 2.21458e-15 0)
(1.1 5.65882e-16 0)
(1.1 -5.10969e-16 0)
(1.1 -1.3916e-15 0)
(1.1 -1.30474e-16 0)
(1.1 2.743e-16 0)
(1.1 -2.85724e-16 0)
(1.1 -4.92693e-17 0)
(1.1 -9.20526e-16 0)
(1.1 -3.92953e-16 0)
(1.1 8.30219e-16 0)
(1.1 7.39311e-16 0)
(1.1 -2.08451e-16 0)
(1.1 1.2341e-16 0)
(1.1 -2.14289e-07 0)
(1.08929 -0.0235816 0)
(1.1 6.87316e-17 0)
(1.1 5.8392e-16 0)
(1.1 3.04207e-16 0)
(1.1 -1.37525e-16 0)
(1.1 4.75615e-17 0)
(1.1 -2.47163e-16 0)
(1.1 -1.41083e-15 0)
(1.1 -1.18815e-15 0)
(1.1 -1.07254e-15 0)
(1.1 9.61863e-16 0)
(1.1 1.51091e-15 0)
(1.1 3.41126e-16 0)
(1.1 -5.006e-16 0)
(1.1 -9.70114e-16 0)
(1.1 -1.77343e-16 0)
(1.1 6.60728e-17 0)
(1.1 -3.77553e-16 0)
(1.1 -6.09634e-16 0)
(1.1 -1.25945e-15 0)
(1.1 -4.55719e-16 0)
(1.1 2.18246e-16 0)
(1.1 -3.22512e-16 0)
(1.1 1.89023e-16 0)
(1.1 6.16939e-16 0)
(1.1 -1.80907e-06 0)
(1.08343 -0.0353092 0)
(1.1 -5.01023e-16 0)
(1.1 4.69226e-16 0)
(1.1 -2.53673e-16 0)
(1.1 -6.13762e-16 0)
(1.1 4.46021e-16 0)
(1.1 7.673e-16 0)
(1.1 -1.0913e-15 0)
(1.1 -9.40876e-16 0)
(1.1 -3.10773e-16 0)
(1.1 3.67658e-16 0)
(1.1 -6.80726e-18 0)
(1.1 -7.99009e-16 0)
(1.1 -4.01462e-16 0)
(1.1 -4.26419e-16 0)
(1.1 -9.58772e-16 0)
(1.1 -8.19087e-16 0)
(1.1 4.19462e-18 0)
(1.1 -7.16287e-16 0)
(1.1 -1.34659e-15 0)
(1.1 -5.53267e-16 0)
(1.1 7.62001e-16 0)
(1.1 -1.08835e-16 0)
(1.1 6.99638e-17 0)
(1.1 6.76373e-16 0)
(1.1 -8.4374e-06 0)
(1.07464 -0.0517816 0)
(1.1 -1.0889e-15 0)
(1.1 7.01225e-17 0)
(1.1 -9.69311e-16 0)
(1.1 -1.48495e-15 0)
(1.1 1.28939e-15 0)
(1.1 4.51796e-16 0)
(1.1 -1.16356e-15 0)
(1.1 -4.52917e-17 0)
(1.1 6.88951e-16 0)
(1.1 5.68197e-16 0)
(1.1 -9.16377e-16 0)
(1.1 -4.7935e-16 0)
(1.1 -6.77544e-16 0)
(1.1 -7.11212e-16 0)
(1.1 -1.80656e-15 0)
(1.1 -1.1131e-15 0)
(1.1 -3.95765e-16 0)
(1.1 -5.65285e-16 0)
(1.1 -7.37019e-16 0)
(1.1 3.42783e-17 0)
(1.1 6.30701e-16 0)
(1.1 -2.65395e-16 0)
(1.1 1.01959e-17 0)
(1.1 2.53468e-16 0)
(1.09999 -2.86889e-05 0)
(1.06265 -0.0725593 0)
(1.1 -7.67963e-16 0)
(1.1 -4.59005e-16 0)
(1.1 -1.70354e-16 0)
(1.1 -2.71882e-16 0)
(1.1 5.72629e-16 0)
(1.1 8.3954e-16 0)
(1.1 -9.65752e-16 0)
(1.1 1.26921e-16 0)
(1.1 5.6613e-16 0)
(1.1 1.69665e-15 0)
(1.1 -1.70607e-15 0)
(1.1 -9.44969e-17 0)
(1.1 -2.24726e-16 0)
(1.1 -8.33846e-16 0)
(1.1 -1.53541e-15 0)
(1.1 -7.8936e-16 0)
(1.1 -9.27529e-16 0)
(1.1 -8.79915e-16 0)
(1.1 -9.19871e-16 0)
(1.1 -1.28326e-16 0)
(1.1 1.2439e-16 0)
(1.1 -1.01167e-15 0)
(1.1 5.65145e-16 0)
(1.1 6.02251e-16 0)
(1.09998 -8.30043e-05 0)
(1.04725 -0.0938075 0)
(1.1 -1.10777e-15 0)
(1.1 -6.94797e-16 0)
(1.1 8.28874e-16 0)
(1.1 1.00394e-16 0)
(1.1 -4.62398e-16 0)
(1.1 1.16107e-15 0)
(1.1 -1.54669e-15 0)
(1.1 -1.12844e-16 0)
(1.1 1.28622e-15 0)
(1.1 1.48472e-15 0)
(1.1 -1.23757e-15 0)
(1.1 3.06898e-16 0)
(1.1 -9.11378e-17 0)
(1.1 -4.73372e-16 0)
(1.1 -7.91807e-16 0)
(1.1 -4.65524e-16 0)
(1.1 -1.24555e-15 0)
(1.1 -6.85258e-16 0)
(1.1 -3.10821e-16 0)
(1.1 -7.75236e-16 0)
(1.1 7.17388e-16 0)
(1.1 -2.46379e-16 0)
(1.1 -1.29854e-16 0)
(1.1 8.31906e-16 0)
(1.09994 -0.000217565 0)
(1.02761 -0.112382 0)
(1.1 -1.41059e-15 0)
(1.1 -2.3148e-16 0)
(1.1 1.34164e-15 0)
(1.1 -4.8369e-16 0)
(1.1 -7.6793e-16 0)
(1.1 5.20681e-16 0)
(1.1 -7.04087e-16 0)
(1.1 -1.22013e-16 0)
(1.1 1.34989e-15 0)
(1.1 1.51956e-15 0)
(1.1 -3.23251e-16 0)
(1.1 2.95292e-16 0)
(1.1 9.82775e-17 0)
(1.1 -5.50637e-16 0)
(1.1 2.02854e-16 0)
(1.1 -3.79347e-16 0)
(1.1 -6.28289e-16 0)
(1.1 -5.46553e-16 0)
(1.1 -6.4995e-16 0)
(1.1 -1.06957e-15 0)
(1.1 -1.63799e-16 0)
(1.1 3.18897e-17 0)
(1.1 5.31995e-17 0)
(1.1 1.32599e-15 0)
(1.09985 -0.000526989 0)
(1.00352 -0.128049 0)
(1.1 -9.95811e-16 0)
(1.1 1.4682e-16 0)
(1.1 1.28179e-15 0)
(1.1 2.06003e-16 0)
(1.1 8.79467e-17 0)
(1.1 8.01234e-16 0)
(1.1 5.11514e-16 0)
(1.1 2.58527e-16 0)
(1.1 1.24469e-15 0)
(1.1 1.80434e-15 0)
(1.1 2.02908e-17 0)
(1.1 4.11583e-16 0)
(1.1 -2.32083e-16 0)
(1.1 -5.99184e-16 0)
(1.1 2.92681e-16 0)
(1.1 -2.44186e-16 0)
(1.1 7.24014e-16 0)
(1.1 -3.89508e-16 0)
(1.1 -5.32856e-16 0)
(1.1 -1.93077e-15 0)
(1.1 -1.62771e-16 0)
(1.1 2.73673e-16 0)
(1.1 6.74843e-16 0)
(1.1 1.4389e-15 0)
(1.09966 -0.00118791 0)
(0.976052 -0.141199 0)
(1.1 -1.49218e-15 0)
(1.1 -2.63737e-16 0)
(1.1 1.3921e-15 0)
(1.1 9.7323e-16 0)
(1.1 4.85498e-16 0)
(1.1 1.45816e-15 0)
(1.1 1.78469e-15 0)
(1.1 9.84578e-16 0)
(1.1 8.73128e-16 0)
(1.1 8.61091e-16 0)
(1.1 -4.03356e-16 0)
(1.1 2.22179e-16 0)
(1.1 -4.95819e-16 0)
(1.1 -3.20808e-16 0)
(1.1 -3.40664e-16 0)
(1.1 1.38613e-16 0)
(1.1 4.81178e-16 0)
(1.1 3.68047e-16 0)
(1.1 5.63963e-16 0)
(1.1 -1.40813e-15 0)
(1.1 -8.28216e-16 0)
(1.1 7.72041e-17 0)
(1.1 8.52044e-17 0)
(1.1 1.00969e-15 0)
(1.09928 -0.00249617 0)
(0.946272 -0.15184 0)
(1.1 -5.8559e-16 0)
(1.1 -9.05156e-16 0)
(1.1 6.73467e-16 0)
(1.1 1.49226e-15 0)
(1.1 5.13997e-16 0)
(1.1 1.16814e-15 0)
(1.1 2.50953e-15 0)
(1.1 9.70496e-16 0)
(1.1 -4.77209e-16 0)
(1.1 -8.95864e-17 0)
(1.1 -4.42319e-17 0)
(1.1 6.72241e-16 0)
(1.1 -5.05638e-16 0)
(1.1 1.17776e-17 0)
(1.1 -1.22188e-16 0)
(1.1 -2.63917e-16 0)
(1.1 7.6778e-16 0)
(1.1 2.38465e-16 0)
(1.1 9.72045e-16 0)
(1.1 -1.04749e-15 0)
(1.1 -2.24425e-15 0)
(1.1 -8.18998e-16 0)
(1.1 -8.72219e-17 0)
(1.1 8.87484e-16 0)
(1.0986 -0.0048733 0)
(0.91541 -0.160087 0)
(1.1 -2.86507e-16 0)
(1.1 -4.36508e-18 0)
(1.1 2.82875e-16 0)
(1.1 1.71511e-15 0)
(1.1 3.03126e-16 0)
(1.1 3.02383e-16 0)
(1.1 2.30547e-15 0)
(1.1 1.58264e-15 0)
(1.1 -1.56742e-16 0)
(1.1 -3.16406e-16 0)
(1.1 9.19652e-17 0)
(1.1 9.4068e-16 0)
(1.1 -6.14e-16 0)
(1.1 -1.22995e-16 0)
(1.1 1.69455e-16 0)
(1.1 -2.4096e-16 0)
(1.1 9.9481e-16 0)
(1.1 8.19589e-16 0)
(1.1 9.23921e-16 0)
(1.1 -1.30786e-15 0)
(1.1 -2.34903e-15 0)
(1.1 -6.64966e-16 0)
(1.1 6.8932e-16 0)
(1.1 4.75687e-16 0)
(1.09733 -0.0087843 0)
(0.884819 -0.166059 0)
(1.1 -4.47166e-16 0)
(1.1 4.33819e-16 0)
(1.1 -2.64544e-16 0)
(1.1 9.70912e-16 0)
(1.1 4.01004e-16 0)
(1.1 1.95893e-16 0)
(1.1 1.70528e-15 0)
(1.1 1.95527e-15 0)
(1.1 -2.79664e-16 0)
(1.1 7.61936e-17 0)
(1.1 -4.04904e-16 0)
(1.1 3.68228e-16 0)
(1.1 -5.97592e-16 0)
(1.1 1.42385e-16 0)
(1.1 9.70796e-17 0)
(1.1 6.139e-16 0)
(1.1 1.04311e-15 0)
(1.1 1.1315e-15 0)
(1.1 3.99968e-17 0)
(1.1 -1.6654e-15 0)
(1.1 -1.03135e-15 0)
(1.1 -4.7894e-16 0)
(1.1 1.56332e-15 0)
(1.1 -2.54897e-16 0)
(1.09484 -0.0143938 0)
(0.855651 -0.170633 0)
(1.1 -1.73999e-16 0)
(1.1 7.97246e-16 0)
(1.1 -8.75112e-16 0)
(1.1 4.10548e-16 0)
(1.1 2.69858e-17 0)
(1.1 6.37704e-16 0)
(1.1 2.02695e-15 0)
(1.1 5.2784e-16 0)
(1.1 -1.59876e-16 0)
(1.1 2.16174e-16 0)
(1.1 -1.07891e-16 0)
(1.1 9.1318e-17 0)
(1.1 -6.50243e-16 0)
(1.1 2.72114e-16 0)
(1.1 4.83207e-16 0)
(1.1 6.11362e-16 0)
(1.1 5.36891e-16 0)
(1.1 1.17796e-15 0)
(1.1 -3.17416e-16 0)
(1.1 -7.39368e-16 0)
(1.1 -5.20522e-16 0)
(1.1 -5.61668e-16 0)
(1.1 1.11405e-15 0)
(1.1 1.63305e-16 0)
(1.09086 -0.021528 0)
(0.828265 -0.174035 0)
(1.1 -7.44359e-17 0)
(1.1 -1.73869e-16 0)
(1.1 -3.571e-16 0)
(1.1 -4.40738e-17 0)
(1.1 -4.18137e-16 0)
(1.1 8.71381e-16 0)
(1.1 2.21822e-15 0)
(1.1 5.57185e-16 0)
(1.1 3.88455e-16 0)
(1.1 1.29284e-16 0)
(1.1 2.07429e-16 0)
(1.1 -6.31512e-17 0)
(1.1 -3.48896e-16 0)
(1.1 -1.34044e-16 0)
(1.1 9.64171e-16 0)
(1.1 2.85303e-16 0)
(1.1 -5.18781e-16 0)
(1.1 1.29922e-15 0)
(1.1 -7.97605e-16 0)
(1.1 -9.79482e-16 0)
(1.1 -4.34434e-16 0)
(1.1 -8.95018e-16 0)
(1.1 1.0238e-15 0)
(1.1 -6.25043e-17 0)
(1.0852 -0.0303605 0)
(0.802642 -0.176225 0)
(1.1 -1.59223e-16 0)
(1.1 -7.66547e-16 0)
(1.1 5.97531e-16 0)
(1.1 7.71744e-16 0)
(1.1 3.40868e-16 0)
(1.1 9.94925e-16 0)
(1.1 1.46978e-15 0)
(1.1 1.08926e-15 0)
(1.1 9.58085e-16 0)
(1.1 1.34344e-15 0)
(1.1 4.58635e-16 0)
(1.1 -2.68116e-16 0)
(1.1 1.75954e-17 0)
(1.1 -7.12462e-16 0)
(1.1 1.00719e-15 0)
(1.1 -1.05724e-16 0)
(1.1 -5.80645e-16 0)
(1.1 1.07458e-15 0)
(1.1 -9.7657e-16 0)
(1.1 -7.61568e-16 0)
(1.1 -4.85283e-16 0)
(1.1 -3.36323e-16 0)
(1.1 -1.17548e-16 0)
(1.1 2.87966e-16 0)
(1.07766 -0.0408843 0)
(0.77901 -0.177467 0)
(1.1 -5.47196e-17 0)
(1.1 -1.34837e-15 0)
(1.1 2.40893e-16 0)
(1.1 8.15235e-16 0)
(1.1 6.06566e-16 0)
(1.1 -4.12538e-16 0)
(1.1 5.96863e-16 0)
(1.1 9.80939e-16 0)
(1.1 7.096e-16 0)
(1.1 1.6726e-15 0)
(1.1 3.28017e-16 0)
(1.1 -7.9704e-16 0)
(1.1 2.32153e-16 0)
(1.1 -7.58317e-16 0)
(1.1 6.8867e-17 0)
(1.1 -1.07178e-17 0)
(1.1 2.67705e-16 0)
(1.1 4.24204e-16 0)
(1.1 -1.11308e-15 0)
(1.1 -1.13102e-15 0)
(1.1 -7.50232e-16 0)
(1.1 -7.91526e-17 0)
(1.1 5.17729e-16 0)
(1.1 2.96041e-16 0)
(1.06796 -0.0527533 0)
(0.757716 -0.177892 0)
(1.1 6.16932e-16 0)
(1.1 -1.64e-15 0)
(1.1 -6.38682e-16 0)
(1.1 1.1191e-15 0)
(1.1 9.90396e-16 0)
(1.1 -5.48641e-16 0)
(1.1 2.54532e-16 0)
(1.1 1.10242e-15 0)
(1.1 4.03816e-16 0)
(1.1 2.01365e-15 0)
(1.1 6.44473e-16 0)
(1.1 -8.51347e-16 0)
(1.1 3.11936e-16 0)
(1.1 -1.86653e-16 0)
(1.1 1.85609e-16 0)
(1.1 9.31168e-17 0)
(1.1 3.52604e-16 0)
(1.1 -4.70573e-16 0)
(1.1 -1.64896e-15 0)
(1.1 -8.60193e-16 0)
(1.1 -7.33216e-16 0)
(1.1 -3.59419e-16 0)
(1.1 7.19001e-16 0)
(1.1 1.56889e-16 0)
(1.05579 -0.0653303 0)
(0.738711 -0.17761 0)
(1.1 1.04514e-15 0)
(1.1 -4.17957e-16 0)
(1.1 -8.33324e-16 0)
(1.1 1.41223e-15 0)
(1.1 1.64239e-15 0)
(1.1 5.74959e-16 0)
(1.1 -1.91859e-16 0)
(1.1 1.51585e-15 0)
(1.1 8.71812e-16 0)
(1.1 1.86705e-15 0)
(1.1 5.32983e-16 0)
(1.1 7.07055e-17 0)
(1.1 -2.64341e-16 0)
(1.1 2.30641e-17 0)
(1.1 6.8761e-16 0)
(1.1 8.57054e-17 0)
(1.1 4.6203e-16 0)
(1.1 -1.45653e-15 0)
(1.1 -1.7071e-15 0)
(1.1 -6.59417e-16 0)
(1.1 -1.03611e-15 0)
(1.1 -8.16799e-16 0)
(1.1 2.99058e-16 0)
(1.1 -2.46246e-15 0)
(1.04083 -0.0777891 0)
(0.721501 -0.177149 0)
(1.1 3.85373e-16 0)
(1.1 7.69666e-17 0)
(1.1 -8.18839e-16 0)
(1.1 -1.83845e-16 0)
(1.1 1.03776e-15 0)
(1.1 3.35112e-16 0)
(1.1 3.74145e-16 0)
(1.1 1.208e-15 0)
(1.1 8.12492e-16 0)
(1.1 -1.70887e-17 0)
(1.1 1.12769e-15 0)
(1.1 1.25404e-16 0)
(1.1 -3.91232e-16 0)
(1.1 -3.64953e-16 0)
(1.1 8.01473e-16 0)
(1.1 1.18316e-15 0)
(1.1 7.38733e-17 0)
(1.1 -9.60149e-16 0)
(1.1 -1.41849e-15 0)
(1.1 -1.15129e-15 0)
(1.1 -8.7074e-16 0)
(1.1 -4.60746e-16 0)
(1.1 -2.09115e-16 0)
(1.1 -2.41978e-11 0)
(1.02258 -0.0890499 0)
(0.706698 -0.178121 0)
(1.1 3.16285e-16 0)
(1.1 9.17705e-16 0)
(1.1 -2.39911e-16 0)
(1.1 -8.90245e-16 0)
(1.1 1.65379e-16 0)
(1.1 -2.35426e-16 0)
(1.1 3.91901e-17 0)
(1.1 2.77914e-16 0)
(1.1 1.14135e-15 0)
(1.1 -1.01066e-15 0)
(1.1 1.28289e-15 0)
(1.1 -1.43158e-16 0)
(1.1 -5.37467e-17 0)
(1.1 -1.59073e-16 0)
(1.1 2.82817e-16 0)
(1.1 9.93163e-16 0)
(1.1 4.98227e-16 0)
(1.1 -6.27262e-16 0)
(1.1 -1.27138e-15 0)
(1.1 -1.13255e-15 0)
(1.1 -7.06609e-16 0)
(1.1 9.76371e-17 0)
(1.1 -4.99537e-16 0)
(1.1 -1.9737e-08 0)
(1.0014 -0.0976437 0)
(0.695375 -0.180456 0)
(1.1 5.75011e-16 0)
(1.1 1.26027e-15 0)
(1.1 1.87668e-16 0)
(1.1 -5.48824e-16 0)
(1.1 6.03711e-16 0)
(1.1 -7.84456e-16 0)
(1.1 -9.89509e-16 0)
(1.1 2.93493e-16 0)
(1.1 7.44938e-16 0)
(1.1 2.81395e-16 0)
(1.1 5.41788e-16 0)
(1.1 4.11082e-16 0)
(1.1 -3.38338e-16 0)
(1.1 7.23579e-16 0)
(1.1 3.30732e-16 0)
(1.1 1.15945e-15 0)
(1.1 2.03652e-16 0)
(1.1 -9.64775e-16 0)
(1.1 -1.10754e-15 0)
(1.1 -3.89137e-16 0)
(1.1 -1.28369e-15 0)
(1.1 -4.22549e-16 0)
(1.1 1.57276e-17 0)
(1.1 -2.12492e-06 0)
(0.979003 -0.102723 0)
(0.686676 -0.182181 0)
(1.1 5.44684e-17 0)
(1.1 5.78443e-16 0)
(1.1 9.64083e-16 0)
(1.1 -4.58532e-16 0)
(1.1 3.00333e-16 0)
(1.1 -5.57749e-16 0)
(1.1 -8.85931e-16 0)
(1.1 -2.86715e-16 0)
(1.1 -2.9127e-16 0)
(1.1 4.48728e-18 0)
(1.1 2.93781e-16 0)
(1.1 2.60716e-16 0)
(1.1 1.25867e-16 0)
(1.1 8.44619e-16 0)
(1.1 9.86335e-16 0)
(1.1 7.59506e-16 0)
(1.1 -7.25616e-16 0)
(1.1 -1.01933e-15 0)
(1.1 -5.9263e-16 0)
(1.1 -1.14306e-15 0)
(1.1 -1.164e-15 0)
(1.1 -3.25386e-16 0)
(1.1 -3.37688e-16 0)
(1.1 -4.64431e-05 0)
(0.956925 -0.106029 0)
(0.676138 -0.181484 0)
(1.1 -2.81487e-16 0)
(1.1 5.46432e-16 0)
(1.1 1.19226e-15 0)
(1.1 -1.88119e-16 0)
(1.1 -3.41125e-16 0)
(1.1 1.70953e-16 0)
(1.1 -4.36749e-16 0)
(1.1 -3.20784e-16 0)
(1.1 -5.6328e-16 0)
(1.1 -6.70351e-16 0)
(1.1 1.02214e-15 0)
(1.1 5.20074e-16 0)
(1.1 2.11176e-16 0)
(1.1 1.26323e-15 0)
(1.1 9.96435e-16 0)
(1.1 -3.60776e-17 0)
(1.1 -3.8861e-16 0)
(1.1 -4.70509e-16 0)
(1.1 -4.19713e-16 0)
(1.1 -8.9284e-16 0)
(1.1 -5.79119e-16 0)
(1.1 6.64257e-17 0)
(1.1 -9.03603e-17 0)
(1.09998 -0.000324159 0)
(0.935564 -0.109968 0)
(0.664777 -0.180903 0)
(1.1 2.75789e-16 0)
(1.1 1.09996e-15 0)
(1.1 9.79426e-16 0)
(1.1 1.32388e-15 0)
(1.1 -7.77015e-17 0)
(1.1 -1.74593e-16 0)
(1.1 -7.52492e-16 0)
(1.1 -5.11156e-16 0)
(1.1 1.95976e-16 0)
(1.1 -6.66173e-16 0)
(1.1 7.45072e-16 0)
(1.1 3.08892e-17 0)
(1.1 -2.42729e-16 0)
(1.1 5.48302e-16 0)
(1.1 6.21061e-16 0)
(1.1 -1.722e-16 0)
(1.1 -1.4108e-17 0)
(1.1 -7.16529e-16 0)
(1.1 2.18851e-16 0)
(1.1 2.42985e-16 0)
(1.1 -8.69517e-16 0)
(1.1 -2.37005e-16 0)
(1.1 4.73109e-16 0)
(1.09982 -0.00109143 0)
(0.915111 -0.113614 0)
(0.653193 -0.180625 0)
(1.1 3.41791e-16 0)
(1.1 6.71639e-16 0)
(1.1 3.66512e-16 0)
(1.1 1.14235e-15 0)
(1.1 -2.61824e-17 0)
(1.1 -5.50227e-16 0)
(1.1 -5.34206e-16 0)
(1.1 -7.9635e-16 0)
(1.1 4.12012e-16 0)
(1.1 -9.85878e-16 0)
(1.1 2.24484e-16 0)
(1.1 -1.32396e-15 0)
(1.1 -2.4432e-16 0)
(1.1 9.37485e-16 0)
(1.1 4.20809e-16 0)
(1.1 -1.91709e-17 0)
(1.1 -1.35772e-16 0)
(1.1 -6.23564e-16 0)
(1.1 5.51519e-17 0)
(1.1 -5.1673e-16 0)
(1.1 -8.46598e-16 0)
(1.1 -1.76986e-17 0)
(1.1 2.00005e-16 0)
(1.09922 -0.00230829 0)
(0.89528 -0.115686 0)
(0.641532 -0.178921 0)
(1.1 1.13348e-16 0)
(1.1 8.58605e-16 0)
(1.1 1.89353e-16 0)
(1.1 -1.63601e-17 0)
(1.1 5.18015e-16 0)
(1.1 -9.08935e-17 0)
(1.1 -1.14993e-15 0)
(1.1 -4.64728e-16 0)
(1.1 8.56078e-16 0)
(1.1 -9.0753e-16 0)
(1.1 -6.52267e-16 0)
(1.1 -8.24702e-16 0)
(1.1 -2.62042e-16 0)
(1.1 1.42274e-15 0)
(1.1 -4.87018e-16 0)
(1.1 7.43506e-16 0)
(1.1 -3.43091e-16 0)
(1.1 1.31777e-16 0)
(1.1 1.96564e-16 0)
(1.1 -5.28988e-16 0)
(1.1 -8.92411e-16 0)
(1.1 -1.23411e-16 0)
(1.1 3.76708e-16 0)
(1.09807 -0.00368659 0)
(0.876189 -0.116687 0)
(0.6298 -0.17649 0)
(1.1 -6.30399e-16 0)
(1.1 7.53531e-16 0)
(1.1 -1.33552e-16 0)
(1.1 1.06801e-16 0)
(1.1 6.34837e-16 0)
(1.1 7.3995e-16 0)
(1.1 -7.93436e-16 0)
(1.1 -2.60579e-16 0)
(1.1 8.43877e-16 0)
(1.1 -6.62377e-16 0)
(1.1 -8.10879e-16 0)
(1.1 -2.79257e-16 0)
(1.1 -1.76533e-16 0)
(1.1 4.3863e-16 0)
(1.1 4.93504e-17 0)
(1.1 3.10201e-16 0)
(1.1 -3.20049e-16 0)
(1.1 2.89975e-17 0)
(1.1 2.25565e-16 0)
(1.1 5.75147e-16 0)
(1.1 -4.5754e-16 0)
(1.1 4.45856e-16 0)
(1.1 2.05141e-16 0)
(1.09635 -0.00515078 0)
(0.857907 -0.117148 0)
(0.617778 -0.173926 0)
(1.1 -6.03874e-16 0)
(1.1 5.82608e-16 0)
(1.1 -1.89222e-16 0)
(1.1 5.93254e-16 0)
(1.1 2.15266e-16 0)
(1.1 7.90889e-16 0)
(1.1 -4.07453e-16 0)
(1.1 -9.20458e-17 0)
(1.1 1.44918e-15 0)
(1.1 -1.17264e-15 0)
(1.1 -5.93358e-16 0)
(1.1 -4.92503e-16 0)
(1.1 5.52663e-16 0)
(1.1 8.4542e-16 0)
(1.1 -1.11152e-16 0)
(1.1 -9.22948e-16 0)
(1.1 -3.79389e-16 0)
(1.1 -3.35138e-16 0)
(1.1 -2.61855e-16 0)
(1.1 9.71125e-16 0)
(1.1 2.05998e-16 0)
(1.1 1.43929e-16 0)
(1.1 4.73981e-16 0)
(1.09408 -0.00663454 0)
(0.840389 -0.116869 0)
(0.605343 -0.170627 0)
(1.1 1.22263e-16 0)
(1.1 8.37234e-17 0)
(1.1 -4.37515e-16 0)
(1.1 9.88529e-16 0)
(1.1 2.12166e-16 0)
(1.1 7.8203e-16 0)
(1.1 -7.56345e-18 0)
(1.1 -3.29092e-16 0)
(1.1 1.17629e-15 0)
(1.1 -1.0389e-15 0)
(1.1 -2.15143e-16 0)
(1.1 -8.71456e-16 0)
(1.1 6.85515e-16 0)
(1.1 1.36338e-15 0)
(1.1 -1.22097e-15 0)
(1.1 -1.128e-15 0)
(1.1 -4.41692e-16 0)
(1.1 -5.93586e-16 0)
(1.1 -1.41682e-16 0)
(1.1 1.08438e-15 0)
(1.1 5.12473e-16 0)
(1.1 2.76629e-16 0)
(1.1 8.96541e-16 0)
(1.09128 -0.00804616 0)
(0.823584 -0.115665 0)
(0.592342 -0.16646 0)
(1.1 1.28325e-16 0)
(1.1 -8.37219e-16 0)
(1.1 -7.38909e-16 0)
(1.1 1.40122e-15 0)
(1.1 -3.91031e-16 0)
(1.1 8.53871e-16 0)
(1.1 -2.69946e-16 0)
(1.1 -3.72854e-16 0)
(1.1 2.30342e-16 0)
(1.1 -4.22344e-16 0)
(1.1 2.28373e-16 0)
(1.1 -9.57778e-16 0)
(1.1 9.42662e-16 0)
(1.1 1.53886e-15 0)
(1.1 -1.67851e-15 0)
(1.1 -5.49624e-16 0)
(1.1 -3.77952e-16 0)
(1.1 -8.75359e-16 0)
(1.1 -5.59508e-16 0)
(1.1 1.09464e-15 0)
(1.1 2.49395e-16 0)
(1.1 5.24098e-16 0)
(1.1 7.95665e-16 0)
(1.08801 -0.00930212 0)
(0.807425 -0.113667 0)
(0.578477 -0.161691 0)
(1.1 -5.20411e-16 0)
(1.1 -8.87336e-16 0)
(1.1 -1.11624e-15 0)
(1.1 5.69865e-16 0)
(1.1 -8.93575e-16 0)
(1.1 5.2042e-17 0)
(1.1 -1.28601e-15 0)
(1.1 -8.41506e-16 0)
(1.1 -1.44882e-16 0)
(1.1 -8.59069e-16 0)
(1.1 1.12156e-16 0)
(1.1 -4.5513e-16 0)
(1.1 1.05168e-15 0)
(1.1 7.85034e-16 0)
(1.1 -1.84171e-15 0)
(1.1 -8.65084e-16 0)
(1.1 -5.78483e-16 0)
(1.1 -5.62321e-16 0)
(1.1 -6.64595e-16 0)
(1.1 7.51808e-16 0)
(1.1 2.02016e-16 0)
(1.1 3.14985e-16 0)
(1.1 5.66157e-16 0)
(1.08434 -0.0103343 0)
(0.791804 -0.110893 0)
(0.563428 -0.15616 0)
(1.1 -2.83733e-16 0)
(1.1 -3.47629e-16 0)
(1.1 -1.84386e-15 0)
(1.1 -3.9638e-16 0)
(1.1 -1.16159e-16 0)
(1.1 -9.09165e-16 0)
(1.1 -6.33937e-16 0)
(1.1 -4.64302e-16 0)
(1.1 -2.88071e-16 0)
(1.1 -8.00127e-16 0)
(1.1 7.06172e-16 0)
(1.1 -8.72243e-17 0)
(1.1 8.17945e-16 0)
(1.1 5.23692e-16 0)
(1.1 -1.37294e-15 0)
(1.1 -1.26749e-15 0)
(1.1 -2.44745e-16 0)
(1.1 -1.02988e-16 0)
(1.1 -2.38205e-16 0)
(1.1 8.32505e-16 0)
(1.1 5.79946e-16 0)
(1.1 5.93732e-16 0)
(1.1 5.12283e-16 0)
(1.08033 -0.0110849 0)
(0.776617 -0.107198 0)
(0.546735 -0.149711 0)
(1.1 2.26206e-16 0)
(1.1 -9.91938e-16 0)
(1.1 -1.33994e-15 0)
(1.1 -6.52367e-16 0)
(1.1 -9.08373e-16 0)
(1.1 -1.25798e-15 0)
(1.1 -3.31957e-16 0)
(1.1 8.88111e-16 0)
(1.1 8.03322e-16 0)
(1.1 -4.76256e-16 0)
(1.1 -1.58965e-16 0)
(1.1 -5.48586e-16 0)
(1.1 8.12604e-16 0)
(1.1 -6.0618e-17 0)
(1.1 -7.74841e-16 0)
(1.1 -1.81322e-15 0)
(1.1 -3.90353e-16 0)
(1.1 6.96337e-18 0)
(1.1 1.10418e-16 0)
(1.1 1.08986e-15 0)
(1.1 7.90746e-16 0)
(1.1 1.08987e-15 0)
(1.1 9.92635e-16 0)
(1.07612 -0.0114876 0)
(0.76175 -0.102454 0)
(0.527799 -0.142121 0)
(1.1 -1.20769e-16 0)
(1.1 -9.07362e-16 0)
(1.1 -2.24113e-16 0)
(1.1 -1.04537e-15 0)
(1.1 -1.62825e-15 0)
(1.1 -1.03539e-15 0)
(1.1 2.31657e-17 0)
(1.1 1.64339e-15 0)
(1.1 7.52499e-16 0)
(1.1 5.39001e-16 0)
(1.1 -1.17685e-15 0)
(1.1 -3.00254e-16 0)
(1.1 3.94633e-16 0)
(1.1 -3.3346e-16 0)
(1.1 -5.26396e-16 0)
(1.1 -1.95895e-15 0)
(1.1 -1.45732e-15 0)
(1.1 4.39206e-16 0)
(1.1 1.03948e-15 0)
(1.1 1.26019e-15 0)
(1.1 8.13088e-16 0)
(1.1 1.52145e-15 0)
(1.1 1.33768e-15 0)
(1.07181 -0.0113911 0)
(0.747038 -0.0965439 0)
(0.505962 -0.133279 0)
(1.1 -9.90039e-16 0)
(1.1 -7.41047e-16 0)
(1.1 7.77547e-16 0)
(1.1 -1.01553e-15 0)
(1.1 -1.22397e-15 0)
(1.1 -1.96507e-15 0)
(1.1 5.98452e-16 0)
(1.1 1.87566e-15 0)
(1.1 7.49174e-16 0)
(1.1 -4.28638e-16 0)
(1.1 -1.82163e-15 0)
(1.1 2.62654e-16 0)
(1.1 7.0492e-16 0)
(1.1 -2.18683e-16 0)
(1.1 -1.05639e-15 0)
(1.1 -1.75668e-15 0)
(1.1 -1.06172e-15 0)
(1.1 4.79091e-16 0)
(1.1 1.52561e-15 0)
(1.1 1.78628e-15 0)
(1.1 1.2977e-15 0)
(1.1 1.87935e-15 0)
(1.1 1.62324e-15 0)
(1.06758 -0.0108481 0)
(0.732442 -0.0891734 0)
(0.481461 -0.123093 0)
(1.1 -1.50565e-15 0)
(1.1 -6.02806e-16 0)
(1.1 7.96367e-16 0)
(1.1 -1.28331e-15 0)
(1.1 -3.48682e-16 0)
(1.1 -1.10168e-15 0)
(1.1 4.2167e-16 0)
(1.1 2.17789e-15 0)
(1.1 9.12953e-16 0)
(1.1 -8.57505e-16 0)
(1.1 -1.02742e-15 0)
(1.1 4.05503e-16 0)
(1.1 5.51551e-16 0)
(1.1 -1.29709e-15 0)
(1.1 -1.33531e-15 0)
(1.1 -1.32348e-15 0)
(1.1 -8.51024e-16 0)
(1.1 1.03557e-15 0)
(1.1 2.04263e-15 0)
(1.1 1.78756e-15 0)
(1.1 1.46134e-15 0)
(1.1 1.72292e-15 0)
(1.1 9.32652e-16 0)
(1.06357 -0.00991881 0)
(0.71819 -0.0802055 0)
(0.454946 -0.111555 0)
(1.1 -1.13272e-15 0)
(1.1 -3.00725e-16 0)
(1.1 5.69565e-16 0)
(1.1 -1.55286e-15 0)
(1.1 -1.00588e-15 0)
(1.1 -9.56466e-16 0)
(1.1 3.0134e-16 0)
(1.1 1.83412e-15 0)
(1.1 1.08674e-15 0)
(1.1 -1.03731e-15 0)
(1.1 -5.80518e-16 0)
(1.1 1.64821e-16 0)
(1.1 7.09997e-16 0)
(1.1 -9.28284e-16 0)
(1.1 -1.65982e-15 0)
(1.1 -1.53575e-15 0)
(1.1 -4.7065e-16 0)
(1.1 1.06145e-15 0)
(1.1 1.71369e-15 0)
(1.1 2.17215e-15 0)
(1.1 1.45832e-15 0)
(1.1 4.21963e-16 0)
(1.1 1.66527e-16 0)
(1.06001 -0.00860907 0)
(0.704996 -0.069346 0)
(0.427122 -0.0978456 0)
(1.1 -7.84528e-16 0)
(1.1 -1.7346e-16 0)
(1.1 6.75707e-16 0)
(1.1 -1.48399e-15 0)
(1.1 -1.9767e-15 0)
(1.1 -1.62688e-15 0)
(1.1 -2.4275e-16 0)
(1.1 8.29687e-16 0)
(1.1 7.49257e-16 0)
(1.1 -2.86636e-16 0)
(1.1 -4.85132e-16 0)
(1.1 3.25905e-16 0)
(1.1 -2.93425e-17 0)
(1.1 -7.95485e-16 0)
(1.1 -1.86564e-15 0)
(1.1 -1.64536e-15 0)
(1.1 4.32322e-18 0)
(1.1 1.16652e-16 0)
(1.1 1.67885e-15 0)
(1.1 2.3944e-15 0)
(1.1 1.91983e-15 0)
(1.1 1.81384e-16 0)
(1.1 6.75016e-16 0)
(1.05702 -0.00700164 0)
(0.693404 -0.0568051 0)
(0.398205 -0.082019 0)
(1.1 2.05924e-16 0)
(1.1 -8.67535e-16 0)
(1.1 2.53833e-16 0)
(1.1 -6.21434e-16 0)
(1.1 -1.73206e-15 0)
(1.1 -1.27256e-15 0)
(1.1 -1.34323e-15 0)
(1.1 1.01077e-16 0)
(1.1 2.69764e-16 0)
(1.1 6.49256e-16 0)
(1.1 3.67773e-17 0)
(1.1 9.06905e-16 0)
(1.1 -1.26748e-15 0)
(1.1 -5.92133e-16 0)
(1.1 -2.11653e-15 0)
(1.1 -1.97584e-16 0)
(1.1 -4.56179e-16 0)
(1.1 -1.78626e-16 0)
(1.1 1.54922e-15 0)
(1.1 1.91367e-15 0)
(1.1 1.64733e-15 0)
(1.1 9.81881e-16 0)
(1.1 7.58725e-16 0)
(1.05462 -0.00518902 0)
(0.683302 -0.0425167 0)
(0.369587 -0.0618202 0)
(1.1 8.08297e-16 0)
(1.1 -8.13194e-16 0)
(1.1 7.26938e-17 0)
(1.1 -5.54542e-16 0)
(1.1 -1.0832e-15 0)
(1.1 -7.87663e-16 0)
(1.1 -2.08283e-15 0)
(1.1 -2.0359e-16 0)
(1.1 -1.90019e-16 0)
(1.1 -4.51702e-16 0)
(1.1 -1.32925e-15 0)
(1.1 2.316e-16 0)
(1.1 -6.07535e-16 0)
(1.1 1.20235e-16 0)
(1.1 -1.85894e-15 0)
(1.1 -6.44751e-16 0)
(1.1 -4.53004e-16 0)
(1.1 2.12145e-16 0)
(1.1 5.52884e-16 0)
(1.1 9.42664e-16 0)
(1.1 1.25481e-15 0)
(1.1 7.15687e-16 0)
(1.1 8.35658e-16 0)
(1.05283 -0.00318684 0)
(0.67327 -0.0272149 0)
(0.340761 -0.0401518 0)
(1.1 -3.16742e-16 0)
(1.1 5.52666e-17 0)
(1.1 1.87901e-17 0)
(1.1 -9.09194e-16 0)
(1.1 -5.19489e-16 0)
(1.1 -5.01658e-16 0)
(1.1 -1.74767e-15 0)
(1.1 -7.42731e-16 0)
(1.1 -7.81777e-16 0)
(1.1 -9.15949e-17 0)
(1.1 -1.4583e-15 0)
(1.1 -5.83041e-16 0)
(1.1 -5.51643e-16 0)
(1.1 -2.60328e-16 0)
(1.1 -8.47078e-16 0)
(1.1 -1.116e-15 0)
(1.1 -3.69308e-16 0)
(1.1 -2.58159e-16 0)
(1.1 -4.8366e-16 0)
(1.1 -2.40662e-16 0)
(1.1 1.52482e-16 0)
(1.1 2.85149e-17 0)
(1.1 1.05407e-15 0)
(1.05221 -0.000962092 0)
(0.666685 -0.00912813 0)
(0.319175 -0.0142773 0)
(1.1 2.86819e-09 0)
(1.1 -1.64986e-09 0)
(1.1 -8.88782e-07 0)
(1.1 -8.81527e-06 0)
(1.1 -3.29772e-05 0)
(1.09999 -8.10734e-05 0)
(1.09997 -0.000164033 0)
(1.09995 -0.000296984 0)
(1.09989 -0.000504994 0)
(1.09982 -0.000819028 0)
(1.09968 -0.0011023 0)
(1.09946 -0.0014135 0)
(1.09916 -0.00185865 0)
(1.09878 -0.00256005 0)
(1.09822 -0.00374566 0)
(1.09732 -0.00576647 0)
(1.09601 -0.00894428 0)
(1.09404 -0.0138399 0)
(1.09167 -0.0205211 0)
(1.08771 -0.0307129 0)
(1.07673 -0.0520048 0)
(1.03638 -0.0987152 0)
(0.951242 -0.153212 0)
(0.869008 -0.176215 0)
(0.816602 -0.175652 0)
(0.785755 -0.171228 0)
(0.763288 -0.171493 0)
(0.743878 -0.176552 0)
(0.726515 -0.184286 0)
(0.711557 -0.193035 0)
(0.697925 -0.200295 0)
(0.686731 -0.20686 0)
(0.678239 -0.212198 0)
(0.672842 -0.215717 0)
(0.670428 -0.217347 0)
(0.670856 -0.215596 0)
(0.676779 -0.210575 0)
(0.683287 -0.199037 0)
(0.68103 -0.186169 0)
(0.670016 -0.179267 0)
(0.659446 -0.180514 0)
(0.64897 -0.177438 0)
(0.638964 -0.175585 0)
(0.628312 -0.174223 0)
(0.616951 -0.17226 0)
(0.605017 -0.170142 0)
(0.592435 -0.167529 0)
(0.579042 -0.164085 0)
(0.564551 -0.16008 0)
(0.548603 -0.155491 0)
(0.530618 -0.150277 0)
(0.50993 -0.144454 0)
(0.486681 -0.139786 0)
(0.461141 -0.136133 0)
(0.432996 -0.13375 0)
(0.401832 -0.129283 0)
(0.366367 -0.128136 0)
(0.329303 -0.117092 0)
(0.291789 -0.118281 0)
(0.270947 -0.100129 0)
(1.1 4.16633e-16 0)
(1.1 2.47013e-15 0)
(1.1 2.80612e-15 0)
(1.1 -6.85419e-17 0)
(1.1 5.11652e-16 0)
(1.1 -1.48262e-15 0)
(1.1 -9.91033e-16 0)
(1.1 1.22529e-15 0)
(1.1 1.73565e-15 0)
(1.1 1.85096e-15 0)
(1.1 -7.09735e-18 0)
(1.1 -3.50821e-16 0)
(1.1 -1.31487e-17 0)
(1.1 -5.05157e-16 0)
(1.1 9.8668e-16 0)
)
;

boundaryField
{
    inlet
    {
        type            uniformFixedValue;
        uniformValue    table
        
2
(
(0 (1.1 0 0))
(8 (3 0 0))
)
;
        value           nonuniform 0();
    }
    outlet
    {
        type            inletOutlet;
        inletValue      nonuniform 0();
        value           nonuniform 0();
    }
    triangle
    {
        type            slip;
    }
    top
    {
        type            symmetryPlane;
    }
    bottom
    {
        type            symmetryPlane;
    }
    defaultFaces
    {
        type            empty;
    }
    procBoundary10to1
    {
        type            processor;
        value           uniform (1.1 -1.89005e-15 0);
    }
    procBoundary10to2
    {
        type            processor;
        value           nonuniform List<vector> 
27
(
(1.1 -1.97103e-15 0)
(1.1 -8.01529e-16 0)
(1.1 6.25105e-16 0)
(1.1 -4.97649e-16 0)
(1.1 5.90785e-16 0)
(1.1 2.25823e-15 0)
(1.1 -3.33811e-16 0)
(1.1 -1.07402e-15 0)
(1.1 -4.82587e-17 0)
(1.1 1.81836e-15 0)
(1.1 2.76327e-15 0)
(1.1 1.18588e-15 0)
(1.1 1.63864e-15 0)
(1.1 1.68738e-15 0)
(1.1 -6.01662e-16 0)
(1.1 -9.6265e-16 0)
(1.1 -1.69463e-15 0)
(1.1 -1.31581e-15 0)
(1.1 1.2469e-15 0)
(1.1 2.86631e-15 0)
(1.1 2.72654e-15 0)
(1.1 4.78218e-16 0)
(1.1 4.38062e-16 0)
(1.1 1.97665e-16 0)
(1.1 -7.45425e-18 0)
(1.1 1.38525e-15 0)
(1.1 2.76327e-15 0)
)
;
    }
    procBoundary10to3
    {
        type            processor;
        value           uniform (1.1 1.4798e-15 0);
    }
    procBoundary10to9
    {
        type            processor;
        value           nonuniform List<vector> 
120
(
(1.1 3.49534e-16 0)
(1.1 -1.35922e-15 0)
(1.1 -2.10373e-15 0)
(1.1 -2.31861e-15 0)
(1.1 -1.9439e-15 0)
(1.1 -2.3338e-15 0)
(1.1 -2.16176e-15 0)
(1.1 -2.19776e-15 0)
(1.1 -2.33302e-15 0)
(1.1 -1.28924e-15 0)
(1.1 -1.37018e-15 0)
(1.1 -1.41456e-15 0)
(1.1 -8.71375e-16 0)
(1.1 -1.07164e-15 0)
(1.1 -8.75665e-16 0)
(1.1 -1.74821e-16 0)
(1.1 3.03951e-16 0)
(1.1 5.04462e-16 0)
(1.1 1.34288e-15 0)
(1.1 9.82745e-16 0)
(1.1 -7.44555e-17 0)
(1.1 8.78893e-16 0)
(1.1 3.36078e-16 0)
(1.1 -4.8409e-16 0)
(1.1 -1.24422e-15 0)
(1.1 -1.61764e-15 0)
(1.1 -3.54441e-16 0)
(1.1 -7.62951e-16 0)
(1.1 -1.19674e-15 0)
(1.1 -3.3054e-16 0)
(1.1 -1.10595e-16 0)
(1.1 -6.01937e-16 0)
(1.1 -4.70485e-16 0)
(1.1 6.31071e-16 0)
(1.1 6.0763e-16 0)
(1.1 8.92441e-16 0)
(1.1 1.59165e-15 0)
(1.1 1.18531e-15 0)
(1.1 8.53786e-16 0)
(1.1 4.05999e-16 0)
(1.1 4.43824e-17 0)
(1.1 3.36052e-16 0)
(1.1 1.1743e-15 0)
(1.1 9.84799e-16 0)
(1.1 7.89793e-16 0)
(1.1 5.30511e-16 0)
(1.1 3.91417e-16 0)
(1.1 5.70515e-16 0)
(1.1 8.54264e-16 0)
(1.1 1.32359e-16 0)
(1.1 -1.58338e-17 0)
(1.1 8.23839e-16 0)
(1.1 1.61123e-15 0)
(1.1 2.32037e-15 0)
(1.1 1.7838e-15 0)
(1.1 1.35685e-15 0)
(1.1 1.15128e-15 0)
(1.1 1.56908e-15 0)
(1.1 1.8037e-15 0)
(1.1 1.71377e-15 0)
(1.1 3.12855e-15 0)
(1.1 3.35096e-15 0)
(1.1 1.72492e-15 0)
(1.1 1.06715e-15 0)
(1.1 1.1864e-15 0)
(1.1 1.63749e-16 0)
(1.1 -2.73047e-17 0)
(1.1 4.13957e-16 0)
(1.1 9.21701e-17 0)
(1.1 -1.44099e-16 0)
(1.1 5.98856e-16 0)
(1.1 1.64943e-15 0)
(1.1 1.38778e-15 0)
(1.1 5.66475e-16 0)
(1.1 3.81184e-17 0)
(1.1 -1.01911e-15 0)
(1.1 -1.22192e-15 0)
(1.1 -7.598e-16 0)
(1.1 -9.36104e-16 0)
(1.1 -4.08542e-16 0)
(1.1 -4.40794e-16 0)
(1.1 -1.27974e-15 0)
(1.1 -1.33983e-15 0)
(1.1 -3.95735e-16 0)
(1.1 1.57136e-16 0)
(1.1 3.69101e-16 0)
(1.1 4.68061e-16 0)
(1.1 1.76604e-16 0)
(1.1 -4.55071e-16 0)
(1.1 -5.50398e-17 0)
(1.1 -1.04291e-15 0)
(1.1 -1.19638e-15 0)
(1.1 -7.70708e-18 0)
(1.1 6.33749e-16 0)
(1.1 1.143e-15 0)
(1.1 1.43729e-15 0)
(1.1 1.03061e-15 0)
(1.1 -9.75076e-17 0)
(1.1 -3.86064e-16 0)
(1.1 -1.55223e-16 0)
(1.1 -6.1918e-16 0)
(1.1 -7.94064e-16 0)
(1.1 -1.21114e-15 0)
(1.1 -1.84513e-15 0)
(1.1 -8.36376e-16 0)
(1.1 2.22704e-16 0)
(1.1 3.46225e-16 0)
(1.1 4.99365e-16 0)
(1.1 2.95585e-16 0)
(1.1 -2.21572e-16 0)
(1.1 -5.68934e-16 0)
(1.1 -8.17202e-16 0)
(1.1 -1.00944e-15 0)
(1.1 1.65398e-16 0)
(1.1 5.8721e-16 0)
(1.1 4.90778e-16 0)
(1.1 -2.17696e-16 0)
(1.1 6.0121e-17 0)
(1.1 -1.96043e-16 0)
(1.1 -1.22838e-16 0)
)
;
    }
    procBoundary10to11
    {
        type            processor;
        value           nonuniform List<vector> 
122
(
(0.313786 0.120817 0)
(1.1 1.20757e-15 0)
(1.1 1.08445e-15 0)
(1.1 1.06099e-15 0)
(1.1 6.28806e-16 0)
(1.1 1.07061e-15 0)
(1.1 1.54429e-15 0)
(1.1 7.83675e-16 0)
(1.1 2.89226e-16 0)
(1.1 -2.4134e-16 0)
(1.1 1.80237e-17 0)
(1.1 6.88584e-18 0)
(1.1 -4.12847e-16 0)
(1.1 5.57395e-17 0)
(1.1 -1.02141e-16 0)
(1.1 -2.52868e-16 0)
(1.1 -1.44472e-16 0)
(1.1 1.27229e-16 0)
(1.1 5.04724e-17 0)
(1.1 7.88409e-17 0)
(1.1 -1.19094e-16 0)
(1.1 -3.9045e-16 0)
(1.1 -2.40481e-16 0)
(1.1 6.12769e-16 0)
(1.1 9.99349e-16 0)
(1.1 1.43448e-15 0)
(1.1 1.51096e-15 0)
(1.1 1.26475e-15 0)
(1.1 9.3627e-16 0)
(1.1 8.50887e-16 0)
(1.1 5.15868e-16 0)
(1.1 2.07325e-16 0)
(1.1 9.10184e-16 0)
(1.1 7.1339e-16 0)
(1.1 3.865e-16 0)
(1.1 1.77398e-16 0)
(1.1 -5.02482e-16 0)
(1.1 -6.78725e-16 0)
(1.1 -6.29588e-16 0)
(1.1 -7.48378e-16 0)
(1.1 -9.79746e-16 0)
(1.1 -1.11853e-15 0)
(1.1 -2.83784e-16 0)
(1.1 -1.51689e-16 0)
(1.1 -7.15845e-16 0)
(1.1 -7.583e-16 0)
(1.1 -7.56955e-16 0)
(1.1 -8.17401e-16 0)
(1.1 -7.62296e-16 0)
(1.1 -8.10269e-16 0)
(1.1 -6.57541e-16 0)
(1.1 -1.00017e-15 0)
(1.1 -8.82462e-16 0)
(1.1 -2.42604e-16 0)
(1.1 -7.45419e-16 0)
(1.1 -9.9257e-16 0)
(1.1 -7.50024e-16 0)
(1.1 -2.40638e-16 0)
(1.1 8.50147e-15 0)
(1.1 6.06942e-12 0)
(1.1 3.9743e-10 0)
(1.1 3.9743e-10 0)
(1.1 2.58136e-09 0)
(1.1 -7.3588e-10 0)
(1.1 -5.96944e-07 0)
(1.1 -7.21396e-06 0)
(1.1 -2.99863e-05 0)
(1.09999 -7.6815e-05 0)
(1.09997 -0.000156918 0)
(1.09995 -0.000285782 0)
(1.0999 -0.000493439 0)
(1.09982 -0.000815999 0)
(1.0997 -0.00115665 0)
(1.09949 -0.00149958 0)
(1.09918 -0.00195706 0)
(1.09879 -0.00266857 0)
(1.09823 -0.00384621 0)
(1.09734 -0.00587408 0)
(1.0961 -0.00907202 0)
(1.09443 -0.0136792 0)
(1.09239 -0.0201789 0)
(1.08555 -0.033644 0)
(1.04207 -0.0779542 0)
(0.93012 -0.154279 0)
(0.842037 -0.189675 0)
(0.795054 -0.192572 0)
(0.773275 -0.18853 0)
(0.76239 -0.183862 0)
(0.752639 -0.182481 0)
(0.744113 -0.184381 0)
(0.732187 -0.187786 0)
(0.718392 -0.194857 0)
(0.704577 -0.201583 0)
(0.692925 -0.207792 0)
(0.683797 -0.212812 0)
(0.677005 -0.216305 0)
(0.672576 -0.218006 0)
(0.670478 -0.2175 0)
(0.671408 -0.213353 0)
(0.675549 -0.203584 0)
(0.674954 -0.191719 0)
(0.667234 -0.183852 0)
(0.65823 -0.18435 0)
(0.649563 -0.181712 0)
(0.641366 -0.178832 0)
(0.631428 -0.177381 0)
(0.620328 -0.175508 0)
(0.60849 -0.173438 0)
(0.595866 -0.171263 0)
(0.582454 -0.168429 0)
(0.568155 -0.165061 0)
(0.55274 -0.161191 0)
(0.535704 -0.156799 0)
(0.516661 -0.151831 0)
(0.495836 -0.147497 0)
(0.47324 -0.143214 0)
(0.447878 -0.141104 0)
(0.418973 -0.135684 0)
(0.38475 -0.134773 0)
(0.349552 -0.121412 0)
(0.320937 -0.128 0)
(0.313786 -0.120817 0)
)
;
    }
    procBoundary10to17
    {
        type            processor;
        value           uniform (1.1 1.46106e-16 0);
    }
    procBoundary10to18
    {
        type            processor;
        value           nonuniform List<vector> 
28
(
(0.291789 0.118281 0)
(1.1 -1.32763e-15 0)
(1.1 -4.04591e-16 0)
(1.1 4.20011e-16 0)
(1.1 1.01663e-15 0)
(1.1 -1.44223e-15 0)
(1.1 -1.04948e-17 0)
(1.1 6.4567e-16 0)
(1.1 -9.92262e-16 0)
(1.1 -2.53053e-17 0)
(1.1 5.19824e-16 0)
(1.1 -5.41378e-16 0)
(1.1 2.07791e-16 0)
(1.1 4.77818e-16 0)
(1.1 -9.00181e-16 0)
(1.1 1.14862e-16 0)
(1.1 8.60456e-17 0)
(1.1 -1.80243e-16 0)
(1.1 -5.27438e-17 0)
(1.1 -3.09007e-17 0)
(1.1 -5.97681e-16 0)
(1.05283 0.00318684 0)
(0.67327 0.0272149 0)
(0.340761 0.0401518 0)
(1.1 9.21228e-16 0)
(1.1 4.52974e-16 0)
(1.1 -1.32763e-15 0)
(1.1 -8.00979e-16 0)
)
;
    }
}


// ************************************************************************* //
