/*--------------------------------*- C++ -*----------------------------------*\
  =========                 |
  \\      /  F ield         | OpenFOAM: The Open Source CFD Toolbox
   \\    /   O peration     | Website:  https://openfoam.org
    \\  /    A nd           | Version:  7
     \\/     M anipulation  |
\*---------------------------------------------------------------------------*/
FoamFile
{
    version     2.0;
    format      ascii;
    class       labelList;
    location    "constant/polyMesh";
    object      pointProcAddressing;
}
// * * * * * * * * * * * * * * * * * * * * * * * * * * * * * * * * * * * * * //


750
(
1327
1328
1329
1330
1332
1333
1334
1335
1336
1337
1338
1339
1340
1342
1343
1344
1345
1346
1347
1348
1349
1350
1352
1353
1354
1355
1356
1357
1358
1359
1360
1362
1363
1364
1365
1366
1367
1368
1369
1370
1372
1373
1374
1375
1376
1377
1378
1379
1380
1382
1383
1384
1385
1386
1387
1388
1389
1390
1392
1393
1394
1395
1396
1397
1398
1399
1400
1402
1403
1404
1405
1406
1407
1408
1409
1410
1412
1413
1414
1415
1416
1417
1418
1419
1420
1422
1423
1424
1425
1426
1427
1428
1429
1430
1432
1433
1434
1435
1436
1437
1438
1439
1440
1442
1443
1444
1445
1446
1447
1448
1449
1450
1452
1453
1454
1455
1456
1457
1458
1459
1460
1462
1463
1464
1465
1466
1467
1468
1469
1470
1472
1473
1474
1475
1476
1477
1478
1479
1480
1482
1483
1484
1485
1486
1487
1488
1489
1490
1492
1493
1494
1495
1496
1497
1498
1499
1500
1502
1503
1504
1505
1506
1507
1508
1509
1510
1512
1513
1514
1515
1516
1517
1518
1519
1520
1522
1523
1524
1525
1526
1527
1528
1529
1530
1537
1538
1539
1540
1542
1543
1544
1545
1546
1547
1548
1549
1550
1552
1553
1554
1555
1556
1557
1558
1559
1560
1562
1563
1564
1565
1566
1567
1568
1569
1570
1572
1573
1574
1575
1576
1577
1578
1579
1580
1582
1583
1584
1585
1586
1587
1588
1589
1590
1592
1593
1594
1595
1596
1597
1598
1599
1600
1602
1603
1604
1605
1606
1607
1608
1609
1610
1612
1613
1614
1615
1616
1617
1618
1619
1620
1622
1623
1624
1625
1626
1627
1628
1629
1630
1632
1633
1634
1635
1636
1637
1638
1639
1640
1642
1643
1644
1645
1646
1647
1648
1649
1650
1652
1653
1654
1655
1656
1657
1658
1659
1660
1662
1663
1664
1665
1666
1667
1668
1669
1670
1672
1673
1674
1675
1676
1677
1678
1679
1680
1682
1683
1684
1685
1686
1687
1688
1689
1690
1692
1693
1694
1695
1696
1697
1698
1699
1700
1702
1703
1704
1705
1706
1707
1708
1709
1710
1712
1713
1714
1715
1716
1717
1718
1719
1720
1722
1723
1724
1725
1726
1727
1728
1729
1730
1732
1733
1734
1735
1736
1737
1738
1739
1740
4280
4281
4282
4283
4284
4285
4286
4287
4288
4290
4291
4292
4293
4294
4295
4296
4297
4298
4300
4301
4302
4303
4304
4305
4306
4307
4308
4310
4311
4312
4313
4314
4315
4316
4317
4318
4320
4321
4322
4323
4324
4325
4326
4327
4328
4330
4331
4332
4333
4334
4335
4336
4337
4338
4340
4341
4342
4343
4344
4345
4346
4347
4348
4350
4351
4352
4353
4354
4355
4356
4357
4358
4360
4361
4362
4363
4364
4365
4366
4367
4368
4370
4371
4372
4373
4374
4375
4376
4377
4378
4379
4380
4381
4382
4383
4384
4385
4386
4387
4388
4389
4390
4391
4392
4393
4394
4395
4396
4397
4398
4399
4400
4401
4402
4403
4404
4405
4406
4407
4408
4409
4410
4411
4412
4413
4414
4415
4416
4417
4418
4419
4420
4421
4422
4423
4424
4425
4426
4427
4428
4429
4430
4431
4432
4433
4434
4435
4436
4437
4438
4439
4440
4441
4442
4443
4444
4445
4446
4447
4448
4449
4450
4451
4452
4453
4454
4455
4456
4457
4458
4459
4460
4461
4462
4463
4464
4465
4466
4467
4468
4469
4470
4471
4472
4473
4474
4475
4476
4477
4478
4479
4480
4481
4482
4483
4484
4485
4486
4487
4488
4490
4491
4492
4493
4494
4495
4496
4497
4498
4500
4501
4502
4503
4504
4505
4506
4507
4508
4510
4511
4512
4513
4514
4515
4516
4517
4518
4520
4521
4522
4523
4524
4525
4526
4527
4528
4530
4531
4532
4533
4534
4535
4536
4537
4538
4540
4541
4542
4543
4544
4545
4546
4547
4548
4550
4551
4552
4553
4554
4555
4556
4557
4558
4560
4561
4562
4563
4564
4565
4566
4567
4568
4570
4571
4572
4573
4574
4575
4576
4577
4578
4579
4580
4581
4582
4583
4584
4585
4586
4587
4588
4589
4590
4591
4592
4593
4594
4595
4596
4597
4598
4599
4600
4601
4602
4603
4604
4605
4606
4607
4608
4609
4610
4611
4612
4613
4614
4615
4616
4617
4618
4619
4620
4621
4622
4623
4624
4625
4626
4627
4628
4629
4630
4631
4632
4633
4634
4635
4636
4637
4638
4639
4640
4641
4642
4643
4644
4645
4646
4647
4648
4649
4650
4651
4652
4653
4654
4655
4656
4657
4658
4659
4660
4661
4662
4663
4664
4665
4666
4667
4668
4669
4670
4671
4672
4673
4674
4675
4676
4677
4678
4679
)


// ************************************************************************* //
