/*--------------------------------*- C++ -*----------------------------------*\
  =========                 |
  \\      /  F ield         | OpenFOAM: The Open Source CFD Toolbox
   \\    /   O peration     | Website:  https://openfoam.org
    \\  /    A nd           | Version:  7
     \\/     M anipulation  |
\*---------------------------------------------------------------------------*/
FoamFile
{
    version     2.0;
    format      ascii;
    class       volVectorField;
    location    "0.3";
    object      U;
}
// * * * * * * * * * * * * * * * * * * * * * * * * * * * * * * * * * * * * * //

dimensions      [0 1 -1 0 0 0 0];

internalField   nonuniform List<vector> 
3225
(
(1.12517 6.01789e-16 0)
(1.12473 -2.10632e-15 0)
(1.1243 1.12268e-15 0)
(1.12385 -2.57482e-15 0)
(1.12341 1.49932e-16 0)
(1.12296 -2.29287e-15 0)
(1.12251 -7.58735e-16 0)
(1.12205 1.16637e-15 0)
(1.12159 -6.05374e-16 0)
(1.12112 -9.57125e-16 0)
(1.12065 -3.19164e-16 0)
(1.12018 -2.28227e-15 0)
(1.1197 6.69812e-16 0)
(1.11921 -2.98568e-16 0)
(1.11872 -1.13429e-15 0)
(1.11823 6.5297e-16 0)
(1.11773 -1.43482e-15 0)
(1.11723 1.41139e-15 0)
(1.11672 -4.19806e-15 0)
(1.11621 9.23487e-16 0)
(1.11569 -3.30081e-16 0)
(1.11517 3.68094e-15 0)
(1.11465 -5.60146e-17 0)
(1.11412 1.58493e-15 0)
(1.11358 -2.88517e-15 0)
(1.11304 3.84143e-15 0)
(1.11249 -7.4493e-15 0)
(1.12517 5.57765e-16 0)
(1.12473 -2.65904e-15 0)
(1.1243 1.41568e-15 0)
(1.12385 -2.36639e-15 0)
(1.12341 2.67621e-16 0)
(1.12296 -2.57957e-15 0)
(1.12251 -8.36944e-16 0)
(1.12205 1.48844e-15 0)
(1.12159 -8.7501e-16 0)
(1.12112 -1.0384e-15 0)
(1.12065 -4.00747e-17 0)
(1.12018 -2.65718e-15 0)
(1.1197 6.1697e-16 0)
(1.11921 -6.77901e-16 0)
(1.11872 -1.09751e-15 0)
(1.11823 7.09015e-16 0)
(1.11773 -1.48588e-15 0)
(1.11723 5.87423e-16 0)
(1.1256 -2.39443e-16 0)
(1.12517 -6.44676e-16 0)
(1.12473 -2.51834e-16 0)
(1.1243 -6.26036e-16 0)
(1.12385 2.6205e-16 0)
(1.12341 -4.64525e-17 0)
(1.12296 2.26013e-16 0)
(1.12251 -2.22121e-16 0)
(1.12205 -3.8568e-16 0)
(1.12159 -1.09822e-18 0)
(1.12112 2.61679e-16 0)
(1.12065 4.23578e-16 0)
(1.12018 -1.02593e-17 0)
(1.1197 6.39391e-17 0)
(1.11921 5.80305e-16 0)
(1.11872 3.39928e-16 0)
(1.11823 -2.04418e-16 0)
(1.11773 3.17653e-16 0)
(1.11723 4.18613e-16 0)
(1.11672 5.13234e-16 0)
(1.11621 4.10554e-16 0)
(1.11569 4.26079e-16 0)
(1.11517 5.67725e-16 0)
(1.11465 9.34203e-17 0)
(1.11412 -3.41795e-16 0)
(1.11358 3.9517e-16 0)
(1.11304 -3.32079e-17 0)
(1.1256 -2.95626e-16 0)
(1.12517 -9.88058e-16 0)
(1.12473 -1.03578e-16 0)
(1.1243 -7.51625e-16 0)
(1.12385 2.35097e-16 0)
(1.12341 -2.64201e-16 0)
(1.12296 5.20492e-16 0)
(1.12251 -7.62404e-16 0)
(1.12205 -8.51172e-16 0)
(1.12159 -3.02919e-16 0)
(1.12112 1.14172e-15 0)
(1.12065 5.18599e-16 0)
(1.12018 -3.70914e-16 0)
(1.1197 1.04305e-16 0)
(1.11921 7.40701e-16 0)
(1.11872 -8.3128e-17 0)
(1.11823 -8.631e-16 0)
(1.11773 1.84923e-16 0)
(1.11723 4.45411e-16 0)
(1.11672 4.68325e-16 0)
(1.11621 2.66007e-16 0)
(1.11569 7.71604e-16 0)
(1.11517 9.13141e-16 0)
(1.11465 4.19189e-16 0)
(1.11412 -2.26681e-16 0)
(1.11358 9.36576e-16 0)
(1.11304 -3.78892e-16 0)
(1.1256 5.71448e-16 0)
(1.12517 -9.10467e-16 0)
(1.12473 4.29679e-16 0)
(1.1243 -1.43979e-15 0)
(1.12385 -1.95203e-16 0)
(1.12341 2.04645e-16 0)
(1.12296 3.25038e-17 0)
(1.12251 -7.5475e-16 0)
(1.12205 -2.256e-16 0)
(1.12159 -4.65083e-16 0)
(1.12112 1.35634e-15 0)
(1.12065 1.95815e-16 0)
(1.12018 -7.3494e-16 0)
(1.1197 -2.04867e-16 0)
(1.11921 7.9258e-16 0)
(1.11872 -4.47537e-17 0)
(1.11823 -9.08012e-16 0)
(1.11773 2.41076e-16 0)
(1.11723 9.3662e-16 0)
(1.11672 1.28794e-15 0)
(1.11621 5.74063e-17 0)
(1.11569 1.04151e-15 0)
(1.11517 1.13744e-15 0)
(1.11465 1.07396e-15 0)
(1.11412 -2.72736e-16 0)
(1.11358 2.08865e-15 0)
(1.11304 -5.03799e-16 0)
(1.1256 7.07871e-16 0)
(1.12517 -7.33747e-16 0)
(1.12473 1.0104e-15 0)
(1.1243 -1.74639e-15 0)
(1.12385 -9.39495e-16 0)
(1.12341 2.72965e-16 0)
(1.12296 -3.1229e-16 0)
(1.12251 4.36068e-17 0)
(1.12205 6.87578e-16 0)
(1.12159 -4.68899e-16 0)
(1.12112 1.27788e-15 0)
(1.12065 -1.07496e-16 0)
(1.12018 -3.00835e-16 0)
(1.1197 -1.50915e-16 0)
(1.11921 8.85883e-16 0)
(1.11872 -9.4424e-16 0)
(1.11823 -4.36883e-16 0)
(1.11773 -2.14635e-16 0)
(1.11723 1.041e-15 0)
(1.11672 1.31133e-15 0)
(1.11621 4.8501e-17 0)
(1.11569 9.59561e-16 0)
(1.11517 1.53785e-15 0)
(1.11465 1.38747e-15 0)
(1.11412 -9.18352e-16 0)
(1.11358 2.2141e-15 0)
(1.11304 -4.54927e-16 0)
(1.1256 1.17477e-15 0)
(1.12517 -5.48248e-16 0)
(1.12473 1.25325e-15 0)
(1.1243 -2.06192e-15 0)
(1.12385 -1.78972e-15 0)
(1.12341 -1.28498e-17 0)
(1.12296 -8.25896e-16 0)
(1.12251 5.52177e-16 0)
(1.12205 5.48187e-16 0)
(1.12159 -2.357e-16 0)
(1.12112 1.51417e-15 0)
(1.12065 1.3988e-16 0)
(1.12018 -3.68082e-16 0)
(1.1197 2.13923e-17 0)
(1.11921 1.57744e-15 0)
(1.11872 -1.40347e-15 0)
(1.11823 -2.00591e-16 0)
(1.11773 -6.40956e-16 0)
(1.11723 1.24724e-15 0)
(1.11672 3.23895e-16 0)
(1.11621 2.4107e-16 0)
(1.11569 1.90121e-16 0)
(1.11517 1.80136e-15 0)
(1.11465 1.44639e-15 0)
(1.11412 -1.48872e-15 0)
(1.11358 2.32043e-15 0)
(1.11304 -7.67422e-16 0)
(1.1256 1.64969e-15 0)
(1.12517 -6.81888e-16 0)
(1.12473 1.20498e-15 0)
(1.1243 -2.27208e-15 0)
(1.12385 -1.26725e-15 0)
(1.12341 1.33913e-16 0)
(1.12296 -1.05017e-15 0)
(1.12251 -3.26284e-16 0)
(1.12205 6.5386e-16 0)
(1.12159 -7.4376e-17 0)
(1.12112 1.08207e-15 0)
(1.12065 8.03873e-16 0)
(1.12018 -7.36682e-16 0)
(1.1197 4.571e-16 0)
(1.11921 1.69948e-15 0)
(1.11872 -7.44279e-16 0)
(1.11823 -1.26726e-16 0)
(1.11773 -6.17092e-16 0)
(1.11723 1.72963e-15 0)
(1.11672 5.82345e-16 0)
(1.11621 -1.01648e-15 0)
(1.11569 -4.00901e-16 0)
(1.11517 1.10329e-15 0)
(1.11465 1.82611e-15 0)
(1.11412 -2.08714e-15 0)
(1.11358 2.90186e-15 0)
(1.11304 -1.24171e-15 0)
(1.1256 1.59953e-15 0)
(1.12517 -1.00888e-15 0)
(1.12473 9.9197e-16 0)
(1.1243 -2.13742e-15 0)
(1.12385 -9.38443e-16 0)
(1.12341 2.59235e-16 0)
(1.12296 -9.36186e-16 0)
(1.12251 -3.59889e-16 0)
(1.12205 6.20084e-16 0)
(1.12159 -1.62341e-16 0)
(1.12112 5.99857e-16 0)
(1.12065 1.0933e-15 0)
(1.12018 -1.29178e-15 0)
(1.1197 6.06461e-16 0)
(1.11921 1.54357e-15 0)
(1.11872 -3.54738e-16 0)
(1.11823 4.72476e-16 0)
(1.11773 -9.42154e-16 0)
(1.11723 1.9193e-15 0)
(1.11672 8.82298e-16 0)
(1.11621 -1.85694e-15 0)
(1.11569 -3.42313e-16 0)
(1.11517 8.34557e-16 0)
(1.11465 1.92828e-15 0)
(1.11412 -2.6162e-15 0)
(1.11358 3.85029e-15 0)
(1.11304 -1.63856e-15 0)
(1.1256 1.48007e-15 0)
(1.12517 -1.36716e-15 0)
(1.12473 9.47067e-16 0)
(1.1243 -2.51318e-15 0)
(1.12385 -6.56242e-16 0)
(1.12341 -1.20098e-16 0)
(1.12296 1.68472e-16 0)
(1.12251 2.89624e-16 0)
(1.12205 5.37916e-16 0)
(1.12159 -1.30421e-16 0)
(1.12112 1.94911e-16 0)
(1.12065 1.44716e-15 0)
(1.12018 -1.37469e-15 0)
(1.1197 -2.92724e-16 0)
(1.11921 1.25689e-15 0)
(1.11872 3.74667e-16 0)
(1.11823 1.2235e-15 0)
(1.11773 -1.49471e-15 0)
(1.11723 8.59944e-16 0)
(1.11672 9.53405e-16 0)
(1.11621 -2.27897e-15 0)
(1.11569 9.38048e-17 0)
(1.11517 3.72588e-16 0)
(1.11465 2.07149e-15 0)
(1.11412 -3.03794e-15 0)
(1.11358 4.08661e-15 0)
(1.11304 -2.36779e-15 0)
(1.1256 1.27435e-15 0)
(1.12517 -1.82687e-15 0)
(1.12473 1.29731e-15 0)
(1.1243 -2.76095e-15 0)
(1.12385 -3.7983e-16 0)
(1.12341 -3.69961e-17 0)
(1.12296 8.0418e-16 0)
(1.12251 6.45004e-16 0)
(1.12205 8.76189e-16 0)
(1.12159 8.50745e-17 0)
(1.12112 4.80546e-16 0)
(1.12065 1.94114e-15 0)
(1.12018 -1.07432e-15 0)
(1.1197 -1.32315e-15 0)
(1.11921 9.65658e-16 0)
(1.11872 7.40093e-16 0)
(1.11823 1.74171e-15 0)
(1.11773 -2.36839e-15 0)
(1.11723 1.17913e-15 0)
(1.11672 7.60918e-16 0)
(1.11621 -3.09656e-15 0)
(1.11569 6.06612e-16 0)
(1.11517 -3.64597e-16 0)
(1.11465 2.6776e-15 0)
(1.11412 -3.465e-15 0)
(1.11358 3.73177e-15 0)
(1.11304 -3.0683e-15 0)
(1.1256 8.47403e-16 0)
(1.12517 -2.22869e-15 0)
(1.12473 9.71997e-16 0)
(1.1243 -2.36867e-15 0)
(1.12385 -1.12759e-16 0)
(1.12341 7.06819e-16 0)
(1.12296 1.17952e-15 0)
(1.12251 5.91232e-16 0)
(1.12205 8.43624e-16 0)
(1.12159 2.26712e-16 0)
(1.12112 6.33112e-16 0)
(1.12065 2.60559e-15 0)
(1.12018 -8.58562e-16 0)
(1.1197 -1.45134e-15 0)
(1.11921 1.20105e-15 0)
(1.11872 5.49534e-16 0)
(1.11823 1.84652e-15 0)
(1.11773 -2.7924e-15 0)
(1.11723 1.4158e-15 0)
(1.11672 5.84399e-16 0)
(1.11621 -3.58238e-15 0)
(1.11569 1.05525e-15 0)
(1.11517 -1.87957e-15 0)
(1.11465 2.53933e-15 0)
(1.11412 -3.52201e-15 0)
(1.11358 3.38731e-15 0)
(1.11304 -3.66197e-15 0)
(1.1256 9.29587e-17 0)
(1.12517 -2.13258e-15 0)
(1.12473 1.93492e-16 0)
(1.1243 -2.27004e-15 0)
(1.12385 6.46996e-16 0)
(1.12341 2.1083e-15 0)
(1.12296 1.58829e-15 0)
(1.12251 6.21466e-16 0)
(1.12205 7.93312e-16 0)
(1.12159 -8.56859e-17 0)
(1.12112 4.5345e-16 0)
(1.12065 2.55926e-15 0)
(1.12018 -3.27908e-16 0)
(1.1197 -9.59865e-16 0)
(1.11921 1.98647e-15 0)
(1.11872 1.61341e-16 0)
(1.11823 2.07172e-15 0)
(1.11773 -3.19904e-15 0)
(1.11723 2.8762e-15 0)
(1.11672 3.28618e-16 0)
(1.11621 -4.08827e-15 0)
(1.11569 1.10976e-15 0)
(1.11517 -3.60396e-15 0)
(1.11465 3.05948e-15 0)
(1.11412 -3.49925e-15 0)
(1.11358 2.72129e-15 0)
(1.11304 -3.65426e-15 0)
(1.1256 -3.38932e-16 0)
(1.12517 -1.89452e-15 0)
(1.12473 -2.91719e-16 0)
(1.1243 -2.36878e-15 0)
(1.12385 5.00534e-16 0)
(1.12341 3.0368e-15 0)
(1.12296 1.17851e-15 0)
(1.12251 1.29416e-15 0)
(1.12205 1.00695e-15 0)
(1.12159 -4.40281e-16 0)
(1.12112 8.36451e-16 0)
(1.12065 2.07936e-15 0)
(1.12018 -5.67684e-16 0)
(1.1197 -6.40213e-16 0)
(1.11921 1.97315e-15 0)
(1.11872 -3.02894e-17 0)
(1.11823 1.69875e-15 0)
(1.11773 -3.59658e-15 0)
(1.11723 4.14857e-15 0)
(1.11672 6.54034e-16 0)
(1.11621 -4.4995e-15 0)
(1.11569 1.16647e-15 0)
(1.11517 -4.00119e-15 0)
(1.11465 4.09762e-15 0)
(1.11412 -3.69216e-15 0)
(1.11358 1.96244e-15 0)
(1.11304 -2.9267e-15 0)
(1.1256 -7.95231e-17 0)
(1.12517 -2.2075e-15 0)
(1.12473 -7.18344e-16 0)
(1.1243 -2.45102e-15 0)
(1.12385 -4.60506e-17 0)
(1.12341 3.13959e-15 0)
(1.12296 7.15248e-16 0)
(1.12251 2.00522e-15 0)
(1.12205 9.1475e-16 0)
(1.12159 -4.39575e-16 0)
(1.12112 1.29989e-15 0)
(1.12065 1.09961e-15 0)
(1.12018 -3.62487e-16 0)
(1.1197 9.75087e-17 0)
(1.11921 1.40051e-15 0)
(1.11872 -2.15947e-16 0)
(1.11823 8.77619e-16 0)
(1.11773 -3.3854e-15 0)
(1.11723 4.84502e-15 0)
(1.11672 6.63653e-16 0)
(1.11621 -4.1229e-15 0)
(1.11569 1.39994e-15 0)
(1.11517 -4.26253e-15 0)
(1.11465 4.03571e-15 0)
(1.11412 -4.07101e-15 0)
(1.11358 1.77332e-15 0)
(1.11304 -2.66763e-15 0)
(1.1256 5.18784e-16 0)
(1.12517 -1.30811e-15 0)
(1.12473 -4.50095e-16 0)
(1.1243 -2.26501e-15 0)
(1.12385 -3.00913e-16 0)
(1.12341 3.43192e-15 0)
(1.12296 9.93847e-16 0)
(1.12251 1.53296e-15 0)
(1.12205 1.23066e-15 0)
(1.12159 -9.75267e-16 0)
(1.12112 1.17834e-15 0)
(1.12065 6.48915e-16 0)
(1.12018 -2.80314e-16 0)
(1.1197 8.24003e-16 0)
(1.11921 1.66661e-15 0)
(1.11872 1.89306e-17 0)
(1.11823 5.8691e-16 0)
(1.11773 -2.4838e-15 0)
(1.11723 5.5578e-15 0)
(1.11672 1.66861e-16 0)
(1.11621 -3.72042e-15 0)
(1.11569 2.07909e-15 0)
(1.11517 -5.14475e-15 0)
(1.11465 4.7109e-15 0)
(1.11412 -4.51132e-15 0)
(1.11358 1.72742e-15 0)
(1.11304 -2.36035e-15 0)
(1.1256 7.24648e-16 0)
(1.12517 -7.45238e-16 0)
(1.12473 1.58257e-16 0)
(1.1243 -1.16771e-15 0)
(1.12385 -1.41417e-16 0)
(1.12341 2.77692e-15 0)
(1.12296 1.43871e-15 0)
(1.12251 6.32516e-16 0)
(1.12205 1.27219e-15 0)
(1.12159 -1.31535e-15 0)
(1.12112 8.66981e-16 0)
(1.12065 4.6814e-16 0)
(1.12018 6.72311e-17 0)
(1.1197 1.41364e-15 0)
(1.11921 1.28768e-15 0)
(1.11872 -5.88318e-17 0)
(1.11823 2.83477e-16 0)
(1.11773 -2.5725e-15 0)
(1.11723 6.20936e-15 0)
(1.11672 -2.10264e-16 0)
(1.11621 -3.07478e-15 0)
(1.11569 2.82514e-15 0)
(1.11517 -5.51451e-15 0)
(1.11465 5.39919e-15 0)
(1.11412 -4.99764e-15 0)
(1.11358 8.60705e-16 0)
(1.11304 -1.70117e-15 0)
(1.1256 9.89437e-16 0)
(1.12517 -6.4617e-16 0)
(1.12473 7.13931e-16 0)
(1.1243 -2.19556e-16 0)
(1.12385 5.39398e-17 0)
(1.12341 1.94817e-15 0)
(1.12296 1.2012e-15 0)
(1.12251 -1.13575e-16 0)
(1.12205 1.34312e-15 0)
(1.12159 -1.31782e-15 0)
(1.12112 7.5192e-16 0)
(1.12065 9.72653e-16 0)
(1.12018 3.18312e-16 0)
(1.1197 1.36029e-15 0)
(1.11921 7.29962e-16 0)
(1.11872 -8.99001e-16 0)
(1.11823 -2.35562e-16 0)
(1.11773 -3.00424e-15 0)
(1.11723 6.23312e-15 0)
(1.11672 -3.04827e-16 0)
(1.11621 -2.37539e-15 0)
(1.11569 3.28544e-15 0)
(1.11517 -6.11716e-15 0)
(1.11465 5.92421e-15 0)
(1.11412 -5.40445e-15 0)
(1.11358 5.94333e-16 0)
(1.11304 -1.27723e-15 0)
(1.1256 7.04827e-16 0)
(1.12517 -2.38899e-16 0)
(1.12473 1.19174e-15 0)
(1.1243 -4.01413e-16 0)
(1.12385 -5.66027e-16 0)
(1.12341 1.42537e-15 0)
(1.12296 1.45843e-15 0)
(1.12251 -2.70491e-16 0)
(1.12205 1.38561e-15 0)
(1.12159 -1.45163e-15 0)
(1.12112 6.10279e-16 0)
(1.12065 1.68131e-15 0)
(1.12018 5.14826e-16 0)
(1.1197 1.37264e-15 0)
(1.11921 1.21891e-15 0)
(1.11872 -1.11512e-15 0)
(1.11823 -4.7985e-16 0)
(1.11773 -3.02173e-15 0)
(1.11723 5.5335e-15 0)
(1.11672 -9.08418e-16 0)
(1.11621 -1.96429e-15 0)
(1.11569 4.06074e-15 0)
(1.11517 -6.17718e-15 0)
(1.11465 6.50024e-15 0)
(1.11412 -5.4313e-15 0)
(1.11358 3.44782e-17 0)
(1.11304 -1.37578e-15 0)
(1.1256 3.47937e-16 0)
(1.12517 5.80979e-17 0)
(1.12473 1.44699e-15 0)
(1.1243 -1.24275e-17 0)
(1.12385 -7.4928e-16 0)
(1.12341 7.2616e-16 0)
(1.12296 1.36292e-15 0)
(1.12251 -8.47888e-16 0)
(1.12205 1.78841e-15 0)
(1.12159 -1.04238e-15 0)
(1.12112 1.11425e-16 0)
(1.12065 1.91003e-15 0)
(1.12018 4.23795e-16 0)
(1.1197 1.31629e-15 0)
(1.11921 1.37795e-15 0)
(1.11872 -4.8156e-16 0)
(1.11823 -4.9745e-16 0)
(1.11773 -2.67864e-15 0)
(1.11723 4.8073e-15 0)
(1.11672 -1.60496e-15 0)
(1.11621 -2.16016e-15 0)
(1.11569 5.01278e-15 0)
(1.11517 -6.01981e-15 0)
(1.11465 6.74351e-15 0)
(1.11412 -5.14622e-15 0)
(1.11358 -9.31306e-16 0)
(1.11304 -1.29382e-15 0)
(1.1256 -1.74233e-16 0)
(1.12517 -4.92945e-16 0)
(1.12473 1.02367e-15 0)
(1.1243 -5.7525e-17 0)
(1.12385 -9.39388e-16 0)
(1.12341 2.97576e-16 0)
(1.12296 6.98727e-16 0)
(1.12251 -9.70866e-16 0)
(1.12205 1.82488e-15 0)
(1.12159 -4.37831e-16 0)
(1.12112 8.29254e-18 0)
(1.12065 1.82824e-15 0)
(1.12018 -5.44662e-16 0)
(1.1197 1.06054e-15 0)
(1.11921 1.68546e-15 0)
(1.11872 -6.94764e-16 0)
(1.11823 -5.76046e-16 0)
(1.11773 -3.05044e-15 0)
(1.11723 4.4723e-15 0)
(1.11672 -2.11639e-15 0)
(1.11621 -2.1409e-15 0)
(1.11569 5.5424e-15 0)
(1.11517 -6.46966e-15 0)
(1.11465 6.24927e-15 0)
(1.11412 -4.27916e-15 0)
(1.11358 -9.57918e-16 0)
(1.11304 -1.90137e-15 0)
(1.1256 -5.26279e-18 0)
(1.12517 -7.76595e-16 0)
(1.12473 9.25341e-16 0)
(1.1243 -2.51274e-17 0)
(1.12385 -1.02882e-15 0)
(1.12341 -1.26765e-16 0)
(1.12296 6.62215e-16 0)
(1.12251 -9.06075e-16 0)
(1.12205 1.17076e-15 0)
(1.12159 3.20472e-16 0)
(1.12112 3.04822e-16 0)
(1.12065 1.69424e-15 0)
(1.12018 -1.5174e-15 0)
(1.1197 1.61081e-15 0)
(1.11921 1.59479e-15 0)
(1.11872 -8.21799e-16 0)
(1.11823 1.96794e-16 0)
(1.11773 -3.73552e-15 0)
(1.11723 3.26819e-15 0)
(1.11672 -2.10398e-15 0)
(1.11621 -2.1176e-15 0)
(1.11569 5.76409e-15 0)
(1.11517 -6.69674e-15 0)
(1.11465 5.98091e-15 0)
(1.11412 -3.65718e-15 0)
(1.11358 -1.07154e-15 0)
(1.11304 -1.89847e-15 0)
(1.1256 -1.89121e-16 0)
(1.12517 -5.98234e-16 0)
(1.12473 1.08774e-15 0)
(1.1243 1.8103e-16 0)
(1.12385 -8.35162e-16 0)
(1.12341 1.05009e-16 0)
(1.12296 1.46641e-15 0)
(1.12251 -1.42972e-15 0)
(1.12205 6.45419e-16 0)
(1.12159 4.00938e-16 0)
(1.12112 -1.00937e-16 0)
(1.12065 1.12881e-15 0)
(1.12018 -2.33335e-15 0)
(1.1197 1.49718e-15 0)
(1.11921 1.71579e-15 0)
(1.11872 -1.35518e-15 0)
(1.11823 1.1837e-15 0)
(1.11773 -3.27171e-15 0)
(1.11723 2.75619e-15 0)
(1.11672 -1.19628e-15 0)
(1.11621 -2.30226e-15 0)
(1.11569 6.06784e-15 0)
(1.11517 -6.84682e-15 0)
(1.11465 6.08628e-15 0)
(1.11412 -2.89423e-15 0)
(1.11358 -1.18396e-15 0)
(1.11304 -1.51668e-15 0)
(1.1256 -7.1259e-17 0)
(1.12517 -6.49822e-16 0)
(1.12473 7.65983e-16 0)
(1.1243 4.5714e-16 0)
(1.12385 -4.1063e-16 0)
(1.12341 1.26312e-16 0)
(1.12296 1.43623e-15 0)
(1.12251 -1.18101e-15 0)
(1.12205 7.80613e-16 0)
(1.12159 3.9989e-16 0)
(1.12112 -4.67552e-16 0)
(1.12065 6.2938e-16 0)
(1.12018 -2.07676e-15 0)
(1.1197 1.58811e-15 0)
(1.11921 2.102e-15 0)
(1.11872 -1.64482e-15 0)
(1.11823 2.30874e-15 0)
(1.11773 -3.11384e-15 0)
(1.11723 2.17913e-15 0)
(1.11672 -8.38677e-16 0)
(1.11621 -2.55394e-15 0)
(1.11569 5.74151e-15 0)
(1.11517 -6.52011e-15 0)
(1.11465 5.66655e-15 0)
(1.11412 -2.80219e-15 0)
(1.11358 -8.11893e-16 0)
(1.11304 -1.35452e-15 0)
(1.1256 6.03174e-17 0)
(1.12517 -8.19082e-16 0)
(1.12473 7.02819e-16 0)
(1.1243 9.55773e-16 0)
(1.12385 -9.02461e-18 0)
(1.12341 -1.54207e-16 0)
(1.12296 1.36762e-15 0)
(1.12251 -1.35107e-15 0)
(1.12205 4.88526e-16 0)
(1.12159 4.52813e-16 0)
(1.12112 -5.74274e-16 0)
(1.12065 6.98467e-16 0)
(1.12018 -1.31594e-15 0)
(1.1197 1.9075e-15 0)
(1.11921 1.81217e-15 0)
(1.11872 -1.48051e-15 0)
(1.11823 3.22483e-15 0)
(1.11773 -3.30656e-15 0)
(1.11723 1.61562e-15 0)
(1.11672 -6.32742e-16 0)
(1.11621 -2.44477e-15 0)
(1.11569 5.68825e-15 0)
(1.11517 -5.7861e-15 0)
(1.11465 4.54319e-15 0)
(1.11412 -2.77787e-15 0)
(1.11358 -5.33011e-16 0)
(1.11304 -8.01257e-16 0)
(1.1256 6.54056e-17 0)
(1.12517 -1.12151e-15 0)
(1.12473 6.76122e-16 0)
(1.1243 1.01141e-15 0)
(1.12385 -1.43548e-17 0)
(1.12341 1.96663e-16 0)
(1.12296 1.40322e-15 0)
(1.12251 -1.3523e-15 0)
(1.12205 -2.74772e-17 0)
(1.12159 5.01223e-16 0)
(1.12112 -1.15482e-15 0)
(1.12065 3.60404e-16 0)
(1.12018 -1.04655e-15 0)
(1.1197 2.10143e-15 0)
(1.11921 1.27888e-15 0)
(1.11872 -1.13396e-15 0)
(1.11823 3.62476e-15 0)
(1.11773 -3.04553e-15 0)
(1.11723 8.85135e-16 0)
(1.11672 -1.2332e-15 0)
(1.11621 -2.08253e-15 0)
(1.11569 5.73441e-15 0)
(1.11517 -5.55067e-15 0)
(1.11465 3.38282e-15 0)
(1.11412 -2.00457e-15 0)
(1.11358 4.4271e-16 0)
(1.11304 -6.03808e-16 0)
(1.1256 2.6824e-16 0)
(1.12517 -4.99237e-16 0)
(1.12473 3.07153e-16 0)
(1.1243 1.21952e-15 0)
(1.12385 3.03743e-16 0)
(1.12341 -1.16106e-16 0)
(1.12296 1.3955e-15 0)
(1.12251 -1.52395e-15 0)
(1.12205 -4.07263e-16 0)
(1.12159 8.63247e-17 0)
(1.12112 -1.39992e-15 0)
(1.12065 2.50759e-16 0)
(1.12018 -1.10829e-15 0)
(1.1197 1.71282e-15 0)
(1.11921 1.76677e-15 0)
(1.11872 -2.18998e-16 0)
(1.11823 3.4989e-15 0)
(1.11773 -2.80323e-15 0)
(1.11723 4.34178e-16 0)
(1.11672 -1.83226e-15 0)
(1.11621 -1.98855e-15 0)
(1.11569 5.03923e-15 0)
(1.11517 -5.93283e-15 0)
(1.11465 2.63022e-15 0)
(1.11412 -1.35699e-15 0)
(1.11358 1.4845e-15 0)
(1.11304 -7.92519e-16 0)
(1.1256 -2.06558e-17 0)
(1.12517 -1.65275e-16 0)
(1.12473 -3.7417e-16 0)
(1.1243 1.29299e-15 0)
(1.12385 7.56626e-16 0)
(1.12341 -5.73388e-16 0)
(1.12296 9.94335e-16 0)
(1.12251 -2.05196e-15 0)
(1.12205 -5.1282e-16 0)
(1.12159 2.09782e-16 0)
(1.12112 -1.4498e-15 0)
(1.12065 2.09896e-17 0)
(1.12018 -1.13423e-15 0)
(1.1197 2.12878e-15 0)
(1.11921 2.43399e-15 0)
(1.11872 -2.73534e-16 0)
(1.11823 3.52782e-15 0)
(1.11773 -3.04733e-15 0)
(1.11723 4.22135e-17 0)
(1.11672 -1.49218e-15 0)
(1.11621 -2.28967e-15 0)
(1.11569 4.76363e-15 0)
(1.11517 -5.51172e-15 0)
(1.11465 1.75956e-15 0)
(1.11412 -1.07972e-15 0)
(1.11358 2.0401e-15 0)
(1.11304 -6.29622e-16 0)
(1.1256 -5.24194e-16 0)
(1.12517 -2.96654e-16 0)
(1.12473 -9.8655e-18 0)
(1.1243 9.6103e-16 0)
(1.12385 9.25627e-16 0)
(1.12341 -5.43329e-16 0)
(1.12296 5.86204e-16 0)
(1.12251 -2.44604e-15 0)
(1.12205 -2.78547e-16 0)
(1.12159 6.38099e-17 0)
(1.12112 -1.52858e-15 0)
(1.12065 1.28331e-16 0)
(1.12018 -7.36551e-16 0)
(1.1197 2.31889e-15 0)
(1.11921 2.96162e-15 0)
(1.11872 -7.17852e-16 0)
(1.11823 4.28529e-15 0)
(1.11773 -3.29168e-15 0)
(1.11723 3.16425e-16 0)
(1.11672 -1.05342e-15 0)
(1.11621 -2.77003e-15 0)
(1.11569 4.69525e-15 0)
(1.11517 -4.99649e-15 0)
(1.11465 1.69091e-15 0)
(1.11412 -1.30879e-15 0)
(1.11358 2.43584e-15 0)
(1.11304 -7.53233e-16 0)
(1.1256 -1.03835e-15 0)
(1.12517 -5.0174e-16 0)
(1.12473 6.30653e-16 0)
(1.1243 5.71204e-16 0)
(1.12385 1.11222e-15 0)
(1.12341 -7.93429e-16 0)
(1.12296 3.08816e-16 0)
(1.12251 -2.68833e-15 0)
(1.12205 8.63522e-17 0)
(1.12159 -1.02538e-18 0)
(1.12112 -1.82162e-15 0)
(1.12065 -3.17578e-16 0)
(1.12018 -7.00458e-17 0)
(1.1197 2.8604e-15 0)
(1.11921 2.80404e-15 0)
(1.11872 -8.5504e-16 0)
(1.11823 4.37704e-15 0)
(1.11773 -3.46684e-15 0)
(1.11723 2.43447e-16 0)
(1.11672 -3.19715e-16 0)
(1.11621 -3.33529e-15 0)
(1.11569 4.57481e-15 0)
(1.11517 -4.59383e-15 0)
(1.11465 1.90691e-15 0)
(1.11412 -1.09479e-15 0)
(1.11358 2.97644e-15 0)
(1.11304 -1.06408e-15 0)
(1.1256 -1.70388e-15 0)
(1.12517 -6.05098e-16 0)
(1.12473 1.08192e-15 0)
(1.1243 5.94278e-16 0)
(1.12385 1.1714e-15 0)
(1.12341 -5.59612e-16 0)
(1.12296 3.52058e-16 0)
(1.12251 -2.85809e-15 0)
(1.12205 6.36108e-16 0)
(1.12159 2.78363e-17 0)
(1.12112 -1.31454e-15 0)
(1.12065 -4.17223e-16 0)
(1.12018 5.18065e-16 0)
(1.1197 2.78754e-15 0)
(1.11921 2.29221e-15 0)
(1.11872 -5.82539e-16 0)
(1.11823 4.05687e-15 0)
(1.11773 -3.5195e-15 0)
(1.11723 -2.6722e-16 0)
(1.11672 2.16846e-16 0)
(1.11621 -3.7769e-15 0)
(1.11569 4.42378e-15 0)
(1.11517 -4.0762e-15 0)
(1.11465 2.13645e-15 0)
(1.11412 -1.31596e-15 0)
(1.11358 2.90419e-15 0)
(1.11304 -1.74251e-15 0)
(1.1256 -2.01682e-15 0)
(1.12517 -3.52865e-16 0)
(1.12473 1.43989e-15 0)
(1.1243 7.29006e-16 0)
(1.12385 7.87105e-16 0)
(1.12341 -7.90222e-16 0)
(1.12296 9.99943e-16 0)
(1.12251 -2.45654e-15 0)
(1.12205 9.6246e-16 0)
(1.12159 -5.3269e-17 0)
(1.12112 -6.17116e-16 0)
(1.12065 -1.44491e-16 0)
(1.12018 4.93595e-16 0)
(1.1197 2.93972e-15 0)
(1.11921 2.84668e-15 0)
(1.11872 -3.80138e-16 0)
(1.11823 3.53516e-15 0)
(1.11773 -3.37178e-15 0)
(1.11723 -1.07094e-15 0)
(1.11672 2.93585e-16 0)
(1.11621 -3.89947e-15 0)
(1.11569 4.39592e-15 0)
(1.11517 -3.76385e-15 0)
(1.11465 2.12022e-15 0)
(1.11412 -1.86403e-15 0)
(1.11358 3.17422e-15 0)
(1.11304 -2.18925e-15 0)
(1.1256 -1.7327e-15 0)
(1.12517 6.222e-17 0)
(1.12473 1.65839e-15 0)
(1.1243 6.18944e-16 0)
(1.12385 2.32837e-16 0)
(1.12341 -1.06103e-15 0)
(1.12296 1.19019e-15 0)
(1.12251 -1.31535e-15 0)
(1.12205 8.70511e-16 0)
(1.12159 1.88296e-16 0)
(1.12112 -2.67471e-16 0)
(1.12065 -3.0221e-16 0)
(1.12018 1.8035e-16 0)
(1.1197 3.14615e-15 0)
(1.11921 2.38887e-15 0)
(1.11872 -1.12536e-15 0)
(1.11823 3.49325e-15 0)
(1.11773 -3.03631e-15 0)
(1.11723 -1.55628e-15 0)
(1.11672 1.59149e-16 0)
(1.11621 -3.86184e-15 0)
(1.11569 4.62844e-15 0)
(1.11517 -3.43084e-15 0)
(1.11465 1.78294e-15 0)
(1.11412 -2.07961e-15 0)
(1.11358 3.6902e-15 0)
(1.11304 -2.41804e-15 0)
(1.1256 -1.68078e-15 0)
(1.12517 3.23062e-17 0)
(1.12473 1.74878e-15 0)
(1.1243 3.12585e-16 0)
(1.12385 -2.97618e-16 0)
(1.12341 -8.35691e-16 0)
(1.12296 1.62141e-15 0)
(1.12251 -4.2324e-16 0)
(1.12205 1.25132e-15 0)
(1.12159 4.92155e-16 0)
(1.12112 2.76299e-16 0)
(1.12065 8.94922e-18 0)
(1.12018 -4.89725e-17 0)
(1.1197 2.72614e-15 0)
(1.11921 2.09529e-15 0)
(1.11872 -1.0097e-15 0)
(1.11823 3.4297e-15 0)
(1.11773 -2.41383e-15 0)
(1.11723 -1.45985e-15 0)
(1.11672 2.4306e-16 0)
(1.11621 -4.04228e-15 0)
(1.11569 4.76303e-15 0)
(1.11517 -1.96758e-15 0)
(1.11465 1.25187e-15 0)
(1.11412 -2.65562e-15 0)
(1.11358 3.68393e-15 0)
(1.11304 -2.02814e-15 0)
(1.1256 -1.76903e-15 0)
(1.12517 -2.13621e-16 0)
(1.12473 1.70111e-15 0)
(1.1243 2.48513e-16 0)
(1.12385 -6.40845e-16 0)
(1.12341 -5.2632e-16 0)
(1.12296 1.69091e-15 0)
(1.12251 -6.36373e-16 0)
(1.12205 1.32947e-15 0)
(1.12159 7.53364e-16 0)
(1.12112 1.33549e-15 0)
(1.12065 8.79534e-17 0)
(1.12018 -3.77365e-17 0)
(1.1197 2.02084e-15 0)
(1.11921 2.14679e-15 0)
(1.11872 -1.23815e-15 0)
(1.11823 3.33103e-15 0)
(1.11773 -1.83176e-15 0)
(1.11723 -1.71397e-15 0)
(1.11672 1.16634e-15 0)
(1.11621 -4.02216e-15 0)
(1.11569 4.49473e-15 0)
(1.11517 -1.76706e-15 0)
(1.11465 3.96511e-16 0)
(1.11412 -3.17027e-15 0)
(1.11358 4.27826e-15 0)
(1.11304 -1.33289e-15 0)
(1.1256 -1.42973e-15 0)
(1.12517 -3.07501e-16 0)
(1.12473 1.39861e-15 0)
(1.1243 4.68832e-16 0)
(1.12385 -5.38999e-16 0)
(1.12341 -5.19573e-16 0)
(1.12296 1.1976e-15 0)
(1.12251 -1.2042e-15 0)
(1.12205 1.29107e-15 0)
(1.12159 9.3095e-16 0)
(1.12112 1.93102e-15 0)
(1.12065 -3.10205e-16 0)
(1.12018 -4.12106e-16 0)
(1.1197 1.45803e-15 0)
(1.11921 2.48209e-15 0)
(1.11872 -1.74192e-15 0)
(1.11823 3.47187e-15 0)
(1.11773 -1.39188e-15 0)
(1.11723 -1.94558e-15 0)
(1.11672 2.75308e-15 0)
(1.11621 -3.95498e-15 0)
(1.11569 4.22314e-15 0)
(1.11517 -1.23489e-15 0)
(1.11465 -5.33426e-16 0)
(1.11412 -3.3037e-15 0)
(1.11358 4.31322e-15 0)
(1.11304 -1.48809e-16 0)
(1.1256 -9.48984e-16 0)
(1.12517 -1.72146e-16 0)
(1.12473 1.15323e-15 0)
(1.1243 2.22035e-16 0)
(1.12385 -9.49481e-16 0)
(1.12341 -9.63915e-16 0)
(1.12296 1.03835e-15 0)
(1.12251 -1.16209e-15 0)
(1.12205 7.12204e-16 0)
(1.12159 1.27095e-15 0)
(1.12112 1.55401e-15 0)
(1.12065 3.02908e-16 0)
(1.12018 -1.07292e-15 0)
(1.1197 7.62981e-16 0)
(1.11921 2.48584e-15 0)
(1.11872 -2.15401e-15 0)
(1.11823 3.14598e-15 0)
(1.11773 -8.84397e-16 0)
(1.11723 -1.91569e-15 0)
(1.11672 4.3152e-15 0)
(1.11621 -3.7851e-15 0)
(1.11569 4.38328e-15 0)
(1.11517 -4.66017e-16 0)
(1.11465 -1.24916e-15 0)
(1.11412 -2.98815e-15 0)
(1.11358 4.95933e-15 0)
(1.11304 1.13327e-15 0)
(1.1256 -3.10999e-16 0)
(1.12517 -4.07893e-16 0)
(1.12473 1.31013e-15 0)
(1.1243 -3.41618e-16 0)
(1.12385 -1.12886e-15 0)
(1.12341 -9.96108e-16 0)
(1.12296 1.13929e-15 0)
(1.12251 -9.06717e-16 0)
(1.12205 1.03528e-16 0)
(1.12159 1.00055e-15 0)
(1.12112 1.92947e-15 0)
(1.12065 6.77474e-16 0)
(1.12018 -1.69399e-15 0)
(1.1197 2.41379e-16 0)
(1.11921 2.48374e-15 0)
(1.11872 -2.24168e-15 0)
(1.11823 3.26178e-15 0)
(1.11773 2.45652e-16 0)
(1.11723 -2.30028e-15 0)
(1.11672 4.80576e-15 0)
(1.11621 -3.55182e-15 0)
(1.11569 4.0665e-15 0)
(1.11517 -7.78782e-16 0)
(1.11465 -1.44953e-15 0)
(1.11412 -3.23053e-15 0)
(1.11358 5.14292e-15 0)
(1.11304 1.95991e-15 0)
(1.1256 -4.59006e-16 0)
(1.12517 -1.16799e-15 0)
(1.12473 1.3039e-15 0)
(1.1243 -9.74895e-16 0)
(1.12385 -1.32192e-15 0)
(1.12341 -1.16891e-15 0)
(1.12296 1.1652e-15 0)
(1.12251 1.73916e-16 0)
(1.12205 -1.31537e-16 0)
(1.12159 6.1737e-16 0)
(1.12112 2.27433e-15 0)
(1.12065 5.19677e-16 0)
(1.12018 -1.52241e-15 0)
(1.1197 1.53193e-16 0)
(1.11921 2.14897e-15 0)
(1.11872 -2.18243e-15 0)
(1.11823 3.03387e-15 0)
(1.11773 1.02124e-15 0)
(1.11723 -2.7913e-15 0)
(1.11672 4.76248e-15 0)
(1.11621 -3.50333e-15 0)
(1.11569 3.13846e-15 0)
(1.11517 -1.62293e-15 0)
(1.11465 -2.05863e-15 0)
(1.11412 -3.16958e-15 0)
(1.11358 5.22299e-15 0)
(1.11304 2.26021e-15 0)
(1.1256 -2.58811e-16 0)
(1.12517 -9.74879e-16 0)
(1.12473 1.36654e-15 0)
(1.1243 -8.67019e-16 0)
(1.12385 -1.54668e-15 0)
(1.12341 -1.4541e-15 0)
(1.12296 9.99658e-16 0)
(1.12251 7.57379e-16 0)
(1.12205 -4.9776e-16 0)
(1.12159 4.86945e-16 0)
(1.12112 2.63871e-15 0)
(1.12065 1.32099e-16 0)
(1.12018 -9.95583e-16 0)
(1.1197 1.76027e-16 0)
(1.11921 2.09834e-15 0)
(1.11872 -2.14512e-15 0)
(1.11823 3.00255e-15 0)
(1.11773 7.15884e-16 0)
(1.11723 -3.55638e-15 0)
(1.11672 4.83166e-15 0)
(1.11621 -3.45347e-15 0)
(1.11569 2.13619e-15 0)
(1.11517 -1.57568e-15 0)
(1.11465 -2.42725e-15 0)
(1.11412 -2.96836e-15 0)
(1.11358 5.45995e-15 0)
(1.11304 1.03192e-15 0)
(1.1256 6.80927e-16 0)
(1.12517 -5.4228e-16 0)
(1.12473 1.28137e-15 0)
(1.1243 1.08105e-17 0)
(1.12385 -1.70803e-15 0)
(1.12341 -1.91433e-15 0)
(1.12296 1.09823e-15 0)
(1.12251 2.20156e-16 0)
(1.12205 -7.52038e-16 0)
(1.12159 6.45852e-16 0)
(1.12112 2.40264e-15 0)
(1.12065 1.23578e-16 0)
(1.12018 -5.37914e-16 0)
(1.1197 4.32665e-16 0)
(1.11921 2.32645e-15 0)
(1.11872 -2.24027e-15 0)
(1.11823 3.15553e-15 0)
(1.11773 7.83393e-16 0)
(1.11723 -4.00753e-15 0)
(1.11672 4.00803e-15 0)
(1.11621 -3.11739e-15 0)
(1.11569 1.76208e-15 0)
(1.11517 -1.26285e-15 0)
(1.11465 -2.24984e-15 0)
(1.11412 -2.84266e-15 0)
(1.11358 5.55662e-15 0)
(1.11304 -4.55186e-16 0)
(1.1256 4.41121e-16 0)
(1.12517 -1.03475e-16 0)
(1.12473 9.77038e-16 0)
(1.1243 2.52922e-16 0)
(1.12385 -9.39414e-16 0)
(1.12341 -2.38566e-15 0)
(1.12296 1.095e-15 0)
(1.12251 9.17267e-16 0)
(1.12205 -2.68039e-16 0)
(1.12159 8.57252e-16 0)
(1.12112 1.85296e-15 0)
(1.12065 1.99208e-17 0)
(1.12018 -2.08576e-16 0)
(1.1197 3.71525e-16 0)
(1.11921 2.2345e-15 0)
(1.11872 -2.54084e-15 0)
(1.11823 2.53647e-15 0)
(1.11773 1.91488e-15 0)
(1.11723 -3.66375e-15 0)
(1.11672 2.96157e-15 0)
(1.11621 -2.68905e-15 0)
(1.11569 1.57854e-15 0)
(1.11517 -1.09342e-15 0)
(1.11465 -1.7135e-15 0)
(1.11412 -2.75582e-15 0)
(1.11358 5.45572e-15 0)
(1.11304 -8.98106e-16 0)
(1.1256 3.43346e-16 0)
(1.12517 -6.03892e-16 0)
(1.12473 8.56601e-16 0)
(1.1243 5.5411e-16 0)
(1.12385 -5.20062e-16 0)
(1.12341 -2.00582e-15 0)
(1.12296 5.78352e-16 0)
(1.12251 7.7068e-16 0)
(1.12205 1.0969e-16 0)
(1.12159 1.14272e-15 0)
(1.12112 1.69339e-15 0)
(1.12065 3.52977e-16 0)
(1.12018 -6.20214e-16 0)
(1.1197 9.90238e-16 0)
(1.11921 1.84581e-15 0)
(1.11872 -2.74233e-15 0)
(1.11823 2.08038e-15 0)
(1.11773 2.1365e-15 0)
(1.11723 -3.44446e-15 0)
(1.11672 2.80567e-15 0)
(1.11621 -2.79072e-15 0)
(1.11569 1.16093e-15 0)
(1.11517 -1.64895e-15 0)
(1.11465 -7.48358e-16 0)
(1.11412 -2.68157e-15 0)
(1.11358 5.35702e-15 0)
(1.11304 -1.21341e-15 0)
(1.1256 8.40733e-16 0)
(1.12517 -8.04805e-16 0)
(1.12473 1.21101e-15 0)
(1.1243 6.11768e-16 0)
(1.12385 -1.00339e-15 0)
(1.12341 -1.75879e-15 0)
(1.12296 8.37931e-16 0)
(1.12251 -3.55378e-16 0)
(1.12205 -3.10557e-16 0)
(1.12159 3.18988e-16 0)
(1.12112 2.28581e-15 0)
(1.12065 6.35325e-16 0)
(1.12018 -2.64985e-16 0)
(1.1197 1.25743e-15 0)
(1.11921 1.07424e-15 0)
(1.11872 -2.59481e-15 0)
(1.11823 2.11808e-15 0)
(1.11773 1.9922e-15 0)
(1.11723 -4.00405e-15 0)
(1.11672 3.11213e-15 0)
(1.11621 -2.84341e-15 0)
(1.11569 7.56816e-16 0)
(1.11517 -1.82296e-15 0)
(1.11465 4.63035e-16 0)
(1.11412 -2.45448e-15 0)
(1.11358 5.2021e-15 0)
(1.11304 -1.73597e-15 0)
(1.1256 1.46071e-15 0)
(1.12517 -9.01603e-16 0)
(1.12473 9.31908e-16 0)
(1.1243 6.73522e-16 0)
(1.12385 -1.30094e-15 0)
(1.12341 -1.0567e-15 0)
(1.12296 1.94953e-15 0)
(1.12251 -1.46795e-15 0)
(1.12205 -8.47209e-16 0)
(1.12159 -5.81739e-16 0)
(1.12112 2.63681e-15 0)
(1.12065 6.57021e-16 0)
(1.12018 -3.82234e-17 0)
(1.1197 1.19477e-15 0)
(1.11921 1.6513e-15 0)
(1.11872 -2.41177e-15 0)
(1.11823 2.33836e-15 0)
(1.11773 2.09401e-15 0)
(1.11723 -4.29936e-15 0)
(1.11672 3.57762e-15 0)
(1.11621 -2.69282e-15 0)
(1.11569 1.42367e-15 0)
(1.11517 -1.25097e-15 0)
(1.11465 1.34644e-15 0)
(1.11412 -2.97841e-15 0)
(1.11358 5.2284e-15 0)
(1.11304 -2.58941e-15 0)
(1.1256 1.97392e-15 0)
(1.12517 -1.0879e-15 0)
(1.12473 1.28044e-15 0)
(1.1243 1.0211e-15 0)
(1.12385 -1.01049e-15 0)
(1.12341 -1.61335e-16 0)
(1.12296 1.95781e-15 0)
(1.12251 -2.02623e-15 0)
(1.12205 -5.61566e-16 0)
(1.12159 -1.14244e-15 0)
(1.12112 2.56394e-15 0)
(1.12065 9.17706e-16 0)
(1.12018 -1.44952e-16 0)
(1.1197 9.18593e-16 0)
(1.11921 1.77654e-15 0)
(1.11872 -2.79685e-15 0)
(1.11823 2.25862e-15 0)
(1.11773 2.40681e-15 0)
(1.11723 -4.49864e-15 0)
(1.11672 3.44903e-15 0)
(1.11621 -2.35742e-15 0)
(1.11569 1.71243e-15 0)
(1.11517 -1.00343e-15 0)
(1.11465 1.96468e-15 0)
(1.11412 -3.20854e-15 0)
(1.11358 5.30461e-15 0)
(1.11304 -2.46715e-15 0)
(1.1256 1.62396e-15 0)
(1.12517 -7.94554e-16 0)
(1.12473 1.65024e-15 0)
(1.1243 1.46929e-15 0)
(1.12385 -7.56851e-16 0)
(1.12341 5.90625e-16 0)
(1.12296 1.71257e-15 0)
(1.12251 -2.19881e-15 0)
(1.12205 1.00437e-15 0)
(1.12159 -1.21938e-15 0)
(1.12112 2.35432e-15 0)
(1.12065 1.60013e-15 0)
(1.12018 -1.03569e-16 0)
(1.1197 4.91842e-16 0)
(1.11921 1.19098e-15 0)
(1.11872 -2.49602e-15 0)
(1.11823 1.37205e-15 0)
(1.11773 2.44447e-15 0)
(1.11723 -4.43499e-15 0)
(1.11672 3.22971e-15 0)
(1.11621 -2.04297e-15 0)
(1.11569 1.28273e-15 0)
(1.11517 -1.08212e-15 0)
(1.11465 1.9297e-15 0)
(1.11412 -3.06452e-15 0)
(1.11358 5.10753e-15 0)
(1.11304 -2.42057e-15 0)
(1.1256 1.00714e-15 0)
(1.12517 -7.19994e-16 0)
(1.12473 1.69148e-15 0)
(1.1243 1.7539e-15 0)
(1.12385 -8.39524e-16 0)
(1.12341 8.26185e-16 0)
(1.12296 1.43456e-15 0)
(1.12251 -1.70629e-15 0)
(1.12205 2.27996e-15 0)
(1.12159 -1.20463e-15 0)
(1.12112 2.16087e-15 0)
(1.12065 1.97501e-15 0)
(1.12018 3.07725e-16 0)
(1.1197 6.95813e-16 0)
(1.11921 5.58683e-16 0)
(1.11872 -2.38838e-15 0)
(1.11823 4.06583e-16 0)
(1.11773 2.14249e-15 0)
(1.11723 -3.76714e-15 0)
(1.11672 3.31952e-15 0)
(1.11621 -1.93402e-15 0)
(1.11569 1.42499e-15 0)
(1.11517 -1.24224e-15 0)
(1.11465 1.57903e-15 0)
(1.11412 -2.51353e-15 0)
(1.11358 4.37378e-15 0)
(1.11304 -2.97382e-15 0)
(1.1256 8.283e-16 0)
(1.12517 -8.61839e-16 0)
(1.12473 9.87151e-16 0)
(1.1243 1.1968e-15 0)
(1.12385 -8.99793e-16 0)
(1.12341 8.80674e-16 0)
(1.12296 1.84136e-15 0)
(1.12251 -1.28821e-15 0)
(1.12205 2.18325e-15 0)
(1.12159 -1.82532e-15 0)
(1.12112 1.83394e-15 0)
(1.12065 1.57304e-15 0)
(1.12018 6.09516e-16 0)
(1.1197 1.15092e-15 0)
(1.11921 2.2643e-16 0)
(1.11872 -2.61911e-15 0)
(1.11823 3.98581e-16 0)
(1.11773 2.13937e-15 0)
(1.11723 -3.19294e-15 0)
(1.11672 3.57924e-15 0)
(1.11621 -1.55068e-15 0)
(1.11569 1.69778e-15 0)
(1.11517 -1.24745e-15 0)
(1.11465 1.5086e-15 0)
(1.11412 -2.48257e-15 0)
(1.11358 3.09234e-15 0)
(1.11304 -3.01747e-15 0)
(1.1256 9.84318e-16 0)
(1.12517 -9.69585e-16 0)
(1.12473 6.09197e-16 0)
(1.1243 8.62926e-16 0)
(1.12385 -1.00152e-15 0)
(1.12341 8.4317e-16 0)
(1.12296 2.07634e-15 0)
(1.12251 -1.14823e-15 0)
(1.12205 1.78732e-15 0)
(1.12159 -1.88738e-15 0)
(1.12112 1.13435e-15 0)
(1.12065 1.35843e-15 0)
(1.12018 7.6303e-16 0)
(1.1197 1.28926e-15 0)
(1.11921 -2.29158e-16 0)
(1.11872 -2.61313e-15 0)
(1.11823 2.57875e-16 0)
(1.11773 1.81643e-15 0)
(1.11723 -3.53666e-15 0)
(1.11672 3.572e-15 0)
(1.11621 -1.25161e-15 0)
(1.11569 2.11374e-15 0)
(1.11517 -1.27282e-15 0)
(1.11465 1.08449e-15 0)
(1.11412 -2.35079e-15 0)
(1.11358 2.26352e-15 0)
(1.11304 -2.79723e-15 0)
(1.1256 1.42005e-15 0)
(1.12517 -4.00763e-16 0)
(1.12473 4.44252e-16 0)
(1.1243 1.23249e-15 0)
(1.12385 -1.35085e-15 0)
(1.12341 9.44267e-16 0)
(1.12296 2.12396e-15 0)
(1.12251 -1.76158e-15 0)
(1.12205 1.77189e-15 0)
(1.12159 -1.70196e-15 0)
(1.12112 6.99937e-16 0)
(1.12065 1.61947e-15 0)
(1.12018 5.66176e-16 0)
(1.1197 1.49463e-15 0)
(1.11921 -9.31825e-16 0)
(1.11872 -2.15832e-15 0)
(1.11823 -4.39928e-16 0)
(1.11773 1.07315e-15 0)
(1.11723 -3.51899e-15 0)
(1.11672 3.60723e-15 0)
(1.11621 -7.24305e-16 0)
(1.11569 2.38934e-15 0)
(1.11517 -1.40797e-15 0)
(1.11465 8.92347e-16 0)
(1.11412 -1.93299e-15 0)
(1.11358 1.87837e-15 0)
(1.11304 -2.94237e-15 0)
(1.1256 1.38311e-15 0)
(1.12517 3.71259e-16 0)
(1.12473 2.62595e-16 0)
(1.1243 1.1972e-15 0)
(1.12385 -1.41026e-15 0)
(1.12341 1.64948e-15 0)
(1.12296 2.16177e-15 0)
(1.12251 -2.29163e-15 0)
(1.12205 2.3953e-15 0)
(1.12159 -1.85353e-15 0)
(1.12112 8.56711e-16 0)
(1.12065 1.78876e-15 0)
(1.12018 4.11495e-17 0)
(1.1197 1.66743e-15 0)
(1.11921 -1.05686e-15 0)
(1.11872 -1.68401e-15 0)
(1.11823 -4.00324e-16 0)
(1.11773 8.00874e-16 0)
(1.11723 -3.4429e-15 0)
(1.11672 3.25508e-15 0)
(1.11621 -6.34964e-16 0)
(1.11569 2.511e-15 0)
(1.11517 -1.84535e-15 0)
(1.11465 1.3871e-15 0)
(1.11412 -1.86081e-15 0)
(1.11358 1.34674e-15 0)
(1.11304 -2.25721e-15 0)
(1.1256 1.49761e-15 0)
(1.12517 -3.19469e-16 0)
(1.12473 -1.26915e-16 0)
(1.1243 7.17773e-16 0)
(1.12385 -1.59966e-15 0)
(1.12341 2.13868e-15 0)
(1.12296 2.33374e-15 0)
(1.12251 -1.72638e-15 0)
(1.12205 2.40137e-15 0)
(1.12159 -1.85994e-15 0)
(1.12112 5.03826e-16 0)
(1.12065 1.17012e-15 0)
(1.12018 -7.06891e-16 0)
(1.1197 1.76966e-15 0)
(1.11921 -1.27831e-15 0)
(1.11872 -1.44287e-15 0)
(1.11823 -2.54324e-16 0)
(1.11773 1.30508e-15 0)
(1.11723 -2.90247e-15 0)
(1.11672 2.39231e-15 0)
(1.11621 -1.25216e-15 0)
(1.11569 2.89298e-15 0)
(1.11517 -2.19596e-15 0)
(1.11465 1.71338e-15 0)
(1.11412 -1.33286e-15 0)
(1.11358 9.9927e-16 0)
(1.11304 -2.44235e-15 0)
(1.1256 8.72038e-16 0)
(1.12517 -3.10628e-16 0)
(1.12473 -3.87156e-16 0)
(1.1243 8.04809e-16 0)
(1.12385 -1.70463e-15 0)
(1.12341 1.79671e-15 0)
(1.12296 2.09827e-15 0)
(1.12251 -9.95996e-16 0)
(1.12205 2.60408e-15 0)
(1.12159 -1.37003e-15 0)
(1.12112 -2.64584e-16 0)
(1.12065 7.48719e-16 0)
(1.12018 -8.58471e-16 0)
(1.1197 1.40881e-15 0)
(1.11921 -1.65271e-15 0)
(1.11872 -1.30269e-15 0)
(1.11823 -2.22504e-16 0)
(1.11773 2.03777e-15 0)
(1.11723 -2.23535e-15 0)
(1.11672 1.93878e-15 0)
(1.11621 -2.25654e-15 0)
(1.11569 3.19546e-15 0)
(1.11517 -3.35653e-15 0)
(1.11465 2.11119e-15 0)
(1.11412 -8.92785e-16 0)
(1.11358 4.65813e-16 0)
(1.11304 -2.98952e-15 0)
(1.1256 8.45236e-16 0)
(1.12517 2.97533e-16 0)
(1.12473 -3.42384e-16 0)
(1.1243 1.12294e-15 0)
(1.12385 -1.23591e-15 0)
(1.12341 2.15054e-15 0)
(1.12296 1.55431e-15 0)
(1.12251 -6.62972e-16 0)
(1.12205 2.20291e-15 0)
(1.12159 -6.67494e-16 0)
(1.12112 -9.28936e-16 0)
(1.12065 4.47781e-16 0)
(1.12018 -8.81558e-16 0)
(1.1197 7.62722e-16 0)
(1.11921 -2.19425e-15 0)
(1.11872 -1.75013e-16 0)
(1.11823 2.04749e-17 0)
(1.11773 2.32588e-15 0)
(1.11723 -1.98967e-15 0)
(1.11672 1.98254e-15 0)
(1.11621 -2.27781e-15 0)
(1.11569 2.85106e-15 0)
(1.11517 -4.31292e-15 0)
(1.11465 2.15127e-15 0)
(1.11412 -5.89642e-16 0)
(1.11358 -9.05189e-18 0)
(1.11304 -3.14842e-15 0)
(1.1256 1.19708e-15 0)
(1.12517 3.75319e-16 0)
(1.12473 -1.91517e-16 0)
(1.1243 8.89384e-16 0)
(1.12385 -1.22563e-16 0)
(1.12341 2.26757e-15 0)
(1.12296 1.69185e-15 0)
(1.12251 -1.39492e-15 0)
(1.12205 1.92492e-15 0)
(1.12159 -1.19254e-15 0)
(1.12112 -1.16224e-15 0)
(1.12065 5.76039e-16 0)
(1.12018 -7.87796e-16 0)
(1.1197 5.06902e-16 0)
(1.11921 -2.74101e-15 0)
(1.11872 1.02232e-15 0)
(1.11823 8.69787e-17 0)
(1.11773 2.14871e-15 0)
(1.11723 -4.61652e-16 0)
(1.11672 1.77544e-15 0)
(1.11621 -2.64955e-15 0)
(1.11569 2.01841e-15 0)
(1.11517 -4.65181e-15 0)
(1.11465 1.54126e-15 0)
(1.11412 1.68648e-16 0)
(1.11358 1.31775e-17 0)
(1.11304 -2.89634e-15 0)
(1.1256 7.98146e-16 0)
(1.12517 1.13895e-15 0)
(1.12473 5.17944e-16 0)
(1.1243 4.94233e-16 0)
(1.12385 2.89987e-16 0)
(1.12341 1.82665e-15 0)
(1.12296 1.20201e-15 0)
(1.12251 -1.89967e-15 0)
(1.12205 1.99234e-15 0)
(1.12159 -1.65935e-15 0)
(1.12112 -2.21756e-15 0)
(1.12065 8.78773e-16 0)
(1.12018 -9.00101e-16 0)
(1.1197 5.0484e-16 0)
(1.11921 -3.04167e-15 0)
(1.11872 1.5951e-15 0)
(1.11823 -8.15228e-16 0)
(1.11773 2.47343e-15 0)
(1.11723 1.30692e-15 0)
(1.11672 1.2211e-15 0)
(1.11621 -3.50192e-15 0)
(1.11569 1.46534e-15 0)
(1.11517 -4.23476e-15 0)
(1.11465 1.59016e-15 0)
(1.11412 -2.83718e-17 0)
(1.11358 5.44788e-16 0)
(1.11304 -2.43229e-15 0)
(1.1256 7.72709e-17 0)
(1.12517 1.40403e-15 0)
(1.12473 9.3027e-16 0)
(1.1243 2.41425e-16 0)
(1.12385 4.43381e-16 0)
(1.12341 1.13843e-15 0)
(1.12296 9.02951e-16 0)
(1.12251 -2.50773e-15 0)
(1.12205 1.55525e-15 0)
(1.12159 -1.48992e-15 0)
(1.12112 -2.91557e-15 0)
(1.12065 7.07925e-16 0)
(1.12018 -9.22621e-16 0)
(1.1197 7.63429e-16 0)
(1.11921 -3.76821e-15 0)
(1.11872 2.3056e-15 0)
(1.11823 -1.08917e-15 0)
(1.11773 2.04709e-15 0)
(1.11723 1.66064e-15 0)
(1.11672 1.5899e-15 0)
(1.11621 -4.13814e-15 0)
(1.11569 1.57635e-15 0)
(1.11517 -3.61349e-15 0)
(1.11465 1.48501e-15 0)
(1.11412 -7.08323e-16 0)
(1.11358 6.17013e-16 0)
(1.11304 -1.75621e-15 0)
(1.1256 1.4963e-16 0)
(1.12517 7.45627e-16 0)
(1.12473 9.32491e-16 0)
(1.1243 1.96369e-17 0)
(1.12385 9.88193e-16 0)
(1.12341 3.75943e-16 0)
(1.12296 6.91594e-16 0)
(1.12251 -2.10142e-15 0)
(1.12205 1.89229e-15 0)
(1.12159 -1.31977e-15 0)
(1.12112 -2.87827e-15 0)
(1.12065 9.47288e-16 0)
(1.12018 -4.14927e-16 0)
(1.1197 6.91697e-17 0)
(1.11921 -4.50788e-15 0)
(1.11872 2.85679e-15 0)
(1.11823 -1.3393e-15 0)
(1.11773 8.40174e-16 0)
(1.11723 1.35852e-15 0)
(1.11672 1.89549e-15 0)
(1.11621 -3.42705e-15 0)
(1.11569 2.19253e-15 0)
(1.11517 -3.02006e-15 0)
(1.11465 1.38609e-15 0)
(1.11412 -9.62991e-16 0)
(1.11358 8.99174e-16 0)
(1.11304 -1.32018e-15 0)
(1.1256 7.88898e-16 0)
(1.12517 7.65349e-16 0)
(1.12473 5.91652e-16 0)
(1.1243 1.87559e-16 0)
(1.12385 1.35249e-15 0)
(1.12341 -1.29073e-16 0)
(1.12296 6.81077e-16 0)
(1.12251 -2.24433e-15 0)
(1.12205 2.04726e-15 0)
(1.12159 -8.60194e-16 0)
(1.12112 -2.56952e-15 0)
(1.12065 1.32632e-15 0)
(1.12018 1.78262e-16 0)
(1.1197 -3.92678e-16 0)
(1.11921 -4.20109e-15 0)
(1.11872 2.36124e-15 0)
(1.11823 -1.61574e-15 0)
(1.11773 -2.57747e-16 0)
(1.11723 1.66079e-15 0)
(1.11672 1.36633e-15 0)
(1.11621 -3.00612e-15 0)
(1.11569 2.69787e-15 0)
(1.11517 -2.65943e-15 0)
(1.11465 1.53436e-15 0)
(1.11412 -1.02841e-15 0)
(1.11358 1.64591e-15 0)
(1.11304 -4.32562e-16 0)
(1.1256 8.27626e-16 0)
(1.12517 6.02313e-16 0)
(1.12473 3.24488e-16 0)
(1.1243 -7.0408e-17 0)
(1.12385 1.26189e-15 0)
(1.12341 -9.66042e-16 0)
(1.12296 5.51961e-16 0)
(1.12251 -1.45029e-15 0)
(1.12205 2.01159e-15 0)
(1.12159 3.62084e-16 0)
(1.12112 -2.21071e-15 0)
(1.12065 1.14452e-15 0)
(1.12018 1.74943e-16 0)
(1.1197 -9.05947e-16 0)
(1.11921 -4.13129e-15 0)
(1.11872 2.46666e-15 0)
(1.11823 -1.0641e-15 0)
(1.11773 -7.04486e-16 0)
(1.11723 1.96314e-15 0)
(1.11672 1.05452e-15 0)
(1.11621 -2.75535e-15 0)
(1.11569 3.04092e-15 0)
(1.11517 -3.47898e-15 0)
(1.11465 1.02196e-15 0)
(1.11412 -9.08722e-16 0)
(1.11358 2.28295e-15 0)
(1.11304 -7.33018e-17 0)
(1.1256 4.57625e-16 0)
(1.12517 7.30523e-16 0)
(1.12473 3.14737e-16 0)
(1.1243 3.46294e-17 0)
(1.12385 1.5491e-15 0)
(1.12341 -2.15372e-15 0)
(1.12296 1.07946e-16 0)
(1.12251 -1.22106e-15 0)
(1.12205 1.49696e-15 0)
(1.12159 1.76209e-15 0)
(1.12112 -1.04054e-15 0)
(1.12065 9.76335e-16 0)
(1.12018 -7.27646e-16 0)
(1.1197 -1.55967e-15 0)
(1.11921 -3.93933e-15 0)
(1.11872 2.85945e-15 0)
(1.11823 4.18151e-16 0)
(1.11773 -1.57457e-15 0)
(1.11723 2.38717e-15 0)
(1.11672 9.1897e-16 0)
(1.11621 -2.61008e-15 0)
(1.11569 2.66018e-15 0)
(1.11517 -3.82687e-15 0)
(1.11465 9.7528e-16 0)
(1.11412 -7.75724e-17 0)
(1.11358 1.62034e-15 0)
(1.11304 -2.0513e-16 0)
(1.12517 1.20439e-15 0)
(1.12473 1.21044e-16 0)
(1.1243 4.87448e-16 0)
(1.12385 2.05891e-15 0)
(1.12341 -2.90925e-15 0)
(1.12296 -1.13346e-16 0)
(1.12251 -4.99254e-16 0)
(1.12205 4.67061e-16 0)
(1.12159 2.05982e-15 0)
(1.12112 -2.13297e-16 0)
(1.12065 1.23416e-15 0)
(1.12018 -1.64555e-15 0)
(1.1197 -1.61691e-15 0)
(1.11921 -3.57629e-15 0)
(1.11872 2.02742e-15 0)
(1.11823 1.28877e-15 0)
(1.11773 -1.82134e-15 0)
(1.11723 2.5557e-15 0)
(1.11672 6.40029e-16 0)
(1.11621 -2.68301e-15 0)
(1.11569 2.34723e-15 0)
(1.11517 -3.76309e-15 0)
(1.11465 1.09691e-15 0)
(1.11412 6.27151e-16 0)
(1.11358 3.18011e-16 0)
(1.11304 -3.22253e-17 0)
(1.12517 8.73531e-16 0)
(1.12473 1.14798e-16 0)
(1.1243 8.08513e-16 0)
(1.12385 2.04135e-15 0)
(1.12341 -3.23698e-15 0)
(1.12296 1.14824e-16 0)
(1.12251 9.31388e-17 0)
(1.12205 -5.86282e-16 0)
(1.12159 1.97028e-15 0)
(1.12112 -8.16685e-17 0)
(1.12065 1.0857e-15 0)
(1.12018 -1.76795e-15 0)
(1.1197 -1.79493e-15 0)
(1.11921 -2.53311e-15 0)
(1.11872 1.57652e-15 0)
(1.11823 9.36067e-16 0)
(1.11773 -2.37808e-15 0)
(1.11723 2.01003e-15 0)
(1.11672 1.86732e-16 0)
(1.11621 -2.56684e-15 0)
(1.11569 2.25287e-15 0)
(1.11517 -3.67694e-15 0)
(1.11465 1.39531e-15 0)
(1.11412 8.60465e-16 0)
(1.11358 -4.33991e-18 0)
(1.11304 8.8387e-16 0)
(1.12517 4.31106e-16 0)
(1.12473 4.45514e-16 0)
(1.1243 4.3174e-16 0)
(1.12385 2.38822e-15 0)
(1.12341 -3.78522e-15 0)
(1.12296 -3.58057e-16 0)
(1.12251 -3.10822e-16 0)
(1.12205 -1.48716e-15 0)
(1.12159 2.0019e-15 0)
(1.12112 5.34182e-16 0)
(1.12065 2.12912e-16 0)
(1.12018 -1.61606e-15 0)
(1.1197 -1.58507e-15 0)
(1.11921 -1.87554e-15 0)
(1.11872 1.40585e-15 0)
(1.11823 5.3038e-16 0)
(1.11773 -2.8218e-15 0)
(1.11723 1.68737e-15 0)
(1.11672 -1.4497e-16 0)
(1.11621 -2.1123e-15 0)
(1.11569 2.42053e-15 0)
(1.11517 -3.48799e-15 0)
(1.11465 1.16016e-15 0)
(1.11412 1.17201e-15 0)
(1.11358 -4.69518e-16 0)
(1.11304 1.4062e-15 0)
(1.12517 8.29293e-16 0)
(1.12473 6.4416e-16 0)
(1.1243 3.74586e-16 0)
(1.12385 2.50124e-15 0)
(1.12341 -4.03412e-15 0)
(1.12296 -6.57449e-16 0)
(1.12251 -2.14693e-16 0)
(1.12205 -2.04003e-15 0)
(1.12159 1.59842e-15 0)
(1.12112 9.00157e-16 0)
(1.12065 -7.13666e-16 0)
(1.12018 -1.6091e-15 0)
(1.1197 -1.37647e-15 0)
(1.11921 -1.61198e-15 0)
(1.11872 1.27917e-15 0)
(1.11823 1.60812e-15 0)
(1.11773 -2.0734e-15 0)
(1.11723 1.12419e-15 0)
(1.11672 -5.98524e-16 0)
(1.11621 -1.8909e-15 0)
(1.11569 2.5522e-15 0)
(1.11517 -2.53463e-15 0)
(1.11465 9.21562e-16 0)
(1.11412 1.31e-15 0)
(1.11358 -2.05657e-15 0)
(1.11304 1.64615e-15 0)
(1.12517 7.2494e-16 0)
(1.12473 1.35898e-15 0)
(1.1243 3.6569e-16 0)
(1.12385 1.78445e-15 0)
(1.12341 -4.22891e-15 0)
(1.12296 -2.93366e-16 0)
(1.12251 -1.68339e-16 0)
(1.12205 -2.70453e-15 0)
(1.12159 1.49515e-15 0)
(1.12112 3.62466e-16 0)
(1.12065 -5.57706e-16 0)
(1.12018 -1.71235e-15 0)
(1.1197 -1.48281e-15 0)
(1.11921 -5.71424e-16 0)
(1.11872 5.49152e-16 0)
(1.11823 1.84888e-15 0)
(1.11773 -1.62579e-15 0)
(1.11723 9.95615e-16 0)
(1.11672 -2.14279e-16 0)
(1.11621 -2.32823e-15 0)
(1.11569 2.71327e-15 0)
(1.11517 -1.94204e-15 0)
(1.11465 2.01143e-16 0)
(1.11412 6.8471e-16 0)
(1.11358 -3.3889e-15 0)
(1.11304 2.52964e-15 0)
(1.12517 9.03109e-16 0)
(1.12473 1.20874e-15 0)
(1.1243 -3.41586e-18 0)
(1.12385 1.57238e-15 0)
(1.12341 -4.17673e-15 0)
(1.12296 3.45296e-16 0)
(1.12251 -3.89426e-16 0)
(1.12205 -3.23003e-15 0)
(1.12159 1.33708e-15 0)
(1.12112 -3.55444e-16 0)
(1.12065 -3.10462e-16 0)
(1.12018 -1.37563e-15 0)
(1.1197 -1.28189e-15 0)
(1.11921 9.34364e-17 0)
(1.11872 -7.38306e-17 0)
(1.11823 1.57942e-15 0)
(1.11773 -1.09255e-15 0)
(1.11723 1.28738e-15 0)
(1.11672 4.81704e-16 0)
(1.11621 -2.91954e-15 0)
(1.11569 3.00143e-15 0)
(1.11517 -1.54308e-15 0)
(1.11465 -8.89852e-16 0)
(1.11412 -1.53783e-16 0)
(1.11358 -3.89497e-15 0)
(1.11304 3.49146e-15 0)
(1.12517 6.38213e-16 0)
(1.12473 1.07752e-15 0)
(1.1243 -2.5545e-16 0)
(1.12385 1.3797e-15 0)
(1.12341 -3.73463e-15 0)
(1.12296 3.24624e-16 0)
(1.12251 -4.36788e-16 0)
(1.12205 -3.68346e-15 0)
(1.12159 1.20572e-15 0)
(1.12112 -2.08811e-16 0)
(1.12065 -1.62556e-16 0)
(1.12018 -9.24985e-16 0)
(1.1197 -1.63785e-15 0)
(1.11921 3.81213e-16 0)
(1.11872 2.09509e-16 0)
(1.11823 1.43403e-15 0)
(1.11773 -1.14868e-15 0)
(1.11723 1.51663e-15 0)
(1.11672 3.81685e-16 0)
(1.11621 -3.39929e-15 0)
(1.11569 2.98109e-15 0)
(1.11517 -1.27649e-15 0)
(1.11465 -1.53136e-15 0)
(1.11412 -4.08677e-17 0)
(1.11358 -4.72471e-15 0)
(1.11304 3.65077e-15 0)
(1.12517 8.81426e-16 0)
(1.12473 8.74172e-16 0)
(1.1243 -1.48886e-16 0)
(1.12385 1.2493e-15 0)
(1.12341 -3.577e-15 0)
(1.12296 7.08089e-16 0)
(1.12251 -2.58533e-16 0)
(1.12205 -4.11665e-15 0)
(1.12159 1.59481e-15 0)
(1.12112 -9.17061e-17 0)
(1.12065 -7.54391e-16 0)
(1.12018 -1.57574e-15 0)
(1.1197 -1.77529e-15 0)
(1.11921 3.62905e-16 0)
(1.11872 4.98701e-16 0)
(1.11823 1.03734e-15 0)
(1.11773 -1.31818e-15 0)
(1.11723 1.37908e-15 0)
(1.11672 3.88916e-16 0)
(1.11621 -3.64458e-15 0)
(1.11569 2.91342e-15 0)
(1.11517 -7.22997e-16 0)
(1.11465 -1.81515e-15 0)
(1.11412 -1.57534e-16 0)
(1.11358 -5.18097e-15 0)
(1.11304 3.92659e-15 0)
(1.12517 1.49184e-15 0)
(1.12473 7.32579e-16 0)
(1.1243 -1.61046e-16 0)
(1.12385 1.97577e-15 0)
(1.12341 -3.31924e-15 0)
(1.12296 1.29208e-15 0)
(1.12251 1.74236e-16 0)
(1.12205 -4.03276e-15 0)
(1.12159 1.51764e-15 0)
(1.12112 -1.39443e-16 0)
(1.12065 -9.42092e-16 0)
(1.12018 -1.07425e-15 0)
(1.1197 -1.7969e-15 0)
(1.11921 2.17837e-16 0)
(1.11872 8.19084e-16 0)
(1.11823 5.20148e-16 0)
(1.11773 -2.42341e-15 0)
(1.11723 1.1391e-15 0)
(1.11672 7.28582e-16 0)
(1.11621 -3.70327e-15 0)
(1.11569 3.03798e-15 0)
(1.11517 -6.91155e-16 0)
(1.11465 -1.80258e-15 0)
(1.11412 -1.64792e-16 0)
(1.11358 -5.17672e-15 0)
(1.11304 3.60903e-15 0)
(1.12517 1.37383e-15 0)
(1.12473 5.49813e-16 0)
(1.1243 -6.96476e-16 0)
(1.12385 2.79729e-15 0)
(1.12341 -3.59706e-15 0)
(1.12296 1.74049e-15 0)
(1.12251 3.22073e-16 0)
(1.12205 -3.46917e-15 0)
(1.12159 8.80964e-16 0)
(1.12112 -2.6946e-16 0)
(1.12065 -9.80792e-16 0)
(1.12018 -1.03786e-16 0)
(1.1197 -1.87024e-15 0)
(1.11921 6.60217e-16 0)
(1.11872 8.77891e-16 0)
(1.11823 1.37625e-15 0)
(1.11773 -3.11384e-15 0)
(1.11723 9.59112e-16 0)
(1.11672 6.0631e-16 0)
(1.11621 -4.25321e-15 0)
(1.11569 3.21031e-15 0)
(1.11517 -6.82832e-16 0)
(1.11465 -1.65031e-15 0)
(1.11412 3.22612e-17 0)
(1.11358 -5.032e-15 0)
(1.11304 3.54019e-15 0)
(1.12517 1.98745e-15 0)
(1.12473 3.10532e-16 0)
(1.1243 -1.01728e-15 0)
(1.12385 3.1065e-15 0)
(1.12341 -3.64491e-15 0)
(1.12296 1.57051e-15 0)
(1.12251 1.71762e-16 0)
(1.12205 -3.57089e-15 0)
(1.12159 5.83489e-16 0)
(1.12112 -9.89932e-16 0)
(1.12065 -1.17046e-15 0)
(1.12018 -1.86193e-16 0)
(1.1197 -2.00958e-15 0)
(1.11921 1.59569e-16 0)
(1.11872 1.98053e-16 0)
(1.11823 2.33768e-15 0)
(1.11773 -3.28494e-15 0)
(1.11723 5.17241e-16 0)
(1.11672 4.24788e-16 0)
(1.11621 -5.11137e-15 0)
(1.11569 3.58849e-15 0)
(1.11517 -2.41859e-16 0)
(1.11465 -2.04997e-15 0)
(1.11412 7.4615e-17 0)
(1.11358 -4.21018e-15 0)
(1.11304 3.4704e-15 0)
(1.12517 2.06987e-15 0)
(1.12473 6.79726e-16 0)
(1.1243 -1.19016e-15 0)
(1.12385 2.82258e-15 0)
(1.12341 -3.60059e-15 0)
(1.12296 1.51866e-15 0)
(1.12251 4.36946e-16 0)
(1.12205 -3.15648e-15 0)
(1.12159 3.55561e-16 0)
(1.12112 -1.71944e-15 0)
(1.12065 -1.2942e-15 0)
(1.12018 -3.07741e-17 0)
(1.1197 -2.30505e-15 0)
(1.11921 -2.48295e-16 0)
(1.11872 -6.36731e-16 0)
(1.11823 2.36661e-15 0)
(1.11773 -2.98568e-15 0)
(1.11723 -1.37253e-16 0)
(1.11672 -2.26149e-16 0)
(1.11621 -5.40806e-15 0)
(1.11569 3.7635e-15 0)
(1.11517 6.54811e-16 0)
(1.11465 -2.85489e-15 0)
(1.11412 2.21818e-16 0)
(1.11358 -3.423e-15 0)
(1.11304 2.61335e-15 0)
(1.12517 1.49289e-15 0)
(1.12473 8.9466e-16 0)
(1.1243 -1.36965e-15 0)
(1.12385 2.8145e-15 0)
(1.12341 -3.73404e-15 0)
(1.12296 1.78713e-15 0)
(1.12251 8.97368e-16 0)
(1.12205 -3.43725e-15 0)
(1.12159 1.05231e-15 0)
(1.12112 -2.07449e-15 0)
(1.12065 -1.27246e-15 0)
(1.12018 1.07548e-17 0)
(1.1197 -2.15432e-15 0)
(1.11921 -4.83833e-17 0)
(1.11872 -9.54977e-16 0)
(1.11823 2.43384e-15 0)
(1.11773 -2.30293e-15 0)
(1.11723 -7.40738e-16 0)
(1.11672 -1.06919e-15 0)
(1.11621 -5.50218e-15 0)
(1.11569 3.3602e-15 0)
(1.11517 1.0437e-15 0)
(1.11465 -2.4779e-15 0)
(1.11412 2.36392e-16 0)
(1.11358 -3.03096e-15 0)
(1.11304 1.65724e-15 0)
(1.12517 1.15744e-15 0)
(1.12473 1.39499e-15 0)
(1.1243 -1.25609e-15 0)
(1.12385 2.23135e-15 0)
(1.12341 -3.78867e-15 0)
(1.12296 1.62564e-15 0)
(1.12251 1.20941e-15 0)
(1.12205 -3.5979e-15 0)
(1.12159 1.51402e-15 0)
(1.12112 -1.41058e-15 0)
(1.12065 -1.55031e-15 0)
(1.12018 7.03113e-16 0)
(1.1197 -2.22144e-15 0)
(1.11921 -1.61085e-16 0)
(1.11872 -9.29181e-16 0)
(1.11823 1.86718e-15 0)
(1.11773 -1.7604e-15 0)
(1.11723 -6.20523e-16 0)
(1.11672 -1.53892e-15 0)
(1.11621 -5.5175e-15 0)
(1.11569 3.0914e-15 0)
(1.11517 9.97543e-16 0)
(1.11465 -2.03834e-15 0)
(1.11412 3.66601e-16 0)
(1.11358 -2.86676e-15 0)
(1.11304 6.82639e-16 0)
(1.12517 1.15807e-15 0)
(1.12473 1.98833e-15 0)
(1.1243 -1.27344e-15 0)
(1.12385 1.52906e-15 0)
(1.12341 -3.57771e-15 0)
(1.12296 2.09827e-15 0)
(1.12251 1.10659e-15 0)
(1.12205 -3.24098e-15 0)
(1.12159 1.02627e-15 0)
(1.12112 -1.12431e-15 0)
(1.12065 -1.92679e-15 0)
(1.12018 1.38309e-15 0)
(1.1197 -2.04883e-15 0)
(1.11921 -7.24168e-17 0)
(1.11872 -1.04116e-15 0)
(1.11823 1.2922e-15 0)
(1.11773 -1.09046e-15 0)
(1.11723 -6.44689e-16 0)
(1.11672 -1.2757e-15 0)
(1.11621 -5.09517e-15 0)
(1.11569 3.09004e-15 0)
(1.11517 1.62243e-15 0)
(1.11465 -2.2629e-15 0)
(1.11412 8.67672e-16 0)
(1.11358 -3.1753e-15 0)
(1.11304 -2.2152e-16 0)
(1.12517 1.56367e-15 0)
(1.12473 2.10691e-15 0)
(1.1243 -1.76845e-15 0)
(1.12385 2.08214e-15 0)
(1.12341 -3.26593e-15 0)
(1.12296 1.59941e-15 0)
(1.12251 1.12264e-15 0)
(1.12205 -2.72878e-15 0)
(1.12159 9.53248e-16 0)
(1.12112 -1.27719e-15 0)
(1.12065 -1.40645e-15 0)
(1.12018 1.63649e-15 0)
(1.1197 -1.85644e-15 0)
(1.11921 -1.62195e-16 0)
(1.11872 -7.2652e-16 0)
(1.11823 5.73445e-16 0)
(1.11773 -6.11042e-16 0)
(1.11723 -1.04296e-15 0)
(1.11672 -1.1578e-15 0)
(1.11621 -4.45818e-15 0)
(1.11569 2.7894e-15 0)
(1.11517 2.05161e-15 0)
(1.11465 -2.17331e-15 0)
(1.11412 1.50033e-15 0)
(1.11358 -3.19588e-15 0)
(1.11304 -1.07487e-15 0)
(1.12517 2.01253e-15 0)
(1.12473 1.10739e-15 0)
(1.1243 -1.40483e-15 0)
(1.12385 2.56546e-15 0)
(1.12341 -3.59342e-15 0)
(1.12296 7.91395e-16 0)
(1.12251 1.61281e-15 0)
(1.12205 -2.04529e-15 0)
(1.12159 2.63668e-16 0)
(1.12112 -5.13472e-16 0)
(1.12065 -8.05649e-16 0)
(1.12018 2.03898e-15 0)
(1.1197 -1.61068e-15 0)
(1.11921 -1.67965e-16 0)
(1.11872 -7.70714e-16 0)
(1.11823 -1.10388e-16 0)
(1.11773 -4.07171e-16 0)
(1.11723 -1.28624e-15 0)
(1.11672 -1.10117e-15 0)
(1.11621 -3.39194e-15 0)
(1.11569 2.42866e-15 0)
(1.11517 1.71971e-15 0)
(1.11465 -2.54333e-15 0)
(1.11412 1.83822e-15 0)
(1.11358 -2.64082e-15 0)
(1.11304 -9.42329e-16 0)
(1.12517 1.69536e-15 0)
(1.12473 6.34084e-16 0)
(1.1243 -1.71714e-15 0)
(1.12385 1.97563e-15 0)
(1.12341 -3.59591e-15 0)
(1.12296 2.26237e-16 0)
(1.12251 1.71735e-15 0)
(1.12205 -1.50204e-15 0)
(1.12159 -7.56304e-17 0)
(1.12112 1.337e-16 0)
(1.12065 -1.21528e-16 0)
(1.12018 2.37811e-15 0)
(1.1197 -1.66242e-15 0)
(1.11921 -3.53396e-16 0)
(1.11872 -1.02518e-15 0)
(1.11823 -9.00154e-17 0)
(1.11773 -5.99531e-17 0)
(1.11723 -1.11385e-15 0)
(1.11672 -8.41183e-16 0)
(1.11621 -2.03508e-15 0)
(1.11569 2.2099e-15 0)
(1.11517 2.00468e-15 0)
(1.11465 -3.40046e-15 0)
(1.11412 2.23558e-15 0)
(1.11358 -1.76437e-15 0)
(1.11304 -9.55163e-16 0)
(1.12517 1.84419e-15 0)
(1.12473 7.47287e-16 0)
(1.1243 -1.97249e-15 0)
(1.12385 1.4138e-15 0)
(1.12341 -3.29417e-15 0)
(1.12296 2.42356e-16 0)
(1.12251 1.68343e-15 0)
(1.12205 -6.16621e-16 0)
(1.12159 -1.90002e-16 0)
(1.12112 2.95824e-16 0)
(1.12065 -1.89788e-17 0)
(1.12018 2.53869e-15 0)
(1.1197 -1.5022e-15 0)
(1.11921 -2.05711e-16 0)
(1.11872 -9.85501e-16 0)
(1.11823 1.21561e-16 0)
(1.11773 2.00509e-16 0)
(1.11723 -7.59585e-16 0)
(1.11672 -4.90118e-16 0)
(1.11621 -1.68477e-15 0)
(1.11569 2.1676e-15 0)
(1.11517 2.6277e-15 0)
(1.11465 -3.82963e-15 0)
(1.11412 2.55307e-15 0)
(1.11358 -1.53904e-15 0)
(1.11304 -1.90259e-15 0)
(1.12517 1.81646e-15 0)
(1.12473 1.6881e-16 0)
(1.1243 -1.84283e-15 0)
(1.12385 1.60934e-15 0)
(1.12341 -2.48067e-15 0)
(1.12296 1.93866e-17 0)
(1.12251 1.88379e-15 0)
(1.12205 3.58977e-17 0)
(1.12159 -3.95381e-16 0)
(1.12112 7.54795e-17 0)
(1.12065 -6.7067e-16 0)
(1.12018 2.23505e-15 0)
(1.1197 -1.37958e-15 0)
(1.11921 3.00105e-16 0)
(1.11872 -6.63749e-16 0)
(1.11823 2.72045e-16 0)
(1.11773 1.96825e-16 0)
(1.11723 -1.29709e-15 0)
(1.11672 7.58308e-18 0)
(1.11621 -2.00389e-15 0)
(1.11569 1.98424e-15 0)
(1.11517 2.92235e-15 0)
(1.11465 -4.28898e-15 0)
(1.11412 2.71736e-15 0)
(1.11358 -1.95456e-15 0)
(1.11304 -2.53876e-15 0)
(1.12517 1.7239e-15 0)
(1.12473 2.51981e-16 0)
(1.1243 -1.50824e-15 0)
(1.12385 1.69509e-15 0)
(1.12341 -1.76292e-15 0)
(1.12296 -8.09302e-16 0)
(1.12251 1.90341e-15 0)
(1.12205 3.93129e-16 0)
(1.12159 -4.7401e-16 0)
(1.12112 -5.73517e-16 0)
(1.12065 -1.42544e-15 0)
(1.12018 1.63503e-15 0)
(1.1197 -6.98002e-16 0)
(1.11921 2.82823e-16 0)
(1.11872 -5.95375e-16 0)
(1.11823 3.83385e-17 0)
(1.11773 1.71914e-16 0)
(1.11723 -2.06124e-15 0)
(1.11672 4.12167e-16 0)
(1.11621 -1.634e-15 0)
(1.11569 1.51065e-15 0)
(1.11517 2.91979e-15 0)
(1.11465 -4.62388e-15 0)
(1.11412 2.70271e-15 0)
(1.11358 -1.78395e-15 0)
(1.11304 -2.88483e-15 0)
(1.12517 1.9938e-15 0)
(1.12473 4.77106e-16 0)
(1.1243 -1.35082e-15 0)
(1.12385 1.96422e-15 0)
(1.12341 -1.48992e-15 0)
(1.12296 -1.44784e-15 0)
(1.12251 2.28239e-15 0)
(1.12205 2.64348e-16 0)
(1.12159 -4.63171e-16 0)
(1.12112 -6.27961e-16 0)
(1.12065 -1.79908e-15 0)
(1.12018 1.65897e-15 0)
(1.1197 -2.88815e-16 0)
(1.11921 -7.18296e-16 0)
(1.11872 -6.44632e-16 0)
(1.11823 -5.86173e-16 0)
(1.11773 4.55708e-16 0)
(1.11723 -1.66656e-15 0)
(1.11672 1.71686e-16 0)
(1.11621 -1.34676e-15 0)
(1.11569 1.20698e-15 0)
(1.11517 2.95776e-15 0)
(1.11465 -4.99605e-15 0)
(1.11412 2.72002e-15 0)
(1.11358 -9.51143e-16 0)
(1.11304 -3.37433e-15 0)
(1.12517 2.57352e-15 0)
(1.12473 6.32941e-16 0)
(1.1243 -1.19636e-15 0)
(1.12385 1.57629e-15 0)
(1.12341 -1.74374e-15 0)
(1.12296 -1.80042e-15 0)
(1.12251 2.29481e-15 0)
(1.12205 2.58431e-16 0)
(1.12159 -7.33403e-17 0)
(1.12112 -6.90244e-16 0)
(1.12065 -1.94981e-15 0)
(1.12018 2.17181e-15 0)
(1.1197 3.77605e-16 0)
(1.11921 -1.27648e-15 0)
(1.11872 -7.23374e-16 0)
(1.11823 -6.80899e-16 0)
(1.11773 4.44551e-16 0)
(1.11723 -1.57344e-15 0)
(1.11672 -2.91943e-16 0)
(1.11621 -1.31666e-15 0)
(1.11569 1.28416e-15 0)
(1.11517 2.7519e-15 0)
(1.11465 -5.96201e-15 0)
(1.11412 2.62661e-15 0)
(1.11358 -5.06428e-16 0)
(1.11304 -3.31598e-15 0)
(1.12517 2.30684e-15 0)
(1.12473 3.4359e-16 0)
(1.1243 -1.12497e-15 0)
(1.12385 1.5621e-15 0)
(1.12341 -1.59711e-15 0)
(1.12296 -1.66708e-15 0)
(1.12251 1.60915e-15 0)
(1.12205 4.16742e-18 0)
(1.12159 7.00709e-17 0)
(1.12112 -9.98974e-16 0)
(1.12065 -1.09647e-15 0)
(1.12018 2.3149e-15 0)
(1.1197 6.47265e-16 0)
(1.11921 -7.02828e-16 0)
(1.11872 -8.42586e-16 0)
(1.11823 -7.6156e-16 0)
(1.11773 1.15921e-16 0)
(1.11723 -6.39543e-16 0)
(1.11672 -6.08504e-17 0)
(1.11621 -8.56139e-16 0)
(1.11569 1.2661e-15 0)
(1.11517 1.7608e-15 0)
(1.11465 -6.11647e-15 0)
(1.11412 3.48913e-15 0)
(1.11358 2.78362e-16 0)
(1.11304 -3.19807e-15 0)
(1.12517 1.75719e-15 0)
(1.12473 1.73378e-16 0)
(1.1243 -9.77284e-16 0)
(1.12385 1.64919e-15 0)
(1.12341 -1.08515e-15 0)
(1.12296 -1.39414e-15 0)
(1.12251 9.82822e-16 0)
(1.12205 -2.40262e-16 0)
(1.12159 -1.39322e-16 0)
(1.12112 -6.12139e-16 0)
(1.12065 -5.68865e-16 0)
(1.12018 2.6154e-15 0)
(1.1197 2.41682e-16 0)
(1.11921 -5.90988e-16 0)
(1.11872 -1.06114e-15 0)
(1.11823 -8.45255e-16 0)
(1.11773 4.74585e-16 0)
(1.11723 -4.83608e-16 0)
(1.11672 7.42458e-16 0)
(1.11621 -9.46202e-16 0)
(1.11569 1.49782e-15 0)
(1.11517 1.84677e-15 0)
(1.11465 -5.57374e-15 0)
(1.11412 4.7138e-15 0)
(1.11358 1.14929e-15 0)
(1.11304 -3.1851e-15 0)
(1.12517 1.51168e-15 0)
(1.12473 4.28132e-16 0)
(1.1243 -1.50703e-15 0)
(1.12385 1.77444e-15 0)
(1.12341 -1.05517e-15 0)
(1.12296 -1.59554e-15 0)
(1.12251 5.89488e-17 0)
(1.12205 1.51548e-16 0)
(1.12159 9.2817e-17 0)
(1.12112 -1.94817e-16 0)
(1.12065 -1.54202e-16 0)
(1.12018 2.87781e-15 0)
(1.1197 -8.70342e-16 0)
(1.11921 -5.69879e-16 0)
(1.11872 -1.35725e-15 0)
(1.11823 -5.3121e-16 0)
(1.11773 8.66287e-16 0)
(1.11723 -7.58015e-16 0)
(1.11672 1.10802e-15 0)
(1.11621 -5.86979e-16 0)
(1.11569 1.80787e-15 0)
(1.11517 2.05406e-15 0)
(1.11465 -4.78991e-15 0)
(1.11412 5.04817e-15 0)
(1.11358 1.93937e-15 0)
(1.11304 -2.78357e-15 0)
(1.12517 1.34716e-15 0)
(1.12473 9.04937e-16 0)
(1.1243 -1.82641e-15 0)
(1.12385 2.34397e-15 0)
(1.12341 -8.9856e-16 0)
(1.12296 -1.85889e-15 0)
(1.12251 -6.37612e-16 0)
(1.12205 3.75332e-17 0)
(1.12159 6.72268e-16 0)
(1.12112 -3.31216e-16 0)
(1.12065 4.09087e-16 0)
(1.12018 2.27749e-15 0)
(1.1197 -1.89621e-15 0)
(1.11921 -2.84492e-16 0)
(1.11872 -1.18036e-15 0)
(1.11823 -2.0239e-16 0)
(1.11773 6.72659e-16 0)
(1.11723 -7.80661e-16 0)
(1.11672 6.71682e-16 0)
(1.11621 4.5021e-17 0)
(1.11569 2.03178e-15 0)
(1.11517 1.83647e-15 0)
(1.11465 -3.73742e-15 0)
(1.11412 4.7866e-15 0)
(1.11358 2.926e-15 0)
(1.11304 -2.68241e-15 0)
(1.12517 1.85358e-15 0)
(1.12473 8.30357e-16 0)
(1.1243 -2.04627e-15 0)
(1.12385 2.20279e-15 0)
(1.12341 -4.75232e-16 0)
(1.12296 -1.63237e-15 0)
(1.12251 -1.01623e-15 0)
(1.12205 -3.25867e-16 0)
(1.12159 9.8592e-16 0)
(1.12112 -4.34201e-16 0)
(1.12065 -1.34201e-16 0)
(1.12018 1.29659e-15 0)
(1.1197 -1.37574e-15 0)
(1.11921 -5.06581e-16 0)
(1.11872 -5.76144e-16 0)
(1.11823 7.45078e-16 0)
(1.11773 -4.46344e-16 0)
(1.11723 -1.0098e-15 0)
(1.11672 -6.53962e-17 0)
(1.11621 -5.269e-16 0)
(1.11569 1.5641e-15 0)
(1.11517 1.68741e-15 0)
(1.11465 -2.80337e-15 0)
(1.11412 4.67384e-15 0)
(1.11358 3.57819e-15 0)
(1.11304 -2.87774e-15 0)
(1.12517 2.33881e-15 0)
(1.12473 1.05678e-15 0)
(1.1243 -2.81594e-15 0)
(1.12385 2.41763e-15 0)
(1.12341 -1.98853e-17 0)
(1.12296 -1.40235e-15 0)
(1.12251 -9.68594e-16 0)
(1.12205 -2.00991e-16 0)
(1.12159 1.16341e-15 0)
(1.12112 -1.93025e-16 0)
(1.12065 -9.1768e-17 0)
(1.12018 1.05383e-15 0)
(1.1197 -9.10862e-16 0)
(1.11921 -6.25987e-16 0)
(1.11872 9.77881e-17 0)
(1.11823 1.89385e-15 0)
(1.11773 -7.56666e-16 0)
(1.11723 -1.39393e-15 0)
(1.11672 -1.68666e-16 0)
(1.11621 -5.97143e-16 0)
(1.11569 1.37352e-15 0)
(1.11517 1.11209e-15 0)
(1.11465 -2.62356e-15 0)
(1.11412 4.69081e-15 0)
(1.11358 4.13501e-15 0)
(1.11304 -2.33317e-15 0)
(1.12517 1.51864e-15 0)
(1.12473 7.21466e-16 0)
(1.1243 -3.30337e-15 0)
(1.12385 1.8518e-15 0)
(1.12341 7.27224e-16 0)
(1.12296 -1.76401e-15 0)
(1.12251 -1.32018e-15 0)
(1.12205 -5.98044e-17 0)
(1.12159 1.58607e-15 0)
(1.12112 1.90275e-16 0)
(1.12065 1.28387e-16 0)
(1.12018 1.0322e-15 0)
(1.1197 -5.8686e-16 0)
(1.11921 -1.04555e-16 0)
(1.11872 3.74133e-16 0)
(1.11823 2.30252e-15 0)
(1.11773 -2.81976e-16 0)
(1.11723 -1.64014e-15 0)
(1.11672 4.48773e-16 0)
(1.11621 -6.56265e-16 0)
(1.11569 5.65717e-16 0)
(1.11517 2.80188e-16 0)
(1.11465 -1.82671e-15 0)
(1.11412 3.3341e-15 0)
(1.11358 4.12627e-15 0)
(1.11304 -1.46081e-15 0)
(1.12517 8.54219e-16 0)
(1.12473 3.47259e-16 0)
(1.1243 -3.51576e-15 0)
(1.12385 1.28625e-15 0)
(1.12341 2.05636e-15 0)
(1.12296 -2.16882e-15 0)
(1.12251 -1.84718e-15 0)
(1.12205 -3.84836e-16 0)
(1.12159 1.48939e-15 0)
(1.12112 -2.91825e-16 0)
(1.12065 3.13014e-16 0)
(1.12018 1.0872e-15 0)
(1.1197 -9.89492e-16 0)
(1.11921 5.63659e-16 0)
(1.11872 1.10777e-16 0)
(1.11823 2.43124e-15 0)
(1.11773 -7.28815e-16 0)
(1.11723 -1.524e-15 0)
(1.11672 6.53838e-16 0)
(1.11621 -5.94093e-16 0)
(1.11569 -3.26959e-16 0)
(1.11517 -6.8764e-18 0)
(1.11465 -1.44187e-15 0)
(1.11412 1.39691e-15 0)
(1.11358 4.09218e-15 0)
(1.11304 -7.01994e-16 0)
(1.12517 4.776e-16 0)
(1.12473 4.51472e-16 0)
(1.1243 -4.31918e-15 0)
(1.12385 9.59407e-16 0)
(1.12341 2.90274e-15 0)
(1.12296 -2.71359e-15 0)
(1.12251 -1.35134e-15 0)
(1.12205 -2.58722e-16 0)
(1.12159 1.25066e-15 0)
(1.12112 -4.34525e-16 0)
(1.12065 8.19165e-16 0)
(1.12018 1.10603e-15 0)
(1.1197 -1.87663e-15 0)
(1.11921 5.63918e-16 0)
(1.11872 -4.05987e-17 0)
(1.11823 1.71123e-15 0)
(1.11773 -8.74737e-16 0)
(1.11723 -8.19618e-16 0)
(1.11672 -1.13882e-16 0)
(1.11621 -1.86262e-16 0)
(1.11569 -5.07036e-16 0)
(1.11517 -2.93039e-17 0)
(1.11465 -8.95794e-16 0)
(1.11412 3.30712e-16 0)
(1.11358 4.08355e-15 0)
(1.11304 1.63166e-16 0)
(1.12517 2.89384e-16 0)
(1.12473 3.47119e-16 0)
(1.1243 -4.3084e-15 0)
(1.12385 8.15925e-16 0)
(1.12341 3.16116e-15 0)
(1.12296 -2.01364e-15 0)
(1.12251 -4.37618e-16 0)
(1.12205 3.81114e-17 0)
(1.12159 9.41581e-16 0)
(1.12112 -1.72014e-16 0)
(1.12065 9.1431e-16 0)
(1.12018 1.31326e-15 0)
(1.1197 -2.28737e-15 0)
(1.11921 5.64502e-16 0)
(1.11872 -8.5388e-16 0)
(1.11823 1.94548e-15 0)
(1.11773 -3.31621e-16 0)
(1.11723 9.84306e-17 0)
(1.11672 -8.99789e-16 0)
(1.11621 2.57375e-16 0)
(1.11569 -1.0426e-15 0)
(1.11517 1.91817e-16 0)
(1.11465 -3.38439e-16 0)
(1.11412 -3.8551e-16 0)
(1.11358 4.07666e-15 0)
(1.11304 2.15987e-16 0)
(1.12517 4.22838e-16 0)
(1.12473 6.43992e-16 0)
(1.1243 -3.83581e-15 0)
(1.12385 1.05181e-15 0)
(1.12341 2.94561e-15 0)
(1.12296 -1.25018e-15 0)
(1.12251 4.81736e-16 0)
(1.12205 4.65349e-16 0)
(1.12159 7.60013e-16 0)
(1.12112 -6.55427e-16 0)
(1.12065 6.70848e-16 0)
(1.12018 1.94992e-15 0)
(1.1197 -1.97101e-15 0)
(1.11921 1.03484e-15 0)
(1.11872 -1.91617e-15 0)
(1.11823 1.76716e-15 0)
(1.11773 -1.33174e-16 0)
(1.11723 5.27898e-16 0)
(1.11672 -1.42765e-15 0)
(1.11621 3.9269e-16 0)
(1.11569 -1.43545e-15 0)
(1.11517 2.71212e-16 0)
(1.11465 9.38402e-17 0)
(1.11412 -7.45387e-16 0)
(1.11358 4.10968e-15 0)
(1.11304 7.30999e-17 0)
(1.12517 6.08179e-16 0)
(1.12473 1.21114e-15 0)
(1.1243 -3.01949e-15 0)
(1.12385 4.22656e-16 0)
(1.12341 2.72213e-15 0)
(1.12296 -6.12437e-16 0)
(1.12251 6.38332e-16 0)
(1.12205 5.12931e-16 0)
(1.12159 -1.9616e-17 0)
(1.12112 -1.15349e-15 0)
(1.12065 1.02453e-15 0)
(1.12018 3.10184e-15 0)
(1.1197 -1.52947e-15 0)
(1.11921 1.00071e-15 0)
(1.11872 -2.31447e-15 0)
(1.11823 1.95289e-15 0)
(1.11773 -1.44071e-16 0)
(1.11723 1.12385e-16 0)
(1.11672 -2.05989e-15 0)
(1.11621 2.72316e-16 0)
(1.11569 -1.49491e-15 0)
(1.11517 1.94459e-16 0)
(1.11465 -4.87486e-17 0)
(1.11412 -1.9665e-15 0)
(1.11358 3.63928e-15 0)
(1.11304 -1.88837e-16 0)
(1.12517 -3.44482e-16 0)
(1.12473 8.39551e-16 0)
(1.1243 -3.20531e-15 0)
(1.12385 1.93353e-16 0)
(1.12341 2.57648e-15 0)
(1.12296 -5.63529e-16 0)
(1.12251 -4.47698e-16 0)
(1.12205 2.66716e-16 0)
(1.12159 -4.1609e-16 0)
(1.12112 -1.17929e-15 0)
(1.12065 1.26799e-15 0)
(1.12018 3.96933e-15 0)
(1.1197 -1.26634e-15 0)
(1.11921 5.17192e-16 0)
(1.11872 -2.24675e-15 0)
(1.11823 1.81307e-15 0)
(1.11773 -3.96328e-16 0)
(1.11723 -3.20437e-16 0)
(1.11672 -2.59364e-15 0)
(1.11621 9.20751e-16 0)
(1.11569 -1.71866e-15 0)
(1.11517 -3.75147e-16 0)
(1.11465 2.11418e-16 0)
(1.11412 -2.83232e-15 0)
(1.11358 3.05853e-15 0)
(1.11304 -3.36693e-16 0)
(1.12517 -1.22349e-15 0)
(1.12473 5.98096e-16 0)
(1.1243 -3.37653e-15 0)
(1.12385 3.90184e-16 0)
(1.12341 2.4098e-15 0)
(1.12296 -1.20208e-15 0)
(1.12251 -5.75173e-16 0)
(1.12205 -3.24111e-16 0)
(1.12159 -2.5229e-16 0)
(1.12112 -1.36524e-15 0)
(1.12065 1.68278e-15 0)
(1.12018 4.29877e-15 0)
(1.1197 -1.44211e-15 0)
(1.11921 6.21019e-16 0)
(1.11872 -2.19152e-15 0)
(1.11823 2.06412e-15 0)
(1.11773 -6.81309e-16 0)
(1.11723 3.37774e-17 0)
(1.11672 -2.09396e-15 0)
(1.11621 7.75964e-16 0)
(1.11569 -8.15317e-16 0)
(1.11517 -7.13838e-16 0)
(1.11465 8.56394e-16 0)
(1.11412 -2.78721e-15 0)
(1.11358 2.63604e-15 0)
(1.11304 -4.12069e-16 0)
(1.12517 -9.62235e-16 0)
(1.12473 5.31606e-16 0)
(1.1243 -2.93255e-15 0)
(1.12385 7.76875e-16 0)
(1.12341 2.17593e-15 0)
(1.12296 -1.30665e-15 0)
(1.12251 -2.34227e-16 0)
(1.12205 1.14603e-16 0)
(1.12159 1.54724e-16 0)
(1.12112 -1.97113e-15 0)
(1.12065 2.23904e-15 0)
(1.12018 3.70237e-15 0)
(1.1197 -1.44384e-15 0)
(1.11921 8.94746e-16 0)
(1.11872 -2.17345e-15 0)
(1.11823 2.69667e-15 0)
(1.11773 -9.60685e-16 0)
(1.11723 3.65244e-16 0)
(1.11672 -2.1826e-15 0)
(1.11621 4.81316e-16 0)
(1.11569 1.6485e-16 0)
(1.11517 -4.85408e-16 0)
(1.11465 1.40428e-15 0)
(1.11412 -3.22638e-15 0)
(1.11358 2.61678e-15 0)
(1.11304 -1.69371e-16 0)
(1.12517 -1.31857e-15 0)
(1.12473 2.062e-16 0)
(1.1243 -2.43748e-15 0)
(1.12385 7.14418e-16 0)
(1.12341 2.49786e-15 0)
(1.12296 -1.80311e-15 0)
(1.12251 6.97443e-16 0)
(1.12205 8.16898e-16 0)
(1.12159 2.69203e-16 0)
(1.12112 -2.45646e-15 0)
(1.12065 2.41712e-15 0)
(1.12018 3.22109e-15 0)
(1.1197 -1.79392e-15 0)
(1.11921 7.47442e-16 0)
(1.11872 -2.03488e-15 0)
(1.11823 2.98469e-15 0)
(1.11773 -1.53119e-15 0)
(1.11723 4.40516e-16 0)
(1.11672 -2.56694e-15 0)
(1.11621 6.0924e-16 0)
(1.11569 -4.74292e-16 0)
(1.11517 -4.171e-16 0)
(1.11465 1.75959e-15 0)
(1.11412 -3.48896e-15 0)
(1.11358 2.30583e-15 0)
(1.11304 -3.46724e-16 0)
(1.12517 -1.84882e-15 0)
(1.12473 1.39249e-16 0)
(1.1243 -1.88448e-15 0)
(1.12385 2.20101e-16 0)
(1.12341 3.37217e-15 0)
(1.12296 -2.01625e-15 0)
(1.12251 6.1267e-16 0)
(1.12205 1.16611e-15 0)
(1.12159 5.46028e-16 0)
(1.12112 -2.98201e-15 0)
(1.12065 1.75377e-15 0)
(1.12018 3.5536e-15 0)
(1.1197 -2.45339e-15 0)
(1.11921 1.10032e-15 0)
(1.11872 -1.89812e-15 0)
(1.11823 3.1763e-15 0)
(1.11773 -2.20909e-15 0)
(1.11723 1.32626e-15 0)
(1.11672 -2.21335e-15 0)
(1.11621 -1.18586e-16 0)
(1.11569 -4.0553e-16 0)
(1.11517 -1.0493e-15 0)
(1.11465 1.4389e-15 0)
(1.11412 -3.48052e-15 0)
(1.11358 2.07047e-15 0)
(1.11304 -8.81377e-16 0)
(1.12517 -1.65308e-15 0)
(1.12473 2.16383e-16 0)
(1.1243 -1.61378e-15 0)
(1.12385 -2.19361e-17 0)
(1.12341 3.76113e-15 0)
(1.12296 -2.4051e-15 0)
(1.12251 6.81905e-16 0)
(1.12205 5.95247e-16 0)
(1.12159 1.19069e-15 0)
(1.12112 -3.06485e-15 0)
(1.12065 9.03579e-16 0)
(1.12018 2.92921e-15 0)
(1.1197 -2.76659e-15 0)
(1.11921 1.57923e-15 0)
(1.11872 -2.1767e-15 0)
(1.11823 2.69376e-15 0)
(1.11773 -2.55092e-15 0)
(1.11723 1.771e-15 0)
(1.11672 -2.0193e-15 0)
(1.11621 -6.68438e-16 0)
(1.11569 -7.99986e-16 0)
(1.11517 -1.92056e-15 0)
(1.11465 1.18648e-15 0)
(1.11412 -3.55398e-15 0)
(1.11358 1.54604e-15 0)
(1.11304 -8.06912e-16 0)
(1.12517 -1.25922e-15 0)
(1.12473 7.35205e-16 0)
(1.1243 -1.81988e-15 0)
(1.12385 -3.90204e-16 0)
(1.12341 3.63926e-15 0)
(1.12296 -2.26283e-15 0)
(1.12251 3.65712e-16 0)
(1.12205 -6.16814e-18 0)
(1.12159 1.5206e-15 0)
(1.12112 -3.72276e-15 0)
(1.12065 1.02193e-15 0)
(1.12018 2.17465e-15 0)
(1.1197 -2.50211e-15 0)
(1.11921 1.39499e-15 0)
(1.11872 -1.70995e-15 0)
(1.11823 2.01239e-15 0)
(1.11773 -2.03759e-15 0)
(1.11723 1.83604e-15 0)
(1.11672 -1.68389e-15 0)
(1.11621 -7.18854e-16 0)
(1.11569 -9.26063e-16 0)
(1.11517 -2.23357e-15 0)
(1.11465 1.28869e-15 0)
(1.11412 -3.1097e-15 0)
(1.11358 7.45857e-16 0)
(1.11304 -1.10875e-15 0)
(1.12517 -1.41494e-15 0)
(1.12473 6.53795e-16 0)
(1.1243 -1.57181e-15 0)
(1.12385 -4.38705e-16 0)
(1.12341 3.27448e-15 0)
(1.12296 -2.23661e-15 0)
(1.12251 3.62204e-16 0)
(1.12205 -2.6393e-16 0)
(1.12159 1.77061e-15 0)
(1.12112 -4.37353e-15 0)
(1.12065 9.90018e-16 0)
(1.12018 2.34264e-15 0)
(1.1197 -2.78743e-15 0)
(1.11921 1.02187e-15 0)
(1.11872 -1.71291e-15 0)
(1.11823 2.0205e-15 0)
(1.11773 -2.58605e-15 0)
(1.11723 1.39431e-15 0)
(1.11672 -1.30879e-15 0)
(1.11621 -5.88692e-16 0)
(1.11569 -5.5994e-16 0)
(1.11517 -2.84628e-15 0)
(1.11465 8.32961e-16 0)
(1.11412 -2.89163e-15 0)
(1.11358 5.48921e-16 0)
(1.11304 -5.94211e-16 0)
(1.12517 -1.40607e-15 0)
(1.12473 1.03375e-15 0)
(1.1243 -8.56094e-16 0)
(1.12385 -7.47414e-16 0)
(1.12341 3.03145e-15 0)
(1.12296 -2.38435e-15 0)
(1.12251 4.94272e-16 0)
(1.12205 -3.99209e-16 0)
(1.12159 1.92562e-15 0)
(1.12112 -4.55993e-15 0)
(1.12065 6.66589e-16 0)
(1.12018 2.39416e-15 0)
(1.1197 -3.02864e-15 0)
(1.11921 7.33343e-16 0)
(1.11872 -1.60736e-15 0)
(1.11823 2.50695e-15 0)
(1.11773 -2.85965e-15 0)
(1.11723 9.85646e-16 0)
(1.11672 -1.79462e-15 0)
(1.11621 2.71385e-16 0)
(1.11569 -9.82349e-16 0)
(1.11517 -3.4847e-15 0)
(1.11465 1.07688e-15 0)
(1.11412 -3.11674e-15 0)
(1.11358 6.35064e-16 0)
(1.11304 2.89314e-16 0)
(1.12517 -9.62436e-16 0)
(1.12473 1.36981e-15 0)
(1.1243 -4.5179e-16 0)
(1.12385 -7.34042e-16 0)
(1.12341 3.17294e-15 0)
(1.12296 -2.10175e-15 0)
(1.12251 3.50741e-16 0)
(1.12205 -7.11934e-16 0)
(1.12159 3.06859e-15 0)
(1.12112 -3.80991e-15 0)
(1.12065 5.34071e-16 0)
(1.12018 2.81236e-15 0)
(1.1197 -2.3411e-15 0)
(1.11921 9.97541e-16 0)
(1.11872 -1.75539e-15 0)
(1.11823 2.74661e-15 0)
(1.11773 -2.20771e-15 0)
(1.11723 1.23851e-15 0)
(1.11672 -1.71744e-15 0)
(1.11621 6.45813e-16 0)
(1.11569 -9.13247e-16 0)
(1.11517 -3.51471e-15 0)
(1.11465 1.51847e-15 0)
(1.11412 -2.51611e-15 0)
(1.11358 -2.9771e-16 0)
(1.11304 6.51082e-16 0)
(1.12517 -1.1397e-15 0)
(1.12473 8.3411e-16 0)
(1.1243 2.19232e-16 0)
(1.12385 -1.00183e-15 0)
(1.12341 3.24825e-15 0)
(1.12296 -2.24712e-15 0)
(1.12251 8.72548e-17 0)
(1.12205 -6.43648e-16 0)
(1.12159 3.26331e-15 0)
(1.12112 -2.98433e-15 0)
(1.12065 1.36123e-15 0)
(1.12018 3.03939e-15 0)
(1.1197 -2.03671e-15 0)
(1.11921 1.05136e-15 0)
(1.11872 -2.28762e-15 0)
(1.11823 2.77998e-15 0)
(1.11773 -1.28e-15 0)
(1.11723 1.4504e-15 0)
(1.11672 -1.52326e-15 0)
(1.11621 1.25656e-15 0)
(1.11569 -5.81657e-16 0)
(1.11517 -3.84057e-15 0)
(1.11465 1.30434e-15 0)
(1.11412 -1.96182e-15 0)
(1.11358 -2.14947e-16 0)
(1.11304 7.65666e-16 0)
(1.12517 -1.3737e-15 0)
(1.12473 3.18123e-16 0)
(1.1243 -3.90732e-17 0)
(1.12385 -1.396e-15 0)
(1.12341 2.96629e-15 0)
(1.12296 -2.81486e-15 0)
(1.12251 -2.56078e-16 0)
(1.12205 9.26125e-17 0)
(1.12159 3.29359e-15 0)
(1.12112 -2.76129e-15 0)
(1.12065 1.67998e-15 0)
(1.12018 2.74005e-15 0)
(1.1197 -2.18839e-15 0)
(1.11921 1.1119e-15 0)
(1.11872 -2.83015e-15 0)
(1.11823 3.15554e-15 0)
(1.11773 -1.03038e-15 0)
(1.11723 9.47766e-16 0)
(1.11672 -1.89182e-15 0)
(1.11621 1.52845e-15 0)
(1.11569 -9.52025e-16 0)
(1.11517 -4.63657e-15 0)
(1.11465 8.06069e-16 0)
(1.11412 -2.41635e-15 0)
(1.11358 -4.24394e-16 0)
(1.11304 4.47027e-16 0)
(1.12517 -1.03639e-15 0)
(1.12473 1.61943e-16 0)
(1.1243 -3.13669e-16 0)
(1.12385 -9.74538e-16 0)
(1.12341 3.08002e-15 0)
(1.12296 -2.76446e-15 0)
(1.12251 6.06748e-17 0)
(1.12205 7.68306e-16 0)
(1.12159 2.82884e-15 0)
(1.12112 -2.35179e-15 0)
(1.12065 1.29685e-15 0)
(1.12018 2.32258e-15 0)
(1.1197 -1.97543e-15 0)
(1.11921 1.60389e-15 0)
(1.11872 -3.85152e-15 0)
(1.11823 2.82878e-15 0)
(1.11773 -8.75535e-16 0)
(1.11723 4.41646e-16 0)
(1.11672 -1.96691e-15 0)
(1.11621 1.9202e-15 0)
(1.11569 -1.43567e-15 0)
(1.11517 -4.73313e-15 0)
(1.11465 4.47498e-16 0)
(1.11412 -2.36754e-15 0)
(1.11358 -1.03077e-15 0)
(1.11304 2.46445e-16 0)
(1.12517 -8.12124e-16 0)
(1.12473 -1.03519e-16 0)
(1.1243 -5.39879e-16 0)
(1.12385 -4.86534e-16 0)
(1.12341 2.70937e-15 0)
(1.12296 -2.15604e-15 0)
(1.12251 4.3836e-16 0)
(1.12205 1.25171e-15 0)
(1.12159 2.29585e-15 0)
(1.12112 -1.73671e-15 0)
(1.12065 1.38186e-15 0)
(1.12018 2.01063e-15 0)
(1.1197 -1.63046e-15 0)
(1.11921 2.1095e-15 0)
(1.11872 -3.95224e-15 0)
(1.11823 2.96551e-15 0)
(1.11773 -9.23802e-16 0)
(1.11723 3.58441e-16 0)
(1.11672 -2.04984e-15 0)
(1.11621 2.4754e-15 0)
(1.11569 -1.04522e-15 0)
(1.11517 -4.16538e-15 0)
(1.11465 2.15759e-16 0)
(1.11412 -2.09213e-15 0)
(1.11358 -1.32245e-15 0)
(1.11304 -2.57888e-16 0)
(1.12517 -6.77268e-16 0)
(1.12473 -3.71794e-16 0)
(1.1243 -2.20769e-16 0)
(1.12385 -1.91208e-15 0)
(1.12341 2.59844e-15 0)
(1.12296 -1.45635e-15 0)
(1.12251 3.25462e-16 0)
(1.12205 8.69525e-16 0)
(1.12159 1.87674e-15 0)
(1.12112 -1.66159e-15 0)
(1.12065 1.45451e-15 0)
(1.12018 1.67723e-15 0)
(1.1197 -1.23262e-15 0)
(1.11921 2.25188e-15 0)
(1.11872 -3.13947e-15 0)
(1.11823 2.69847e-15 0)
(1.11773 -9.23992e-16 0)
(1.11723 2.44111e-16 0)
(1.11672 -2.63634e-15 0)
(1.11621 2.11501e-15 0)
(1.11569 -1.0417e-15 0)
(1.11517 -3.79627e-15 0)
(1.11465 4.14987e-16 0)
(1.11412 -2.07442e-15 0)
(1.11358 -1.70058e-15 0)
(1.11304 -1.12787e-15 0)
(1.12517 -5.41739e-17 0)
(1.12473 -9.55252e-16 0)
(1.1243 4.19677e-16 0)
(1.12385 -2.93192e-15 0)
(1.12341 2.52636e-15 0)
(1.12296 -9.31143e-16 0)
(1.12251 7.7619e-17 0)
(1.12205 8.76351e-16 0)
(1.12159 1.52285e-15 0)
(1.12112 -1.20192e-15 0)
(1.12065 1.79069e-15 0)
(1.12018 2.07583e-15 0)
(1.1197 -7.61928e-16 0)
(1.11921 2.41763e-15 0)
(1.11872 -2.37852e-15 0)
(1.11823 1.98425e-15 0)
(1.11773 -9.60035e-16 0)
(1.11723 4.00329e-16 0)
(1.11672 -2.96134e-15 0)
(1.11621 1.82823e-15 0)
(1.11569 -1.21086e-15 0)
(1.11517 -3.62865e-15 0)
(1.11465 7.86027e-16 0)
(1.11412 -2.19769e-15 0)
(1.11358 -2.61038e-15 0)
(1.11304 -1.81564e-15 0)
(1.12517 -2.80077e-16 0)
(1.12473 -1.04178e-15 0)
(1.1243 1.00066e-15 0)
(1.12385 -3.53956e-15 0)
(1.12341 1.59161e-15 0)
(1.12296 -2.4413e-16 0)
(1.12251 -7.60918e-16 0)
(1.12205 1.35104e-15 0)
(1.12159 1.25267e-15 0)
(1.12112 -7.44358e-16 0)
(1.12065 1.3468e-15 0)
(1.12018 2.29733e-15 0)
(1.1197 -6.50089e-16 0)
(1.11921 2.29089e-15 0)
(1.11872 -1.97334e-15 0)
(1.11823 2.28461e-15 0)
(1.11773 -4.85386e-16 0)
(1.11723 1.62991e-16 0)
(1.11672 -2.84522e-15 0)
(1.11621 2.6087e-15 0)
(1.11569 -1.43187e-15 0)
(1.11517 -2.89777e-15 0)
(1.11465 8.06645e-16 0)
(1.11412 -2.12401e-15 0)
(1.11358 -2.97579e-15 0)
(1.11304 -1.9363e-15 0)
(1.12517 -5.99519e-16 0)
(1.12473 -1.34476e-15 0)
(1.1243 1.10281e-15 0)
(1.12385 -3.55386e-15 0)
(1.12341 8.84634e-16 0)
(1.12296 -1.09868e-16 0)
(1.12251 -1.01085e-15 0)
(1.12205 1.84265e-15 0)
(1.12159 1.19861e-15 0)
(1.12112 -1.40511e-15 0)
(1.12065 8.09728e-16 0)
(1.12018 1.76705e-15 0)
(1.1197 -5.66185e-16 0)
(1.11921 2.10374e-15 0)
(1.11872 -1.07926e-15 0)
(1.11823 2.5453e-15 0)
(1.11773 -3.82984e-16 0)
(1.11723 7.93715e-18 0)
(1.11672 -2.70863e-15 0)
(1.11621 3.39445e-15 0)
(1.11569 -1.34398e-15 0)
(1.11517 -1.92754e-15 0)
(1.11465 1.20526e-15 0)
(1.11412 -2.31297e-15 0)
(1.11358 -3.19728e-15 0)
(1.11304 -1.25973e-15 0)
(1.12517 -2.69799e-16 0)
(1.12473 -1.55838e-15 0)
(1.1243 6.2629e-16 0)
(1.12385 -3.01893e-15 0)
(1.12341 8.9432e-16 0)
(1.12296 2.00812e-16 0)
(1.12251 -1.35518e-15 0)
(1.12205 2.1384e-15 0)
(1.12159 1.42755e-15 0)
(1.12112 -1.85232e-15 0)
(1.12065 5.89816e-16 0)
(1.12018 9.93476e-16 0)
(1.1197 -1.01897e-15 0)
(1.11921 1.58596e-15 0)
(1.11872 3.01431e-16 0)
(1.11823 2.53868e-15 0)
(1.11773 -7.23097e-16 0)
(1.11723 3.86952e-16 0)
(1.11672 -2.60147e-15 0)
(1.11621 3.48394e-15 0)
(1.11569 -1.44768e-15 0)
(1.11517 -5.24719e-16 0)
(1.11465 1.33715e-15 0)
(1.11412 -2.5153e-15 0)
(1.11358 -2.49295e-15 0)
(1.11304 -5.49185e-16 0)
(1.12517 -3.36086e-16 0)
(1.12473 -1.77704e-15 0)
(1.1243 7.68382e-16 0)
(1.12385 -2.12102e-15 0)
(1.12341 2.56176e-16 0)
(1.12296 1.47787e-16 0)
(1.12251 -1.58614e-15 0)
(1.12205 1.77236e-15 0)
(1.12159 6.82691e-16 0)
(1.12112 -1.51605e-15 0)
(1.12065 7.42283e-16 0)
(1.12018 2.20087e-16 0)
(1.1197 -1.30012e-15 0)
(1.11921 1.13791e-15 0)
(1.11872 3.99014e-16 0)
(1.11823 2.88109e-15 0)
(1.11773 -7.71623e-16 0)
(1.11723 1.07818e-15 0)
(1.11672 -2.36191e-15 0)
(1.11621 3.79149e-15 0)
(1.11569 -1.60462e-15 0)
(1.11517 2.06031e-16 0)
(1.11465 1.47259e-15 0)
(1.11412 -1.61219e-15 0)
(1.11358 -2.0239e-15 0)
(1.11304 3.65315e-16 0)
(1.12517 -1.93207e-16 0)
(1.12473 -2.20692e-15 0)
(1.1243 5.98094e-16 0)
(1.12385 -2.03128e-15 0)
(1.12341 2.12805e-16 0)
(1.12296 -2.03016e-16 0)
(1.12251 -1.79339e-15 0)
(1.12205 1.3587e-15 0)
(1.12159 -8.43905e-16 0)
(1.12112 -1.14458e-15 0)
(1.12065 5.61011e-16 0)
(1.12018 2.9064e-17 0)
(1.1197 -1.28476e-15 0)
(1.11921 6.8157e-16 0)
(1.11872 6.2686e-16 0)
(1.11823 2.16164e-15 0)
(1.11773 -6.41958e-16 0)
(1.11723 1.62054e-15 0)
(1.11672 -2.61162e-15 0)
(1.11621 3.41094e-15 0)
(1.11569 -1.54884e-15 0)
(1.11517 1.12374e-15 0)
(1.11465 1.42813e-15 0)
(1.11412 -9.22944e-16 0)
(1.11358 -1.84334e-15 0)
(1.11304 1.08159e-15 0)
(1.12517 2.93762e-16 0)
(1.12473 -2.22841e-15 0)
(1.1243 3.18921e-16 0)
(1.12385 -2.53637e-15 0)
(1.12341 7.59187e-16 0)
(1.12296 -2.07365e-16 0)
(1.12251 -1.67277e-15 0)
(1.12205 9.51991e-16 0)
(1.12159 -1.30807e-15 0)
(1.12112 -1.41862e-15 0)
(1.12065 2.5472e-16 0)
(1.12018 -3.35831e-16 0)
(1.1197 -1.29515e-15 0)
(1.11921 4.20235e-16 0)
(1.11872 6.35904e-16 0)
(1.11823 1.35386e-15 0)
(1.11773 -1.11384e-15 0)
(1.11723 1.84185e-15 0)
(1.11672 -3.14646e-15 0)
(1.11621 2.85102e-15 0)
(1.11569 -1.38593e-15 0)
(1.11517 2.04411e-15 0)
(1.11465 1.26286e-15 0)
(1.11412 -6.81792e-16 0)
(1.11358 -1.93531e-15 0)
(1.11304 1.66031e-15 0)
(1.12517 8.45325e-16 0)
(1.12473 -1.73538e-15 0)
(1.1243 2.70168e-16 0)
(1.12385 -2.92613e-15 0)
(1.12341 6.0852e-16 0)
(1.12296 -7.14074e-16 0)
(1.12251 -1.49549e-15 0)
(1.12205 4.83377e-16 0)
(1.12159 -1.17141e-15 0)
(1.12112 -1.96107e-15 0)
(1.12065 6.32872e-16 0)
(1.12018 -1.05946e-15 0)
(1.1197 -1.08594e-15 0)
(1.11921 7.46179e-16 0)
(1.11872 5.03295e-16 0)
(1.11823 3.15418e-16 0)
(1.11773 -5.69614e-16 0)
(1.11723 2.13188e-15 0)
(1.11672 -2.85862e-15 0)
(1.11621 2.64446e-15 0)
(1.11569 -1.50114e-15 0)
(1.11517 2.34817e-15 0)
(1.11465 1.27344e-15 0)
(1.11412 -1.75947e-16 0)
(1.11358 -2.91454e-15 0)
(1.11304 2.47517e-15 0)
(1.12517 9.4889e-16 0)
(1.12473 -1.5161e-15 0)
(1.1243 8.68124e-16 0)
(1.12385 -3.19574e-15 0)
(1.12341 6.96618e-17 0)
(1.12296 -1.07656e-15 0)
(1.12251 -1.83495e-15 0)
(1.12205 -3.32641e-17 0)
(1.12159 -7.50682e-16 0)
(1.12112 -1.96798e-15 0)
(1.12065 6.52411e-16 0)
(1.12018 -1.57045e-15 0)
(1.1197 -7.11976e-16 0)
(1.11921 8.48479e-16 0)
(1.11872 -1.99092e-16 0)
(1.11823 5.79519e-16 0)
(1.11773 -4.71504e-16 0)
(1.11723 2.15505e-15 0)
(1.11672 -3.36086e-15 0)
(1.11621 2.13572e-15 0)
(1.11569 -1.42175e-15 0)
(1.11517 2.96344e-15 0)
(1.11465 7.63565e-16 0)
(1.11412 5.11273e-16 0)
(1.11358 -3.30526e-15 0)
(1.11304 2.97059e-15 0)
(1.12517 8.5532e-16 0)
(1.12473 -1.6647e-15 0)
(1.1243 1.24727e-15 0)
(1.12385 -2.83225e-15 0)
(1.12341 2.06642e-16 0)
(1.12296 -1.77802e-15 0)
(1.12251 -1.60801e-15 0)
(1.12205 2.66293e-16 0)
(1.12159 -3.80002e-16 0)
(1.12112 -9.73394e-16 0)
(1.12065 3.10214e-16 0)
(1.12018 -2.16739e-15 0)
(1.1197 7.15195e-18 0)
(1.11921 3.86865e-16 0)
(1.11872 -8.80407e-16 0)
(1.11823 1.20828e-15 0)
(1.11773 -1.04116e-15 0)
(1.11723 1.51209e-15 0)
(1.11672 -3.90002e-15 0)
(1.11621 1.31147e-15 0)
(1.11569 -7.74599e-16 0)
(1.11517 3.56052e-15 0)
(1.11465 4.20287e-16 0)
(1.11412 1.00909e-15 0)
(1.11358 -2.84588e-15 0)
(1.11304 3.78117e-15 0)
)
;

boundaryField
{
    inlet
    {
        type            uniformFixedValue;
        uniformValue    table
        
2
(
(0 (1.1 0 0))
(8 (3 0 0))
)
;
        value           nonuniform 0();
    }
    outlet
    {
        type            inletOutlet;
        inletValue      nonuniform 0();
        value           nonuniform 0();
    }
    triangle
    {
        type            slip;
    }
    top
    {
        type            symmetryPlane;
    }
    bottom
    {
        type            symmetryPlane;
    }
    defaultFaces
    {
        type            empty;
    }
    procBoundary1to0
    {
        type            processor;
        value           nonuniform List<vector> 
122
(
(1.1256 -1.3179e-15 0)
(1.12602 7.58038e-16 0)
(1.12602 1.09086e-15 0)
(1.12602 1.6146e-15 0)
(1.12602 1.19161e-15 0)
(1.12602 1.03044e-15 0)
(1.12602 1.25404e-15 0)
(1.12602 1.1455e-15 0)
(1.12602 8.37732e-16 0)
(1.12602 4.44738e-16 0)
(1.12602 6.12004e-16 0)
(1.12602 8.8035e-16 0)
(1.12602 1.00497e-15 0)
(1.12602 7.29482e-16 0)
(1.12602 6.14e-16 0)
(1.12602 1.46638e-16 0)
(1.12602 -3.67904e-16 0)
(1.12602 2.46705e-16 0)
(1.12602 1.1743e-15 0)
(1.12602 6.69655e-16 0)
(1.12602 1.28988e-15 0)
(1.12602 1.48107e-15 0)
(1.12602 1.11259e-15 0)
(1.12602 1.44248e-15 0)
(1.12602 1.99943e-15 0)
(1.12602 1.72093e-15 0)
(1.12602 9.5176e-16 0)
(1.12602 7.71745e-16 0)
(1.12602 1.83031e-15 0)
(1.12602 2.45621e-15 0)
(1.12602 1.74482e-15 0)
(1.12602 1.50366e-15 0)
(1.12602 2.65878e-15 0)
(1.12602 3.65238e-15 0)
(1.12602 3.42402e-15 0)
(1.12602 3.87733e-15 0)
(1.12602 3.73453e-15 0)
(1.12602 3.05768e-15 0)
(1.12602 2.88809e-15 0)
(1.12602 2.4823e-15 0)
(1.12602 1.92038e-15 0)
(1.12602 2.20477e-15 0)
(1.12602 2.45599e-15 0)
(1.12602 2.07157e-15 0)
(1.12602 1.76695e-15 0)
(1.12602 1.20127e-15 0)
(1.12602 4.05161e-16 0)
(1.12602 -8.74888e-16 0)
(1.12602 -9.04167e-16 0)
(1.12602 -2.67959e-16 0)
(1.12602 -6.1704e-16 0)
(1.12602 -9.77896e-16 0)
(1.12602 -9.36652e-16 0)
(1.12602 -9.79283e-16 0)
(1.12602 -6.95532e-16 0)
(1.12602 -1.03614e-15 0)
(1.12602 -9.59993e-16 0)
(1.12602 -7.05129e-17 0)
(1.12602 5.04017e-16 0)
(1.12602 5.31678e-16 0)
(1.12602 1.41678e-15 0)
(1.1256 7.99006e-16 0)
(1.1256 7.99006e-16 0)
(1.1256 4.91216e-16 0)
(1.1256 -5.33375e-16 0)
(1.1256 -1.3441e-15 0)
(1.1256 -1.68662e-15 0)
(1.1256 -1.62875e-15 0)
(1.1256 -1.45868e-15 0)
(1.1256 -1.78819e-15 0)
(1.1256 -1.86721e-15 0)
(1.1256 -1.87184e-15 0)
(1.1256 -1.56567e-15 0)
(1.1256 -1.24119e-15 0)
(1.1256 -1.81746e-15 0)
(1.1256 -1.68948e-15 0)
(1.1256 -1.32051e-15 0)
(1.1256 -1.79694e-15 0)
(1.1256 -2.0281e-15 0)
(1.1256 -2.31262e-15 0)
(1.1256 -2.08605e-15 0)
(1.1256 -2.13558e-15 0)
(1.1256 -2.30856e-15 0)
(1.1256 -2.14012e-15 0)
(1.1256 -2.36243e-15 0)
(1.1256 -1.93586e-15 0)
(1.1256 -1.58699e-15 0)
(1.1256 -1.90808e-15 0)
(1.1256 -2.41094e-15 0)
(1.1256 -2.89894e-15 0)
(1.1256 -2.43872e-15 0)
(1.1256 -2.72265e-15 0)
(1.1256 -2.35734e-15 0)
(1.1256 -1.76604e-15 0)
(1.1256 -1.14055e-15 0)
(1.1256 -8.70687e-16 0)
(1.1256 -6.31867e-16 0)
(1.1256 -6.56025e-16 0)
(1.1256 -1.02916e-15 0)
(1.1256 -1.23613e-15 0)
(1.1256 -1.0244e-15 0)
(1.1256 -1.06766e-15 0)
(1.1256 -8.22197e-16 0)
(1.1256 -1.55906e-16 0)
(1.1256 2.63883e-16 0)
(1.1256 3.61453e-16 0)
(1.1256 3.47868e-16 0)
(1.1256 5.37384e-16 0)
(1.1256 2.77474e-16 0)
(1.1256 3.81339e-16 0)
(1.1256 7.22765e-16 0)
(1.1256 3.60065e-16 0)
(1.1256 1.14208e-16 0)
(1.1256 -5.5412e-16 0)
(1.1256 -1.13876e-15 0)
(1.1256 -1.2846e-15 0)
(1.1256 -1.3696e-15 0)
(1.1256 -9.28757e-16 0)
(1.1256 -1.08988e-15 0)
(1.1256 -1.80092e-15 0)
(1.1256 -1.94395e-15 0)
(1.1256 -1.61786e-15 0)
)
;
    }
    procBoundary1to2
    {
        type            processor;
        value           nonuniform List<vector> 
121
(
(1.11249 -7.38362e-15 0)
(1.11249 2.40218e-16 0)
(1.11249 8.98288e-16 0)
(1.11249 1.30641e-15 0)
(1.11249 1.95633e-15 0)
(1.11249 2.43473e-15 0)
(1.11249 2.20449e-15 0)
(1.11249 2.18841e-15 0)
(1.11249 2.82498e-15 0)
(1.11249 3.11368e-15 0)
(1.11249 3.19305e-15 0)
(1.11249 3.3814e-15 0)
(1.11249 3.58086e-15 0)
(1.11249 3.12074e-15 0)
(1.11249 2.63762e-15 0)
(1.11249 2.49882e-15 0)
(1.11249 1.12589e-15 0)
(1.11249 -2.458e-16 0)
(1.11249 -1.23702e-15 0)
(1.11249 -1.66135e-15 0)
(1.11249 -2.00203e-15 0)
(1.11249 -1.8685e-15 0)
(1.11249 -2.02463e-15 0)
(1.11249 -2.26645e-15 0)
(1.11249 -2.50531e-15 0)
(1.11249 -1.70979e-15 0)
(1.11249 -1.23482e-15 0)
(1.11249 -8.7266e-16 0)
(1.11249 -8.45276e-16 0)
(1.11249 -1.68597e-15 0)
(1.11249 -2.81892e-15 0)
(1.11249 -3.48421e-15 0)
(1.11249 -4.11638e-15 0)
(1.11249 -4.60855e-15 0)
(1.11249 -5.05872e-15 0)
(1.11249 -4.90478e-15 0)
(1.11249 -4.5004e-15 0)
(1.11249 -3.51957e-15 0)
(1.11249 -3.05572e-15 0)
(1.11249 -2.77198e-15 0)
(1.11249 -2.16294e-15 0)
(1.11249 -1.77709e-15 0)
(1.11249 -6.75037e-16 0)
(1.11249 -1.08786e-16 0)
(1.11249 -2.52814e-16 0)
(1.11249 4.75577e-16 0)
(1.11249 1.15588e-15 0)
(1.11249 1.30285e-15 0)
(1.11249 1.03377e-15 0)
(1.11249 6.47258e-16 0)
(1.11249 1.64095e-16 0)
(1.11249 -5.25339e-16 0)
(1.11249 -1.08448e-15 0)
(1.11249 -7.76146e-16 0)
(1.11249 -9.35716e-16 0)
(1.11249 -8.03151e-16 0)
(1.11249 -8.09301e-16 0)
(1.11249 -9.6712e-16 0)
(1.11249 -4.0899e-16 0)
(1.11249 6.33465e-16 0)
(1.11249 8.40574e-16 0)
(1.11249 9.26449e-16 0)
(1.11249 1.25012e-15 0)
(1.11249 9.00057e-16 0)
(1.11249 5.37462e-16 0)
(1.11249 -2.54946e-16 0)
(1.11249 -1.20006e-15 0)
(1.11249 -1.02061e-15 0)
(1.11249 -8.83761e-16 0)
(1.11249 -5.99576e-16 0)
(1.11249 -2.62902e-16 0)
(1.11249 -3.57778e-16 0)
(1.11249 6.00179e-16 0)
(1.11249 1.63101e-15 0)
(1.11249 2.12963e-15 0)
(1.11249 2.74643e-15 0)
(1.11249 4.02231e-15 0)
(1.11249 3.98743e-15 0)
(1.11249 3.57348e-15 0)
(1.11249 3.06421e-15 0)
(1.11249 2.68137e-15 0)
(1.11249 2.41961e-15 0)
(1.11249 1.72762e-15 0)
(1.11249 1.67378e-15 0)
(1.11249 1.65795e-15 0)
(1.11249 1.44049e-15 0)
(1.11249 1.73698e-15 0)
(1.11249 2.0035e-15 0)
(1.11249 1.46396e-15 0)
(1.11249 1.2496e-15 0)
(1.11249 1.2007e-15 0)
(1.11249 1.96368e-16 0)
(1.11249 -4.86088e-16 0)
(1.11249 -4.94116e-16 0)
(1.11249 -1.01777e-15 0)
(1.11249 -1.85438e-15 0)
(1.11249 -1.9479e-15 0)
(1.11249 -1.03758e-15 0)
(1.11249 -8.77838e-17 0)
(1.11249 -2.40705e-16 0)
(1.11249 -3.47765e-16 0)
(1.11249 4.30244e-17 0)
(1.11249 -5.08116e-16 0)
(1.11249 -1.01556e-15 0)
(1.11249 -1.63699e-15 0)
(1.11249 -2.09504e-15 0)
(1.11249 -2.41329e-15 0)
(1.11249 -2.83778e-15 0)
(1.11249 -3.29754e-15 0)
(1.11249 -3.44042e-15 0)
(1.11249 -3.57428e-15 0)
(1.11249 -4.1776e-15 0)
(1.11249 -4.80792e-15 0)
(1.11249 -5.29481e-15 0)
(1.11249 -5.6157e-15 0)
(1.11249 -5.84393e-15 0)
(1.11249 -6.90666e-15 0)
(1.11249 -7.19595e-15 0)
(1.11249 -7.36226e-15 0)
(1.11249 -7.57574e-15 0)
(1.11249 -7.38362e-15 0)
)
;
    }
    procBoundary1to8
    {
        type            processor;
        value           uniform (1.1256 -1.40206e-15 0);
    }
    procBoundary1to9
    {
        type            processor;
        value           nonuniform List<vector> 
28
(
(1.11672 -3.91255e-15 0)
(1.11621 1.73577e-15 0)
(1.11569 -5.43571e-16 0)
(1.11517 3.97589e-15 0)
(1.11465 1.06984e-17 0)
(1.11412 1.7823e-15 0)
(1.11358 -3.02712e-15 0)
(1.11304 3.72647e-15 0)
(1.11249 -7.17776e-15 0)
(1.12517 6.94377e-16 0)
(1.12473 -3.09499e-15 0)
(1.1243 1.09281e-15 0)
(1.12385 -2.55383e-15 0)
(1.12341 3.58027e-16 0)
(1.12296 -2.1918e-15 0)
(1.12251 -6.11709e-16 0)
(1.12205 8.12614e-16 0)
(1.12159 -5.81622e-16 0)
(1.12112 -1.23919e-15 0)
(1.12065 1.17925e-16 0)
(1.12018 -3.33714e-15 0)
(1.1197 4.12589e-16 0)
(1.11921 -7.39171e-16 0)
(1.11872 -2.28686e-16 0)
(1.11823 3.87755e-16 0)
(1.11773 -1.30628e-15 0)
(1.11672 -3.91255e-15 0)
(1.11723 9.19402e-17 0)
)
;
    }
    procBoundary1to10
    {
        type            processor;
        value           uniform (1.11194 -3.0751e-15 0);
    }
}


// ************************************************************************* //
