/*--------------------------------*- C++ -*----------------------------------*\
  =========                 |
  \\      /  F ield         | OpenFOAM: The Open Source CFD Toolbox
   \\    /   O peration     | Website:  https://openfoam.org
    \\  /    A nd           | Version:  8
     \\/     M anipulation  |
\*---------------------------------------------------------------------------*/
FoamFile
{
    version     2.0;
    format      ascii;
    class       volVectorField;
    location    "0.2";
    object      U;
}
// * * * * * * * * * * * * * * * * * * * * * * * * * * * * * * * * * * * * * //

dimensions      [0 1 -1 0 0 0 0];

internalField   nonuniform List<vector> 
2600
(
(0.971738 0.291478 0)
(1.53874 0.243898 0)
(1.26284 0.186626 0)
(0.961995 0.173662 0)
(0.935704 0.129271 0)
(0.981975 0.0633024 0)
(1.04844 0.0203995 0)
(1.08937 0.0037212 0)
(1.09929 0.000226561 0)
(1.09816 3.60954e-06 0)
(0.439027 -0.0362665 0)
(1.33748 0.17792 0)
(1.1847 0.225684 0)
(0.922885 0.181022 0)
(0.924912 0.120539 0)
(0.984282 0.0553377 0)
(1.04848 0.0177215 0)
(1.08868 0.00343685 0)
(1.09922 0.000218933 0)
(1.09815 3.76227e-06 0)
(0.129811 -0.0974412 0)
(0.998692 0.124445 0)
(1.04278 0.240936 0)
(0.890151 0.184652 0)
(0.917295 0.111404 0)
(0.983313 0.0476238 0)
(1.04706 0.0155895 0)
(1.08798 0.00308097 0)
(1.09916 0.000198446 0)
(1.09815 3.67416e-06 0)
(-0.0156697 -0.171588 0)
(0.615473 0.0387118 0)
(0.862956 0.218016 0)
(0.86574 0.182834 0)
(0.922365 0.10187 0)
(0.985067 0.0410322 0)
(1.04543 0.0138063 0)
(1.08735 0.00267603 0)
(1.0991 0.000170505 0)
(1.09815 3.32481e-06 0)
(-0.142839 -0.172426 0)
(0.256646 0.012182 0)
(0.686372 0.239457 0)
(0.840973 0.186337 0)
(0.923229 0.0927067 0)
(0.984474 0.035406 0)
(1.04434 0.0118178 0)
(1.087 0.00217805 0)
(1.09907 0.000135043 0)
(1.09815 2.87539e-06 0)
(-0.222875 -0.177482 0)
(-0.0186774 -0.0350942 0)
(0.539004 0.187362 0)
(0.811862 0.163862 0)
(0.914599 0.0818 0)
(0.981539 0.0307055 0)
(1.04423 0.0096934 0)
(1.08704 0.00160405 0)
(1.09906 0.000100279 0)
(1.09814 2.44789e-06 0)
(-0.257303 -0.170779 0)
(-0.178835 -0.0653283 0)
(0.397439 0.150456 0)
(0.756188 0.140875 0)
(0.896197 0.0698457 0)
(0.978532 0.0245397 0)
(1.04486 0.00731993 0)
(1.08717 0.00114316 0)
(1.09905 7.27865e-05 0)
(1.09814 2.06243e-06 0)
(-0.268678 -0.136617 0)
(-0.250766 -0.0721252 0)
(0.294368 0.0847587 0)
(0.69665 0.0952469 0)
(0.886404 0.0515269 0)
(0.980212 0.0178093 0)
(1.04642 0.00501067 0)
(1.08727 0.000771235 0)
(1.09904 5.07499e-05 0)
(1.09814 1.5245e-06 0)
(-0.284737 -0.0888509 0)
(-0.279124 -0.0483273 0)
(0.223237 0.0457216 0)
(0.636934 0.0602173 0)
(0.869733 0.0329059 0)
(0.977662 0.0107489 0)
(1.04623 0.00279565 0)
(1.08729 0.000444593 0)
(1.09904 2.82982e-05 0)
(1.09814 9.34935e-07 0)
(-0.283993 -0.0310233 0)
(-0.283017 -0.0165581 0)
(0.202902 0.0130414 0)
(0.626432 0.0197191 0)
(0.87288 0.0107185 0)
(0.980856 0.00386848 0)
(1.047 0.000934262 0)
(1.08724 0.000142592 0)
(1.09903 1.04648e-05 0)
(1.09814 3.09771e-07 0)
(-0.283993 0.0310233 0)
(-0.283017 0.0165581 0)
(0.202902 -0.0130414 0)
(0.626432 -0.0197191 0)
(0.87288 -0.0107185 0)
(0.980856 -0.00386848 0)
(1.047 -0.000934262 0)
(1.08724 -0.000142592 0)
(1.09903 -1.04647e-05 0)
(1.09814 -3.0977e-07 0)
(-0.284737 0.0888509 0)
(-0.279124 0.0483273 0)
(0.223237 -0.0457216 0)
(0.636934 -0.0602173 0)
(0.869733 -0.0329059 0)
(0.977662 -0.0107489 0)
(1.04623 -0.00279565 0)
(1.08729 -0.000444593 0)
(1.09904 -2.82982e-05 0)
(1.09814 -9.34935e-07 0)
(-0.268678 0.136617 0)
(-0.250766 0.0721252 0)
(0.294368 -0.0847587 0)
(0.69665 -0.0952469 0)
(0.886404 -0.0515269 0)
(0.980212 -0.0178093 0)
(1.04642 -0.00501067 0)
(1.08727 -0.000771235 0)
(1.09904 -5.07499e-05 0)
(1.09814 -1.5245e-06 0)
(-0.257303 0.170779 0)
(-0.178835 0.0653283 0)
(0.397439 -0.150456 0)
(0.756188 -0.140875 0)
(0.896197 -0.0698457 0)
(0.978532 -0.0245397 0)
(1.04486 -0.00731993 0)
(1.08717 -0.00114316 0)
(1.09905 -7.27865e-05 0)
(1.09814 -2.06243e-06 0)
(-0.222875 0.177482 0)
(-0.0186774 0.0350942 0)
(0.539004 -0.187362 0)
(0.811862 -0.163862 0)
(0.914599 -0.0818 0)
(0.981539 -0.0307055 0)
(1.04423 -0.0096934 0)
(1.08704 -0.00160405 0)
(1.09906 -0.000100279 0)
(1.09814 -2.44788e-06 0)
(-0.142839 0.172426 0)
(0.256646 -0.012182 0)
(0.686372 -0.239457 0)
(0.840973 -0.186337 0)
(0.923229 -0.0927067 0)
(0.984474 -0.035406 0)
(1.04434 -0.0118178 0)
(1.087 -0.00217805 0)
(1.09907 -0.000135043 0)
(1.09815 -2.87539e-06 0)
(-0.0156697 0.171588 0)
(0.615473 -0.0387118 0)
(0.862956 -0.218016 0)
(0.86574 -0.182834 0)
(0.922365 -0.10187 0)
(0.985067 -0.0410322 0)
(1.04543 -0.0138063 0)
(1.08735 -0.00267603 0)
(1.0991 -0.000170505 0)
(1.09815 -3.3248e-06 0)
(0.129811 0.0974412 0)
(0.998692 -0.124445 0)
(1.04278 -0.240936 0)
(0.890151 -0.184652 0)
(0.917295 -0.111404 0)
(0.983313 -0.0476238 0)
(1.04706 -0.0155895 0)
(1.08798 -0.00308097 0)
(1.09916 -0.000198446 0)
(1.09815 -3.67416e-06 0)
(0.439027 0.0362665 0)
(1.33748 -0.17792 0)
(1.1847 -0.225684 0)
(0.922885 -0.181022 0)
(0.924912 -0.120539 0)
(0.984282 -0.0553377 0)
(1.04848 -0.0177215 0)
(1.08868 -0.00343685 0)
(1.09922 -0.000218933 0)
(1.09815 -3.76227e-06 0)
(0.971738 -0.291478 0)
(1.53874 -0.243898 0)
(1.26284 -0.186626 0)
(0.961995 -0.173662 0)
(0.935704 -0.129271 0)
(0.981975 -0.0633024 0)
(1.04844 -0.0203995 0)
(1.08937 -0.0037212 0)
(1.09929 -0.000226561 0)
(1.09816 -3.60954e-06 0)
(1.46156 -0.0874011 0)
(1.58777 -0.326684 0)
(1.34076 -0.208169 0)
(0.994666 -0.173374 0)
(0.950902 -0.136466 0)
(0.985956 -0.0732952 0)
(1.05006 -0.0233968 0)
(1.0901 -0.00392177 0)
(1.09936 -0.000223291 0)
(1.09816 -3.11424e-06 0)
(1.46884 0.074639 0)
(1.61836 -0.37177 0)
(1.41601 -0.32736 0)
(1.03457 -0.190591 0)
(0.965333 -0.14699 0)
(0.994023 -0.0808637 0)
(1.05278 -0.0261821 0)
(1.09086 -0.0040566 0)
(1.09943 -0.000216109 0)
(1.09816 -2.37092e-06 0)
(1.3977 0.148513 0)
(1.62456 -0.320072 0)
(1.39407 -0.478273 0)
(1.06731 -0.235585 0)
(0.976062 -0.161337 0)
(1.00258 -0.0851303 0)
(1.05626 -0.0275843 0)
(1.09162 -0.0041028 0)
(1.09949 -0.000208924 0)
(1.09817 -1.55462e-06 0)
(1.32674 0.196654 0)
(1.63608 -0.268698 0)
(1.3499 -0.497133 0)
(1.1052 -0.305627 0)
(0.989919 -0.179215 0)
(1.01037 -0.0886202 0)
(1.05985 -0.0281507 0)
(1.0924 -0.00409656 0)
(1.09954 -0.000202613 0)
(1.09818 -7.75363e-07 0)
(1.27568 0.217188 0)
(1.6077 -0.19615 0)
(1.32147 -0.445227 0)
(1.13681 -0.340947 0)
(1.0091 -0.196568 0)
(1.01834 -0.0915522 0)
(1.06334 -0.0281551 0)
(1.09319 -0.00401134 0)
(1.09959 -0.000194111 0)
(1.09818 9.63208e-08 0)
(1.23582 0.224544 0)
(1.5524 -0.128425 0)
(1.32141 -0.397301 0)
(1.16578 -0.327404 0)
(1.03146 -0.201914 0)
(1.02705 -0.0940606 0)
(1.06677 -0.0282592 0)
(1.09398 -0.00389363 0)
(1.09964 -0.000183552 0)
(1.09819 1.10088e-06 0)
(1.20697 0.220336 0)
(1.48598 -0.0773511 0)
(1.32517 -0.338725 0)
(1.18092 -0.313033 0)
(1.05089 -0.202899 0)
(1.03626 -0.0946561 0)
(1.07029 -0.0279154 0)
(1.09475 -0.00371084 0)
(1.09969 -0.000170654 0)
(1.09819 2.22687e-06 0)
(1.18118 0.220409 0)
(1.43402 -0.0470477 0)
(1.3255 -0.281067 0)
(1.17489 -0.281268 0)
(1.06629 -0.192441 0)
(1.04548 -0.0941887 0)
(1.07386 -0.0274883 0)
(1.0955 -0.00349875 0)
(1.09973 -0.000156946 0)
(1.0982 3.44512e-06 0)
(1.15712 0.221555 0)
(1.38507 -0.0144178 0)
(1.32364 -0.237051 0)
(1.17975 -0.259761 0)
(1.08265 -0.187595 0)
(1.05464 -0.0916241 0)
(1.07745 -0.0263439 0)
(1.09621 -0.00321989 0)
(1.09978 -0.000142248 0)
(1.0982 4.76883e-06 0)
(1.13658 0.222348 0)
(1.33554 0.0178483 0)
(1.31297 -0.192989 0)
(1.17784 -0.228169 0)
(1.09424 -0.172816 0)
(1.06366 -0.0879961 0)
(1.08106 -0.0250606 0)
(1.09689 -0.00293039 0)
(1.09981 -0.000128051 0)
(1.09821 6.12747e-06 0)
(1.11619 0.225284 0)
(1.3017 0.0389093 0)
(1.30444 -0.159584 0)
(1.1772 -0.201067 0)
(1.10313 -0.15569 0)
(1.07134 -0.0804978 0)
(1.08442 -0.0228537 0)
(1.09751 -0.00257874 0)
(1.09985 -0.000113414 0)
(1.09821 7.54071e-06 0)
(1.09874 0.226809 0)
(1.26596 0.0617323 0)
(1.29011 -0.126021 0)
(1.17754 -0.17727 0)
(1.1138 -0.142764 0)
(1.07984 -0.0751633 0)
(1.0878 -0.0209299 0)
(1.09809 -0.00224995 0)
(1.09987 -9.98221e-05 0)
(1.09821 8.92337e-06 0)
(1.08204 0.228591 0)
(1.2411 0.0762196 0)
(1.27703 -0.0977822 0)
(1.17219 -0.14981 0)
(1.1188 -0.123336 0)
(1.08624 -0.0658725 0)
(1.09071 -0.018213 0)
(1.09858 -0.0018808 0)
(1.0999 -8.60354e-05 0)
(1.09822 1.0329e-05 0)
(1.06768 0.229707 0)
(1.21385 0.0921678 0)
(1.26382 -0.0719537 0)
(1.17345 -0.131132 0)
(1.1271 -0.111013 0)
(1.09364 -0.0597501 0)
(1.09358 -0.0160102 0)
(1.09902 -0.00155274 0)
(1.09993 -7.30148e-05 0)
(1.09822 1.14951e-05 0)
(1.05338 0.231404 0)
(1.19523 0.102221 0)
(1.24514 -0.046102 0)
(1.17146 -0.107438 0)
(1.12848 -0.0918704 0)
(1.09827 -0.0503747 0)
(1.09584 -0.0132677 0)
(1.09937 -0.00121016 0)
(1.09995 -5.98552e-05 0)
(1.09821 1.22968e-05 0)
(1.04183 0.232548 0)
(1.17374 0.115177 0)
(1.23063 -0.0251272 0)
(1.17604 -0.0910056 0)
(1.13288 -0.0787816 0)
(1.10393 -0.0439332 0)
(1.09808 -0.0111185 0)
(1.09967 -0.000923491 0)
(1.09997 -4.81667e-05 0)
(1.09821 1.30008e-05 0)
(1.03058 0.233412 0)
(1.15836 0.125022 0)
(1.21391 -0.00421412 0)
(1.17437 -0.0688038 0)
(1.13274 -0.061747 0)
(1.10713 -0.0348263 0)
(1.09973 -0.00854473 0)
(1.09988 -0.000641296 0)
(1.09998 -3.55936e-05 0)
(1.09821 1.23957e-05 0)
(1.02158 0.232858 0)
(1.14091 0.135772 0)
(1.20005 0.0140581 0)
(1.17563 -0.0539856 0)
(1.13574 -0.0502641 0)
(1.11087 -0.0274317 0)
(1.10122 -0.00620068 0)
(1.10004 -0.000406754 0)
(1.1 -2.0117e-05 0)
(1.0982 7.62465e-06 0)
(1.01426 0.23238 0)
(1.12882 0.142854 0)
(1.18624 0.0313899 0)
(1.16909 -0.0346071 0)
(1.13408 -0.0353123 0)
(1.11227 -0.0184913 0)
(1.10221 -0.00389858 0)
(1.10015 -0.000238143 0)
(1.1 -6.45899e-06 0)
(1.0982 2.07923e-06 0)
(1.00605 0.23577 0)
(1.11223 0.152302 0)
(1.16901 0.0489517 0)
(1.16676 -0.0199623 0)
(1.13675 -0.0259821 0)
(1.11471 -0.0123228 0)
(1.10293 -0.00201523 0)
(1.10021 -5.83491e-05 0)
(1.10001 4.80363e-07 0)
(1.0982 4.24156e-07 0)
(0.273744 0.117889 0)
(0.275308 0.1228 0)
(0.273026 0.131347 0)
(0.292337 0.145036 0)
(0.339977 0.174345 0)
(0.415363 0.216376 0)
(0.50661 0.26936 0)
(0.599863 0.326878 0)
(0.715169 0.37632 0)
(0.876583 0.425162 0)
(0.309297 0.125963 0)
(0.311286 0.124857 0)
(0.313209 0.121164 0)
(0.340259 0.125194 0)
(0.392176 0.150479 0)
(0.463743 0.196437 0)
(0.541809 0.252899 0)
(0.623232 0.309663 0)
(0.722402 0.364699 0)
(0.871183 0.410266 0)
(0.375903 0.156892 0)
(0.376973 0.151502 0)
(0.379487 0.140582 0)
(0.408705 0.136836 0)
(0.456055 0.154947 0)
(0.515371 0.194825 0)
(0.57594 0.24751 0)
(0.650784 0.295316 0)
(0.74301 0.348892 0)
(0.892466 0.381469 0)
(0.460784 0.196263 0)
(0.463045 0.185763 0)
(0.461757 0.165885 0)
(0.486289 0.152955 0)
(0.522417 0.164453 0)
(0.566857 0.199943 0)
(0.614394 0.248641 0)
(0.683467 0.292858 0)
(0.771964 0.343051 0)
(0.909546 0.361296 0)
(0.537336 0.233666 0)
(0.536956 0.218283 0)
(0.531148 0.187469 0)
(0.549484 0.165089 0)
(0.577132 0.172179 0)
(0.611274 0.205747 0)
(0.654767 0.250201 0)
(0.717009 0.289912 0)
(0.799287 0.332857 0)
(0.926323 0.347538 0)
(0.596796 0.25847 0)
(0.584819 0.240138 0)
(0.577233 0.206497 0)
(0.590712 0.181672 0)
(0.616033 0.185341 0)
(0.646576 0.214784 0)
(0.690981 0.253132 0)
(0.747017 0.28948 0)
(0.822397 0.326727 0)
(0.93912 0.335432 0)
(0.633918 0.285582 0)
(0.611503 0.263776 0)
(0.607329 0.225444 0)
(0.622597 0.19452 0)
(0.650626 0.194061 0)
(0.679996 0.219982 0)
(0.721802 0.253728 0)
(0.770257 0.286967 0)
(0.839116 0.320596 0)
(0.948865 0.326761 0)
(0.664026 0.298687 0)
(0.637684 0.275726 0)
(0.641538 0.233365 0)
(0.661944 0.200739 0)
(0.687724 0.205209 0)
(0.714504 0.228848 0)
(0.747257 0.258871 0)
(0.788935 0.287485 0)
(0.85162 0.315256 0)
(0.95285 0.319158 0)
(0.702948 0.311537 0)
(0.680769 0.286135 0)
(0.691513 0.239938 0)
(0.709913 0.217754 0)
(0.727282 0.22392 0)
(0.745739 0.240248 0)
(0.767018 0.265491 0)
(0.802992 0.288755 0)
(0.860618 0.310273 0)
(0.952962 0.312184 0)
(0.771843 0.33591 0)
(0.748903 0.303287 0)
(0.757651 0.260168 0)
(0.755049 0.243117 0)
(0.754326 0.246788 0)
(0.761883 0.259564 0)
(0.778414 0.275952 0)
(0.811818 0.291136 0)
(0.865036 0.30551 0)
(0.949583 0.305078 0)
(0.868921 0.343413 0)
(0.811006 0.320148 0)
(0.795126 0.290798 0)
(0.777609 0.280326 0)
(0.761343 0.281429 0)
(0.761419 0.281879 0)
(0.780285 0.286813 0)
(0.814509 0.293639 0)
(0.866902 0.3009 0)
(0.945271 0.297629 0)
(0.942464 0.33778 0)
(0.830886 0.359332 0)
(0.788214 0.342298 0)
(0.762089 0.318746 0)
(0.747089 0.300575 0)
(0.753077 0.294367 0)
(0.777005 0.292981 0)
(0.814092 0.294789 0)
(0.8668 0.295915 0)
(0.941546 0.290646 0)
(0.955143 0.336807 0)
(0.80363 0.382925 0)
(0.744496 0.354793 0)
(0.729146 0.321183 0)
(0.728654 0.299527 0)
(0.741618 0.295484 0)
(0.770641 0.293597 0)
(0.812327 0.292265 0)
(0.865671 0.29039 0)
(0.937142 0.284635 0)
(0.94114 0.251109 0)
(0.807799 0.30731 0)
(0.726969 0.312319 0)
(0.714409 0.29553 0)
(0.719022 0.287932 0)
(0.732376 0.289878 0)
(0.763621 0.2913 0)
(0.809283 0.288592 0)
(0.863971 0.285175 0)
(0.932938 0.279648 0)
(0.987335 0.110018 0)
(0.903056 0.171209 0)
(0.758052 0.251215 0)
(0.690092 0.288412 0)
(0.697298 0.291058 0)
(0.721928 0.286562 0)
(0.759751 0.283881 0)
(0.807286 0.283601 0)
(0.862813 0.280559 0)
(0.929202 0.276103 0)
(1.03345 0.0269101 0)
(0.990719 0.0515192 0)
(0.890537 0.128617 0)
(0.745137 0.229224 0)
(0.697803 0.273166 0)
(0.720728 0.274146 0)
(0.759004 0.279132 0)
(0.808531 0.279708 0)
(0.862028 0.276891 0)
(0.924877 0.273272 0)
(1.04433 0.0117447 0)
(1.00501 0.0103856 0)
(0.983048 0.028301 0)
(0.875586 0.119582 0)
(0.741421 0.22877 0)
(0.720118 0.26905 0)
(0.756234 0.278912 0)
(0.806898 0.279211 0)
(0.861574 0.274339 0)
(0.921179 0.270311 0)
(1.04103 0.00703516 0)
(1.0031 0.00447945 0)
(0.990947 0.00415491 0)
(0.977417 0.0212525 0)
(0.86569 0.130036 0)
(0.754352 0.23727 0)
(0.762615 0.273212 0)
(0.8072 0.279542 0)
(0.861491 0.271973 0)
(0.91746 0.267267 0)
(1.03652 0.00264018 0)
(0.999859 0.00135951 0)
(0.989625 0.000563094 0)
(0.99073 0.000382797 0)
(0.976995 0.0257843 0)
(0.863849 0.153654 0)
(0.783525 0.253748 0)
(0.813373 0.276797 0)
(0.862241 0.273079 0)
(0.914642 0.265717 0)
(1.03466 0.000131984 0)
(0.998781 -0.000159215 0)
(0.989399 -0.000282846 0)
(0.990313 -0.000272389 0)
(0.996331 -0.00180984 0)
(0.980625 0.039754 0)
(0.868388 0.179747 0)
(0.827932 0.263618 0)
(0.864836 0.271176 0)
(0.914173 0.267927 0)
(3 1.21669e-14 0)
(2.99997 6.41869e-15 0)
(2.99751 -2.77209e-11 0)
(2.91819 9.17131e-09 0)
(2.44183 -2.56632e-07 0)
(2.09345 1.1371e-06 0)
(2.04946 5.91476e-06 0)
(1.9887 -0.000103492 0)
(1.77466 0.000109747 0)
(0.933387 0.0169779 0)
(3 2.50378e-14 0)
(2.99997 -5.59078e-14 0)
(2.99751 -1.84263e-10 0)
(2.91819 4.44782e-08 0)
(2.44183 -1.01427e-06 0)
(2.09346 4.98169e-06 0)
(2.04943 -6.65501e-07 0)
(1.98901 -6.18489e-05 0)
(1.77205 -0.000809757 0)
(0.953203 0.0545255 0)
(3 -2.11058e-14 0)
(2.99997 -4.19632e-12 0)
(2.99751 5.92451e-10 0)
(2.91819 2.19656e-09 0)
(2.44183 -5.76788e-07 0)
(2.09348 5.98701e-06 0)
(2.04938 8.19172e-06 0)
(1.98983 -0.000171345 0)
(1.76661 -0.00349162 0)
(0.994435 0.0819153 0)
(3 9.33003e-15 0)
(2.99997 -1.14685e-11 0)
(2.99751 2.21183e-09 0)
(2.91819 -8.84409e-08 0)
(2.44182 -3.16464e-07 0)
(2.0935 5.42114e-06 0)
(2.04931 2.63893e-05 0)
(1.99074 -0.000359415 0)
(1.75928 -0.00410033 0)
(1.04412 0.103514 0)
(3 7.09555e-15 0)
(2.99997 -1.98294e-11 0)
(2.99751 4.16746e-09 0)
(2.91819 -2.25166e-07 0)
(2.44182 9.29259e-07 0)
(2.09353 3.00232e-06 0)
(2.04925 5.08798e-05 0)
(1.99145 -0.000442996 0)
(1.7527 -0.006676 0)
(1.09566 0.115569 0)
(3 -1.48356e-14 0)
(2.99997 -2.38772e-11 0)
(2.99751 5.22072e-09 0)
(2.91819 -3.14865e-07 0)
(2.44182 2.07734e-06 0)
(2.09354 -1.23554e-06 0)
(2.04921 6.42915e-05 0)
(1.99163 -0.000340486 0)
(1.74911 -0.00999482 0)
(1.14261 0.119808 0)
(3 -3.81294e-14 0)
(2.99997 -2.22876e-11 0)
(2.99751 4.99049e-09 0)
(2.91819 -3.22492e-07 0)
(2.44182 2.31433e-06 0)
(2.09354 -3.42363e-06 0)
(2.04921 3.85379e-05 0)
(1.9915 0.000310345 0)
(1.74944 -0.0166937 0)
(1.17766 0.122169 0)
(3 -5.84016e-15 0)
(2.99997 -1.71922e-11 0)
(2.99751 3.8775e-09 0)
(2.91819 -2.66858e-07 0)
(2.44182 2.08959e-06 0)
(2.09354 -4.0296e-06 0)
(2.04922 5.10976e-07 0)
(1.99127 0.00100044 0)
(1.75152 -0.0243505 0)
(1.20246 0.11959 0)
(3 7.36984e-15 0)
(2.99997 -1.01093e-11 0)
(2.99751 2.25606e-09 0)
(2.91819 -1.74441e-07 0)
(2.44183 1.76116e-06 0)
(2.09352 -4.01504e-06 0)
(2.04925 -4.24533e-05 0)
(1.99088 0.00194912 0)
(1.7542 -0.0300994 0)
(1.22196 0.111411 0)
(3 -2.08256e-15 0)
(2.99997 -3.61227e-12 0)
(2.99751 8.18756e-10 0)
(2.91819 -8.13478e-08 0)
(2.44183 1.07939e-06 0)
(2.0935 -2.98525e-06 0)
(2.04928 -8.67994e-05 0)
(1.99063 0.00250329 0)
(1.75579 -0.0293055 0)
(1.22794 0.0974938 0)
(3 3.30363e-14 0)
(2.99997 8.09493e-13 0)
(2.99751 -2.02762e-10 0)
(2.91819 -9.84315e-09 0)
(2.44183 4.08121e-07 0)
(2.09349 -1.33363e-06 0)
(2.0493 -0.000108267 0)
(1.99055 0.00239048 0)
(1.75774 -0.0254768 0)
(1.23236 0.0688494 0)
(3 5.17168e-14 0)
(2.99997 3.10997e-12 0)
(2.99751 -7.7121e-10 0)
(2.91819 3.98715e-08 0)
(2.44183 -7.46495e-08 0)
(2.09349 -2.2983e-07 0)
(2.04931 -0.000102173 0)
(1.99047 0.00207597 0)
(1.75891 -0.0206359 0)
(1.25028 0.030858 0)
(3 2.43684e-15 0)
(2.99997 3.66022e-12 0)
(2.99751 -9.03198e-10 0)
(2.91819 5.69239e-08 0)
(2.44183 -3.73428e-07 0)
(2.09349 1.74236e-07 0)
(2.04932 -8.90279e-05 0)
(1.99036 0.0017443 0)
(1.7572 -0.0155984 0)
(1.29118 0.00582297 0)
(3 -5.23367e-14 0)
(2.99997 3.4275e-12 0)
(2.99751 -8.48038e-10 0)
(2.91819 5.53199e-08 0)
(2.44183 -4.19918e-07 0)
(2.09349 3.50556e-07 0)
(2.04932 -7.4423e-05 0)
(1.99032 0.00143085 0)
(1.75615 -0.0124087 0)
(1.3235 0.00706037 0)
(3 6.31049e-15 0)
(2.99997 3.0899e-12 0)
(2.99751 -7.4739e-10 0)
(2.91819 5.00527e-08 0)
(2.44183 -3.97683e-07 0)
(2.09349 4.65942e-07 0)
(2.04932 -5.96575e-05 0)
(1.99036 0.00113445 0)
(1.75515 -0.0099276 0)
(1.33569 0.0147526 0)
(3 -8.69365e-15 0)
(2.99997 2.49532e-12 0)
(2.99751 -6.06802e-10 0)
(2.91819 4.13286e-08 0)
(2.44183 -3.27662e-07 0)
(2.09349 4.68946e-07 0)
(2.04932 -4.75208e-05 0)
(1.99036 0.000906252 0)
(1.75464 -0.00808844 0)
(1.33928 0.0164001 0)
(3 -1.21173e-14 0)
(2.99997 1.67474e-12 0)
(2.99751 -4.52524e-10 0)
(2.91819 3.21139e-08 0)
(2.44183 -2.61856e-07 0)
(2.09349 5.32014e-07 0)
(2.04932 -3.51834e-05 0)
(1.99043 0.000656923 0)
(1.75384 -0.00587211 0)
(1.34151 0.0141216 0)
(3 2.51413e-15 0)
(2.99997 1.04357e-12 0)
(2.99751 -2.96381e-10 0)
(2.91819 2.23397e-08 0)
(2.44183 -1.92499e-07 0)
(2.09349 4.75109e-07 0)
(2.04931 -2.37849e-05 0)
(1.99047 0.000429321 0)
(1.7532 -0.00363672 0)
(1.34354 0.00946371 0)
(3 -2.12377e-14 0)
(2.99997 6.1872e-13 0)
(2.99751 -1.60034e-10 0)
(2.91819 1.33232e-08 0)
(2.44183 -1.39518e-07 0)
(2.09349 3.59609e-07 0)
(2.04931 -1.31042e-05 0)
(1.99051 0.000214197 0)
(1.75277 -0.00153353 0)
(1.34494 0.00374168 0)
(3 -1.86216e-14 0)
(2.99997 2.38602e-13 0)
(2.99751 -6.56974e-11 0)
(2.91819 6.1647e-09 0)
(2.44183 -6.89269e-08 0)
(2.09349 1.73129e-07 0)
(2.04931 -4.85711e-06 0)
(1.99053 6.16532e-05 0)
(1.75261 -0.000310465 0)
(1.34539 0.000694702 0)
(3 -6.69569e-14 0)
(2.99997 -2.45918e-13 0)
(2.99751 6.56373e-11 0)
(2.91819 -6.16381e-09 0)
(2.44183 6.89298e-08 0)
(2.09349 -1.73183e-07 0)
(2.04931 4.85708e-06 0)
(1.99053 -6.1659e-05 0)
(1.75261 0.000310502 0)
(1.34538 -0.000694075 0)
(3 -2.07382e-14 0)
(2.99997 -5.61733e-13 0)
(2.99751 1.60187e-10 0)
(2.91819 -1.33232e-08 0)
(2.44183 1.39507e-07 0)
(2.09349 -3.59586e-07 0)
(2.04931 1.31042e-05 0)
(1.99051 -0.000214201 0)
(1.75277 0.00153367 0)
(1.34494 -0.00374209 0)
(3 8.3812e-14 0)
(2.99997 -9.96942e-13 0)
(2.99751 2.96456e-10 0)
(2.91819 -2.23405e-08 0)
(2.44183 1.92513e-07 0)
(2.09349 -4.75102e-07 0)
(2.04931 2.37852e-05 0)
(1.99047 -0.000429324 0)
(1.7532 0.00363668 0)
(1.34354 -0.00946359 0)
(3 7.58671e-14 0)
(2.99997 -1.71282e-12 0)
(2.99751 4.52561e-10 0)
(2.91819 -3.21153e-08 0)
(2.44183 2.61874e-07 0)
(2.09349 -5.32007e-07 0)
(2.04932 3.51845e-05 0)
(1.99043 -0.000656941 0)
(1.75384 0.00587225 0)
(1.34151 -0.0141222 0)
(3 1.32178e-14 0)
(2.99997 -2.4383e-12 0)
(2.99751 6.06919e-10 0)
(2.91819 -4.13307e-08 0)
(2.44183 3.27673e-07 0)
(2.09349 -4.68922e-07 0)
(2.04932 4.75226e-05 0)
(1.99036 -0.000906284 0)
(1.75464 0.00808877 0)
(1.33928 -0.0164014 0)
(3 -4.00425e-14 0)
(2.99997 -3.12889e-12 0)
(2.99751 7.47456e-10 0)
(2.91819 -5.00555e-08 0)
(2.44183 3.97707e-07 0)
(2.09349 -4.65958e-07 0)
(2.04932 5.96599e-05 0)
(1.99036 -0.00113449 0)
(1.75515 0.00992797 0)
(1.33568 -0.0147547 0)
(3 -7.32913e-14 0)
(2.99997 -3.64816e-12 0)
(2.99751 8.47851e-10 0)
(2.91819 -5.53226e-08 0)
(2.44183 4.19937e-07 0)
(2.09349 -3.50546e-07 0)
(2.04932 7.44261e-05 0)
(1.99032 -0.0014309 0)
(1.75615 0.0124092 0)
(1.3235 -0.00706257 0)
(3 -3.11157e-14 0)
(2.99997 -3.74378e-12 0)
(2.99751 9.03044e-10 0)
(2.91819 -5.69252e-08 0)
(2.44183 3.7343e-07 0)
(2.09349 -1.74205e-07 0)
(2.04932 8.90308e-05 0)
(1.99036 -0.00174435 0)
(1.7572 0.0155988 0)
(1.29117 -0.00582335 0)
(3 4.31032e-15 0)
(2.99997 -3.02955e-12 0)
(2.99751 7.71259e-10 0)
(2.91819 -3.98703e-08 0)
(2.44183 7.46512e-08 0)
(2.09349 2.29866e-07 0)
(2.04931 0.000102176 0)
(1.99047 -0.00207603 0)
(1.75891 0.0206364 0)
(1.25028 -0.030859 0)
(3 -2.10903e-14 0)
(2.99997 -7.76802e-13 0)
(2.99751 2.02866e-10 0)
(2.91819 9.84051e-09 0)
(2.44183 -4.08089e-07 0)
(2.09349 1.33359e-06 0)
(2.0493 0.00010827 0)
(1.99055 -0.00239054 0)
(1.75774 0.0254773 0)
(1.23236 -0.068851 0)
(3 -2.78851e-14 0)
(2.99997 3.57816e-12 0)
(2.99751 -8.18653e-10 0)
(2.91819 8.1341e-08 0)
(2.44183 -1.07933e-06 0)
(2.0935 2.98515e-06 0)
(2.04928 8.68021e-05 0)
(1.99063 -0.00250333 0)
(1.75579 0.029306 0)
(1.22794 -0.097495 0)
(3 4.57262e-15 0)
(2.99997 1.01168e-11 0)
(2.99751 -2.25592e-09 0)
(2.91819 1.74431e-07 0)
(2.44183 -1.76107e-06 0)
(2.09352 4.01493e-06 0)
(2.04925 4.24559e-05 0)
(1.99088 -0.00194916 0)
(1.7542 0.0300998 0)
(1.22196 -0.111412 0)
(3 7.41113e-15 0)
(2.99997 1.71843e-11 0)
(2.99751 -3.87727e-09 0)
(2.91819 2.66844e-07 0)
(2.44182 -2.08951e-06 0)
(2.09354 4.02952e-06 0)
(2.04922 -5.08929e-07 0)
(1.99127 -0.00100048 0)
(1.75152 0.0243508 0)
(1.20246 -0.11959 0)
(3 -4.88765e-14 0)
(2.99997 2.22912e-11 0)
(2.99751 -4.99009e-09 0)
(2.91819 3.22484e-07 0)
(2.44182 -2.31429e-06 0)
(2.09354 3.42354e-06 0)
(2.04921 -3.85368e-05 0)
(1.9915 -0.000310364 0)
(1.74944 0.0166938 0)
(1.17766 -0.12217 0)
(3 -3.70895e-14 0)
(2.99997 2.39303e-11 0)
(2.99751 -5.22008e-09 0)
(2.91819 3.14861e-07 0)
(2.44182 -2.07734e-06 0)
(2.09354 1.23556e-06 0)
(2.04921 -6.4291e-05 0)
(1.99163 0.000340479 0)
(1.74911 0.00999488 0)
(1.14261 -0.119808 0)
(3 5.40395e-14 0)
(2.99997 1.97887e-11 0)
(2.99751 -4.16715e-09 0)
(2.91819 2.25166e-07 0)
(2.44182 -9.29284e-07 0)
(2.09353 -3.00225e-06 0)
(2.04925 -5.08796e-05 0)
(1.99145 0.000442991 0)
(1.7527 0.00667601 0)
(1.09566 -0.115569 0)
(3 4.53445e-14 0)
(2.99997 1.13642e-11 0)
(2.99751 -2.2115e-09 0)
(2.91819 8.84467e-08 0)
(2.44182 3.16443e-07 0)
(2.0935 -5.42113e-06 0)
(2.04931 -2.63892e-05 0)
(1.99074 0.000359413 0)
(1.75928 0.00410033 0)
(1.04412 -0.103514 0)
(3 -3.03381e-14 0)
(2.99997 4.04897e-12 0)
(2.99751 -5.93208e-10 0)
(2.91819 -2.18897e-09 0)
(2.44183 5.76796e-07 0)
(2.09348 -5.98702e-06 0)
(2.04938 -8.19175e-06 0)
(1.98983 0.000171346 0)
(1.76661 0.00349162 0)
(0.994435 -0.0819153 0)
(3 3.54875e-14 0)
(2.99997 1.68615e-13 0)
(2.99751 1.83757e-10 0)
(2.91819 -4.44658e-08 0)
(2.44183 1.01426e-06 0)
(2.09346 -4.98167e-06 0)
(2.04943 6.65358e-07 0)
(1.98901 6.185e-05 0)
(1.77205 0.000809747 0)
(0.953203 -0.0545255 0)
(3 4.89926e-14 0)
(2.99997 1.97117e-13 0)
(2.99751 2.72113e-11 0)
(2.91819 -9.17658e-09 0)
(2.44183 2.56571e-07 0)
(2.09345 -1.13708e-06 0)
(2.04946 -5.91489e-06 0)
(1.9887 0.000103491 0)
(1.77466 -0.000109738 0)
(0.933387 -0.0169779 0)
(1.03466 -0.000136713 0)
(0.998784 0.000155135 0)
(0.9894 0.000278648 0)
(0.990313 0.000269145 0)
(0.99633 0.00180752 0)
(0.980623 -0.0397552 0)
(0.868386 -0.179747 0)
(0.82793 -0.263618 0)
(0.864836 -0.271177 0)
(0.914174 -0.267927 0)
(1.03652 -0.00264134 0)
(0.999864 -0.00136106 0)
(0.989626 -0.00056472 0)
(0.99073 -0.000384644 0)
(0.976994 -0.0257859 0)
(0.863847 -0.153655 0)
(0.783522 -0.253748 0)
(0.813371 -0.276797 0)
(0.862241 -0.273079 0)
(0.914643 -0.265717 0)
(1.04104 -0.00703256 0)
(1.00311 -0.00447695 0)
(0.99095 -0.00415332 0)
(0.977417 -0.0212515 0)
(0.865689 -0.130036 0)
(0.754348 -0.237271 0)
(0.762612 -0.273212 0)
(0.807198 -0.279542 0)
(0.861491 -0.271974 0)
(0.917461 -0.267267 0)
(1.04433 -0.0117449 0)
(1.00501 -0.0103854 0)
(0.98305 -0.0283009 0)
(0.875588 -0.11958 0)
(0.74142 -0.228768 0)
(0.720115 -0.26905 0)
(0.756231 -0.278912 0)
(0.806896 -0.279212 0)
(0.861573 -0.27434 0)
(0.921179 -0.270311 0)
(1.03345 -0.026909 0)
(0.990721 -0.051518 0)
(0.89054 -0.128615 0)
(0.745137 -0.229222 0)
(0.697801 -0.273165 0)
(0.720725 -0.274145 0)
(0.759002 -0.279132 0)
(0.80853 -0.279709 0)
(0.862028 -0.276892 0)
(0.924878 -0.273272 0)
(0.987337 -0.110014 0)
(0.903058 -0.171206 0)
(0.758052 -0.251213 0)
(0.69009 -0.28841 0)
(0.697296 -0.291057 0)
(0.721926 -0.286561 0)
(0.759749 -0.283881 0)
(0.807284 -0.283601 0)
(0.862813 -0.280559 0)
(0.929203 -0.276103 0)
(0.941137 -0.251111 0)
(0.807797 -0.30731 0)
(0.726968 -0.312318 0)
(0.714407 -0.295529 0)
(0.71902 -0.287931 0)
(0.732375 -0.289878 0)
(0.763619 -0.2913 0)
(0.809282 -0.288592 0)
(0.863972 -0.285175 0)
(0.932939 -0.279648 0)
(0.955138 -0.33681 0)
(0.803626 -0.382926 0)
(0.744494 -0.354792 0)
(0.729144 -0.321182 0)
(0.728653 -0.299526 0)
(0.741617 -0.295484 0)
(0.770641 -0.293597 0)
(0.812327 -0.292265 0)
(0.865672 -0.29039 0)
(0.937143 -0.284635 0)
(0.94246 -0.337782 0)
(0.830882 -0.359333 0)
(0.788211 -0.342297 0)
(0.762088 -0.318744 0)
(0.747089 -0.300574 0)
(0.753077 -0.294366 0)
(0.777005 -0.29298 0)
(0.814092 -0.294789 0)
(0.866801 -0.295915 0)
(0.941547 -0.290645 0)
(0.868917 -0.343416 0)
(0.811002 -0.320149 0)
(0.795122 -0.290798 0)
(0.777607 -0.280324 0)
(0.761343 -0.281428 0)
(0.761419 -0.281879 0)
(0.780285 -0.286812 0)
(0.814509 -0.293638 0)
(0.866903 -0.300899 0)
(0.945273 -0.297627 0)
(0.77184 -0.335911 0)
(0.748899 -0.303288 0)
(0.757648 -0.260168 0)
(0.755047 -0.243116 0)
(0.754325 -0.246787 0)
(0.761882 -0.259564 0)
(0.778413 -0.275952 0)
(0.811818 -0.291135 0)
(0.865037 -0.305509 0)
(0.949584 -0.305077 0)
(0.702947 -0.311538 0)
(0.680767 -0.286136 0)
(0.691511 -0.239939 0)
(0.709911 -0.217754 0)
(0.727281 -0.223918 0)
(0.745738 -0.240247 0)
(0.767019 -0.26549 0)
(0.802993 -0.288754 0)
(0.860619 -0.310272 0)
(0.952964 -0.312182 0)
(0.664025 -0.298688 0)
(0.637683 -0.275726 0)
(0.641536 -0.233365 0)
(0.661942 -0.200739 0)
(0.687723 -0.205209 0)
(0.714503 -0.228847 0)
(0.747257 -0.25887 0)
(0.788936 -0.287483 0)
(0.851621 -0.315254 0)
(0.952851 -0.319157 0)
(0.633918 -0.285583 0)
(0.611502 -0.263777 0)
(0.607329 -0.225444 0)
(0.622596 -0.19452 0)
(0.650625 -0.19406 0)
(0.679996 -0.219981 0)
(0.721803 -0.253726 0)
(0.770257 -0.286966 0)
(0.839117 -0.320595 0)
(0.948866 -0.32676 0)
(0.596796 -0.25847 0)
(0.584819 -0.240138 0)
(0.577232 -0.206497 0)
(0.590712 -0.181672 0)
(0.616033 -0.18534 0)
(0.646576 -0.214783 0)
(0.690981 -0.253131 0)
(0.747018 -0.289479 0)
(0.822398 -0.326726 0)
(0.93912 -0.335432 0)
(0.537336 -0.233666 0)
(0.536956 -0.218283 0)
(0.531148 -0.187469 0)
(0.549484 -0.165089 0)
(0.577132 -0.172178 0)
(0.611274 -0.205746 0)
(0.654767 -0.2502 0)
(0.717009 -0.289911 0)
(0.799287 -0.332857 0)
(0.926323 -0.347538 0)
(0.460785 -0.196263 0)
(0.463045 -0.185763 0)
(0.461757 -0.165885 0)
(0.486289 -0.152955 0)
(0.522417 -0.164453 0)
(0.566857 -0.199943 0)
(0.614394 -0.248641 0)
(0.683468 -0.292858 0)
(0.771964 -0.343051 0)
(0.909546 -0.361295 0)
(0.375903 -0.156892 0)
(0.376973 -0.151502 0)
(0.379487 -0.140582 0)
(0.408705 -0.136836 0)
(0.456055 -0.154947 0)
(0.515371 -0.194825 0)
(0.57594 -0.247511 0)
(0.650784 -0.295316 0)
(0.74301 -0.348892 0)
(0.892466 -0.381469 0)
(0.309297 -0.125963 0)
(0.311286 -0.124857 0)
(0.313209 -0.121164 0)
(0.340259 -0.125194 0)
(0.392176 -0.150479 0)
(0.463743 -0.196437 0)
(0.541809 -0.252899 0)
(0.623232 -0.309663 0)
(0.722402 -0.3647 0)
(0.871183 -0.410266 0)
(0.273744 -0.117889 0)
(0.275308 -0.1228 0)
(0.273026 -0.131347 0)
(0.292337 -0.145036 0)
(0.339977 -0.174345 0)
(0.415363 -0.216376 0)
(0.50661 -0.26936 0)
(0.599863 -0.326878 0)
(0.715169 -0.37632 0)
(0.876583 -0.425162 0)
(1.00605 -0.23577 0)
(1.11223 -0.152302 0)
(1.16901 -0.0489517 0)
(1.16676 0.0199623 0)
(1.13675 0.0259821 0)
(1.11471 0.0123228 0)
(1.10293 0.00201523 0)
(1.10021 5.83491e-05 0)
(1.10001 -4.80363e-07 0)
(1.0982 -4.24156e-07 0)
(1.01426 -0.23238 0)
(1.12882 -0.142855 0)
(1.18624 -0.0313899 0)
(1.16909 0.0346071 0)
(1.13408 0.0353123 0)
(1.11227 0.0184913 0)
(1.10221 0.00389858 0)
(1.10015 0.000238143 0)
(1.1 6.45899e-06 0)
(1.0982 -2.07923e-06 0)
(1.02158 -0.232858 0)
(1.14091 -0.135772 0)
(1.20005 -0.0140581 0)
(1.17563 0.0539856 0)
(1.13574 0.0502641 0)
(1.11087 0.0274317 0)
(1.10122 0.00620068 0)
(1.10004 0.000406754 0)
(1.1 2.0117e-05 0)
(1.0982 -7.62465e-06 0)
(1.03058 -0.233412 0)
(1.15836 -0.125022 0)
(1.21391 0.00421412 0)
(1.17437 0.0688038 0)
(1.13274 0.061747 0)
(1.10713 0.0348263 0)
(1.09973 0.00854473 0)
(1.09988 0.000641296 0)
(1.09998 3.55936e-05 0)
(1.09821 -1.23957e-05 0)
(1.04183 -0.232548 0)
(1.17374 -0.115177 0)
(1.23063 0.0251272 0)
(1.17604 0.0910056 0)
(1.13288 0.0787816 0)
(1.10393 0.0439332 0)
(1.09808 0.0111185 0)
(1.09967 0.000923491 0)
(1.09997 4.81667e-05 0)
(1.09821 -1.30008e-05 0)
(1.05339 -0.231403 0)
(1.19523 -0.102221 0)
(1.24514 0.046102 0)
(1.17146 0.107438 0)
(1.12848 0.0918704 0)
(1.09827 0.0503747 0)
(1.09584 0.0132677 0)
(1.09937 0.00121016 0)
(1.09995 5.98552e-05 0)
(1.09821 -1.22968e-05 0)
(1.06768 -0.229706 0)
(1.21385 -0.0921678 0)
(1.26382 0.0719537 0)
(1.17345 0.131132 0)
(1.1271 0.111013 0)
(1.09364 0.0597501 0)
(1.09358 0.0160102 0)
(1.09902 0.00155274 0)
(1.09993 7.30148e-05 0)
(1.09822 -1.14951e-05 0)
(1.08204 -0.22859 0)
(1.2411 -0.0762196 0)
(1.27703 0.0977822 0)
(1.17219 0.14981 0)
(1.1188 0.123336 0)
(1.08624 0.0658725 0)
(1.09071 0.018213 0)
(1.09858 0.0018808 0)
(1.0999 8.60354e-05 0)
(1.09822 -1.0329e-05 0)
(1.09874 -0.226809 0)
(1.26596 -0.0617323 0)
(1.29011 0.126021 0)
(1.17754 0.17727 0)
(1.1138 0.142764 0)
(1.07984 0.0751633 0)
(1.0878 0.0209299 0)
(1.09809 0.00224995 0)
(1.09987 9.98221e-05 0)
(1.09821 -8.92337e-06 0)
(1.11619 -0.225283 0)
(1.3017 -0.0389093 0)
(1.30444 0.159584 0)
(1.1772 0.201067 0)
(1.10313 0.15569 0)
(1.07134 0.0804978 0)
(1.08442 0.0228537 0)
(1.09751 0.00257874 0)
(1.09985 0.000113414 0)
(1.09821 -7.54071e-06 0)
(1.13658 -0.222348 0)
(1.33554 -0.0178484 0)
(1.31297 0.192989 0)
(1.17784 0.228169 0)
(1.09424 0.172816 0)
(1.06366 0.0879961 0)
(1.08106 0.0250606 0)
(1.09689 0.00293039 0)
(1.09981 0.000128051 0)
(1.09821 -6.12747e-06 0)
(1.15712 -0.221554 0)
(1.38507 0.0144178 0)
(1.32364 0.237051 0)
(1.17975 0.259761 0)
(1.08265 0.187595 0)
(1.05464 0.0916241 0)
(1.07745 0.0263439 0)
(1.09621 0.00321989 0)
(1.09978 0.000142248 0)
(1.0982 -4.76883e-06 0)
(1.18118 -0.220409 0)
(1.43402 0.0470477 0)
(1.3255 0.281067 0)
(1.17489 0.281268 0)
(1.06629 0.192441 0)
(1.04548 0.0941887 0)
(1.07386 0.0274883 0)
(1.0955 0.00349875 0)
(1.09973 0.000156946 0)
(1.0982 -3.44512e-06 0)
(1.20697 -0.220335 0)
(1.48598 0.0773511 0)
(1.32517 0.338725 0)
(1.18092 0.313033 0)
(1.05089 0.202899 0)
(1.03626 0.0946561 0)
(1.07029 0.0279154 0)
(1.09475 0.00371084 0)
(1.09969 0.000170654 0)
(1.09819 -2.22687e-06 0)
(1.23583 -0.224543 0)
(1.5524 0.128425 0)
(1.32141 0.397301 0)
(1.16578 0.327404 0)
(1.03146 0.201914 0)
(1.02705 0.0940606 0)
(1.06677 0.0282592 0)
(1.09398 0.00389363 0)
(1.09964 0.000183552 0)
(1.09819 -1.10088e-06 0)
(1.27568 -0.217188 0)
(1.6077 0.19615 0)
(1.32147 0.445227 0)
(1.13681 0.340947 0)
(1.0091 0.196568 0)
(1.01834 0.0915522 0)
(1.06334 0.0281551 0)
(1.09319 0.00401134 0)
(1.09959 0.000194111 0)
(1.09818 -9.63205e-08 0)
(1.32674 -0.196654 0)
(1.63608 0.268698 0)
(1.3499 0.497133 0)
(1.1052 0.305627 0)
(0.989919 0.179215 0)
(1.01037 0.0886202 0)
(1.05985 0.0281507 0)
(1.0924 0.00409656 0)
(1.09954 0.000202614 0)
(1.09818 7.75364e-07 0)
(1.3977 -0.148513 0)
(1.62456 0.320072 0)
(1.39407 0.478273 0)
(1.06731 0.235585 0)
(0.976062 0.161337 0)
(1.00258 0.0851303 0)
(1.05626 0.0275843 0)
(1.09162 0.0041028 0)
(1.09949 0.000208924 0)
(1.09817 1.55462e-06 0)
(1.46884 -0.074639 0)
(1.61836 0.37177 0)
(1.41601 0.32736 0)
(1.03457 0.190591 0)
(0.965333 0.14699 0)
(0.994023 0.0808637 0)
(1.05278 0.0261821 0)
(1.09086 0.0040566 0)
(1.09943 0.000216109 0)
(1.09816 2.37092e-06 0)
(1.46156 0.0874011 0)
(1.58777 0.326684 0)
(1.34076 0.208169 0)
(0.994666 0.173374 0)
(0.950902 0.136466 0)
(0.985956 0.0732952 0)
(1.05006 0.0233968 0)
(1.0901 0.00392177 0)
(1.09936 0.000223291 0)
(1.09816 3.11424e-06 0)
(1.09831 -1.55215e-08 0)
(1.09995 -1.45687e-09 0)
(1.1 -3.34037e-11 0)
(1.1 -3.61696e-13 0)
(1.1 1.02098e-13 0)
(1.1 -6.35929e-14 0)
(1.1 9.72986e-14 0)
(1.1 -5.04571e-14 0)
(1.1 -7.429e-14 0)
(1.0982 8.28087e-15 0)
(1.09831 3.58156e-08 0)
(1.09995 -2.00741e-09 0)
(1.1 -7.81318e-11 0)
(1.1 -9.10039e-13 0)
(1.1 3.31851e-13 0)
(1.1 -2.03349e-13 0)
(1.1 2.26595e-13 0)
(1.1 -5.83773e-14 0)
(1.1 -1.84974e-13 0)
(1.0982 -9.43405e-14 0)
(1.09831 1.72346e-07 0)
(1.09995 2.92593e-09 0)
(1.1 -1.158e-11 0)
(1.1 -6.75439e-13 0)
(1.1 3.88959e-13 0)
(1.1 -6.79836e-14 0)
(1.1 2.05633e-13 0)
(1.1 4.77088e-16 0)
(1.1 -1.95818e-13 0)
(1.0982 -2.64486e-13 0)
(1.09831 3.65122e-07 0)
(1.09995 1.58863e-08 0)
(1.1 2.14837e-10 0)
(1.1 1.32926e-12 0)
(1.1 1.03631e-13 0)
(1.1 2.41362e-13 0)
(1.1 9.93308e-14 0)
(1.1 6.0585e-14 0)
(1.1 -2.4986e-13 0)
(1.0982 -7.48878e-14 0)
(1.09831 4.98162e-07 0)
(1.09995 2.91511e-08 0)
(1.1 5.41072e-10 0)
(1.1 5.74755e-12 0)
(1.1 -1.96164e-13 0)
(1.1 1.00461e-13 0)
(1.1 8.84824e-14 0)
(1.1 1.13925e-13 0)
(1.1 -1.3589e-13 0)
(1.0982 1.04261e-13 0)
(1.09831 5.72004e-07 0)
(1.09995 3.74144e-08 0)
(1.1 7.49291e-10 0)
(1.1 8.4789e-12 0)
(1.1 -3.24828e-13 0)
(1.1 -1.38309e-13 0)
(1.1 1.43504e-13 0)
(1.1 3.27194e-14 0)
(1.1 -1.04269e-13 0)
(1.0982 8.23666e-14 0)
(1.09831 5.72362e-07 0)
(1.09995 3.91851e-08 0)
(1.1 8.05926e-10 0)
(1.1 8.89712e-12 0)
(1.1 -9.68896e-14 0)
(1.1 -4.54047e-13 0)
(1.1 -2.52624e-14 0)
(1.1 -7.0651e-14 0)
(1.1 -1.29795e-13 0)
(1.0982 6.18956e-14 0)
(1.09831 4.8149e-07 0)
(1.09995 3.25715e-08 0)
(1.1 6.77484e-10 0)
(1.1 1.0763e-11 0)
(1.1 7.51871e-13 0)
(1.1 -3.88739e-13 0)
(1.1 -1.81029e-13 0)
(1.1 -1.71233e-13 0)
(1.1 -3.99686e-14 0)
(1.0982 1.252e-13 0)
(1.09831 3.3289e-07 0)
(1.09995 2.07285e-08 0)
(1.1 4.17405e-10 0)
(1.1 5.05168e-11 0)
(1.1 2.03022e-11 0)
(1.1 3.52909e-12 0)
(1.1 8.3368e-14 0)
(1.1 -2.23503e-14 0)
(1.1 1.57627e-14 0)
(1.0982 1.4564e-13 0)
(1.09831 4.53522e-08 0)
(1.09995 1.23638e-09 0)
(1.1 7.24871e-11 0)
(1.1 1.26344e-10 0)
(1.1 9.57669e-11 0)
(1.1 3.90662e-11 0)
(1.1 6.45342e-12 0)
(1.1 3.48738e-13 0)
(1.1 6.86218e-14 0)
(1.0982 1.63402e-13 0)
(1.09831 -1.42366e-07 0)
(1.09995 -1.32863e-08 0)
(1.1 -1.60609e-10 0)
(1.1 1.36898e-10 0)
(1.1 1.39658e-10 0)
(1.1 9.70071e-11 0)
(1.1 3.82655e-11 0)
(1.1 3.93762e-12 0)
(1.1 2.75354e-13 0)
(1.0982 -3.89559e-14 0)
(1.09831 1.80316e-06 0)
(1.09995 -1.67669e-07 0)
(1.1 -5.27808e-07 0)
(1.1 -2.22329e-07 0)
(1.1 -1.22925e-08 0)
(1.1 8.51453e-11 0)
(1.1 6.18843e-11 0)
(1.1 1.60259e-11 0)
(1.1 1.0698e-12 0)
(1.0982 -1.10071e-12 0)
(1.09829 5.47165e-05 0)
(1.09994 -0.000101559 0)
(1.1 -0.000235595 0)
(1.10001 -0.00012978 0)
(1.1 -1.13434e-05 0)
(1.1 -8.41025e-08 0)
(1.1 -6.06527e-11 0)
(1.1 2.10438e-11 0)
(1.1 8.22606e-12 0)
(1.0982 -8.59103e-13 0)
(1.09809 0.000265678 0)
(1.09931 -0.00574384 0)
(1.09974 -0.00965032 0)
(1.10037 -0.00617413 0)
(1.10024 -0.00100386 0)
(1.10001 -2.07346e-05 0)
(1.1 -6.55387e-08 0)
(1.1 -9.71654e-11 0)
(1.1 3.13334e-10 0)
(1.0982 1.02456e-11 0)
(1.09639 -0.00387224 0)
(1.09204 -0.0513878 0)
(1.09828 -0.0638929 0)
(1.10391 -0.0447785 0)
(1.10315 -0.012457 0)
(1.1003 -0.000702298 0)
(1.1 -5.96887e-06 0)
(1.1 -1.64365e-08 0)
(1.1 1.40885e-09 0)
(1.0982 1.97528e-10 0)
(1.08178 -0.0461745 0)
(1.07779 -0.135616 0)
(1.09864 -0.129929 0)
(1.11462 -0.0947578 0)
(1.11205 -0.0390655 0)
(1.10224 -0.00513557 0)
(1.10007 -0.000124637 0)
(1.1 -6.84325e-07 0)
(1.1 1.45821e-09 0)
(1.0982 4.85196e-09 0)
(1.03913 -0.138174 0)
(1.07457 -0.180036 0)
(1.1057 -0.15472 0)
(1.12892 -0.110032 0)
(1.12513 -0.054674 0)
(1.10686 -0.0127946 0)
(1.10046 -0.000763671 0)
(1.10001 -9.40723e-06 0)
(1.1 -5.26151e-08 0)
(1.0982 5.04663e-08 0)
(0.994936 -0.213757 0)
(1.0726 -0.191268 0)
(1.11635 -0.152479 0)
(1.14145 -0.101473 0)
(1.13525 -0.0537673 0)
(1.11291 -0.0163672 0)
(1.1014 -0.00185002 0)
(1.10004 -4.89535e-05 0)
(1.1 -5.37322e-07 0)
(1.0982 1.54852e-07 0)
(0.99284 -0.233107 0)
(1.07702 -0.192862 0)
(1.13255 -0.111967 0)
(1.15227 -0.0503609 0)
(1.1394 -0.0284592 0)
(1.11683 -0.0134011 0)
(1.10277 -0.0022858 0)
(1.10012 -0.000113477 0)
(1.1 -1.86863e-06 0)
(1.0982 2.43079e-07 0)
(0.99803 -0.243389 0)
(1.09461 -0.170019 0)
(1.15238 -0.0718137 0)
(1.16016 -0.00480364 0)
(1.13812 0.00640718 0)
(1.11628 0.000302276 0)
(1.10346 -0.00096585 0)
(1.10022 -9.69317e-05 0)
(1.1 -2.74034e-06 0)
(1.0982 3.67996e-09 0)
(0.998029 0.243388 0)
(1.09461 0.170019 0)
(1.15238 0.0718137 0)
(1.16016 0.00480365 0)
(1.13812 -0.00640718 0)
(1.11628 -0.000302276 0)
(1.10346 0.00096585 0)
(1.10022 9.69317e-05 0)
(1.1 2.74034e-06 0)
(1.0982 -3.67978e-09 0)
(0.992839 0.233106 0)
(1.07702 0.192861 0)
(1.13255 0.111967 0)
(1.15227 0.0503609 0)
(1.1394 0.0284592 0)
(1.11683 0.0134011 0)
(1.10277 0.0022858 0)
(1.10012 0.000113477 0)
(1.1 1.86863e-06 0)
(1.0982 -2.43079e-07 0)
(0.994935 0.213756 0)
(1.0726 0.191268 0)
(1.11635 0.152479 0)
(1.14145 0.101473 0)
(1.13525 0.0537673 0)
(1.11291 0.0163672 0)
(1.1014 0.00185002 0)
(1.10004 4.89535e-05 0)
(1.1 5.37322e-07 0)
(1.0982 -1.54852e-07 0)
(1.03913 0.138174 0)
(1.07457 0.180036 0)
(1.1057 0.15472 0)
(1.12892 0.110032 0)
(1.12513 0.054674 0)
(1.10686 0.0127946 0)
(1.10046 0.000763671 0)
(1.10001 9.40724e-06 0)
(1.1 5.26158e-08 0)
(1.0982 -5.04662e-08 0)
(1.08178 0.0461742 0)
(1.07779 0.135616 0)
(1.09864 0.129929 0)
(1.11462 0.0947578 0)
(1.11205 0.0390655 0)
(1.10224 0.00513557 0)
(1.10007 0.000124637 0)
(1.1 6.84325e-07 0)
(1.1 -1.45781e-09 0)
(1.0982 -4.85175e-09 0)
(1.09639 0.00387199 0)
(1.09204 0.0513879 0)
(1.09828 0.0638929 0)
(1.10391 0.0447785 0)
(1.10315 0.012457 0)
(1.1003 0.000702298 0)
(1.1 5.96887e-06 0)
(1.1 1.64353e-08 0)
(1.1 -1.40874e-09 0)
(1.0982 -1.97593e-10 0)
(1.09809 -0.000265741 0)
(1.09931 0.00574387 0)
(1.09974 0.00965033 0)
(1.10037 0.00617413 0)
(1.10024 0.00100386 0)
(1.10001 2.07346e-05 0)
(1.1 6.55378e-08 0)
(1.1 9.7219e-11 0)
(1.1 -3.13935e-10 0)
(1.0982 -1.03553e-11 0)
(1.09829 -5.47722e-05 0)
(1.09994 0.00010156 0)
(1.1 0.000235595 0)
(1.10001 0.00012978 0)
(1.1 1.13434e-05 0)
(1.1 8.41032e-08 0)
(1.1 6.07263e-11 0)
(1.1 -2.1009e-11 0)
(1.1 -8.34773e-12 0)
(1.0982 6.40615e-13 0)
(1.09831 -1.81066e-06 0)
(1.09995 1.68113e-07 0)
(1.1 5.27812e-07 0)
(1.1 2.2233e-07 0)
(1.1 1.22925e-08 0)
(1.1 -8.50136e-11 0)
(1.1 -6.17254e-11 0)
(1.1 -1.6048e-11 0)
(1.1 -7.2913e-13 0)
(1.0982 8.02895e-13 0)
(1.09831 2.29271e-07 0)
(1.09995 1.50956e-08 0)
(1.1 1.79696e-10 0)
(1.1 -1.36131e-10 0)
(1.1 -1.40259e-10 0)
(1.1 -9.69402e-11 0)
(1.1 -3.78853e-11 0)
(1.1 -3.59536e-12 0)
(1.1 -1.20195e-14 0)
(1.0982 1.08673e-13 0)
(1.09831 2.81233e-07 0)
(1.09995 9.32572e-09 0)
(1.1 1.61587e-11 0)
(1.1 -1.24873e-10 0)
(1.1 -9.622e-11 0)
(1.1 -3.94234e-11 0)
(1.1 -6.03567e-12 0)
(1.1 -1.66672e-13 0)
(1.1 3.71086e-14 0)
(1.0982 1.66182e-14 0)
(1.09831 3.2123e-07 0)
(1.09995 6.70915e-09 0)
(1.1 -3.29364e-11 0)
(1.1 -4.74004e-11 0)
(1.1 -1.99646e-11 0)
(1.1 -3.32872e-12 0)
(1.1 -3.14071e-13 0)
(1.1 -2.3212e-13 0)
(1.1 2.09458e-14 0)
(1.0982 -1.13618e-13 0)
(1.09831 3.60008e-07 0)
(1.09995 1.11887e-08 0)
(1.1 7.49291e-11 0)
(1.1 -2.56897e-12 0)
(1.1 -3.67628e-13 0)
(1.1 -2.7175e-13 0)
(1.1 -2.67659e-13 0)
(1.1 -2.43378e-13 0)
(1.1 -2.9927e-14 0)
(1.0982 -1.61379e-13 0)
(1.09831 3.58789e-07 0)
(1.09995 2.03899e-08 0)
(1.1 3.61921e-10 0)
(1.1 3.63747e-12 0)
(1.1 3.09344e-13 0)
(1.1 -3.03692e-13 0)
(1.1 -2.52492e-13 0)
(1.1 -1.53689e-13 0)
(1.1 -1.41979e-13 0)
(1.0982 -3.73872e-14 0)
(1.09831 4.36745e-07 0)
(1.09995 3.06637e-08 0)
(1.1 6.5393e-10 0)
(1.1 7.40146e-12 0)
(1.1 3.44897e-13 0)
(1.1 -2.78144e-13 0)
(1.1 -1.54128e-13 0)
(1.1 -1.08991e-13 0)
(1.1 -1.85895e-13 0)
(1.0982 1.30997e-13 0)
(1.09831 5.11786e-07 0)
(1.09995 3.65974e-08 0)
(1.1 7.81384e-10 0)
(1.1 9.23213e-12 0)
(1.1 1.21593e-13 0)
(1.1 -1.69831e-13 0)
(1.1 -1.4739e-13 0)
(1.1 -9.66248e-14 0)
(1.1 -5.04413e-14 0)
(1.0982 2.23133e-13 0)
(1.09831 5.76533e-07 0)
(1.09995 3.7106e-08 0)
(1.1 7.38007e-10 0)
(1.1 8.40759e-12 0)
(1.1 -8.23421e-14 0)
(1.1 -4.85395e-14 0)
(1.1 1.07441e-14 0)
(1.1 1.26133e-14 0)
(1.1 1.58986e-13 0)
(1.0982 2.51843e-13 0)
(1.09831 5.4941e-07 0)
(1.09995 2.98595e-08 0)
(1.1 5.21072e-10 0)
(1.1 4.78784e-12 0)
(1.1 -8.41705e-14 0)
(1.1 1.22569e-13 0)
(1.1 7.72439e-14 0)
(1.1 4.68662e-14 0)
(1.1 3.28635e-13 0)
(1.0982 3.13167e-13 0)
(1.09831 4.27069e-07 0)
(1.09995 1.8518e-08 0)
(1.1 2.58179e-10 0)
(1.1 1.76558e-12 0)
(1.1 -7.73411e-14 0)
(1.1 1.26744e-13 0)
(1.1 3.34237e-14 0)
(1.1 2.93318e-14 0)
(1.1 1.835e-13 0)
(1.0982 2.13997e-13 0)
(1.09831 1.08009e-07 0)
(1.09995 3.44738e-09 0)
(1.1 3.56334e-11 0)
(1.1 1.75275e-13 0)
(1.1 -7.57833e-14 0)
(1.1 3.9462e-14 0)
(1.1 5.63166e-14 0)
(1.1 6.4402e-14 0)
(1.1 1.16812e-13 0)
(1.0982 2.03077e-13 0)
(1.03431 -0.000249451 0)
(0.998647 -0.00031921 0)
(0.989484 -0.000369029 0)
(0.990256 -0.000340083 0)
(0.996395 -0.000483338 0)
(1.01011 -0.00209744 0)
(0.996339 0.0441998 0)
(0.913592 0.161437 0)
(0.87978 0.242886 0)
(0.919222 0.259942 0)
(1.03427 -0.000160688 0)
(0.998621 -0.000205791 0)
(0.989472 -0.00023592 0)
(0.99023 -0.000225798 0)
(0.996112 -9.97663e-05 0)
(1.01184 -0.000630159 0)
(1.0317 -0.0020397 0)
(1.03487 0.0265062 0)
(0.977673 0.118099 0)
(0.941012 0.212195 0)
(1.03417 -7.72204e-05 0)
(0.99855 -0.000102918 0)
(0.989444 -0.000118168 0)
(0.990223 -0.000106561 0)
(0.996067 -0.000103791 0)
(1.01153 -0.000127114 0)
(1.03337 -0.00033828 0)
(1.05461 -0.00134416 0)
(1.06422 0.0143891 0)
(1.02453 0.0885694 0)
(1.03411 -2.27141e-05 0)
(0.9985 -3.06933e-05 0)
(0.989408 -3.37891e-05 0)
(0.990202 -2.95595e-05 0)
(0.996065 -4.27396e-05 0)
(1.01144 -3.07863e-05 0)
(1.03332 1.00502e-05 0)
(1.05565 -0.000294803 0)
(1.07418 -0.000566382 0)
(1.08263 0.00758438 0)
(1.03409 -6.71558e-06 0)
(0.998488 -8.83637e-06 0)
(0.989401 -9.21256e-06 0)
(0.990198 -9.52495e-06 0)
(0.99606 -6.58283e-06 0)
(1.01145 -2.91136e-05 0)
(1.03328 9.01539e-05 0)
(1.05566 -0.000328827 0)
(1.07475 0.000894357 0)
(1.0891 -0.00361029 0)
(1.03408 -1.22232e-06 0)
(0.998486 -2.09724e-06 0)
(0.9894 -2.14525e-06 0)
(0.990198 -2.71202e-06 0)
(0.996058 1.09762e-06 0)
(1.01145 -1.66829e-05 0)
(1.03327 5.26992e-05 0)
(1.05567 -0.000171083 0)
(1.07456 0.000455099 0)
(1.08962 -0.00121246 0)
(1.03408 1.33858e-06 0)
(0.998483 1.12981e-06 0)
(0.989399 1.13092e-06 0)
(0.990197 8.15186e-07 0)
(0.996058 1.68089e-06 0)
(1.01145 -6.36148e-06 0)
(1.03327 1.64595e-05 0)
(1.0557 -5.31588e-05 0)
(1.07444 0.000119375 0)
(1.08974 -0.00014787 0)
(1.03408 2.53256e-06 0)
(0.998479 2.63934e-06 0)
(0.989396 2.73964e-06 0)
(0.990195 2.57623e-06 0)
(0.996058 1.70552e-06 0)
(1.01145 -1.0099e-06 0)
(1.03327 8.58102e-07 0)
(1.0557 -5.58767e-06 0)
(1.07447 6.09593e-06 0)
(1.08965 2.14645e-06 0)
(1.03407 3.49651e-06 0)
(0.998474 3.85374e-06 0)
(0.989394 3.94163e-06 0)
(0.990194 3.71782e-06 0)
(0.996057 2.65502e-06 0)
(1.01145 9.75002e-07 0)
(1.03327 -1.4865e-07 0)
(1.0557 -5.81063e-07 0)
(1.07447 4.54553e-07 0)
(1.08965 9.5783e-07 0)
(1.03407 4.45191e-06 0)
(0.998472 5.18567e-06 0)
(0.989393 5.02398e-06 0)
(0.990193 4.6924e-06 0)
(0.996057 3.82803e-06 0)
(1.01145 2.6753e-06 0)
(1.03327 1.59961e-06 0)
(1.0557 1.15568e-06 0)
(1.07447 9.0199e-07 0)
(1.08965 7.11592e-07 0)
(1.03407 4.15804e-06 0)
(0.998474 5.04375e-06 0)
(0.989393 4.87352e-06 0)
(0.990194 4.57501e-06 0)
(0.996058 3.98818e-06 0)
(1.01145 3.43607e-06 0)
(1.03327 3.01673e-06 0)
(1.0557 2.60058e-06 0)
(1.07447 2.12465e-06 0)
(1.08965 1.23134e-06 0)
(1.03407 4.87338e-06 0)
(0.998477 5.864e-06 0)
(0.989396 5.37385e-06 0)
(0.990195 4.84802e-06 0)
(0.996059 4.27808e-06 0)
(1.01146 3.94787e-06 0)
(1.03327 3.86392e-06 0)
(1.0557 3.57671e-06 0)
(1.07447 3.089e-06 0)
(1.08965 1.7414e-06 0)
(1.03408 5.10483e-06 0)
(0.998481 6.02783e-06 0)
(0.989399 5.54435e-06 0)
(0.990197 5.00347e-06 0)
(0.996059 4.28044e-06 0)
(1.01145 3.80647e-06 0)
(1.03327 3.54236e-06 0)
(1.0557 3.20464e-06 0)
(1.07447 2.85059e-06 0)
(1.08965 1.71143e-06 0)
(1.03408 5.47675e-06 0)
(0.998483 6.46554e-06 0)
(0.9894 6.30655e-06 0)
(0.990198 5.88985e-06 0)
(0.99606 4.95858e-06 0)
(1.01146 3.68154e-06 0)
(1.03327 2.71311e-06 0)
(1.0557 1.91858e-06 0)
(1.07447 1.52476e-06 0)
(1.08965 1.10254e-06 0)
(1.03408 5.68265e-06 0)
(0.998482 6.62615e-06 0)
(0.9894 6.7694e-06 0)
(0.990198 6.50052e-06 0)
(0.99606 5.40304e-06 0)
(1.01146 3.37358e-06 0)
(1.03327 1.8131e-06 0)
(1.0557 9.01054e-07 0)
(1.07447 1.00574e-06 0)
(1.08965 1.01195e-06 0)
(1.03407 6.02092e-06 0)
(0.998479 6.91104e-06 0)
(0.989398 7.08258e-06 0)
(0.990197 6.79285e-06 0)
(0.99606 5.21705e-06 0)
(1.01146 2.61208e-06 0)
(1.03327 8.07065e-07 0)
(1.0557 -5.03547e-10 0)
(1.07447 5.1047e-07 0)
(1.08965 1.05031e-06 0)
(1.03407 6.60712e-06 0)
(0.998476 7.40576e-06 0)
(0.989396 7.2521e-06 0)
(0.990196 6.76568e-06 0)
(0.99606 5.24229e-06 0)
(1.01146 2.94254e-06 0)
(1.03327 1.4506e-06 0)
(1.0557 7.85943e-07 0)
(1.07447 1.23117e-06 0)
(1.08965 1.41289e-06 0)
(1.03407 6.61471e-06 0)
(0.998474 7.27964e-06 0)
(0.989395 6.76549e-06 0)
(0.990196 6.06297e-06 0)
(0.996061 4.57243e-06 0)
(1.01146 2.90019e-06 0)
(1.03327 2.08197e-06 0)
(1.05571 1.7344e-06 0)
(1.07447 1.97931e-06 0)
(1.08965 1.67942e-06 0)
(1.03407 4.74015e-06 0)
(0.998475 5.45091e-06 0)
(0.989396 4.91833e-06 0)
(0.990197 4.28463e-06 0)
(0.996062 3.28999e-06 0)
(1.01146 2.42774e-06 0)
(1.03327 2.09666e-06 0)
(1.05571 1.945e-06 0)
(1.07447 2.10838e-06 0)
(1.08965 1.60612e-06 0)
(1.03407 1.59015e-06 0)
(0.998476 1.77737e-06 0)
(0.989397 1.582e-06 0)
(0.990197 1.40511e-06 0)
(0.996062 1.22207e-06 0)
(1.01146 1.20372e-06 0)
(1.03327 1.22233e-06 0)
(1.05571 1.13071e-06 0)
(1.07447 9.84339e-07 0)
(1.08964 5.43182e-07 0)
(3 4.52086e-14 0)
(2.99997 7.26929e-14 0)
(2.99751 -1.50283e-11 0)
(2.91819 1.64613e-09 0)
(2.44183 -2.19808e-08 0)
(2.0935 3.9722e-08 0)
(2.04931 -8.68431e-07 0)
(1.99053 8.71124e-06 0)
(1.75258 -4.97105e-05 0)
(1.3454 0.000205158 0)
(3 4.80392e-14 0)
(2.99997 7.48008e-14 0)
(2.99751 -1.33074e-12 0)
(2.91819 1.43235e-10 0)
(2.44183 -2.88213e-09 0)
(2.0935 2.94073e-09 0)
(2.04931 -8.15506e-08 0)
(1.99053 1.38745e-06 0)
(1.75258 -1.73215e-05 0)
(1.3454 9.84004e-05 0)
(3 6.81655e-16 0)
(2.99997 4.93614e-16 0)
(2.99751 -2.05351e-13 0)
(2.91819 2.11355e-11 0)
(2.44183 -1.85723e-10 0)
(2.0935 2.30491e-10 0)
(2.04931 -3.15167e-08 0)
(1.99053 7.58184e-07 0)
(1.75258 -1.06802e-05 0)
(1.3454 5.79413e-05 0)
(3 1.24591e-14 0)
(2.99997 -1.40163e-14 0)
(2.99751 -1.2337e-13 0)
(2.91819 1.22456e-11 0)
(2.44183 -9.67911e-11 0)
(2.0935 1.47265e-10 0)
(2.04931 -1.72313e-08 0)
(1.99053 3.99338e-07 0)
(1.75258 -4.9838e-06 0)
(1.3454 2.30839e-05 0)
(3 -1.33464e-15 0)
(2.99997 3.14951e-14 0)
(2.99751 -1.24093e-13 0)
(2.91819 6.71952e-12 0)
(2.44183 -5.90586e-11 0)
(2.0935 9.45939e-11 0)
(2.04931 -8.47366e-09 0)
(1.99053 1.74893e-07 0)
(1.75258 -1.75726e-06 0)
(1.3454 7.01609e-06 0)
(3 2.48929e-14 0)
(2.99997 3.26505e-14 0)
(2.99751 -9.04177e-14 0)
(2.91819 2.46768e-12 0)
(2.44183 -2.26414e-11 0)
(2.0935 5.11189e-11 0)
(2.04931 -2.86407e-09 0)
(1.99053 5.02304e-08 0)
(1.75258 -4.40457e-07 0)
(1.3454 1.77154e-06 0)
(3 3.82089e-14 0)
(2.99997 -6.64592e-15 0)
(2.99751 -4.17454e-14 0)
(2.91819 4.18337e-14 0)
(2.44183 -5.08711e-12 0)
(2.0935 4.79025e-11 0)
(2.04931 -5.40735e-11 0)
(1.99053 1.57758e-09 0)
(1.75258 -3.70203e-08 0)
(1.3454 7.69996e-08 0)
(3 -4.22245e-14 0)
(2.99997 -7.20971e-14 0)
(2.99751 3.43858e-15 0)
(2.91819 -1.62846e-12 0)
(2.44183 5.95773e-12 0)
(2.0935 4.66228e-11 0)
(2.04931 1.34475e-09 0)
(1.99053 -2.02262e-08 0)
(1.75258 1.32328e-07 0)
(1.3454 -6.17867e-07 0)
(3 -4.92376e-14 0)
(2.99997 -7.24688e-14 0)
(2.99751 1.15862e-14 0)
(2.91819 -2.98445e-12 0)
(2.44183 1.65341e-11 0)
(2.0935 1.94572e-11 0)
(2.04931 2.54124e-09 0)
(1.99053 -4.32775e-08 0)
(1.75258 3.92074e-07 0)
(1.34541 -1.75574e-06 0)
(3 -1.79675e-14 0)
(2.99997 5.75154e-14 0)
(2.99751 1.04506e-13 0)
(2.91819 -4.0343e-12 0)
(2.44183 3.27899e-11 0)
(2.0935 -3.39568e-11 0)
(2.04931 3.341e-09 0)
(1.99053 -5.99125e-08 0)
(1.75258 6.04042e-07 0)
(1.34541 -2.81328e-06 0)
(3 1.56867e-15 0)
(2.99997 4.0859e-14 0)
(2.99751 1.244e-13 0)
(2.91819 -4.47068e-12 0)
(2.44183 3.9125e-11 0)
(2.0935 -6.17668e-11 0)
(2.04931 3.87383e-09 0)
(1.99053 -7.47302e-08 0)
(1.75258 8.0053e-07 0)
(1.34541 -3.51255e-06 0)
(3 -1.27302e-14 0)
(2.99997 -5.60162e-14 0)
(2.99751 -5.92666e-16 0)
(2.91819 -5.43182e-12 0)
(2.44183 4.98093e-11 0)
(2.0935 -9.2776e-11 0)
(2.04931 4.70511e-09 0)
(1.99053 -9.28275e-08 0)
(1.75258 1.02169e-06 0)
(1.34541 -4.4778e-06 0)
(3 -6.21199e-14 0)
(2.99997 -7.57837e-14 0)
(2.99751 -3.60924e-14 0)
(2.91819 -5.66458e-12 0)
(2.44183 4.92099e-11 0)
(2.0935 -8.00552e-11 0)
(2.04931 4.84037e-09 0)
(1.99053 -9.52155e-08 0)
(1.75258 1.0113e-06 0)
(1.3454 -4.26747e-06 0)
(3 1.19642e-14 0)
(2.99997 1.34983e-14 0)
(2.99751 1.47384e-13 0)
(2.91819 -5.39192e-12 0)
(2.44183 4.52534e-11 0)
(2.0935 -5.40608e-11 0)
(2.04931 4.48244e-09 0)
(1.99053 -8.18433e-08 0)
(1.75258 8.2587e-07 0)
(1.3454 -3.78861e-06 0)
(3 8.51334e-14 0)
(2.99997 1.08294e-13 0)
(2.99751 2.3094e-13 0)
(2.91819 -5.27698e-12 0)
(2.44183 4.18003e-11 0)
(2.0935 -2.69416e-11 0)
(2.04931 4.71247e-09 0)
(1.99053 -8.42457e-08 0)
(1.75258 8.33684e-07 0)
(1.34541 -3.76363e-06 0)
(3 2.20003e-14 0)
(2.99997 1.69208e-14 0)
(2.99751 1.22412e-13 0)
(2.91819 -5.40378e-12 0)
(2.44183 3.87553e-11 0)
(2.0935 -3.76982e-12 0)
(2.04931 4.62515e-09 0)
(1.99053 -8.22815e-08 0)
(1.75258 7.87666e-07 0)
(1.34541 -3.44749e-06 0)
(3 -2.29046e-14 0)
(2.99997 -7.07878e-14 0)
(2.99751 1.53408e-14 0)
(2.91819 -5.89368e-12 0)
(2.44183 4.38811e-11 0)
(2.0935 -1.52442e-11 0)
(2.04931 4.9861e-09 0)
(1.99053 -8.90246e-08 0)
(1.75258 8.75097e-07 0)
(1.34541 -3.94438e-06 0)
(3 -7.17018e-14 0)
(2.99997 -1.00153e-13 0)
(2.99751 -2.70809e-14 0)
(2.91819 -5.80632e-12 0)
(2.44183 4.69775e-11 0)
(2.0935 -3.9152e-11 0)
(2.04931 4.80688e-09 0)
(1.99053 -8.87682e-08 0)
(1.75258 8.98625e-07 0)
(1.34541 -4.04743e-06 0)
(3 -3.97789e-14 0)
(2.99997 -6.67567e-14 0)
(2.99751 2.76957e-14 0)
(2.91819 -4.38838e-12 0)
(2.44183 3.5878e-11 0)
(2.0935 -3.65873e-11 0)
(2.04931 3.67867e-09 0)
(1.99053 -7.10296e-08 0)
(1.75258 7.48329e-07 0)
(1.34541 -3.21978e-06 0)
(3 8.27591e-15 0)
(2.99997 -7.17296e-15 0)
(2.99751 3.48924e-14 0)
(2.91819 -1.80673e-12 0)
(2.44183 1.62808e-11 0)
(2.0935 -1.98678e-11 0)
(2.04931 1.5429e-09 0)
(1.99053 -3.09258e-08 0)
(1.75258 3.32124e-07 0)
(1.34541 -1.35306e-06 0)
(3 1.47012e-14 0)
(2.99997 -1.31557e-14 0)
(2.99751 -2.68157e-14 0)
(2.91819 -1.44713e-13 0)
(2.44183 2.98399e-12 0)
(2.0935 -1.2423e-11 0)
(2.04931 2.28141e-10 0)
(1.99053 -4.99412e-09 0)
(1.75258 5.48238e-08 0)
(1.3454 -1.74951e-07 0)
(3 2.22635e-14 0)
(2.99997 -1.77105e-15 0)
(2.99751 4.05983e-14 0)
(2.91819 -1.57768e-12 0)
(2.44183 1.9832e-11 0)
(2.0935 -5.52376e-11 0)
(2.04931 1.7054e-09 0)
(1.99053 -3.54827e-08 0)
(1.75258 4.04769e-07 0)
(1.3454 -1.69932e-06 0)
(3 1.39866e-14 0)
(2.99997 -1.72281e-14 0)
(2.99751 5.65316e-14 0)
(2.91819 -3.11532e-12 0)
(2.44183 2.89784e-11 0)
(2.0935 -5.80253e-11 0)
(2.04931 2.91165e-09 0)
(1.99053 -5.82822e-08 0)
(1.75258 6.43624e-07 0)
(1.3454 -2.76651e-06 0)
(3 7.49083e-15 0)
(2.99997 -9.78632e-15 0)
(2.99751 1.73903e-14 0)
(2.91819 -4.59634e-12 0)
(2.44183 3.77559e-11 0)
(2.0935 -4.6357e-11 0)
(2.04931 3.91259e-09 0)
(1.99053 -7.50276e-08 0)
(1.75258 7.80486e-07 0)
(1.3454 -3.2959e-06 0)
(3 -3.70839e-14 0)
(2.99997 -1.02894e-13 0)
(2.99751 -9.70231e-17 0)
(2.91819 -5.81367e-12 0)
(2.44183 4.64881e-11 0)
(2.0935 -4.26234e-11 0)
(2.04931 4.81289e-09 0)
(1.99053 -8.75484e-08 0)
(1.75258 8.84355e-07 0)
(1.3454 -4.04685e-06 0)
(3 -5.28981e-14 0)
(2.99997 -8.51308e-14 0)
(2.99751 7.28526e-14 0)
(2.91819 -5.97646e-12 0)
(2.44183 4.30675e-11 0)
(2.0935 -9.64227e-12 0)
(2.04931 5.09488e-09 0)
(1.99053 -9.14806e-08 0)
(1.75258 8.98994e-07 0)
(1.3454 -4.09452e-06 0)
(3 -1.65438e-14 0)
(2.99997 1.48832e-14 0)
(2.99751 1.11805e-13 0)
(2.91819 -5.73351e-12 0)
(2.44183 3.84708e-11 0)
(2.0935 9.76897e-12 0)
(2.04931 4.68448e-09 0)
(1.99053 -8.25638e-08 0)
(1.75258 7.85249e-07 0)
(1.34541 -3.55005e-06 0)
(3 5.08983e-14 0)
(2.99997 4.81876e-14 0)
(2.99751 9.48284e-14 0)
(2.91819 -4.76132e-12 0)
(2.44183 3.17686e-11 0)
(2.0935 9.06814e-12 0)
(2.04931 3.90101e-09 0)
(1.99053 -6.95837e-08 0)
(1.75258 6.69695e-07 0)
(1.34541 -2.99727e-06 0)
(3 2.12135e-14 0)
(2.99997 4.83639e-14 0)
(2.99751 1.096e-13 0)
(2.91819 -3.37437e-12 0)
(2.44183 2.63742e-11 0)
(2.0935 -2.14337e-11 0)
(2.04931 2.72761e-09 0)
(1.99053 -4.9113e-08 0)
(1.75258 4.87467e-07 0)
(1.34541 -2.23403e-06 0)
(3 -7.7324e-14 0)
(2.99997 -4.84151e-14 0)
(2.99751 1.04576e-14 0)
(2.91819 -9.58473e-13 0)
(2.44183 8.56557e-12 0)
(2.0935 -1.38029e-11 0)
(2.04931 7.70404e-10 0)
(1.99053 -1.56177e-08 0)
(1.75258 1.64554e-07 0)
(1.34541 -6.46787e-07 0)
(3 -4.08023e-14 0)
(2.99997 -4.14447e-14 0)
(2.99751 -8.52131e-14 0)
(2.91819 7.90543e-13 0)
(2.44183 -2.98781e-12 0)
(2.0935 -3.30393e-11 0)
(2.04931 -6.53355e-10 0)
(1.99053 8.61463e-09 0)
(1.75258 -4.02213e-08 0)
(1.34541 2.67679e-07 0)
(3 1.64951e-14 0)
(2.99997 1.11672e-14 0)
(2.99751 -5.08712e-14 0)
(2.91819 2.12125e-12 0)
(2.44183 -1.07742e-11 0)
(2.0935 -4.19522e-11 0)
(2.04931 -1.71683e-09 0)
(1.99053 2.829e-08 0)
(1.75258 -2.35636e-07 0)
(1.34541 1.10683e-06 0)
(3 -2.02751e-14 0)
(2.99997 2.72616e-14 0)
(2.99751 -1.90315e-14 0)
(2.91819 2.4118e-12 0)
(2.44183 -1.37833e-11 0)
(2.0935 -3.08291e-11 0)
(2.04931 -2.10044e-09 0)
(1.99053 3.65799e-08 0)
(1.75258 -3.27347e-07 0)
(1.3454 1.48642e-06 0)
(3 -6.67864e-15 0)
(2.99997 -1.77888e-14 0)
(2.99751 -7.68864e-14 0)
(2.91819 1.40911e-12 0)
(2.44183 -8.90697e-12 0)
(2.0935 -1.79492e-11 0)
(2.04931 -1.22831e-09 0)
(1.99053 2.2952e-08 0)
(1.75258 -2.26767e-07 0)
(1.3454 1.07713e-06 0)
(3 5.3282e-14 0)
(2.99997 -6.34708e-14 0)
(2.99751 -2.55254e-14 0)
(2.91819 -7.04051e-13 0)
(2.44183 6.23786e-12 0)
(2.0935 -2.36646e-11 0)
(2.04931 1.18665e-09 0)
(1.99053 -2.11383e-08 0)
(1.75258 1.61505e-07 0)
(1.3454 -4.76516e-07 0)
(3 3.26012e-14 0)
(2.99997 9.0978e-15 0)
(2.99751 2.86233e-14 0)
(2.91819 -4.13277e-12 0)
(2.44183 3.53698e-11 0)
(2.0935 -6.63979e-11 0)
(2.04931 5.93398e-09 0)
(1.99053 -1.26373e-07 0)
(1.75258 1.25195e-06 0)
(1.3454 -4.87475e-06 0)
(3 -1.37123e-14 0)
(2.99997 5.83748e-14 0)
(2.99751 1.70557e-13 0)
(2.91819 -8.08835e-12 0)
(2.44183 6.33568e-11 0)
(2.0935 -1.14168e-10 0)
(2.04931 1.38754e-08 0)
(1.99053 -3.37911e-07 0)
(1.75258 4.34968e-06 0)
(1.3454 -2.02756e-05 0)
(3 -1.44042e-14 0)
(2.99997 6.26426e-15 0)
(2.99751 2.82193e-13 0)
(2.91819 -1.57103e-11 0)
(2.44183 1.46361e-10 0)
(2.0935 -1.96317e-10 0)
(2.04931 2.73387e-08 0)
(1.99053 -6.81014e-07 0)
(1.75258 9.90747e-06 0)
(1.3454 -5.46192e-05 0)
(3 2.33097e-14 0)
(2.99997 1.36538e-14 0)
(2.99751 1.27842e-12 0)
(2.91819 -1.38256e-10 0)
(2.44183 2.84445e-09 0)
(2.0935 -2.91018e-09 0)
(2.04931 7.74775e-08 0)
(1.99053 -1.31359e-06 0)
(1.75258 1.65926e-05 0)
(1.3454 -9.51418e-05 0)
(3 -8.57188e-16 0)
(2.99997 -1.20514e-15 0)
(2.99751 1.49299e-11 0)
(2.91819 -1.64307e-09 0)
(2.44183 2.19617e-08 0)
(2.0935 -3.97652e-08 0)
(2.04931 8.65991e-07 0)
(1.99053 -8.66257e-06 0)
(1.75258 4.91999e-05 0)
(1.3454 -0.000202828 0)
(1.03407 -5.21528e-07 0)
(0.998472 -4.21278e-07 0)
(0.989391 -2.49907e-07 0)
(0.990191 -1.07052e-07 0)
(0.996055 1.65104e-07 0)
(1.01145 4.28622e-07 0)
(1.03327 5.21548e-07 0)
(1.0557 4.43467e-07 0)
(1.07447 2.11482e-07 0)
(1.08965 2.18038e-08 0)
(1.03407 1.03328e-06 0)
(0.998474 1.6385e-06 0)
(0.989392 1.57656e-06 0)
(0.990192 1.46215e-06 0)
(0.996055 1.54613e-06 0)
(1.01145 1.89816e-06 0)
(1.03327 2.08444e-06 0)
(1.0557 1.93975e-06 0)
(1.07447 1.37673e-06 0)
(1.08965 5.22676e-07 0)
(1.03408 2.81577e-06 0)
(0.998478 3.35253e-06 0)
(0.989394 3.02499e-06 0)
(0.990193 2.72509e-06 0)
(0.996055 2.52745e-06 0)
(1.01145 2.5557e-06 0)
(1.03327 2.52752e-06 0)
(1.0557 2.25866e-06 0)
(1.07447 1.88408e-06 0)
(1.08965 1.01396e-06 0)
(1.03408 4.52651e-06 0)
(0.99848 5.29569e-06 0)
(0.989396 5.01978e-06 0)
(0.990194 4.58693e-06 0)
(0.996056 3.80499e-06 0)
(1.01145 2.93544e-06 0)
(1.03326 2.4432e-06 0)
(1.0557 2.08558e-06 0)
(1.07447 1.98916e-06 0)
(1.08965 1.39911e-06 0)
(1.03408 6.35493e-06 0)
(0.99848 7.26572e-06 0)
(0.989396 6.97635e-06 0)
(0.990195 6.41854e-06 0)
(0.996056 5.10499e-06 0)
(1.01145 3.39165e-06 0)
(1.03327 2.28579e-06 0)
(1.0557 1.63971e-06 0)
(1.07447 1.65502e-06 0)
(1.08965 1.40834e-06 0)
(1.03407 6.8986e-06 0)
(0.998478 7.69955e-06 0)
(0.989396 7.57843e-06 0)
(0.990194 7.09075e-06 0)
(0.996057 5.38556e-06 0)
(1.01145 2.87977e-06 0)
(1.03327 1.34289e-06 0)
(1.0557 6.67653e-07 0)
(1.07447 1.15793e-06 0)
(1.08965 1.38691e-06 0)
(1.03407 6.72547e-06 0)
(0.998475 7.47477e-06 0)
(0.989393 7.38833e-06 0)
(0.990193 6.94809e-06 0)
(0.996057 5.27252e-06 0)
(1.01145 2.50165e-06 0)
(1.03327 5.76887e-07 0)
(1.0557 -1.7846e-07 0)
(1.07447 5.62917e-07 0)
(1.08965 1.20693e-06 0)
(1.03407 5.73631e-06 0)
(0.99847 6.30152e-06 0)
(0.989391 6.17911e-06 0)
(0.990192 5.72212e-06 0)
(0.996056 4.15335e-06 0)
(1.01145 1.87888e-06 0)
(1.03327 5.23289e-07 0)
(1.0557 3.27173e-08 0)
(1.07447 6.36903e-07 0)
(1.08965 1.07205e-06 0)
(1.03406 3.9062e-06 0)
(0.998468 4.31507e-06 0)
(0.98939 4.11357e-06 0)
(0.990192 3.76555e-06 0)
(0.996057 2.89719e-06 0)
(1.01146 1.73103e-06 0)
(1.03327 1.03739e-06 0)
(1.05571 6.54777e-07 0)
(1.07447 8.21418e-07 0)
(1.08965 8.43528e-07 0)
(1.03406 5.25787e-07 0)
(0.998467 6.66526e-07 0)
(0.98939 5.83703e-07 0)
(0.990192 5.17497e-07 0)
(0.996057 4.85713e-07 0)
(1.01146 5.71978e-07 0)
(1.03327 6.77183e-07 0)
(1.05571 6.4899e-07 0)
(1.07447 6.02741e-07 0)
(1.08965 3.67684e-07 0)
(1.03406 -1.93594e-06 0)
(0.99847 -1.86466e-06 0)
(0.989391 -1.8816e-06 0)
(0.990192 -1.75322e-06 0)
(0.996057 -9.61116e-07 0)
(1.01146 2.62436e-07 0)
(1.03327 1.07722e-06 0)
(1.0557 1.07327e-06 0)
(1.07447 7.24697e-07 0)
(1.08965 -1.21136e-07 0)
(1.03407 -3.53091e-06 0)
(0.998474 -3.55407e-06 0)
(0.989394 -3.29143e-06 0)
(0.990193 -2.93601e-06 0)
(0.996057 -1.67308e-06 0)
(1.01145 -2.01111e-08 0)
(1.03327 9.35467e-07 0)
(1.0557 9.90055e-07 0)
(1.07447 -2.26084e-07 0)
(1.08965 -9.9612e-07 0)
(1.03407 -3.75253e-06 0)
(0.998478 -3.80408e-06 0)
(0.989396 -3.59435e-06 0)
(0.990195 -3.25309e-06 0)
(0.996058 -2.22984e-06 0)
(1.01145 4.71071e-07 0)
(1.03327 -1.59921e-06 0)
(1.0557 4.85471e-06 0)
(1.07447 -6.90269e-06 0)
(1.08965 -2.39389e-06 0)
(1.03408 -2.5868e-06 0)
(0.998482 -2.70024e-06 0)
(0.989398 -2.66549e-06 0)
(0.990196 -2.23894e-06 0)
(0.996058 -2.94778e-06 0)
(1.01145 5.14372e-06 0)
(1.03327 -1.77397e-05 0)
(1.0557 5.22621e-05 0)
(1.07445 -0.000120173 0)
(1.08974 0.0001474 0)
(1.03408 -2.35508e-07 0)
(0.998483 8.63908e-08 0)
(0.989399 7.58452e-08 0)
(0.990197 6.74496e-07 0)
(0.996057 -2.89958e-06 0)
(1.01145 1.53377e-05 0)
(1.03327 -5.38639e-05 0)
(1.05567 0.000170331 0)
(1.07456 -0.000455685 0)
(1.08962 0.00121205 0)
(1.03408 4.16299e-06 0)
(0.998485 5.71939e-06 0)
(0.9894 6.00932e-06 0)
(0.990197 6.41847e-06 0)
(0.996059 3.71354e-06 0)
(1.01145 2.69619e-05 0)
(1.03328 -9.1492e-05 0)
(1.05566 0.0003279 0)
(1.07476 -0.000895142 0)
(1.0891 0.00360974 0)
(1.0341 1.8803e-05 0)
(0.998497 2.61295e-05 0)
(0.989406 2.92731e-05 0)
(0.9902 2.54256e-05 0)
(0.996064 3.9252e-05 0)
(1.01144 2.7928e-05 0)
(1.03332 -1.14511e-05 0)
(1.05565 0.000293256 0)
(1.07418 0.000565475 0)
(1.08263 -0.0075854 0)
(1.03416 7.21254e-05 0)
(0.998548 9.73758e-05 0)
(0.989441 0.000113042 0)
(0.990221 0.000101939 0)
(0.996065 0.00010003 0)
(1.01153 0.000124926 0)
(1.03337 0.000336582 0)
(1.05461 0.00134259 0)
(1.06422 -0.0143903 0)
(1.02453 -0.0885705 0)
(1.03427 0.000155322 0)
(0.99862 0.000199885 0)
(0.98947 0.000230502 0)
(0.990228 0.00022092 0)
(0.99611 9.5772e-05 0)
(1.01184 0.000628245 0)
(1.03169 0.00203871 0)
(1.03487 -0.0265064 0)
(0.977673 -0.118099 0)
(0.941013 -0.212196 0)
(1.03431 0.000245502 0)
(0.998648 0.000314589 0)
(0.989483 0.000364657 0)
(0.990255 0.000335921 0)
(0.996394 0.000481535 0)
(1.01011 0.00209693 0)
(0.996337 -0.0441996 0)
(0.913591 -0.161437 0)
(0.87978 -0.242886 0)
(0.919223 -0.259942 0)
)
;

boundaryField
{
    inlet
    {
        type            fixedValue;
        value           uniform (3 0 0);
    }
    outlet
    {
        type            inletOutlet;
        inletValue      uniform (3 0 0);
        value           nonuniform List<vector> 
100
(
(1.0982 -3.67978e-09 0)
(1.0982 -2.43079e-07 0)
(1.0982 -1.54852e-07 0)
(1.0982 -5.04662e-08 0)
(1.0982 -4.85175e-09 0)
(1.0982 -1.97593e-10 0)
(1.0982 -1.03553e-11 0)
(1.0982 6.40615e-13 0)
(1.0982 8.02895e-13 0)
(1.0982 1.08673e-13 0)
(1.0982 1.66182e-14 0)
(1.0982 -1.13618e-13 0)
(1.0982 -1.61379e-13 0)
(1.0982 -3.73872e-14 0)
(1.0982 1.30997e-13 0)
(1.0982 2.23133e-13 0)
(1.0982 2.51843e-13 0)
(1.0982 3.13167e-13 0)
(1.0982 2.13997e-13 0)
(1.0982 2.03077e-13 0)
(1.09816 -3.11424e-06 0)
(1.09816 -2.37092e-06 0)
(1.09817 -1.55462e-06 0)
(1.09818 -7.75363e-07 0)
(1.09818 9.63208e-08 0)
(1.09819 1.10088e-06 0)
(1.09819 2.22687e-06 0)
(1.0982 3.44512e-06 0)
(1.0982 4.76883e-06 0)
(1.09821 6.12747e-06 0)
(1.09821 7.54071e-06 0)
(1.09821 8.92337e-06 0)
(1.09822 1.0329e-05 0)
(1.09822 1.14951e-05 0)
(1.09821 1.22968e-05 0)
(1.09821 1.30008e-05 0)
(1.09821 1.23957e-05 0)
(1.0982 7.62465e-06 0)
(1.0982 2.07923e-06 0)
(1.0982 4.24156e-07 0)
(1.09816 3.60954e-06 0)
(1.09815 3.76227e-06 0)
(1.09815 3.67416e-06 0)
(1.09815 3.32481e-06 0)
(1.09815 2.87539e-06 0)
(1.09814 2.44789e-06 0)
(1.09814 2.06243e-06 0)
(1.09814 1.5245e-06 0)
(1.09814 9.34935e-07 0)
(1.09814 3.09771e-07 0)
(1.09814 -3.0977e-07 0)
(1.09814 -9.34935e-07 0)
(1.09814 -1.5245e-06 0)
(1.09814 -2.06243e-06 0)
(1.09814 -2.44788e-06 0)
(1.09815 -2.87539e-06 0)
(1.09815 -3.3248e-06 0)
(1.09815 -3.67416e-06 0)
(1.09815 -3.76227e-06 0)
(1.09816 -3.60954e-06 0)
(1.0982 -4.24156e-07 0)
(1.0982 -2.07923e-06 0)
(1.0982 -7.62465e-06 0)
(1.09821 -1.23957e-05 0)
(1.09821 -1.30008e-05 0)
(1.09821 -1.22968e-05 0)
(1.09822 -1.14951e-05 0)
(1.09822 -1.0329e-05 0)
(1.09821 -8.92337e-06 0)
(1.09821 -7.54071e-06 0)
(1.09821 -6.12747e-06 0)
(1.0982 -4.76883e-06 0)
(1.0982 -3.44512e-06 0)
(1.09819 -2.22687e-06 0)
(1.09819 -1.10088e-06 0)
(1.09818 -9.63205e-08 0)
(1.09818 7.75364e-07 0)
(1.09817 1.55462e-06 0)
(1.09816 2.37092e-06 0)
(1.09816 3.11424e-06 0)
(1.0982 8.28087e-15 0)
(1.0982 -9.43405e-14 0)
(1.0982 -2.64486e-13 0)
(1.0982 -7.48878e-14 0)
(1.0982 1.04261e-13 0)
(1.0982 8.23666e-14 0)
(1.0982 6.18956e-14 0)
(1.0982 1.252e-13 0)
(1.0982 1.4564e-13 0)
(1.0982 1.63402e-13 0)
(1.0982 -3.89559e-14 0)
(1.0982 -1.10071e-12 0)
(1.0982 -8.59103e-13 0)
(1.0982 1.02456e-11 0)
(1.0982 1.97528e-10 0)
(1.0982 4.85196e-09 0)
(1.0982 5.04663e-08 0)
(1.0982 1.54852e-07 0)
(1.0982 2.43079e-07 0)
(1.0982 3.67996e-09 0)
)
;
    }
    triangle
    {
        type            slip;
    }
    top
    {
        type            symmetryPlane;
    }
    bottom
    {
        type            symmetryPlane;
    }
    defaultFaces
    {
        type            empty;
    }
}


// ************************************************************************* //
