/*--------------------------------*- C++ -*----------------------------------*\
  =========                 |
  \\      /  F ield         | OpenFOAM: The Open Source CFD Toolbox
   \\    /   O peration     | Website:  https://openfoam.org
    \\  /    A nd           | Version:  8
     \\/     M anipulation  |
\*---------------------------------------------------------------------------*/
FoamFile
{
    version     2.0;
    format      ascii;
    class       volVectorField;
    location    "1.6";
    object      U;
}
// * * * * * * * * * * * * * * * * * * * * * * * * * * * * * * * * * * * * * //

dimensions      [0 1 -1 0 0 0 0];

internalField   nonuniform List<vector> 
2600
(
(0.514233 -0.0393975 0)
(0.942377 0.077065 0)
(1.2969 0.210606 0)
(1.49644 0.319268 0)
(1.5234 0.287495 0)
(1.44139 0.182285 0)
(1.34157 0.0955371 0)
(1.32533 0.0490362 0)
(1.27973 0.0334384 0)
(1.24574 -0.00500137 0)
(0.137765 -0.152974 0)
(0.597976 0.0369192 0)
(1.06951 0.188016 0)
(1.3976 0.298487 0)
(1.48624 0.254306 0)
(1.43369 0.158166 0)
(1.34298 0.086223 0)
(1.32524 0.0521674 0)
(1.27724 0.0406491 0)
(1.24156 -0.00175904 0)
(-0.0123977 -0.154488 0)
(0.323138 -0.000305751 0)
(0.798397 0.130468 0)
(1.23653 0.259581 0)
(1.41269 0.233833 0)
(1.40645 0.132056 0)
(1.33829 0.0680386 0)
(1.31871 0.0404727 0)
(1.27063 0.0387907 0)
(1.23115 0.00280954 0)
(-0.078391 -0.174546 0)
(0.1478 -0.0585454 0)
(0.518036 0.0773982 0)
(1.00631 0.211567 0)
(1.28284 0.214608 0)
(1.33934 0.134855 0)
(1.3105 0.0586876 0)
(1.29504 0.0254328 0)
(1.25313 0.0291404 0)
(1.20472 0.00405298 0)
(-0.132858 -0.168706 0)
(0.00347203 -0.07825 0)
(0.234586 0.0216653 0)
(0.710786 0.138595 0)
(1.07052 0.167991 0)
(1.20687 0.126183 0)
(1.23049 0.0794247 0)
(1.22302 0.0449449 0)
(1.19917 0.0446124 0)
(1.14374 0.00689206 0)
(-0.187704 -0.161406 0)
(-0.138065 -0.0974361 0)
(-0.0657552 0.00787492 0)
(0.342485 0.088963 0)
(0.749443 0.117634 0)
(0.968302 0.0892016 0)
(1.04818 0.0616113 0)
(1.06002 0.0389332 0)
(1.07272 0.0376042 0)
(1.03361 0.00242265 0)
(-0.238064 -0.137912 0)
(-0.291904 -0.0765924 0)
(-0.356001 -0.000313205 0)
(-0.0669666 0.0421532 0)
(0.324509 0.0821369 0)
(0.608441 0.0806533 0)
(0.751627 0.0582202 0)
(0.803799 0.0376908 0)
(0.868747 0.0368311 0)
(0.886959 0.00959027 0)
(-0.278964 -0.108368 0)
(-0.436502 -0.0554001 0)
(-0.588264 0.0144186 0)
(-0.428369 0.0318318 0)
(-0.0997035 0.0452824 0)
(0.214834 0.0500677 0)
(0.417444 0.0434504 0)
(0.526189 0.0249426 0)
(0.647126 0.0242109 0)
(0.742874 0.00742568 0)
(-0.306461 -0.066391 0)
(-0.529029 -0.0278137 0)
(-0.721026 0.0206891 0)
(-0.648484 0.012788 0)
(-0.377974 0.0243107 0)
(-0.0612479 0.0441184 0)
(0.180709 0.0401871 0)
(0.334961 0.0202328 0)
(0.492356 0.0211615 0)
(0.648944 0.000435737 0)
(-0.328188 -0.0229077 0)
(-0.565747 -0.0104261 0)
(-0.763854 0.00699511 0)
(-0.722055 -0.00228813 0)
(-0.473407 0.00963056 0)
(-0.164869 0.0187615 0)
(0.0914705 0.0182768 0)
(0.267108 0.00710221 0)
(0.436478 0.011724 0)
(0.617593 0.00767891 0)
(-0.328074 0.0225616 0)
(-0.565772 0.0105011 0)
(-0.764372 -0.0057409 0)
(-0.722428 -0.00319281 0)
(-0.473083 -0.0110166 0)
(-0.164621 -0.0209373 0)
(0.0908554 -0.0160058 0)
(0.267113 -0.00988305 0)
(0.436578 -0.00570681 0)
(0.616231 0.00276288 0)
(-0.306365 0.0661763 0)
(-0.529132 0.0279088 0)
(-0.721722 -0.0203351 0)
(-0.64863 -0.00662297 0)
(-0.377187 -0.0241911 0)
(-0.0604494 -0.0453604 0)
(0.178842 -0.0411147 0)
(0.33374 -0.0196389 0)
(0.493108 -0.0203237 0)
(0.648734 -0.00981695 0)
(-0.278632 0.108169 0)
(-0.436878 0.055205 0)
(-0.588943 -0.0144691 0)
(-0.428839 -0.0318971 0)
(-0.0985409 -0.0445655 0)
(0.216239 -0.0510672 0)
(0.414109 -0.0441455 0)
(0.52401 -0.0197175 0)
(0.648505 -0.028 0)
(0.743822 -0.00856637 0)
(-0.23782 0.137936 0)
(-0.292593 0.0762834 0)
(-0.356842 -0.000116338 0)
(-0.0667646 -0.0410218 0)
(0.32593 -0.0818613 0)
(0.610064 -0.0815575 0)
(0.747342 -0.0576598 0)
(0.801722 -0.0372644 0)
(0.870992 -0.0405304 0)
(0.888001 -0.00304466 0)
(-0.187479 0.160994 0)
(-0.138782 0.0969809 0)
(-0.0666161 -0.00833199 0)
(0.343047 -0.0893016 0)
(0.750632 -0.117699 0)
(0.969501 -0.0891745 0)
(1.04498 -0.0620625 0)
(1.05873 -0.0371633 0)
(1.07423 -0.0386058 0)
(1.03544 -0.0194015 0)
(-0.132832 0.168418 0)
(0.00291405 0.0783413 0)
(0.233831 -0.0209127 0)
(0.711594 -0.137967 0)
(1.07142 -0.168474 0)
(1.20803 -0.128978 0)
(1.22878 -0.0779563 0)
(1.22231 -0.044991 0)
(1.19824 -0.0320721 0)
(1.14348 -0.0038875 0)
(-0.0785724 0.174325 0)
(0.147452 0.0590783 0)
(0.517485 -0.0763705 0)
(1.00695 -0.212096 0)
(1.28362 -0.217177 0)
(1.34022 -0.135596 0)
(1.30964 -0.0553849 0)
(1.29453 -0.0281392 0)
(1.25292 -0.0353258 0)
(1.20486 0.00929447 0)
(-0.0126381 0.154418 0)
(0.322827 0.000415706 0)
(0.798329 -0.129619 0)
(1.23701 -0.259932 0)
(1.41329 -0.233275 0)
(1.40681 -0.131048 0)
(1.33768 -0.0685088 0)
(1.31784 -0.0414351 0)
(1.27239 -0.0456379 0)
(1.23235 -0.0028511 0)
(0.137389 0.152283 0)
(0.597825 -0.0368654 0)
(1.06972 -0.188846 0)
(1.39786 -0.298204 0)
(1.48597 -0.254213 0)
(1.43387 -0.158067 0)
(1.34193 -0.0873999 0)
(1.32472 -0.0516195 0)
(1.27722 -0.0355826 0)
(1.24312 -0.00584492 0)
(0.513924 0.0396828 0)
(0.942243 -0.0772902 0)
(1.29738 -0.210378 0)
(1.49665 -0.318898 0)
(1.52361 -0.287127 0)
(1.44173 -0.182754 0)
(1.34046 -0.0956358 0)
(1.32543 -0.0471763 0)
(1.27949 -0.0290479 0)
(1.24569 0.00241069 0)
(1.05913 0.072923 0)
(1.25071 -0.091271 0)
(1.4601 -0.224325 0)
(1.54846 -0.350765 0)
(1.54695 -0.321502 0)
(1.45143 -0.204936 0)
(1.33719 -0.0982609 0)
(1.3258 -0.0446333 0)
(1.28253 -0.0293648 0)
(1.24767 0.00775416 0)
(1.2478 0.181561 0)
(1.41614 -0.0622515 0)
(1.55653 -0.224567 0)
(1.57681 -0.355625 0)
(1.56239 -0.351575 0)
(1.46512 -0.226167 0)
(1.3365 -0.0995138 0)
(1.32753 -0.0468097 0)
(1.28713 -0.0314561 0)
(1.25102 0.00907951 0)
(1.28704 0.189641 0)
(1.47102 -0.0718203 0)
(1.57647 -0.228137 0)
(1.5859 -0.35591 0)
(1.56764 -0.371107 0)
(1.48136 -0.248354 0)
(1.34401 -0.107708 0)
(1.33304 -0.0518892 0)
(1.2911 -0.0335113 0)
(1.25575 0.0075495 0)
(1.26195 0.216007 0)
(1.47619 -0.0420973 0)
(1.56744 -0.218087 0)
(1.58467 -0.34411 0)
(1.57161 -0.384421 0)
(1.50206 -0.278513 0)
(1.35641 -0.122048 0)
(1.34224 -0.0588658 0)
(1.29654 -0.0314874 0)
(1.25923 0.00709641 0)
(1.23968 0.214894 0)
(1.4633 -0.0316633 0)
(1.55102 -0.203591 0)
(1.58119 -0.33902 0)
(1.56662 -0.389448 0)
(1.52103 -0.312006 0)
(1.37701 -0.144662 0)
(1.35276 -0.0632268 0)
(1.30263 -0.0284967 0)
(1.26214 0.0101172 0)
(1.21718 0.215796 0)
(1.43793 -0.00359168 0)
(1.53488 -0.191464 0)
(1.57044 -0.324288 0)
(1.56503 -0.38915 0)
(1.53578 -0.343764 0)
(1.39496 -0.164051 0)
(1.36266 -0.0668418 0)
(1.30748 -0.0267156 0)
(1.26464 0.0147833 0)
(1.19734 0.212838 0)
(1.4145 0.0104371 0)
(1.51768 -0.170601 0)
(1.55945 -0.316692 0)
(1.56564 -0.386131 0)
(1.54327 -0.366901 0)
(1.41633 -0.18697 0)
(1.37155 -0.0719635 0)
(1.31139 -0.0274731 0)
(1.26634 0.0187244 0)
(1.17938 0.209257 0)
(1.38677 0.0298763 0)
(1.49985 -0.15083 0)
(1.5475 -0.296631 0)
(1.56586 -0.384842 0)
(1.5442 -0.38473 0)
(1.43526 -0.213326 0)
(1.37806 -0.0783616 0)
(1.31318 -0.0280026 0)
(1.26842 0.0183304 0)
(1.16249 0.205499 0)
(1.365 0.0384309 0)
(1.47971 -0.130511 0)
(1.53604 -0.278863 0)
(1.56509 -0.38277 0)
(1.54251 -0.390758 0)
(1.45839 -0.247986 0)
(1.38406 -0.0894814 0)
(1.31448 -0.026898 0)
(1.27011 0.0186445 0)
(1.14678 0.20014 0)
(1.34036 0.0527267 0)
(1.46323 -0.116459 0)
(1.52037 -0.255536 0)
(1.56394 -0.369215 0)
(1.53474 -0.392616 0)
(1.47797 -0.278596 0)
(1.39223 -0.103693 0)
(1.31616 -0.0260883 0)
(1.27254 0.0205174 0)
(1.1322 0.194536 0)
(1.32019 0.059506 0)
(1.44404 -0.0965251 0)
(1.50964 -0.242071 0)
(1.55709 -0.353074 0)
(1.52587 -0.390562 0)
(1.4937 -0.304235 0)
(1.40585 -0.120309 0)
(1.31923 -0.0268862 0)
(1.27581 0.0228757 0)
(1.11904 0.188643 0)
(1.2994 0.0683422 0)
(1.42659 -0.0820556 0)
(1.4965 -0.221171 0)
(1.5432 -0.334347 0)
(1.52512 -0.385047 0)
(1.50599 -0.323749 0)
(1.42166 -0.137 0)
(1.32345 -0.028586 0)
(1.28004 0.0247908 0)
(1.10704 0.182541 0)
(1.28137 0.0727731 0)
(1.40855 -0.0676968 0)
(1.48302 -0.203272 0)
(1.53119 -0.318645 0)
(1.52588 -0.37933 0)
(1.51618 -0.337522 0)
(1.43976 -0.158296 0)
(1.32988 -0.0312065 0)
(1.28463 0.0263424 0)
(1.09526 0.175713 0)
(1.26319 0.0777076 0)
(1.39163 -0.0563651 0)
(1.46905 -0.186513 0)
(1.51739 -0.295151 0)
(1.52518 -0.370871 0)
(1.52385 -0.345704 0)
(1.4558 -0.182433 0)
(1.33804 -0.0338173 0)
(1.28877 0.0276163 0)
(1.08569 0.169179 0)
(1.24714 0.079147 0)
(1.37383 -0.0445792 0)
(1.45512 -0.170485 0)
(1.50602 -0.277752 0)
(1.52553 -0.361815 0)
(1.52877 -0.346747 0)
(1.46857 -0.206273 0)
(1.34826 -0.0371153 0)
(1.29149 0.0299166 0)
(1.07763 0.162715 0)
(1.23163 0.0811841 0)
(1.35739 -0.0358258 0)
(1.44109 -0.155159 0)
(1.49381 -0.257985 0)
(1.52699 -0.350024 0)
(1.52922 -0.344691 0)
(1.48036 -0.228148 0)
(1.36133 -0.0421826 0)
(1.29213 0.0328126 0)
(1.07057 0.156327 0)
(1.21756 0.0813566 0)
(1.34076 -0.0268363 0)
(1.42727 -0.141134 0)
(1.48427 -0.24262 0)
(1.52587 -0.336314 0)
(1.52952 -0.343964 0)
(1.49126 -0.246422 0)
(1.37788 -0.0495325 0)
(1.29205 0.0349516 0)
(1.06474 0.150013 0)
(1.20414 0.0815949 0)
(1.32554 -0.0200412 0)
(1.41424 -0.129211 0)
(1.47342 -0.225316 0)
(1.52314 -0.322345 0)
(1.52926 -0.340457 0)
(1.50219 -0.261597 0)
(1.39931 -0.060164 0)
(1.29383 0.0355976 0)
(1.05908 0.143805 0)
(1.19185 0.0807062 0)
(1.31074 -0.0137575 0)
(1.40156 -0.118262 0)
(1.46477 -0.212798 0)
(1.51785 -0.305837 0)
(1.52744 -0.335007 0)
(1.51289 -0.271362 0)
(1.42639 -0.0736329 0)
(1.29893 0.0367831 0)
(1.05351 0.137938 0)
(1.18095 0.0792231 0)
(1.29771 -0.00925457 0)
(1.3897 -0.108618 0)
(1.45506 -0.199281 0)
(1.513 -0.291908 0)
(1.52517 -0.329145 0)
(1.52364 -0.278843 0)
(1.45678 -0.0896541 0)
(1.30734 0.0394748 0)
(0.385277 0.136965 0)
(0.450231 0.168018 0)
(0.486415 0.217229 0)
(0.526322 0.253327 0)
(0.561674 0.283681 0)
(0.598524 0.308645 0)
(0.638453 0.334297 0)
(0.689507 0.359512 0)
(0.758914 0.395882 0)
(0.884834 0.429995 0)
(0.412765 0.161527 0)
(0.460554 0.181663 0)
(0.485785 0.219338 0)
(0.522648 0.250579 0)
(0.55719 0.279687 0)
(0.594231 0.303669 0)
(0.634798 0.328205 0)
(0.686883 0.353305 0)
(0.758497 0.387237 0)
(0.882707 0.416265 0)
(0.462657 0.155936 0)
(0.49703 0.168657 0)
(0.511767 0.197052 0)
(0.540809 0.224776 0)
(0.569801 0.254819 0)
(0.606021 0.281038 0)
(0.647665 0.308161 0)
(0.702094 0.333975 0)
(0.778044 0.367496 0)
(0.908034 0.386011 0)
(0.512375 0.164575 0)
(0.539616 0.180264 0)
(0.549022 0.205471 0)
(0.574428 0.225503 0)
(0.598517 0.249592 0)
(0.631436 0.272111 0)
(0.670293 0.297608 0)
(0.722701 0.320845 0)
(0.796791 0.349298 0)
(0.921114 0.358229 0)
(0.555455 0.162559 0)
(0.578266 0.176921 0)
(0.586502 0.200518 0)
(0.610532 0.219751 0)
(0.631312 0.243895 0)
(0.662372 0.265491 0)
(0.699365 0.289871 0)
(0.750867 0.310819 0)
(0.824301 0.336059 0)
(0.944073 0.33808 0)
(0.59249 0.162155 0)
(0.611871 0.175847 0)
(0.619295 0.198072 0)
(0.641884 0.216154 0)
(0.660928 0.239097 0)
(0.691263 0.258802 0)
(0.727034 0.281835 0)
(0.777307 0.299945 0)
(0.848401 0.321759 0)
(0.959178 0.319202 0)
(0.624764 0.158484 0)
(0.641198 0.171231 0)
(0.647638 0.191476 0)
(0.668241 0.208443 0)
(0.685805 0.230426 0)
(0.715358 0.248897 0)
(0.749897 0.270939 0)
(0.79878 0.286983 0)
(0.866442 0.306037 0)
(0.968711 0.302626 0)
(0.653466 0.155654 0)
(0.667558 0.167879 0)
(0.673368 0.186594 0)
(0.692139 0.202383 0)
(0.708599 0.22285 0)
(0.736977 0.239462 0)
(0.769837 0.259904 0)
(0.816597 0.273663 0)
(0.879982 0.290048 0)
(0.973962 0.286607 0)
(0.678279 0.1522 0)
(0.690131 0.163546 0)
(0.695374 0.180592 0)
(0.712644 0.195124 0)
(0.728433 0.214197 0)
(0.755725 0.229484 0)
(0.787079 0.24863 0)
(0.831925 0.260877 0)
(0.891033 0.274877 0)
(0.976673 0.27145 0)
(0.698745 0.150975 0)
(0.709169 0.160788 0)
(0.714574 0.175683 0)
(0.730872 0.188417 0)
(0.745984 0.205593 0)
(0.771698 0.219239 0)
(0.801082 0.236769 0)
(0.843238 0.247236 0)
(0.898431 0.260042 0)
(0.976599 0.25677 0)
(0.714903 0.149286 0)
(0.725505 0.157224 0)
(0.731832 0.17041 0)
(0.747628 0.182176 0)
(0.762355 0.197993 0)
(0.786712 0.21036 0)
(0.814472 0.226402 0)
(0.854297 0.235607 0)
(0.905431 0.246108 0)
(0.976177 0.243144 0)
(0.732275 0.146254 0)
(0.74259 0.153117 0)
(0.74866 0.164733 0)
(0.762793 0.175278 0)
(0.776294 0.189309 0)
(0.7987 0.200205 0)
(0.824619 0.214695 0)
(0.862267 0.222986 0)
(0.910052 0.232483 0)
(0.975418 0.230578 0)
(0.74965 0.146142 0)
(0.759908 0.152287 0)
(0.765974 0.16239 0)
(0.778859 0.1713 0)
(0.791515 0.183284 0)
(0.811982 0.192324 0)
(0.835583 0.204635 0)
(0.869911 0.21146 0)
(0.91337 0.219016 0)
(0.973301 0.218327 0)
(0.765715 0.144989 0)
(0.775597 0.150152 0)
(0.781569 0.158839 0)
(0.793558 0.166436 0)
(0.805678 0.176752 0)
(0.82462 0.184532 0)
(0.846103 0.19519 0)
(0.876669 0.200957 0)
(0.914701 0.207079 0)
(0.968557 0.206927 0)
(0.78077 0.144308 0)
(0.790044 0.148721 0)
(0.795908 0.156211 0)
(0.807323 0.162498 0)
(0.819205 0.171175 0)
(0.837121 0.177837 0)
(0.857418 0.187122 0)
(0.885696 0.192464 0)
(0.920213 0.197207 0)
(0.96877 0.196582 0)
(0.794701 0.143137 0)
(0.802989 0.146537 0)
(0.808276 0.152536 0)
(0.818683 0.157465 0)
(0.829775 0.164647 0)
(0.846354 0.170232 0)
(0.865569 0.178104 0)
(0.892173 0.183019 0)
(0.92443 0.187456 0)
(0.968446 0.186932 0)
(0.808017 0.143048 0)
(0.815491 0.145722 0)
(0.820456 0.150614 0)
(0.830124 0.154393 0)
(0.840783 0.160077 0)
(0.856306 0.164328 0)
(0.87449 0.170404 0)
(0.899024 0.17426 0)
(0.928718 0.178062 0)
(0.968757 0.177715 0)
(0.819514 0.14098 0)
(0.826095 0.142975 0)
(0.830546 0.146913 0)
(0.839366 0.149922 0)
(0.8496 0.15469 0)
(0.864521 0.158278 0)
(0.882312 0.163277 0)
(0.905636 0.166408 0)
(0.933422 0.169466 0)
(0.969748 0.169136 0)
(0.829388 0.140116 0)
(0.835607 0.14165 0)
(0.839979 0.144875 0)
(0.848033 0.14682 0)
(0.857594 0.150239 0)
(0.871431 0.152699 0)
(0.888412 0.156535 0)
(0.910502 0.159027 0)
(0.936727 0.161394 0)
(0.969924 0.161172 0)
(0.834966 0.135939 0)
(0.841582 0.137384 0)
(0.846498 0.140655 0)
(0.854682 0.142715 0)
(0.864375 0.145817 0)
(0.87777 0.147784 0)
(0.894134 0.150751 0)
(0.915266 0.152798 0)
(0.940083 0.154468 0)
(0.970563 0.154046 0)
(1.5988 9.29832e-08 0)
(1.58131 -6.69336e-07 0)
(1.56099 1.74022e-06 0)
(1.53784 -4.36649e-06 0)
(1.50042 1.79589e-05 0)
(1.41812 -5.74718e-05 0)
(1.35408 -3.2484e-05 0)
(1.27837 0.000492938 0)
(0.87497 0.00454435 0)
(0.506167 0.0135328 0)
(1.5988 2.40533e-07 0)
(1.58131 -1.78193e-06 0)
(1.56099 4.60801e-06 0)
(1.53784 -1.15187e-05 0)
(1.50042 5.00971e-05 0)
(1.41817 -0.000157159 0)
(1.35404 -0.000109315 0)
(1.27837 0.00159909 0)
(0.878015 0.0135485 0)
(0.528336 0.0403734 0)
(1.5988 3.89395e-07 0)
(1.58131 -2.91234e-06 0)
(1.56099 7.51733e-06 0)
(1.53784 -1.85935e-05 0)
(1.50041 8.02017e-05 0)
(1.4182 -0.000250323 0)
(1.35391 -0.000177759 0)
(1.27887 0.00277977 0)
(0.882997 0.0213153 0)
(0.560381 0.059116 0)
(1.5988 5.29012e-07 0)
(1.58132 -3.97644e-06 0)
(1.56099 1.02899e-05 0)
(1.53785 -2.52593e-05 0)
(1.50041 0.00010666 0)
(1.41824 -0.00032033 0)
(1.35374 -0.000261007 0)
(1.27969 0.00398455 0)
(0.887665 0.0286908 0)
(0.589762 0.0773087 0)
(1.5988 6.55955e-07 0)
(1.58132 -4.95856e-06 0)
(1.56099 1.28732e-05 0)
(1.53785 -3.13207e-05 0)
(1.50041 0.000128453 0)
(1.41827 -0.000363324 0)
(1.35356 -0.000367193 0)
(1.28085 0.00522062 0)
(0.892835 0.0354687 0)
(0.617266 0.0891144 0)
(1.5988 7.65779e-07 0)
(1.58132 -5.8282e-06 0)
(1.56098 1.51964e-05 0)
(1.53786 -3.6601e-05 0)
(1.5004 0.000144805 0)
(1.41829 -0.000373152 0)
(1.35333 -0.000475482 0)
(1.28239 0.00645055 0)
(0.898228 0.0418448 0)
(0.64042 0.0999316 0)
(1.5988 8.54767e-07 0)
(1.58132 -6.56079e-06 0)
(1.56098 1.71952e-05 0)
(1.53787 -4.09622e-05 0)
(1.50039 0.000155449 0)
(1.41831 -0.000345417 0)
(1.35309 -0.000622501 0)
(1.28434 0.00762533 0)
(0.90395 0.0478311 0)
(0.66141 0.106995 0)
(1.5988 9.19809e-07 0)
(1.58132 -7.13552e-06 0)
(1.56098 1.88163e-05 0)
(1.53787 -4.43452e-05 0)
(1.50039 0.000161532 0)
(1.41833 -0.000302782 0)
(1.3528 -0.000778467 0)
(1.28669 0.00869686 0)
(0.90999 0.0534567 0)
(0.679996 0.113517 0)
(1.59879 9.58928e-07 0)
(1.58132 -7.53721e-06 0)
(1.56098 2.00214e-05 0)
(1.53788 -4.67278e-05 0)
(1.50038 0.000164185 0)
(1.41837 -0.000254243 0)
(1.35245 -0.000937112 0)
(1.28936 0.00960462 0)
(0.916549 0.0586698 0)
(0.69786 0.117717 0)
(1.59879 9.68149e-07 0)
(1.58132 -7.75605e-06 0)
(1.56097 2.07854e-05 0)
(1.53789 -4.80973e-05 0)
(1.50037 0.000163977 0)
(1.41843 -0.000201455 0)
(1.35204 -0.00109851 0)
(1.29241 0.010299 0)
(0.923766 0.0633051 0)
(0.715243 0.121906 0)
(1.59879 9.46202e-07 0)
(1.58132 -7.78881e-06 0)
(1.56097 2.10972e-05 0)
(1.53789 -4.84484e-05 0)
(1.50037 0.000160942 0)
(1.4185 -0.000146903 0)
(1.35156 -0.00125023 0)
(1.29551 0.0107539 0)
(0.931438 0.0672946 0)
(0.732633 0.125189 0)
(1.59879 8.97869e-07 0)
(1.58132 -7.6393e-06 0)
(1.56097 2.09419e-05 0)
(1.5379 -4.78213e-05 0)
(1.50036 0.00015562 0)
(1.4186 -9.61717e-05 0)
(1.35101 -0.00138027 0)
(1.29894 0.0110227 0)
(0.93954 0.0704561 0)
(0.748304 0.129584 0)
(1.59879 8.23966e-07 0)
(1.58132 -7.32178e-06 0)
(1.56096 2.03518e-05 0)
(1.5379 -4.63207e-05 0)
(1.50035 0.000148294 0)
(1.41872 -4.22787e-05 0)
(1.35039 -0.00148629 0)
(1.30242 0.0109976 0)
(0.947807 0.0728381 0)
(0.762847 0.130929 0)
(1.59879 7.25664e-07 0)
(1.58133 -6.85202e-06 0)
(1.56096 1.93834e-05 0)
(1.53791 -4.40999e-05 0)
(1.50034 0.000139791 0)
(1.41882 1.18384e-05 0)
(1.34973 -0.00156242 0)
(1.30593 0.0106179 0)
(0.955993 0.0744804 0)
(0.775949 0.133271 0)
(1.59879 6.04645e-07 0)
(1.58133 -6.24498e-06 0)
(1.56096 1.80828e-05 0)
(1.53791 -4.12863e-05 0)
(1.50034 0.000131281 0)
(1.41891 4.3373e-05 0)
(1.34905 -0.00160563 0)
(1.30916 0.0101391 0)
(0.963986 0.0757428 0)
(0.788033 0.133189 0)
(1.59879 4.63015e-07 0)
(1.58133 -5.51609e-06 0)
(1.56096 1.64913e-05 0)
(1.53792 -3.79365e-05 0)
(1.50033 0.000122549 0)
(1.41897 3.77885e-05 0)
(1.3484 -0.00159568 0)
(1.31251 0.00927871 0)
(0.971864 0.0764831 0)
(0.799307 0.133525 0)
(1.59879 3.0281e-07 0)
(1.58133 -4.67751e-06 0)
(1.56095 1.46493e-05 0)
(1.53792 -3.40858e-05 0)
(1.50032 0.000112213 0)
(1.41899 1.2832e-05 0)
(1.34781 -0.00154624 0)
(1.31538 0.00824314 0)
(0.979601 0.0770381 0)
(0.809572 0.132419 0)
(1.59879 1.26387e-07 0)
(1.58133 -3.74793e-06 0)
(1.56095 1.26142e-05 0)
(1.53793 -2.98567e-05 0)
(1.50032 9.95551e-05 0)
(1.419 -5.10339e-06 0)
(1.3473 -0.00147487 0)
(1.31758 0.00697042 0)
(0.987239 0.0774306 0)
(0.81894 0.130848 0)
(1.59879 -6.51706e-08 0)
(1.58133 -2.72558e-06 0)
(1.56095 1.03887e-05 0)
(1.53793 -2.53092e-05 0)
(1.50032 8.44224e-05 0)
(1.41901 -6.67041e-07 0)
(1.34686 -0.00141408 0)
(1.31889 0.00573877 0)
(0.994958 0.0775498 0)
(0.826877 0.129305 0)
(1.59879 -2.65258e-07 0)
(1.58133 -1.64747e-06 0)
(1.56095 8.05764e-06 0)
(1.53793 -2.07621e-05 0)
(1.50032 6.83666e-05 0)
(1.41901 2.62815e-05 0)
(1.34648 -0.00136547 0)
(1.31969 0.00465541 0)
(1.00283 0.0774705 0)
(0.831751 0.1262 0)
(1.59879 2.65243e-07 0)
(1.58133 1.64749e-06 0)
(1.56095 -8.05765e-06 0)
(1.53793 2.07621e-05 0)
(1.50032 -6.83668e-05 0)
(1.41901 -2.62805e-05 0)
(1.34648 0.00136547 0)
(1.31969 -0.00465541 0)
(1.00283 -0.0774705 0)
(0.831751 -0.126199 0)
(1.59879 6.5152e-08 0)
(1.58133 2.72562e-06 0)
(1.56095 -1.03887e-05 0)
(1.53793 2.53093e-05 0)
(1.50032 -8.44226e-05 0)
(1.41901 6.67767e-07 0)
(1.34686 0.00141408 0)
(1.31889 -0.00573877 0)
(0.994958 -0.0775498 0)
(0.826877 -0.129305 0)
(1.59879 -1.26409e-07 0)
(1.58133 3.74798e-06 0)
(1.56095 -1.26143e-05 0)
(1.53793 2.98568e-05 0)
(1.50032 -9.95553e-05 0)
(1.419 5.10379e-06 0)
(1.3473 0.00147488 0)
(1.31758 -0.00697042 0)
(0.987239 -0.0774305 0)
(0.81894 -0.130847 0)
(1.59879 -3.02834e-07 0)
(1.58133 4.67757e-06 0)
(1.56095 -1.46493e-05 0)
(1.53792 3.4086e-05 0)
(1.50032 -0.000112213 0)
(1.41899 -1.28318e-05 0)
(1.34781 0.00154624 0)
(1.31538 -0.00824314 0)
(0.979601 -0.0770381 0)
(0.809572 -0.132418 0)
(1.59879 -4.63041e-07 0)
(1.58133 5.51616e-06 0)
(1.56096 -1.64914e-05 0)
(1.53792 3.79366e-05 0)
(1.50033 -0.00012255 0)
(1.41897 -3.77885e-05 0)
(1.3484 0.00159568 0)
(1.31251 -0.00927872 0)
(0.971864 -0.0764832 0)
(0.799307 -0.133524 0)
(1.59879 -6.04673e-07 0)
(1.58133 6.24505e-06 0)
(1.56096 -1.80829e-05 0)
(1.53791 4.12865e-05 0)
(1.50034 -0.000131281 0)
(1.41891 -4.33732e-05 0)
(1.34905 0.00160563 0)
(1.30916 -0.0101391 0)
(0.963986 -0.0757429 0)
(0.788033 -0.133189 0)
(1.59879 -7.25693e-07 0)
(1.58133 6.8521e-06 0)
(1.56096 -1.93835e-05 0)
(1.53791 4.41001e-05 0)
(1.50034 -0.000139791 0)
(1.41882 -1.18389e-05 0)
(1.34973 0.00156242 0)
(1.30593 -0.0106179 0)
(0.955993 -0.0744804 0)
(0.775949 -0.133271 0)
(1.59879 -8.23995e-07 0)
(1.58132 7.32186e-06 0)
(1.56096 -2.03519e-05 0)
(1.5379 4.63209e-05 0)
(1.50035 -0.000148294 0)
(1.41872 4.22775e-05 0)
(1.35039 0.00148629 0)
(1.30242 -0.0109976 0)
(0.947807 -0.0728381 0)
(0.762847 -0.130929 0)
(1.59879 -8.97899e-07 0)
(1.58132 7.63939e-06 0)
(1.56097 -2.0942e-05 0)
(1.5379 4.78214e-05 0)
(1.50036 -0.00015562 0)
(1.4186 9.61694e-05 0)
(1.35101 0.00138027 0)
(1.29894 -0.0110227 0)
(0.93954 -0.0704561 0)
(0.748304 -0.129583 0)
(1.59879 -9.46232e-07 0)
(1.58132 7.7889e-06 0)
(1.56097 -2.10973e-05 0)
(1.53789 4.84486e-05 0)
(1.50037 -0.000160942 0)
(1.4185 0.0001469 0)
(1.35156 0.00125023 0)
(1.29551 -0.0107539 0)
(0.931438 -0.0672946 0)
(0.732633 -0.125189 0)
(1.59879 -9.68179e-07 0)
(1.58132 7.75615e-06 0)
(1.56097 -2.07856e-05 0)
(1.53789 4.80975e-05 0)
(1.50037 -0.000163977 0)
(1.41843 0.000201452 0)
(1.35204 0.00109851 0)
(1.29241 -0.010299 0)
(0.923766 -0.0633051 0)
(0.715243 -0.121906 0)
(1.59879 -9.58958e-07 0)
(1.58132 7.53732e-06 0)
(1.56098 -2.00216e-05 0)
(1.53788 4.6728e-05 0)
(1.50038 -0.000164185 0)
(1.41837 0.000254241 0)
(1.35245 0.000937112 0)
(1.28936 -0.00960463 0)
(0.916549 -0.0586698 0)
(0.69786 -0.117717 0)
(1.5988 -9.19839e-07 0)
(1.58132 7.13562e-06 0)
(1.56098 -1.88165e-05 0)
(1.53787 4.43454e-05 0)
(1.50039 -0.000161532 0)
(1.41833 0.00030278 0)
(1.3528 0.000778466 0)
(1.28669 -0.00869686 0)
(0.90999 -0.0534567 0)
(0.679996 -0.113517 0)
(1.5988 -8.54797e-07 0)
(1.58132 6.5609e-06 0)
(1.56098 -1.71954e-05 0)
(1.53787 4.09624e-05 0)
(1.50039 -0.000155449 0)
(1.41831 0.000345414 0)
(1.35309 0.0006225 0)
(1.28434 -0.00762533 0)
(0.90395 -0.0478311 0)
(0.66141 -0.106996 0)
(1.5988 -7.65809e-07 0)
(1.58132 5.82832e-06 0)
(1.56098 -1.51966e-05 0)
(1.53786 3.66012e-05 0)
(1.5004 -0.000144805 0)
(1.41829 0.000373148 0)
(1.35333 0.000475482 0)
(1.28239 -0.00645054 0)
(0.898228 -0.0418448 0)
(0.64042 -0.0999316 0)
(1.5988 -6.55984e-07 0)
(1.58132 4.95868e-06 0)
(1.56099 -1.28734e-05 0)
(1.53785 3.13209e-05 0)
(1.50041 -0.000128452 0)
(1.41827 0.00036332 0)
(1.35356 0.000367193 0)
(1.28085 -0.00522061 0)
(0.892835 -0.0354687 0)
(0.617266 -0.0891145 0)
(1.5988 -5.29042e-07 0)
(1.58132 3.97657e-06 0)
(1.56099 -1.02901e-05 0)
(1.53785 2.52595e-05 0)
(1.50041 -0.000106659 0)
(1.41824 0.000320326 0)
(1.35374 0.000261006 0)
(1.27969 -0.00398454 0)
(0.887665 -0.0286908 0)
(0.589762 -0.0773088 0)
(1.5988 -3.89425e-07 0)
(1.58131 2.91247e-06 0)
(1.56099 -7.51756e-06 0)
(1.53784 1.85937e-05 0)
(1.50041 -8.02014e-05 0)
(1.4182 0.00025032 0)
(1.35391 0.000177758 0)
(1.27887 -0.00277976 0)
(0.882997 -0.0213153 0)
(0.560381 -0.0591161 0)
(1.5988 -2.40563e-07 0)
(1.58131 1.78206e-06 0)
(1.56099 -4.60825e-06 0)
(1.53784 1.15189e-05 0)
(1.50042 -5.00968e-05 0)
(1.41817 0.000157155 0)
(1.35404 0.000109314 0)
(1.27837 -0.00159908 0)
(0.878015 -0.0135485 0)
(0.528336 -0.0403735 0)
(1.5988 -9.30131e-08 0)
(1.58131 6.69467e-07 0)
(1.56099 -1.74046e-06 0)
(1.53784 4.36671e-06 0)
(1.50042 -1.79586e-05 0)
(1.41812 5.74682e-05 0)
(1.35408 3.24832e-05 0)
(1.27837 -0.000492923 0)
(0.87497 -0.00454435 0)
(0.506167 -0.0135329 0)
(0.834965 -0.135939 0)
(0.841581 -0.137384 0)
(0.846498 -0.140655 0)
(0.854683 -0.142715 0)
(0.864376 -0.145818 0)
(0.877771 -0.147785 0)
(0.894136 -0.150752 0)
(0.915268 -0.152798 0)
(0.940085 -0.154466 0)
(0.970566 -0.154045 0)
(0.829389 -0.140116 0)
(0.835607 -0.14165 0)
(0.839979 -0.144875 0)
(0.848033 -0.14682 0)
(0.857595 -0.150239 0)
(0.871432 -0.152699 0)
(0.888414 -0.156535 0)
(0.910505 -0.159027 0)
(0.936731 -0.161393 0)
(0.969928 -0.161171 0)
(0.819515 -0.14098 0)
(0.826095 -0.142975 0)
(0.830546 -0.146914 0)
(0.839366 -0.149923 0)
(0.849601 -0.15469 0)
(0.864523 -0.158278 0)
(0.882314 -0.163277 0)
(0.905639 -0.166408 0)
(0.933426 -0.169466 0)
(0.969751 -0.169136 0)
(0.808018 -0.143048 0)
(0.815491 -0.145722 0)
(0.820456 -0.150614 0)
(0.830124 -0.154393 0)
(0.840783 -0.160077 0)
(0.856307 -0.164328 0)
(0.874492 -0.170404 0)
(0.899026 -0.174259 0)
(0.928721 -0.178062 0)
(0.96876 -0.177716 0)
(0.794701 -0.143137 0)
(0.802989 -0.146538 0)
(0.808276 -0.152537 0)
(0.818683 -0.157466 0)
(0.829776 -0.164647 0)
(0.846356 -0.170232 0)
(0.865572 -0.178104 0)
(0.892176 -0.183019 0)
(0.924433 -0.187456 0)
(0.968449 -0.186934 0)
(0.78077 -0.144308 0)
(0.790043 -0.148721 0)
(0.795908 -0.156211 0)
(0.807322 -0.162497 0)
(0.819204 -0.171174 0)
(0.837121 -0.177837 0)
(0.857419 -0.187121 0)
(0.885698 -0.192463 0)
(0.920215 -0.197206 0)
(0.96877 -0.196584 0)
(0.765715 -0.144989 0)
(0.775596 -0.150153 0)
(0.781569 -0.158839 0)
(0.793558 -0.166436 0)
(0.805678 -0.176753 0)
(0.824621 -0.184532 0)
(0.846105 -0.19519 0)
(0.876671 -0.200957 0)
(0.914702 -0.207079 0)
(0.968557 -0.206928 0)
(0.74965 -0.146142 0)
(0.759907 -0.152287 0)
(0.765974 -0.16239 0)
(0.778859 -0.1713 0)
(0.791515 -0.183284 0)
(0.811983 -0.192324 0)
(0.835585 -0.204635 0)
(0.869912 -0.21146 0)
(0.913371 -0.219017 0)
(0.973301 -0.218328 0)
(0.732274 -0.146253 0)
(0.74259 -0.153117 0)
(0.748659 -0.164733 0)
(0.762793 -0.175278 0)
(0.776295 -0.189309 0)
(0.798701 -0.200205 0)
(0.824621 -0.214694 0)
(0.862269 -0.222985 0)
(0.910052 -0.232487 0)
(0.97542 -0.230577 0)
(0.714903 -0.149286 0)
(0.725505 -0.157224 0)
(0.731832 -0.17041 0)
(0.747628 -0.182176 0)
(0.762355 -0.197993 0)
(0.786713 -0.21036 0)
(0.814474 -0.226402 0)
(0.854299 -0.235606 0)
(0.905432 -0.246111 0)
(0.976182 -0.243141 0)
(0.698745 -0.150975 0)
(0.709169 -0.160788 0)
(0.714573 -0.175683 0)
(0.730872 -0.188417 0)
(0.745984 -0.205593 0)
(0.7717 -0.219239 0)
(0.801083 -0.23677 0)
(0.843239 -0.247235 0)
(0.898432 -0.260042 0)
(0.976606 -0.256768 0)
(0.678279 -0.152201 0)
(0.690131 -0.163546 0)
(0.695374 -0.180592 0)
(0.712645 -0.195124 0)
(0.728434 -0.214197 0)
(0.755726 -0.229484 0)
(0.78708 -0.24863 0)
(0.831927 -0.260877 0)
(0.891037 -0.274873 0)
(0.976677 -0.271451 0)
(0.653465 -0.155654 0)
(0.667558 -0.167879 0)
(0.673368 -0.186594 0)
(0.692139 -0.202383 0)
(0.7086 -0.22285 0)
(0.736978 -0.239461 0)
(0.769837 -0.259904 0)
(0.816599 -0.273663 0)
(0.879986 -0.290044 0)
(0.973958 -0.286608 0)
(0.624764 -0.158484 0)
(0.641197 -0.171231 0)
(0.647638 -0.191476 0)
(0.668241 -0.208443 0)
(0.685805 -0.230425 0)
(0.715359 -0.248897 0)
(0.749898 -0.270939 0)
(0.798782 -0.286983 0)
(0.866446 -0.306035 0)
(0.968703 -0.302628 0)
(0.592489 -0.162155 0)
(0.611871 -0.175847 0)
(0.619295 -0.198072 0)
(0.641884 -0.216154 0)
(0.660929 -0.239097 0)
(0.691264 -0.258802 0)
(0.727036 -0.281835 0)
(0.77731 -0.299945 0)
(0.848401 -0.321758 0)
(0.959166 -0.319208 0)
(0.555455 -0.162559 0)
(0.578266 -0.176921 0)
(0.586502 -0.200518 0)
(0.610532 -0.219751 0)
(0.631312 -0.243895 0)
(0.662373 -0.265491 0)
(0.699367 -0.289872 0)
(0.75087 -0.310819 0)
(0.8243 -0.336056 0)
(0.944068 -0.338087 0)
(0.512375 -0.164575 0)
(0.539616 -0.180264 0)
(0.549022 -0.205471 0)
(0.574428 -0.225503 0)
(0.598517 -0.249592 0)
(0.631437 -0.272111 0)
(0.670295 -0.297608 0)
(0.722703 -0.320845 0)
(0.796791 -0.349299 0)
(0.921121 -0.358227 0)
(0.462657 -0.155936 0)
(0.49703 -0.168658 0)
(0.511767 -0.197052 0)
(0.540809 -0.224776 0)
(0.569801 -0.254819 0)
(0.606022 -0.281038 0)
(0.647667 -0.308161 0)
(0.702096 -0.333975 0)
(0.778044 -0.367498 0)
(0.908044 -0.386006 0)
(0.412765 -0.161527 0)
(0.460554 -0.181663 0)
(0.485785 -0.219338 0)
(0.522648 -0.250579 0)
(0.557191 -0.279687 0)
(0.594232 -0.303669 0)
(0.634799 -0.328205 0)
(0.686885 -0.353306 0)
(0.758497 -0.387239 0)
(0.882711 -0.41626 0)
(0.385277 -0.136965 0)
(0.450231 -0.168018 0)
(0.486415 -0.217229 0)
(0.526322 -0.253327 0)
(0.561674 -0.283681 0)
(0.598524 -0.308645 0)
(0.638454 -0.334297 0)
(0.689509 -0.359513 0)
(0.758915 -0.395883 0)
(0.884839 -0.429989 0)
(1.05352 -0.137941 0)
(1.18096 -0.0792159 0)
(1.29772 0.00922542 0)
(1.38972 0.108628 0)
(1.45504 0.19924 0)
(1.513 0.29188 0)
(1.52526 0.329232 0)
(1.52353 0.278763 0)
(1.45685 0.0896264 0)
(1.30657 -0.0396159 0)
(1.05909 -0.143808 0)
(1.19186 -0.0806954 0)
(1.31076 0.0137784 0)
(1.40155 0.118221 0)
(1.46479 0.212775 0)
(1.51787 0.305847 0)
(1.52742 0.334927 0)
(1.51278 0.271337 0)
(1.42613 0.0733346 0)
(1.29857 -0.0374183 0)
(1.06474 -0.150014 0)
(1.20415 -0.0815764 0)
(1.32553 0.0200429 0)
(1.41427 0.129223 0)
(1.47342 0.225248 0)
(1.52312 0.322244 0)
(1.52929 0.340503 0)
(1.50211 0.261647 0)
(1.39943 0.0602038 0)
(1.29378 -0.0360599 0)
(1.07058 -0.156326 0)
(1.21757 -0.0813504 0)
(1.34079 0.0268938 0)
(1.42726 0.141101 0)
(1.48426 0.242537 0)
(1.52593 0.336383 0)
(1.5295 0.343945 0)
(1.49118 0.246467 0)
(1.37797 0.0499884 0)
(1.29225 -0.0346107 0)
(1.07763 -0.162716 0)
(1.23165 -0.0811633 0)
(1.35739 0.0358546 0)
(1.4411 0.155161 0)
(1.49381 0.257879 0)
(1.52698 0.349917 0)
(1.52921 0.344671 0)
(1.48024 0.227988 0)
(1.36146 0.0428916 0)
(1.29229 -0.0322645 0)
(1.0857 -0.169184 0)
(1.24716 -0.0791555 0)
(1.37387 0.0446848 0)
(1.45508 0.1704 0)
(1.50602 0.277704 0)
(1.5256 0.361774 0)
(1.52879 0.346707 0)
(1.4685 0.206122 0)
(1.34848 0.0376112 0)
(1.29174 -0.0299075 0)
(1.09527 -0.17572 0)
(1.26323 -0.077701 0)
(1.39161 0.056324 0)
(1.46906 0.186558 0)
(1.51732 0.294939 0)
(1.52527 0.370973 0)
(1.52385 0.345743 0)
(1.45563 0.182388 0)
(1.33824 0.0334201 0)
(1.28912 -0.0279847 0)
(1.10704 -0.18254 0)
(1.28138 -0.0728477 0)
(1.4086 0.067733 0)
(1.483 0.203393 0)
(1.53118 0.318467 0)
(1.52589 0.37929 0)
(1.51625 0.337688 0)
(1.43963 0.158851 0)
(1.33005 0.0300446 0)
(1.28503 -0.0267429 0)
(1.11905 -0.188631 0)
(1.29944 -0.0683378 0)
(1.42662 0.0820902 0)
(1.49636 0.221021 0)
(1.54318 0.334276 0)
(1.52519 0.384984 0)
(1.50612 0.324068 0)
(1.42135 0.137637 0)
(1.32352 0.0276581 0)
(1.28024 -0.0247295 0)
(1.1322 -0.194517 0)
(1.32021 -0.0594912 0)
(1.44403 0.0964457 0)
(1.50965 0.24217 0)
(1.55701 0.353099 0)
(1.52596 0.390529 0)
(1.49393 0.304675 0)
(1.40565 0.120765 0)
(1.31902 0.0269209 0)
(1.27579 -0.0229363 0)
(1.14678 -0.200146 0)
(1.3404 -0.0526455 0)
(1.46326 0.116349 0)
(1.52032 0.255602 0)
(1.56394 0.369355 0)
(1.53482 0.392646 0)
(1.47819 0.278826 0)
(1.39195 0.103496 0)
(1.31608 0.0271854 0)
(1.27239 -0.0209514 0)
(1.16249 -0.205525 0)
(1.365 -0.0383835 0)
(1.47975 0.130426 0)
(1.53598 0.278997 0)
(1.56522 0.38218 0)
(1.54261 0.390763 0)
(1.45876 0.248435 0)
(1.38383 0.0891115 0)
(1.31427 0.0274507 0)
(1.26989 -0.0192994 0)
(1.17937 -0.209267 0)
(1.38682 -0.0297389 0)
(1.49983 0.150648 0)
(1.54731 0.296072 0)
(1.56591 0.384937 0)
(1.54426 0.384955 0)
(1.43565 0.214303 0)
(1.37772 0.0782505 0)
(1.31315 0.0262255 0)
(1.26831 -0.0187896 0)
(1.19734 -0.21279 0)
(1.41447 -0.0104432 0)
(1.51764 0.170473 0)
(1.5595 0.316677 0)
(1.5656 0.386516 0)
(1.54333 0.367103 0)
(1.41679 0.188122 0)
(1.37111 0.0721044 0)
(1.31073 0.0255099 0)
(1.2665 -0.0187949 0)
(1.21716 -0.215815 0)
(1.43793 0.00328742 0)
(1.53493 0.192027 0)
(1.57055 0.324657 0)
(1.56492 0.388983 0)
(1.53575 0.343406 0)
(1.39537 0.164468 0)
(1.36212 0.067001 0)
(1.30723 0.0274982 0)
(1.26468 -0.0152798 0)
(1.23959 -0.215036 0)
(1.46348 0.0312118 0)
(1.55104 0.204445 0)
(1.58103 0.339008 0)
(1.56667 0.388967 0)
(1.52104 0.311449 0)
(1.37726 0.14426 0)
(1.3522 0.0632749 0)
(1.30228 0.0305827 0)
(1.26209 -0.0113553 0)
(1.2618 -0.216212 0)
(1.4765 0.041995 0)
(1.56739 0.218719 0)
(1.58449 0.343736 0)
(1.5716 0.383909 0)
(1.50221 0.278462 0)
(1.35704 0.122151 0)
(1.34164 0.0585832 0)
(1.29633 0.0329648 0)
(1.25864 -0.00848144 0)
(1.28693 -0.189679 0)
(1.47126 0.0718053 0)
(1.57633 0.227759 0)
(1.58568 0.355399 0)
(1.56739 0.370536 0)
(1.48162 0.248551 0)
(1.34479 0.109037 0)
(1.33245 0.0508154 0)
(1.29106 0.0310949 0)
(1.25503 -0.00728538 0)
(1.2478 -0.181363 0)
(1.41635 0.0628273 0)
(1.55629 0.223915 0)
(1.57653 0.354888 0)
(1.56234 0.351075 0)
(1.46553 0.226049 0)
(1.33697 0.100771 0)
(1.32773 0.0464462 0)
(1.28571 0.0290145 0)
(1.2513 -0.00702347 0)
(1.05929 -0.0728904 0)
(1.25093 0.0917523 0)
(1.45986 0.224155 0)
(1.5483 0.350248 0)
(1.54672 0.321163 0)
(1.45104 0.203968 0)
(1.33821 0.0997408 0)
(1.32536 0.044512 0)
(1.28206 0.0296584 0)
(1.24807 -0.00620301 0)
(0.976154 -0.00316193 0)
(1.03658 -0.00234868 0)
(1.10024 -0.00124648 0)
(1.17193 2.74732e-05 0)
(1.25206 0.0018637 0)
(1.33792 0.00415343 0)
(1.41996 0.00621419 0)
(1.49667 0.00846853 0)
(1.65412 0.0153613 0)
(1.65315 0.00793544 0)
(0.977613 -0.00872727 0)
(1.03775 -0.00654742 0)
(1.10193 -0.00309384 0)
(1.17308 0.00115911 0)
(1.25223 0.00696533 0)
(1.33673 0.0136324 0)
(1.41741 0.0192654 0)
(1.49278 0.0261824 0)
(1.64292 0.043065 0)
(1.65516 0.0151962 0)
(0.979413 -0.0145317 0)
(1.04012 -0.0106842 0)
(1.10529 -0.0046629 0)
(1.17648 0.00191981 0)
(1.25596 0.0116832 0)
(1.34071 0.0229912 0)
(1.42116 0.0326093 0)
(1.49783 0.0450424 0)
(1.64342 0.0716322 0)
(1.64885 0.0264363 0)
(0.981028 -0.0204782 0)
(1.04162 -0.0149853 0)
(1.10849 -0.00673794 0)
(1.18079 0.00291823 0)
(1.26046 0.0163815 0)
(1.34492 0.03228 0)
(1.4241 0.045871 0)
(1.50078 0.0637451 0)
(1.636 0.0976107 0)
(1.64704 0.0354871 0)
(0.984597 -0.0262587 0)
(1.04562 -0.0189856 0)
(1.11288 -0.0085554 0)
(1.18606 0.00392097 0)
(1.26638 0.0213334 0)
(1.3507 0.0419853 0)
(1.43003 0.0600716 0)
(1.50848 0.0845652 0)
(1.63277 0.123381 0)
(1.64422 0.0432271 0)
(0.988743 -0.032252 0)
(1.05063 -0.0228889 0)
(1.11819 -0.0100269 0)
(1.19183 0.00563276 0)
(1.27169 0.0266783 0)
(1.35488 0.0519037 0)
(1.43217 0.0740648 0)
(1.51215 0.105399 0)
(1.62196 0.14527 0)
(1.63522 0.0518825 0)
(0.993945 -0.0382586 0)
(1.05627 -0.026778 0)
(1.12412 -0.0111898 0)
(1.19843 0.00793933 0)
(1.27822 0.0329652 0)
(1.3601 0.0627706 0)
(1.4362 0.0894709 0)
(1.51711 0.128344 0)
(1.61738 0.165093 0)
(1.62316 0.0579648 0)
(0.999434 -0.0444885 0)
(1.0629 -0.0300538 0)
(1.13065 -0.0117133 0)
(1.20521 0.0109749 0)
(1.28438 0.0398949 0)
(1.365 0.0743664 0)
(1.4403 0.105927 0)
(1.52101 0.151786 0)
(1.61972 0.182653 0)
(1.60476 0.0629842 0)
(1.00247 -0.0514017 0)
(1.06811 -0.0337923 0)
(1.13736 -0.0118781 0)
(1.21251 0.0147607 0)
(1.29099 0.0478647 0)
(1.36989 0.086811 0)
(1.44405 0.123044 0)
(1.52543 0.176743 0)
(1.61507 0.193966 0)
(1.58268 0.065562 0)
(1.00492 -0.0573097 0)
(1.07163 -0.0374997 0)
(1.14382 -0.0118582 0)
(1.22 0.0191015 0)
(1.29778 0.0564902 0)
(1.37493 0.0996999 0)
(1.4491 0.141439 0)
(1.52935 0.202148 0)
(1.6118 0.203167 0)
(1.55768 0.0594277 0)
(1.00536 -0.0636495 0)
(1.07371 -0.0413245 0)
(1.14952 -0.0120682 0)
(1.22763 0.0236816 0)
(1.3051 0.0655796 0)
(1.38136 0.113768 0)
(1.45518 0.159911 0)
(1.52982 0.222972 0)
(1.60966 0.212549 0)
(1.5306 0.0487098 0)
(1.0052 -0.0693975 0)
(1.07601 -0.0454151 0)
(1.15522 -0.0125215 0)
(1.23577 0.0283684 0)
(1.31365 0.0753852 0)
(1.38792 0.126748 0)
(1.46321 0.178368 0)
(1.53284 0.244179 0)
(1.60982 0.216888 0)
(1.50271 0.0340925 0)
(1.00562 -0.0758138 0)
(1.07963 -0.0498295 0)
(1.16173 -0.0130434 0)
(1.24515 0.0336991 0)
(1.32329 0.0850213 0)
(1.3978 0.141358 0)
(1.4734 0.196367 0)
(1.52896 0.256282 0)
(1.6034 0.21438 0)
(1.47607 0.0178649 0)
(1.00792 -0.0821089 0)
(1.0845 -0.0538616 0)
(1.16984 -0.0128864 0)
(1.25563 0.0386115 0)
(1.3353 0.0954265 0)
(1.40831 0.155028 0)
(1.48597 0.214277 0)
(1.52623 0.266887 0)
(1.58803 0.206495 0)
(1.45063 0.00158271 0)
(1.01062 -0.0874473 0)
(1.09236 -0.0568123 0)
(1.18096 -0.0126885 0)
(1.2693 0.0448944 0)
(1.3494 0.106399 0)
(1.42123 0.169318 0)
(1.49907 0.231368 0)
(1.52809 0.272741 0)
(1.5653 0.198112 0)
(1.42499 -0.0119114 0)
(1.01797 -0.0938951 0)
(1.10573 -0.0606026 0)
(1.19645 -0.0114501 0)
(1.28526 0.0511766 0)
(1.36535 0.117743 0)
(1.43652 0.184846 0)
(1.51163 0.249393 0)
(1.53494 0.273149 0)
(1.53981 0.185945 0)
(1.39944 -0.023956 0)
(1.02663 -0.101398 0)
(1.12012 -0.0640631 0)
(1.21479 -0.00886306 0)
(1.30527 0.0600713 0)
(1.38352 0.130445 0)
(1.45261 0.201805 0)
(1.51908 0.265619 0)
(1.54347 0.274796 0)
(1.52524 0.181712 0)
(1.37689 -0.0332029 0)
(1.03349 -0.109557 0)
(1.13466 -0.0675109 0)
(1.23432 -0.00606672 0)
(1.32584 0.0693314 0)
(1.40276 0.145408 0)
(1.47016 0.221574 0)
(1.52185 0.282412 0)
(1.54616 0.27592 0)
(1.52196 0.168099 0)
(1.35876 -0.039049 0)
(1.03951 -0.118479 0)
(1.14961 -0.0716444 0)
(1.25622 -0.00144181 0)
(1.34803 0.0810417 0)
(1.42137 0.162037 0)
(1.48703 0.243408 0)
(1.52195 0.301526 0)
(1.54489 0.277951 0)
(1.51412 0.146356 0)
(1.34144 -0.0428426 0)
(1.04737 -0.129105 0)
(1.16762 -0.0762597 0)
(1.27898 0.00334304 0)
(1.37192 0.0958471 0)
(1.44092 0.182576 0)
(1.50294 0.270126 0)
(1.52065 0.315955 0)
(1.53476 0.281547 0)
(1.48865 0.11579 0)
(1.32197 -0.0422565 0)
(1.04737 0.129107 0)
(1.16761 0.0762588 0)
(1.27897 -0.00335372 0)
(1.37192 -0.0958452 0)
(1.44091 -0.18255 0)
(1.50293 -0.270121 0)
(1.52074 -0.316077 0)
(1.53479 -0.281617 0)
(1.48856 -0.115678 0)
(1.32212 0.0428432 0)
(1.03951 0.118481 0)
(1.1496 0.0716418 0)
(1.25621 0.0014528 0)
(1.34802 -0.081021 0)
(1.42138 -0.162039 0)
(1.48702 -0.243401 0)
(1.52197 -0.3015 0)
(1.5449 -0.277979 0)
(1.5141 -0.146455 0)
(1.34121 0.0426874 0)
(1.03348 0.109558 0)
(1.13466 0.0675171 0)
(1.23431 0.00608373 0)
(1.32584 -0.069324 0)
(1.40275 -0.145396 0)
(1.47016 -0.221563 0)
(1.52189 -0.282427 0)
(1.54617 -0.275938 0)
(1.52196 -0.168219 0)
(1.35853 0.0390435 0)
(1.02663 0.101399 0)
(1.12012 0.0640702 0)
(1.21478 0.00887082 0)
(1.30526 -0.0600691 0)
(1.38351 -0.130437 0)
(1.4526 -0.201784 0)
(1.51908 -0.265587 0)
(1.54346 -0.27479 0)
(1.52524 -0.181705 0)
(1.37688 0.0330716 0)
(1.01797 0.0938978 0)
(1.10572 0.0606084 0)
(1.19644 0.0114555 0)
(1.28525 -0.0511653 0)
(1.36535 -0.117732 0)
(1.43652 -0.184821 0)
(1.51163 -0.249359 0)
(1.53493 -0.273143 0)
(1.53985 -0.18596 0)
(1.39941 0.024075 0)
(1.01062 0.08745 0)
(1.09236 0.0568173 0)
(1.18096 0.0126957 0)
(1.2693 -0.0448833 0)
(1.34939 -0.106381 0)
(1.42123 -0.169294 0)
(1.49909 -0.231359 0)
(1.52811 -0.272745 0)
(1.56534 -0.198125 0)
(1.42502 0.0119196 0)
(1.00792 0.0821107 0)
(1.08449 0.0538659 0)
(1.16984 0.0128935 0)
(1.25562 -0.0385989 0)
(1.3353 -0.0954091 0)
(1.40831 -0.15501 0)
(1.48595 -0.214245 0)
(1.52624 -0.266889 0)
(1.58806 -0.206537 0)
(1.45066 -0.00157004 0)
(1.00562 0.0758146 0)
(1.07963 0.0498328 0)
(1.16173 0.0130513 0)
(1.24515 -0.033691 0)
(1.32329 -0.0850106 0)
(1.3978 -0.141347 0)
(1.4734 -0.19637 0)
(1.52897 -0.256293 0)
(1.60342 -0.214394 0)
(1.47611 -0.0178629 0)
(1.00519 0.0693981 0)
(1.07601 0.0454178 0)
(1.15522 0.012525 0)
(1.23577 -0.0283599 0)
(1.31365 -0.0753735 0)
(1.38791 -0.12674 0)
(1.4632 -0.178361 0)
(1.53285 -0.244177 0)
(1.60984 -0.216888 0)
(1.50276 -0.0341014 0)
(1.00536 0.0636497 0)
(1.07371 0.0413263 0)
(1.14952 0.0120732 0)
(1.22763 -0.0236768 0)
(1.3051 -0.0655766 0)
(1.38136 -0.113766 0)
(1.45518 -0.159897 0)
(1.52981 -0.222948 0)
(1.60967 -0.212554 0)
(1.53065 -0.0487344 0)
(1.00492 0.0573098 0)
(1.07163 0.0375009 0)
(1.14382 0.0118611 0)
(1.22 -0.0190966 0)
(1.29777 -0.0564823 0)
(1.37492 -0.0996944 0)
(1.4491 -0.141431 0)
(1.52935 -0.202132 0)
(1.6118 -0.203183 0)
(1.55772 -0.0594721 0)
(1.00247 0.0514016 0)
(1.06811 0.033793 0)
(1.13736 0.0118802 0)
(1.21251 -0.0147567 0)
(1.29099 -0.0478619 0)
(1.36989 -0.0868027 0)
(1.44404 -0.123026 0)
(1.52543 -0.176721 0)
(1.61508 -0.194 0)
(1.58272 -0.0656129 0)
(0.999434 0.0444884 0)
(1.0629 0.0300543 0)
(1.13065 0.0117144 0)
(1.20521 -0.0109724 0)
(1.28438 -0.0398896 0)
(1.365 -0.0743593 0)
(1.4403 -0.105922 0)
(1.52101 -0.151773 0)
(1.61972 -0.182671 0)
(1.60478 -0.0630394 0)
(0.993944 0.0382585 0)
(1.05627 0.0267783 0)
(1.12412 0.0111906 0)
(1.19843 -0.00793718 0)
(1.27822 -0.0329619 0)
(1.3601 -0.0627659 0)
(1.43619 -0.0894644 0)
(1.51711 -0.128339 0)
(1.61736 -0.165103 0)
(1.62317 -0.0580092 0)
(0.988742 0.0322517 0)
(1.05063 0.0228891 0)
(1.11819 0.0100278 0)
(1.19183 -0.00563133 0)
(1.27169 -0.0266762 0)
(1.35488 -0.0519013 0)
(1.43217 -0.0740648 0)
(1.51215 -0.105395 0)
(1.62197 -0.145276 0)
(1.63522 -0.0519091 0)
(0.984597 0.0262582 0)
(1.04562 0.0189859 0)
(1.11288 0.00855602 0)
(1.18606 -0.00391974 0)
(1.26638 -0.0213312 0)
(1.3507 -0.0419833 0)
(1.43003 -0.0600696 0)
(1.50848 -0.0845611 0)
(1.6328 -0.123375 0)
(1.64422 -0.0432244 0)
(0.981028 0.0204777 0)
(1.04162 0.0149855 0)
(1.10848 0.0067387 0)
(1.18078 -0.00291682 0)
(1.26046 -0.0163792 0)
(1.34492 -0.0322775 0)
(1.42411 -0.0458685 0)
(1.50078 -0.0637397 0)
(1.63598 -0.0975928 0)
(1.64703 -0.0354787 0)
(0.979413 0.0145312 0)
(1.04012 0.0106843 0)
(1.10529 0.00466354 0)
(1.17648 -0.00191833 0)
(1.25596 -0.0116807 0)
(1.34071 -0.0229881 0)
(1.42116 -0.0326051 0)
(1.49783 -0.0450347 0)
(1.64344 -0.0716236 0)
(1.64885 -0.0264238 0)
(0.977613 0.00872691 0)
(1.03775 0.00654756 0)
(1.10193 0.00309427 0)
(1.17308 -0.001158 0)
(1.25223 -0.00696334 0)
(1.33673 -0.0136296 0)
(1.41741 -0.0192618 0)
(1.49279 -0.0261765 0)
(1.64292 -0.0430609 0)
(1.65516 -0.0151848 0)
(0.976154 0.00316177 0)
(1.03658 0.00234869 0)
(1.10024 0.00124652 0)
(1.17193 -2.7107e-05 0)
(1.25206 -0.00186301 0)
(1.33792 -0.0041523 0)
(1.41996 -0.00621266 0)
(1.49667 -0.00846582 0)
(1.65413 -0.0153606 0)
(1.65315 -0.00794033 0)
(0.84263 0.130474 0)
(0.849725 0.132018 0)
(0.854883 0.135346 0)
(0.86281 0.136841 0)
(0.872221 0.139177 0)
(0.884661 0.140604 0)
(0.899832 0.142795 0)
(0.918953 0.14392 0)
(0.942324 0.14524 0)
(0.970424 0.144366 0)
(0.850347 0.122214 0)
(0.858132 0.124171 0)
(0.864269 0.127448 0)
(0.872867 0.129264 0)
(0.88229 0.131721 0)
(0.893901 0.13332 0)
(0.907758 0.134905 0)
(0.925229 0.135898 0)
(0.946262 0.13535 0)
(0.971859 0.133415 0)
(0.855696 0.114433 0)
(0.862681 0.115675 0)
(0.868138 0.118113 0)
(0.875733 0.120117 0)
(0.884135 0.122652 0)
(0.894846 0.124448 0)
(0.90799 0.125757 0)
(0.925086 0.126877 0)
(0.945189 0.125574 0)
(0.969766 0.123456 0)
(0.860169 0.108632 0)
(0.866572 0.109757 0)
(0.871576 0.112148 0)
(0.878725 0.11477 0)
(0.8871 0.117239 0)
(0.897508 0.118382 0)
(0.909784 0.118144 0)
(0.925499 0.118066 0)
(0.944099 0.116418 0)
(0.966758 0.11401 0)
(0.862351 0.102977 0)
(0.86853 0.104157 0)
(0.873394 0.105881 0)
(0.880295 0.107411 0)
(0.888343 0.108961 0)
(0.898357 0.11 0)
(0.91006 0.109642 0)
(0.92474 0.109673 0)
(0.941866 0.107999 0)
(0.96223 0.105151 0)
(0.863233 0.0969726 0)
(0.869534 0.0973245 0)
(0.874775 0.0983941 0)
(0.882097 0.0995159 0)
(0.890529 0.10065 0)
(0.90073 0.101933 0)
(0.912335 0.101696 0)
(0.926384 0.101984 0)
(0.942559 0.100599 0)
(0.961047 0.0977663 0)
(0.868746 0.0909586 0)
(0.874492 0.0905921 0)
(0.878788 0.0912227 0)
(0.885006 0.0920814 0)
(0.892627 0.0928319 0)
(0.902332 0.0939687 0)
(0.913824 0.0938923 0)
(0.927342 0.0938326 0)
(0.942749 0.0924548 0)
(0.960555 0.0906695 0)
(0.875109 0.0856068 0)
(0.882359 0.086101 0)
(0.887641 0.0869722 0)
(0.893917 0.0875055 0)
(0.900842 0.087642 0)
(0.909188 0.0880581 0)
(0.918926 0.0875441 0)
(0.93028 0.0869948 0)
(0.943722 0.0855892 0)
(0.959512 0.0831354 0)
(0.876048 0.0792167 0)
(0.884083 0.0799016 0)
(0.890163 0.0808801 0)
(0.897173 0.0817444 0)
(0.90489 0.0826267 0)
(0.913608 0.0830738 0)
(0.923379 0.0824877 0)
(0.934432 0.0815793 0)
(0.947579 0.0798951 0)
(0.962249 0.0768846 0)
(0.872415 0.0719193 0)
(0.880561 0.0727531 0)
(0.886912 0.0744445 0)
(0.894686 0.0757851 0)
(0.903416 0.076243 0)
(0.913233 0.0765334 0)
(0.924153 0.0761716 0)
(0.936111 0.0752931 0)
(0.949739 0.0736993 0)
(0.964487 0.0707153 0)
(0.870975 0.0647697 0)
(0.878982 0.0652112 0)
(0.885437 0.066696 0)
(0.893615 0.0676939 0)
(0.902661 0.068295 0)
(0.912619 0.0687152 0)
(0.923811 0.0686586 0)
(0.936127 0.0678603 0)
(0.950159 0.0664724 0)
(0.965134 0.0637105 0)
(0.870218 0.0573748 0)
(0.878232 0.0575297 0)
(0.884557 0.0585555 0)
(0.892458 0.0591344 0)
(0.901159 0.0598918 0)
(0.910962 0.0603486 0)
(0.92213 0.0604947 0)
(0.934433 0.0597969 0)
(0.948459 0.058694 0)
(0.963509 0.0566318 0)
(0.86917 0.0505796 0)
(0.877299 0.0506541 0)
(0.883621 0.0513704 0)
(0.891323 0.0516715 0)
(0.899767 0.0521905 0)
(0.9093 0.0523445 0)
(0.920207 0.0521682 0)
(0.932311 0.0513164 0)
(0.946021 0.0504343 0)
(0.961172 0.0487831 0)
(0.8694 0.0435114 0)
(0.877647 0.0434697 0)
(0.883918 0.04387 0)
(0.891422 0.0439657 0)
(0.899577 0.044236 0)
(0.908679 0.0440756 0)
(0.918927 0.0437695 0)
(0.930262 0.0429882 0)
(0.943123 0.0424325 0)
(0.957562 0.0410997 0)
(0.868239 0.0368114 0)
(0.876537 0.0367311 0)
(0.882758 0.0368546 0)
(0.89011 0.0367923 0)
(0.898051 0.0368843 0)
(0.906853 0.0365746 0)
(0.916656 0.0361778 0)
(0.927487 0.035518 0)
(0.939737 0.0351655 0)
(0.953582 0.0340684 0)
(0.86723 0.0301396 0)
(0.875432 0.0300758 0)
(0.881565 0.0299849 0)
(0.888764 0.0298016 0)
(0.89657 0.0297303 0)
(0.905164 0.0293103 0)
(0.914636 0.0288551 0)
(0.92513 0.0283346 0)
(0.936979 0.0281427 0)
(0.950449 0.0272129 0)
(0.866174 0.0235671 0)
(0.874123 0.0235454 0)
(0.880113 0.0233893 0)
(0.887135 0.023205 0)
(0.89477 0.0230824 0)
(0.903179 0.0226782 0)
(0.912436 0.022231 0)
(0.922759 0.021745 0)
(0.934401 0.0215269 0)
(0.947648 0.0207277 0)
(0.86609 0.0169447 0)
(0.87373 0.0169691 0)
(0.87958 0.016785 0)
(0.886466 0.0165665 0)
(0.893962 0.0163964 0)
(0.902285 0.016021 0)
(0.911492 0.0155709 0)
(0.921807 0.0151215 0)
(0.933373 0.0149655 0)
(0.946543 0.0143774 0)
(0.866015 0.0102109 0)
(0.873354 0.0102588 0)
(0.879007 0.0101258 0)
(0.885704 0.00996532 0)
(0.892997 0.00983521 0)
(0.901162 0.00956857 0)
(0.910236 0.00922717 0)
(0.92047 0.00892298 0)
(0.931977 0.00881299 0)
(0.945087 0.00844237 0)
(0.86445 0.00343704 0)
(0.871593 0.00347004 0)
(0.877078 0.00353956 0)
(0.883689 0.0035464 0)
(0.890902 0.00356537 0)
(0.899074 0.00351064 0)
(0.90822 0.00341276 0)
(0.918576 0.00330068 0)
(0.930224 0.00323237 0)
(0.943471 0.0030699 0)
(1.59879 -5.33722e-07 0)
(1.58133 -1.99417e-07 0)
(1.56095 4.85443e-06 0)
(1.53793 -1.44008e-05 0)
(1.50032 4.48078e-05 0)
(1.41905 6.34216e-05 0)
(1.34606 -0.00133347 0)
(1.32049 0.00358891 0)
(1.01273 0.0769249 0)
(0.836597 0.124324 0)
(1.59879 -9.31738e-07 0)
(1.58133 1.90443e-06 0)
(1.56095 -6.91716e-08 0)
(1.53793 -4.67322e-06 0)
(1.50032 1.69635e-05 0)
(1.41911 9.72411e-05 0)
(1.34559 -0.00131805 0)
(1.32128 0.00266776 0)
(1.02579 0.0760535 0)
(0.840614 0.119363 0)
(1.59879 -1.30187e-06 0)
(1.58133 4.01589e-06 0)
(1.56095 -4.92037e-06 0)
(1.53793 4.47729e-06 0)
(1.50032 -1.19486e-05 0)
(1.41917 0.000131035 0)
(1.34512 -0.00131211 0)
(1.32188 0.00199985 0)
(1.03989 0.0749359 0)
(0.841796 0.112033 0)
(1.59879 -1.66496e-06 0)
(1.58133 6.11372e-06 0)
(1.56095 -9.94207e-06 0)
(1.53793 1.41272e-05 0)
(1.50033 -4.09372e-05 0)
(1.41926 0.000182868 0)
(1.34468 -0.00133095 0)
(1.32232 0.00147009 0)
(1.05398 0.0728744 0)
(0.847512 0.107469 0)
(1.59879 -2.00949e-06 0)
(1.58133 8.16836e-06 0)
(1.56095 -1.49805e-05 0)
(1.53792 2.39394e-05 0)
(1.50035 -6.92361e-05 0)
(1.41939 0.000228623 0)
(1.34426 -0.00129878 0)
(1.32259 0.00114132 0)
(1.06803 0.07014 0)
(0.856191 0.101346 0)
(1.59879 -2.31656e-06 0)
(1.58133 1.0076e-05 0)
(1.56096 -1.97551e-05 0)
(1.53791 3.33525e-05 0)
(1.50036 -9.53414e-05 0)
(1.41953 0.000258586 0)
(1.34388 -0.00123043 0)
(1.32275 0.000857991 0)
(1.08204 0.0664896 0)
(0.864179 0.0965942 0)
(1.59879 -2.57273e-06 0)
(1.58133 1.17499e-05 0)
(1.56096 -2.40123e-05 0)
(1.53791 4.18855e-05 0)
(1.50037 -0.000118012 0)
(1.41967 0.000273584 0)
(1.3435 -0.00113127 0)
(1.32282 0.000683262 0)
(1.09437 0.0619893 0)
(0.866578 0.0914403 0)
(1.59879 -2.7693e-06 0)
(1.58133 1.31218e-05 0)
(1.56096 -2.75546e-05 0)
(1.5379 4.91175e-05 0)
(1.50038 -0.000136092 0)
(1.41982 0.000275405 0)
(1.34314 -0.00100675 0)
(1.32288 0.000532881 0)
(1.10523 0.057266 0)
(0.863943 0.0851975 0)
(1.59879 -2.90228e-06 0)
(1.58132 1.41497e-05 0)
(1.56097 -3.02712e-05 0)
(1.53789 5.47242e-05 0)
(1.50038 -0.000148327 0)
(1.41996 0.000265134 0)
(1.3428 -0.000867707 0)
(1.32295 0.000422593 0)
(1.1141 0.0522642 0)
(0.860251 0.0777166 0)
(1.59879 -2.96949e-06 0)
(1.58132 1.48129e-05 0)
(1.56097 -3.21172e-05 0)
(1.53789 5.86345e-05 0)
(1.50038 -0.000156018 0)
(1.4201 0.000245937 0)
(1.34249 -0.000723526 0)
(1.32301 0.000329302 0)
(1.12129 0.047503 0)
(0.855563 0.0706743 0)
(1.59879 -2.95764e-06 0)
(1.58132 1.50819e-05 0)
(1.56097 -3.29959e-05 0)
(1.53788 6.06366e-05 0)
(1.50037 -0.000156432 0)
(1.42023 0.000221349 0)
(1.34222 -0.000582407 0)
(1.32307 0.000248379 0)
(1.12736 0.0428713 0)
(0.855236 0.0641953 0)
(1.5988 -2.87284e-06 0)
(1.58132 1.4854e-05 0)
(1.56098 -3.26277e-05 0)
(1.53788 6.00794e-05 0)
(1.50037 -0.000149516 0)
(1.42034 0.000193537 0)
(1.34198 -0.000451016 0)
(1.32312 0.000179548 0)
(1.13186 0.038437 0)
(0.855382 0.0569272 0)
(1.5988 -2.71939e-06 0)
(1.58132 1.42127e-05 0)
(1.56098 -3.12814e-05 0)
(1.53788 5.75403e-05 0)
(1.50036 -0.000140157 0)
(1.42044 0.000165104 0)
(1.34179 -0.000335296 0)
(1.32317 0.000115759 0)
(1.13503 0.0342199 0)
(0.855097 0.0503314 0)
(1.5988 -2.50044e-06 0)
(1.58132 1.31882e-05 0)
(1.56098 -2.90387e-05 0)
(1.53788 5.33258e-05 0)
(1.50035 -0.000126977 0)
(1.42052 0.000136937 0)
(1.34164 -0.000239754 0)
(1.32319 6.95274e-05 0)
(1.13844 0.0297556 0)
(0.856395 0.0434632 0)
(1.5988 -2.22223e-06 0)
(1.58132 1.18095e-05 0)
(1.56098 -2.59892e-05 0)
(1.53787 4.76098e-05 0)
(1.50034 -0.000110826 0)
(1.42059 0.000109829 0)
(1.34152 -0.000165311 0)
(1.32321 3.2812e-05 0)
(1.14185 0.0251062 0)
(0.856278 0.036818 0)
(1.5988 -1.89248e-06 0)
(1.58132 1.01147e-05 0)
(1.56098 -2.22257e-05 0)
(1.53787 4.05644e-05 0)
(1.50033 -9.24977e-05 0)
(1.42065 8.47119e-05 0)
(1.34143 -0.000109766 0)
(1.32323 4.98381e-06 0)
(1.14468 0.020505 0)
(0.856245 0.0301471 0)
(1.5988 -1.51984e-06 0)
(1.58132 8.1542e-06 0)
(1.56098 -1.7878e-05 0)
(1.53787 3.23909e-05 0)
(1.50032 -7.27517e-05 0)
(1.4207 6.19358e-05 0)
(1.34138 -6.96829e-05 0)
(1.32324 -9.65836e-06 0)
(1.14691 0.0159282 0)
(0.856038 0.0235377 0)
(1.5988 -1.11291e-06 0)
(1.58132 5.98523e-06 0)
(1.56098 -1.31019e-05 0)
(1.53788 2.36946e-05 0)
(1.50031 -5.23147e-05 0)
(1.42073 4.2017e-05 0)
(1.34134 -4.07254e-05 0)
(1.32325 -8.29748e-06 0)
(1.14901 0.0113621 0)
(0.856573 0.0168812 0)
(1.5988 -6.81771e-07 0)
(1.58132 3.66982e-06 0)
(1.56098 -8.01982e-06 0)
(1.53788 1.44031e-05 0)
(1.5003 -3.10862e-05 0)
(1.42076 2.35923e-05 0)
(1.34132 -1.99653e-05 0)
(1.32326 -9.5931e-06 0)
(1.15041 0.00668304 0)
(0.856888 0.0101197 0)
(1.5988 -2.53608e-07 0)
(1.58132 1.29045e-06 0)
(1.56098 -2.69885e-06 0)
(1.53788 4.61416e-06 0)
(1.5003 -9.07807e-06 0)
(1.42076 4.81522e-06 0)
(1.34131 -3.73463e-06 0)
(1.32326 -2.96038e-06 0)
(1.14979 0.00207034 0)
(0.855495 0.00335609 0)
(1.5988 2.53611e-07 0)
(1.58132 -1.29047e-06 0)
(1.56098 2.69889e-06 0)
(1.53788 -4.61422e-06 0)
(1.5003 9.07822e-06 0)
(1.42076 -4.81536e-06 0)
(1.34131 3.73464e-06 0)
(1.32326 2.96053e-06 0)
(1.14979 -0.00207033 0)
(0.855495 -0.00335607 0)
(1.5988 6.81776e-07 0)
(1.58132 -3.66986e-06 0)
(1.56098 8.0199e-06 0)
(1.53788 -1.44033e-05 0)
(1.5003 3.10867e-05 0)
(1.42076 -2.35928e-05 0)
(1.34132 1.99654e-05 0)
(1.32326 9.5932e-06 0)
(1.15041 -0.00668301 0)
(0.856888 -0.0101196 0)
(1.5988 1.11292e-06 0)
(1.58132 -5.9853e-06 0)
(1.56098 1.3102e-05 0)
(1.53788 -2.36949e-05 0)
(1.50031 5.23153e-05 0)
(1.42073 -4.20179e-05 0)
(1.34134 4.07255e-05 0)
(1.32325 8.29786e-06 0)
(1.14901 -0.011362 0)
(0.856573 -0.0168811 0)
(1.5988 1.51985e-06 0)
(1.58132 -8.15429e-06 0)
(1.56098 1.78782e-05 0)
(1.53787 -3.23912e-05 0)
(1.50032 7.27526e-05 0)
(1.4207 -6.19371e-05 0)
(1.34138 6.96829e-05 0)
(1.32324 9.65919e-06 0)
(1.14691 -0.0159282 0)
(0.856039 -0.0235376 0)
(1.5988 1.89249e-06 0)
(1.58132 -1.01148e-05 0)
(1.56098 2.22259e-05 0)
(1.53787 -4.05648e-05 0)
(1.50033 9.24987e-05 0)
(1.42065 -8.47134e-05 0)
(1.34143 0.000109766 0)
(1.32323 -4.98193e-06 0)
(1.14468 -0.020505 0)
(0.856245 -0.030147 0)
(1.5988 2.22225e-06 0)
(1.58132 -1.18096e-05 0)
(1.56098 2.59895e-05 0)
(1.53787 -4.76102e-05 0)
(1.50034 0.000110827 0)
(1.42059 -0.000109831 0)
(1.34152 0.000165311 0)
(1.32321 -3.28103e-05 0)
(1.14185 -0.0251062 0)
(0.856278 -0.0368179 0)
(1.5988 2.50046e-06 0)
(1.58132 -1.31883e-05 0)
(1.56098 2.90389e-05 0)
(1.53788 -5.33262e-05 0)
(1.50035 0.000126978 0)
(1.42052 -0.000136939 0)
(1.34164 0.000239753 0)
(1.32319 -6.95258e-05 0)
(1.13844 -0.0297555 0)
(0.856395 -0.0434632 0)
(1.5988 2.71941e-06 0)
(1.58132 -1.42129e-05 0)
(1.56098 3.12817e-05 0)
(1.53788 -5.75408e-05 0)
(1.50036 0.000140158 0)
(1.42044 -0.000165107 0)
(1.34179 0.000335296 0)
(1.32317 -0.000115756 0)
(1.13504 -0.0342199 0)
(0.855097 -0.0503314 0)
(1.5988 2.87287e-06 0)
(1.58132 -1.48541e-05 0)
(1.56098 3.2628e-05 0)
(1.53788 -6.00799e-05 0)
(1.50037 0.000149517 0)
(1.42034 -0.000193539 0)
(1.34198 0.000451015 0)
(1.32312 -0.000179546 0)
(1.13186 -0.0384369 0)
(0.855382 -0.0569273 0)
(1.59879 2.95767e-06 0)
(1.58132 -1.50821e-05 0)
(1.56097 3.29962e-05 0)
(1.53788 -6.06371e-05 0)
(1.50037 0.000156433 0)
(1.42023 -0.000221352 0)
(1.34222 0.000582406 0)
(1.32307 -0.000248377 0)
(1.12736 -0.0428711 0)
(0.855236 -0.0641955 0)
(1.59879 2.96952e-06 0)
(1.58132 -1.4813e-05 0)
(1.56097 3.21175e-05 0)
(1.53789 -5.8635e-05 0)
(1.50038 0.000156019 0)
(1.4201 -0.000245939 0)
(1.34249 0.000723525 0)
(1.32301 -0.000329299 0)
(1.12129 -0.0475028 0)
(0.855563 -0.0706746 0)
(1.59879 2.9023e-06 0)
(1.58132 -1.41498e-05 0)
(1.56097 3.02715e-05 0)
(1.53789 -5.47247e-05 0)
(1.50038 0.000148328 0)
(1.41996 -0.000265135 0)
(1.3428 0.000867706 0)
(1.32295 -0.00042259 0)
(1.1141 -0.052264 0)
(0.860251 -0.0777171 0)
(1.59879 2.76932e-06 0)
(1.58133 -1.31219e-05 0)
(1.56096 2.75549e-05 0)
(1.5379 -4.91179e-05 0)
(1.50038 0.000136093 0)
(1.41982 -0.000275406 0)
(1.34314 0.00100675 0)
(1.32288 -0.000532875 0)
(1.10523 -0.0572657 0)
(0.863943 -0.0851983 0)
(1.59879 2.57274e-06 0)
(1.58133 -1.175e-05 0)
(1.56096 2.40126e-05 0)
(1.53791 -4.18859e-05 0)
(1.50037 0.000118013 0)
(1.41967 -0.000273584 0)
(1.3435 0.00113127 0)
(1.32282 -0.000683254 0)
(1.09437 -0.0619889 0)
(0.866578 -0.0914414 0)
(1.59879 2.31657e-06 0)
(1.58133 -1.00761e-05 0)
(1.56096 1.97553e-05 0)
(1.53791 -3.33529e-05 0)
(1.50036 9.53419e-05 0)
(1.41953 -0.000258586 0)
(1.34388 0.00123043 0)
(1.32275 -0.000857978 0)
(1.08204 -0.0664893 0)
(0.864179 -0.0965949 0)
(1.59879 2.0095e-06 0)
(1.58133 -8.16844e-06 0)
(1.56095 1.49807e-05 0)
(1.53792 -2.39397e-05 0)
(1.50035 6.92365e-05 0)
(1.41939 -0.000228622 0)
(1.34426 0.00129878 0)
(1.32259 -0.00114131 0)
(1.06803 -0.0701397 0)
(0.856193 -0.101347 0)
(1.59879 1.66496e-06 0)
(1.58133 -6.11377e-06 0)
(1.56095 9.94222e-06 0)
(1.53793 -1.41274e-05 0)
(1.50033 4.09374e-05 0)
(1.41926 -0.000182867 0)
(1.34468 0.00133095 0)
(1.32232 -0.00147007 0)
(1.05398 -0.0728741 0)
(0.847515 -0.107469 0)
(1.59879 1.30187e-06 0)
(1.58133 -4.01593e-06 0)
(1.56095 4.92048e-06 0)
(1.53793 -4.47748e-06 0)
(1.50032 1.19488e-05 0)
(1.41917 -0.000131034 0)
(1.34512 0.00131211 0)
(1.32188 -0.00199984 0)
(1.03989 -0.0749357 0)
(0.841799 -0.112033 0)
(1.59879 9.31733e-07 0)
(1.58133 -1.90443e-06 0)
(1.56095 6.92257e-08 0)
(1.53793 4.67313e-06 0)
(1.50032 -1.69634e-05 0)
(1.41911 -9.72395e-05 0)
(1.34559 0.00131805 0)
(1.32128 -0.00266775 0)
(1.02579 -0.0760534 0)
(0.840615 -0.119363 0)
(1.59879 5.33711e-07 0)
(1.58133 1.99424e-07 0)
(1.56095 -4.85441e-06 0)
(1.53793 1.44008e-05 0)
(1.50032 -4.4808e-05 0)
(1.41905 -6.34206e-05 0)
(1.34606 0.00133347 0)
(1.32049 -0.00358892 0)
(1.01273 -0.076925 0)
(0.836598 -0.124324 0)
(0.86445 -0.00343702 0)
(0.871593 -0.00347 0)
(0.877078 -0.00353953 0)
(0.883689 -0.00354638 0)
(0.890903 -0.00356535 0)
(0.899075 -0.00351064 0)
(0.90822 -0.0034128 0)
(0.918577 -0.00330074 0)
(0.930224 -0.00323246 0)
(0.943472 -0.00306998 0)
(0.866015 -0.0102108 0)
(0.873355 -0.0102587 0)
(0.879008 -0.0101258 0)
(0.885705 -0.00996531 0)
(0.892998 -0.00983527 0)
(0.901162 -0.00956871 0)
(0.910236 -0.0092274 0)
(0.920471 -0.00892325 0)
(0.931978 -0.00881327 0)
(0.945087 -0.0084426 0)
(0.866091 -0.0169446 0)
(0.87373 -0.016969 0)
(0.87958 -0.016785 0)
(0.886466 -0.0165665 0)
(0.893962 -0.0163965 0)
(0.902285 -0.0160212 0)
(0.911492 -0.0155712 0)
(0.921807 -0.0151219 0)
(0.933374 -0.0149659 0)
(0.946543 -0.0143778 0)
(0.866174 -0.0235669 0)
(0.874123 -0.0235453 0)
(0.880113 -0.0233892 0)
(0.887135 -0.023205 0)
(0.89477 -0.0230825 0)
(0.903179 -0.0226783 0)
(0.912436 -0.0222312 0)
(0.922759 -0.0217455 0)
(0.934401 -0.0215275 0)
(0.947649 -0.0207283 0)
(0.867231 -0.0301396 0)
(0.875433 -0.0300757 0)
(0.881565 -0.0299849 0)
(0.888764 -0.0298017 0)
(0.89657 -0.0297304 0)
(0.905164 -0.0293105 0)
(0.914636 -0.0288554 0)
(0.92513 -0.028335 0)
(0.936979 -0.0281431 0)
(0.950449 -0.0272135 0)
(0.868239 -0.0368113 0)
(0.876538 -0.0367311 0)
(0.882758 -0.0368547 0)
(0.89011 -0.0367924 0)
(0.898051 -0.0368845 0)
(0.906853 -0.0365748 0)
(0.916656 -0.036178 0)
(0.927487 -0.0355183 0)
(0.939737 -0.0351659 0)
(0.953582 -0.0340689 0)
(0.869401 -0.0435114 0)
(0.877647 -0.0434697 0)
(0.883918 -0.04387 0)
(0.891422 -0.0439659 0)
(0.899577 -0.0442361 0)
(0.908679 -0.0440758 0)
(0.918927 -0.0437697 0)
(0.930262 -0.0429885 0)
(0.943123 -0.0424327 0)
(0.957562 -0.0411 0)
(0.86917 -0.0505797 0)
(0.877299 -0.0506542 0)
(0.883621 -0.0513705 0)
(0.891323 -0.0516717 0)
(0.899766 -0.0521907 0)
(0.9093 -0.0523447 0)
(0.920206 -0.0521685 0)
(0.932311 -0.0513166 0)
(0.946021 -0.0504344 0)
(0.961173 -0.0487832 0)
(0.870218 -0.0573749 0)
(0.878232 -0.0575298 0)
(0.884557 -0.0585556 0)
(0.892458 -0.0591347 0)
(0.901159 -0.0598921 0)
(0.910962 -0.0603489 0)
(0.92213 -0.0604949 0)
(0.934433 -0.0597971 0)
(0.94846 -0.0586941 0)
(0.963509 -0.0566317 0)
(0.870975 -0.0647699 0)
(0.878982 -0.0652115 0)
(0.885437 -0.0666963 0)
(0.893615 -0.0676942 0)
(0.902661 -0.0682952 0)
(0.912619 -0.0687153 0)
(0.923811 -0.0686588 0)
(0.936127 -0.0678603 0)
(0.950159 -0.0664723 0)
(0.965134 -0.0637102 0)
(0.872415 -0.0719196 0)
(0.880561 -0.0727535 0)
(0.886912 -0.0744448 0)
(0.894686 -0.0757854 0)
(0.903416 -0.0762433 0)
(0.913233 -0.0765335 0)
(0.924153 -0.0761714 0)
(0.936111 -0.0752928 0)
(0.949739 -0.073699 0)
(0.964488 -0.0707151 0)
(0.876048 -0.0792172 0)
(0.884083 -0.0799022 0)
(0.890164 -0.0808805 0)
(0.897174 -0.0817447 0)
(0.904891 -0.0826267 0)
(0.913609 -0.0830736 0)
(0.92338 -0.0824872 0)
(0.934433 -0.0815788 0)
(0.94758 -0.0798947 0)
(0.962249 -0.0768844 0)
(0.875109 -0.0856075 0)
(0.882359 -0.0861017 0)
(0.887642 -0.0869727 0)
(0.893918 -0.0875058 0)
(0.900843 -0.087642 0)
(0.909189 -0.0880578 0)
(0.918926 -0.0875434 0)
(0.930281 -0.0869942 0)
(0.943722 -0.0855887 0)
(0.959512 -0.0831351 0)
(0.868746 -0.0909595 0)
(0.874492 -0.0905927 0)
(0.878789 -0.091223 0)
(0.885007 -0.0920814 0)
(0.892628 -0.0928315 0)
(0.902333 -0.0939683 0)
(0.913825 -0.0938918 0)
(0.927342 -0.0938321 0)
(0.942749 -0.092454 0)
(0.960555 -0.090669 0)
(0.863234 -0.0969733 0)
(0.869535 -0.0973252 0)
(0.874775 -0.0983946 0)
(0.882098 -0.0995164 0)
(0.890529 -0.10065 0)
(0.900731 -0.101933 0)
(0.912336 -0.101696 0)
(0.926385 -0.101983 0)
(0.942559 -0.100598 0)
(0.961047 -0.0977654 0)
(0.862349 -0.102978 0)
(0.868529 -0.104159 0)
(0.873392 -0.105882 0)
(0.880293 -0.107411 0)
(0.88834 -0.108961 0)
(0.898355 -0.11 0)
(0.910059 -0.109642 0)
(0.92474 -0.109673 0)
(0.941866 -0.107998 0)
(0.96223 -0.10515 0)
(0.860168 -0.108632 0)
(0.866571 -0.109758 0)
(0.871575 -0.11215 0)
(0.878724 -0.114773 0)
(0.887098 -0.117241 0)
(0.897506 -0.118382 0)
(0.909782 -0.118144 0)
(0.925498 -0.118066 0)
(0.944099 -0.116417 0)
(0.966758 -0.114009 0)
(0.855697 -0.114432 0)
(0.862682 -0.115674 0)
(0.868138 -0.118112 0)
(0.875732 -0.120117 0)
(0.884133 -0.122652 0)
(0.894844 -0.124448 0)
(0.907989 -0.125757 0)
(0.925086 -0.126877 0)
(0.945189 -0.125574 0)
(0.969768 -0.123455 0)
(0.850348 -0.122214 0)
(0.858133 -0.12417 0)
(0.864269 -0.127447 0)
(0.872867 -0.129264 0)
(0.882288 -0.131721 0)
(0.893899 -0.133321 0)
(0.907757 -0.134906 0)
(0.925228 -0.135899 0)
(0.946263 -0.13535 0)
(0.971861 -0.133414 0)
(0.842629 -0.130474 0)
(0.849723 -0.132018 0)
(0.854881 -0.135345 0)
(0.862809 -0.13684 0)
(0.87222 -0.139177 0)
(0.884661 -0.140605 0)
(0.899833 -0.142796 0)
(0.918955 -0.143921 0)
(0.942328 -0.14524 0)
(0.970429 -0.144366 0)
)
;

boundaryField
{
    inlet
    {
        type            uniformFixedValue;
        uniformValue    table;
        uniformValueCoeffs
        {
            values
2
(
(0 (1.1 0 0))
(6 (3 0 0))
)
;
        }
        value           uniform (1.60667 0 0);
    }
    outlet
    {
        type            inletOutlet;
        inletValue      uniform (3 0 0);
        value           nonuniform List<vector> 
100
(
(1.32212 0.0428432 0)
(1.34121 0.0426874 0)
(1.35853 0.0390435 0)
(1.37688 0.0330716 0)
(1.39941 0.024075 0)
(1.42502 0.0119196 0)
(1.45066 -0.00157004 0)
(1.47611 -0.0178629 0)
(1.50276 -0.0341014 0)
(1.53065 -0.0487344 0)
(1.55772 -0.0594721 0)
(1.58272 -0.0656129 0)
(1.60478 -0.0630394 0)
(1.62317 -0.0580092 0)
(1.63522 -0.0519091 0)
(1.64422 -0.0432244 0)
(1.64703 -0.0354787 0)
(1.64885 -0.0264238 0)
(1.65516 -0.0151848 0)
(1.65315 -0.00794033 0)
(1.24767 0.00775416 0)
(1.25102 0.00907951 0)
(1.25575 0.0075495 0)
(1.25923 0.00709641 0)
(1.26214 0.0101172 0)
(1.26464 0.0147833 0)
(1.26634 0.0187244 0)
(1.26842 0.0183304 0)
(1.27011 0.0186445 0)
(1.27254 0.0205174 0)
(1.27581 0.0228757 0)
(1.28004 0.0247908 0)
(1.28463 0.0263424 0)
(1.28877 0.0276163 0)
(1.29149 0.0299166 0)
(1.29213 0.0328126 0)
(1.29205 0.0349516 0)
(1.29383 0.0355976 0)
(1.29893 0.0367831 0)
(1.30734 0.0394748 0)
(1.24574 -0.00500137 0)
(1.24156 -0.00175904 0)
(1.23115 0.00280954 0)
(1.20472 0.00405298 0)
(1.14374 0.00689206 0)
(1.03361 0.00242265 0)
(0.886959 0.00959027 0)
(0.742874 0.00742568 0)
(0.648944 0.000435737 0)
(0.617593 0.00767891 0)
(0.616231 0.00276288 0)
(0.648734 -0.00981695 0)
(0.743822 -0.00856637 0)
(0.888001 -0.00304466 0)
(1.03544 -0.0194015 0)
(1.14348 -0.0038875 0)
(1.20486 0.00929447 0)
(1.23235 -0.0028511 0)
(1.24312 -0.00584492 0)
(1.24569 0.00241069 0)
(1.30657 -0.0396159 0)
(1.29857 -0.0374183 0)
(1.29378 -0.0360599 0)
(1.29225 -0.0346107 0)
(1.29229 -0.0322645 0)
(1.29174 -0.0299075 0)
(1.28912 -0.0279847 0)
(1.28503 -0.0267429 0)
(1.28024 -0.0247295 0)
(1.27579 -0.0229363 0)
(1.27239 -0.0209514 0)
(1.26989 -0.0192994 0)
(1.26831 -0.0187896 0)
(1.2665 -0.0187949 0)
(1.26468 -0.0152798 0)
(1.26209 -0.0113553 0)
(1.25864 -0.00848144 0)
(1.25503 -0.00728538 0)
(1.2513 -0.00702347 0)
(1.24807 -0.00620301 0)
(1.65315 0.00793544 0)
(1.65516 0.0151962 0)
(1.64885 0.0264363 0)
(1.64704 0.0354871 0)
(1.64422 0.0432271 0)
(1.63522 0.0518825 0)
(1.62316 0.0579648 0)
(1.60476 0.0629842 0)
(1.58268 0.065562 0)
(1.55768 0.0594277 0)
(1.5306 0.0487098 0)
(1.50271 0.0340925 0)
(1.47607 0.0178649 0)
(1.45063 0.00158271 0)
(1.42499 -0.0119114 0)
(1.39944 -0.023956 0)
(1.37689 -0.0332029 0)
(1.35876 -0.039049 0)
(1.34144 -0.0428426 0)
(1.32197 -0.0422565 0)
)
;
    }
    triangle
    {
        type            slip;
    }
    top
    {
        type            symmetryPlane;
    }
    bottom
    {
        type            symmetryPlane;
    }
    defaultFaces
    {
        type            empty;
    }
}


// ************************************************************************* //
