/*--------------------------------*- C++ -*----------------------------------*\
  =========                 |
  \\      /  F ield         | OpenFOAM: The Open Source CFD Toolbox
   \\    /   O peration     | Website:  https://openfoam.org
    \\  /    A nd           | Version:  7
     \\/     M anipulation  |
\*---------------------------------------------------------------------------*/
FoamFile
{
    version     2.0;
    format      ascii;
    class       labelList;
    location    "constant/polyMesh";
    object      faceProcAddressing;
}
// * * * * * * * * * * * * * * * * * * * * * * * * * * * * * * * * * * * * * //


13076
(
52
53
54
55
56
57
58
59
60
61
62
63
64
65
66
67
68
69
70
71
72
73
74
75
76
77
78
79
80
81
82
83
84
85
86
87
88
89
90
91
92
93
94
95
96
97
98
99
100
101
102
103
104
105
106
107
108
109
110
111
113
114
214
215
216
217
218
219
220
221
222
223
224
225
226
227
228
229
230
231
232
233
234
235
236
237
238
239
240
241
242
243
244
245
246
247
248
249
250
251
252
253
255
333
334
335
336
337
338
339
340
341
342
343
344
345
346
347
348
349
350
351
352
353
354
355
356
357
358
359
360
361
362
363
364
365
366
367
368
369
370
371
372
374
452
453
454
455
456
457
458
459
460
461
462
463
464
465
466
467
468
469
470
471
472
473
474
475
476
477
478
479
480
481
482
483
484
485
486
487
488
489
490
491
493
571
572
573
574
575
576
577
578
579
580
581
582
583
584
585
586
587
588
589
590
591
592
593
594
595
596
597
598
599
600
601
602
603
604
605
606
607
608
609
610
612
690
691
692
693
694
695
696
697
698
699
700
701
702
703
704
705
706
707
708
709
710
711
712
713
714
715
716
717
718
719
720
721
722
723
724
725
726
727
728
729
731
809
810
811
812
813
814
815
816
817
818
819
820
821
822
823
824
825
826
827
828
829
830
831
832
833
834
835
836
837
838
839
840
841
842
843
844
845
846
847
848
850
928
929
930
931
932
933
934
935
936
937
938
939
940
941
942
943
944
945
946
947
948
949
950
951
952
953
954
955
956
957
958
959
960
961
962
963
964
965
966
967
969
1047
1048
1049
1050
1051
1052
1053
1054
1055
1056
1057
1058
1059
1060
1061
1062
1063
1064
1065
1066
1067
1068
1069
1070
1071
1072
1073
1074
1075
1076
1077
1078
1079
1080
1081
1082
1083
1084
1085
1086
1088
1166
1167
1168
1169
1170
1171
1172
1173
1174
1175
1176
1177
1178
1179
1180
1181
1182
1183
1184
1185
1186
1187
1188
1189
1190
1191
1192
1193
1194
1195
1196
1197
1198
1199
1200
1201
1202
1203
1204
1205
1207
1285
1286
1287
1288
1289
1290
1291
1292
1293
1294
1295
1296
1297
1298
1299
1300
1301
1302
1303
1304
1305
1306
1307
1308
1309
1310
1311
1312
1313
1314
1315
1316
1317
1318
1319
1320
1321
1322
1323
1324
1326
1404
1405
1406
1407
1408
1409
1410
1411
1412
1413
1414
1415
1416
1417
1418
1419
1420
1421
1422
1423
1424
1425
1426
1427
1428
1429
1430
1431
1432
1433
1434
1435
1436
1437
1438
1439
1440
1441
1442
1443
1445
1523
1524
1525
1526
1527
1528
1529
1530
1531
1532
1533
1534
1535
1536
1537
1538
1539
1540
1541
1542
1543
1544
1545
1546
1547
1548
1549
1550
1551
1552
1553
1554
1555
1556
1557
1558
1559
1560
1561
1562
1564
1642
1643
1644
1645
1646
1647
1648
1649
1650
1651
1652
1653
1654
1655
1656
1657
1658
1659
1660
1661
1662
1663
1664
1665
1666
1667
1668
1669
1670
1671
1672
1673
1674
1675
1676
1677
1678
1679
1680
1681
1683
1761
1762
1763
1764
1765
1766
1767
1768
1769
1770
1771
1772
1773
1774
1775
1776
1777
1778
1779
1780
1781
1782
1783
1784
1785
1786
1787
1788
1789
1790
1791
1792
1793
1794
1795
1796
1797
1798
1799
1800
1802
1880
1881
1882
1883
1884
1885
1886
1887
1888
1889
1890
1891
1892
1893
1894
1895
1896
1897
1898
1899
1900
1901
1902
1903
1904
1905
1906
1907
1908
1909
1910
1911
1912
1913
1914
1915
1916
1917
1918
1919
1921
1999
2000
2001
2002
2003
2004
2005
2006
2007
2008
2009
2010
2011
2012
2013
2014
2015
2016
2017
2018
2019
2020
2021
2022
2023
2024
2025
2026
2027
2028
2029
2030
2031
2032
2033
2034
2035
2036
2037
2038
2040
2118
2119
2120
2121
2122
2123
2124
2125
2126
2127
2128
2129
2130
2131
2132
2133
2134
2135
2136
2137
2138
2139
2140
2141
2142
2143
2144
2145
2146
2147
2148
2149
2150
2151
2152
2153
2154
2155
2156
2157
2159
2237
2238
2239
2240
2241
2242
2243
2244
2245
2246
2247
2248
2249
2250
2251
2252
2253
2254
2255
2256
2257
2258
2259
2260
2261
2262
2263
2264
2265
2266
2267
2268
2269
2270
2271
2272
2273
2274
2275
2276
2278
2356
2357
2358
2359
2360
2361
2362
2363
2364
2365
2366
2367
2368
2369
2370
2371
2372
2373
2374
2375
2376
2377
2378
2379
2380
2381
2382
2383
2384
2385
2386
2387
2388
2389
2390
2391
2392
2393
2394
2395
2397
2475
2476
2477
2478
2479
2480
2481
2482
2483
2484
2485
2486
2487
2488
2489
2490
2491
2492
2493
2494
2495
2496
2497
2498
2499
2500
2501
2502
2503
2504
2505
2506
2507
2508
2509
2510
2511
2512
2513
2514
2516
2594
2595
2596
2597
2598
2599
2600
2601
2602
2603
2604
2605
2606
2607
2608
2609
2610
2611
2612
2613
2614
2615
2616
2617
2618
2619
2620
2621
2622
2623
2624
2625
2626
2627
2628
2629
2630
2631
2632
2633
2635
2713
2714
2715
2716
2717
2718
2719
2720
2721
2722
2723
2724
2725
2726
2727
2728
2729
2730
2731
2732
2733
2734
2735
2736
2737
2738
2739
2740
2741
2742
2743
2744
2745
2746
2747
2748
2749
2750
2751
2752
2754
2832
2833
2834
2835
2836
2837
2838
2839
2840
2841
2842
2843
2844
2845
2846
2847
2848
2849
2850
2851
2852
2853
2854
2855
2856
2857
2858
2859
2860
2861
2862
2863
2864
2865
2866
2867
2868
2869
2870
2871
2873
2951
2952
2953
2954
2955
2956
2957
2958
2959
2960
2961
2962
2963
2964
2965
2966
2967
2968
2969
2970
2971
2972
2973
2974
2975
2976
2977
2978
2979
2980
2981
2982
2983
2984
2985
2986
2987
2988
2989
2990
2992
3070
3071
3072
3073
3074
3075
3076
3077
3078
3079
3080
3081
3082
3083
3084
3085
3086
3087
3088
3089
3090
3091
3092
3093
3094
3095
3096
3097
3098
3099
3100
3101
3102
3103
3104
3105
3106
3107
3108
3109
3111
3189
3190
3191
3192
3193
3194
3195
3196
3197
3198
3199
3200
3201
3202
3203
3204
3205
3206
3207
3208
3209
3210
3211
3212
3213
3214
3215
3216
3217
3218
3219
3220
3221
3222
3223
3224
3225
3226
3227
3228
3230
3308
3309
3310
3311
3312
3313
3314
3315
3316
3317
3318
3319
3320
3321
3322
3323
3324
3325
3326
3327
3328
3329
3330
3331
3332
3333
3334
3335
3336
3337
3338
3339
3340
3341
3342
3343
3344
3345
3346
3347
3349
3427
3428
3429
3430
3431
3432
3433
3434
3435
3436
3437
3438
3439
3440
3441
3442
3443
3444
3445
3446
3447
3448
3449
3450
3451
3452
3453
3454
3455
3456
3457
3458
3459
3460
3461
3462
3463
3464
3465
3466
3468
3546
3547
3548
3549
3550
3551
3552
3553
3554
3555
3556
3557
3558
3559
3560
3561
3562
3563
3564
3565
3566
3567
3568
3569
3570
3571
3572
3573
3574
3575
3576
3577
3578
3579
3580
3581
3582
3583
3584
3585
3587
3665
3666
3667
3668
3669
3670
3671
3672
3673
3674
3675
3676
3677
3678
3679
3680
3681
3682
3683
3684
3685
3686
3687
3688
3689
3690
3691
3692
3693
3694
3695
3696
3697
3698
3699
3700
3701
3702
3703
3704
3706
3784
3785
3786
3787
3788
3789
3790
3791
3792
3793
3794
3795
3796
3797
3798
3799
3800
3801
3802
3803
3804
3805
3806
3807
3808
3809
3810
3811
3812
3813
3814
3815
3816
3817
3818
3819
3820
3821
3822
3823
3825
3903
3904
3905
3906
3907
3908
3909
3910
3911
3912
3913
3914
3915
3916
3917
3918
3919
3920
3921
3922
3923
3924
3925
3926
3927
3928
3929
3930
3931
3932
3933
3934
3935
3936
3937
3938
3939
3940
3941
3942
3944
4022
4023
4024
4025
4026
4027
4028
4029
4030
4031
4032
4033
4034
4035
4036
4037
4038
4039
4040
4041
4042
4043
4044
4045
4046
4047
4048
4049
4050
4051
4052
4053
4054
4055
4056
4057
4058
4059
4060
4061
4063
4141
4142
4143
4144
4145
4146
4147
4148
4149
4150
4151
4152
4153
4154
4155
4156
4157
4158
4159
4160
4161
4162
4163
4164
4165
4166
4167
4168
4169
4170
4171
4172
4173
4174
4175
4176
4177
4178
4179
4180
4182
4260
4261
4262
4263
4264
4265
4266
4267
4268
4269
4270
4271
4272
4273
4274
4275
4276
4277
4278
4279
4280
4281
4282
4283
4284
4285
4286
4287
4288
4289
4290
4291
4292
4293
4294
4295
4296
4297
4298
4299
4301
4379
4380
4381
4382
4383
4384
4385
4386
4387
4388
4389
4390
4391
4392
4393
4394
4395
4396
4397
4398
4399
4400
4401
4402
4403
4404
4405
4406
4407
4408
4409
4410
4411
4412
4413
4414
4415
4416
4417
4418
4420
4498
4499
4500
4501
4502
4503
4504
4505
4506
4507
4508
4509
4510
4511
4512
4513
4514
4515
4516
4517
4518
4519
4520
4521
4522
4523
4524
4525
4526
4527
4528
4529
4530
4531
4532
4533
4534
4535
4536
4537
4539
4617
4618
4619
4620
4621
4622
4623
4624
4625
4626
4627
4628
4629
4630
4631
4632
4633
4634
4635
4636
4637
4638
4639
4640
4641
4642
4643
4644
4645
4646
4647
4648
4649
4650
4651
4652
4653
4654
4655
4656
4658
4736
4737
4738
4739
4740
4741
4742
4743
4744
4745
4746
4747
4748
4749
4750
4751
4752
4753
4754
4755
4756
4757
4758
4759
4760
4761
4762
4763
4764
4765
4766
4767
4768
4769
4770
4771
4772
4773
4774
4775
4777
4855
4856
4857
4858
4859
4860
4861
4862
4863
4864
4865
4866
4867
4868
4869
4870
4871
4872
4873
4874
4875
4876
4877
4878
4879
4880
4881
4882
4883
4884
4885
4886
4887
4888
4889
4890
4891
4892
4893
4894
4896
4974
4975
4976
4977
4978
4979
4980
4981
4982
4983
4984
4985
4986
4987
4988
4989
4990
4991
4992
4993
4994
4995
4996
4997
4998
4999
5000
5001
5002
5003
5004
5005
5006
5007
5008
5009
5010
5011
5012
5013
5015
5093
5094
5095
5096
5097
5098
5099
5100
5101
5102
5103
5104
5105
5106
5107
5108
5109
5110
5111
5112
5113
5114
5115
5116
5117
5118
5119
5120
5121
5122
5123
5124
5125
5126
5127
5128
5129
5130
5131
5132
5134
5212
5213
5214
5215
5216
5217
5218
5219
5220
5221
5222
5223
5224
5225
5226
5227
5228
5229
5230
5231
5232
5233
5234
5235
5236
5237
5238
5239
5240
5241
5242
5243
5244
5245
5246
5247
5248
5249
5250
5251
5253
5331
5332
5333
5334
5335
5336
5337
5338
5339
5340
5341
5342
5343
5344
5345
5346
5347
5348
5349
5350
5351
5352
5353
5354
5355
5356
5357
5358
5359
5360
5361
5362
5363
5364
5365
5366
5367
5368
5369
5370
5372
5450
5451
5452
5453
5454
5455
5456
5457
5458
5459
5460
5461
5462
5463
5464
5465
5466
5467
5468
5469
5470
5471
5472
5473
5474
5475
5476
5477
5478
5479
5480
5481
5482
5483
5484
5485
5486
5487
5488
5489
5491
5569
5570
5571
5572
5573
5574
5575
5576
5577
5578
5579
5580
5581
5582
5583
5584
5585
5586
5587
5588
5589
5590
5591
5592
5593
5594
5595
5596
5597
5598
5599
5600
5601
5602
5603
5604
5605
5606
5607
5608
5610
5688
5689
5690
5691
5692
5693
5694
5695
5696
5697
5698
5699
5700
5701
5702
5703
5704
5705
5706
5707
5708
5709
5710
5711
5712
5713
5714
5715
5716
5717
5718
5719
5720
5721
5722
5723
5724
5725
5726
5727
5729
5807
5808
5809
5810
5811
5812
5813
5814
5815
5816
5817
5818
5819
5820
5821
5822
5823
5824
5825
5826
5827
5828
5829
5830
5831
5832
5833
5834
5835
5836
5837
5838
5839
5840
5841
5842
5843
5844
5845
5846
5848
5926
5927
5928
5929
5930
5931
5932
5933
5934
5935
5936
5937
5938
5939
5940
5941
5942
5943
5944
5945
5946
5947
5948
5949
5950
5951
5952
5953
5954
5955
5956
5957
5958
5959
5960
5961
5962
5963
5964
5965
5967
6045
6046
6047
6048
6049
6050
6051
6052
6053
6054
6055
6056
6057
6058
6059
6060
6061
6062
6063
6064
6065
6066
6067
6068
6069
6070
6071
6072
6073
6074
6075
6076
6077
6078
6079
6080
6081
6082
6083
6084
6086
6164
6165
6166
6167
6168
6169
6170
6171
6172
6173
6174
6175
6176
6177
6178
6179
6180
6181
6182
6183
6184
6185
6186
6187
6188
6189
6190
6191
6192
6193
6194
6195
6196
6197
6198
6199
6200
6201
6202
6203
6205
6283
6284
6285
6286
6287
6288
6289
6290
6291
6292
6293
6294
6295
6296
6297
6298
6299
6300
6301
6302
6303
6304
6305
6306
6307
6308
6309
6310
6311
6312
6313
6314
6315
6316
6317
6318
6319
6320
6321
6322
6324
6402
6403
6404
6405
6406
6407
6408
6409
6410
6411
6412
6413
6414
6415
6416
6417
6418
6419
6420
6421
6422
6423
6424
6425
6426
6427
6428
6429
6430
6431
6432
6433
6434
6435
6436
6437
6438
6439
6440
6441
6443
6521
6522
6523
6524
6525
6526
6527
6528
6529
6530
6531
6532
6533
6534
6535
6536
6537
6538
6539
6540
6541
6542
6543
6544
6545
6546
6547
6548
6549
6550
6551
6552
6553
6554
6555
6556
6557
6558
6559
6560
6562
6640
6641
6642
6643
6644
6645
6646
6647
6648
6649
6650
6651
6652
6653
6654
6655
6656
6657
6658
6659
6660
6661
6662
6663
6664
6665
6666
6667
6668
6669
6670
6671
6672
6673
6674
6675
6676
6677
6678
6679
6681
6759
6760
6761
6762
6763
6764
6765
6766
6767
6768
6769
6770
6771
6772
6773
6774
6775
6776
6777
6778
6779
6780
6781
6782
6783
6784
6785
6786
6787
6788
6789
6790
6791
6792
6793
6794
6795
6796
6797
6798
6800
6878
6879
6880
6881
6882
6883
6884
6885
6886
6887
6888
6889
6890
6891
6892
6893
6894
6895
6896
6897
6898
6899
6900
6901
6902
6903
6904
6905
6906
6907
6908
6909
6910
6911
6912
6913
6914
6915
6916
6917
6919
6997
6998
6999
7000
7001
7002
7003
7004
7005
7006
7007
7008
7009
7010
7011
7012
7013
7014
7015
7016
7017
7018
7019
7020
7021
7022
7023
7024
7025
7026
7027
7028
7029
7030
7031
7032
7033
7034
7035
7036
7038
7116
7117
7118
7119
7120
7121
7122
7123
7124
7125
7126
7127
7128
7129
7130
7131
7132
7133
7134
7135
7136
7137
7138
7139
7140
7141
7142
7143
7144
7145
7146
7147
7148
7149
7150
7151
7152
7153
7154
7155
7157
7235
7236
7237
7238
7239
7240
7241
7242
7243
7244
7245
7246
7247
7248
7249
7250
7251
7252
7253
7254
7255
7256
7257
7258
7259
7260
7261
7262
7263
7264
7265
7266
7267
7268
7269
7270
7271
7272
7273
7274
7275
7276
7278
7354
7355
7356
7357
7358
7359
7360
7361
7362
7363
7364
7365
7366
7367
7368
7369
7370
7371
7372
7373
7374
7375
7376
7377
7378
7379
7380
7381
7382
7383
7384
7385
7386
7387
7388
7389
7390
7391
7392
7393
7394
7395
7397
7473
7474
7475
7476
7477
7478
7479
7480
7481
7482
7483
7484
7485
7486
7487
7488
7489
7490
7491
7492
7493
7494
7495
7496
7497
7498
7499
7500
7501
7502
7503
7504
7505
7506
7507
7508
7509
7510
7511
7512
7513
7514
7516
7592
7593
7594
7595
7596
7597
7598
7599
7600
7601
7602
7603
7604
7605
7606
7607
7608
7609
7610
7611
7612
7613
7614
7615
7616
7617
7618
7619
7620
7621
7622
7623
7624
7625
7626
7627
7628
7629
7630
7631
7632
7633
7635
7711
7712
7713
7714
7715
7716
7717
7718
7719
7720
7721
7722
7723
7724
7725
7726
7727
7728
7729
7730
7731
7732
7733
7734
7735
7736
7737
7738
7739
7740
7741
7742
7743
7744
7745
7746
7747
7748
7749
7750
7751
7752
7754
7830
7831
7832
7833
7834
7835
7836
7837
7838
7839
7840
7841
7842
7843
7844
7845
7846
7847
7848
7849
7850
7851
7852
7853
7854
7855
7856
7857
7858
7859
7860
7861
7862
7863
7864
7865
7866
7868
7870
7949
7951
7953
7955
7957
7959
7961
7963
7965
7967
7969
7971
7973
7975
7977
7979
7981
99946
99947
99948
99949
99950
99951
99952
99953
99954
99955
99956
99957
99958
99959
99960
99961
99963
100041
100042
100043
100044
100045
100046
100047
100048
100049
100050
100051
100052
100053
100054
100055
100056
100057
100058
100059
100060
100061
100062
100063
100064
100065
100066
100067
100068
100069
100070
100071
100072
100073
100074
100075
100076
100077
100078
100079
100080
100082
100160
100161
100162
100163
100164
100165
100166
100167
100168
100169
100170
100171
100172
100173
100174
100175
100176
100177
100178
100179
100180
100181
100182
100183
100184
100185
100186
100187
100188
100189
100190
100191
100192
100193
100194
100195
100196
100197
100198
100199
100201
100279
100280
100281
100282
100283
100284
100285
100286
100287
100288
100289
100290
100291
100292
100293
100294
100295
100296
100297
100298
100299
100300
100301
100302
100303
100304
100305
100306
100307
100308
100309
100310
100311
100312
100313
100314
100315
100316
100317
100318
100320
100398
100399
100400
100401
100402
100403
100404
100405
100406
100407
100408
100409
100410
100411
100412
100413
100414
100415
100416
100417
100418
100419
100420
100421
100422
100423
100424
100425
100426
100427
100428
100429
100430
100431
100432
100433
100434
100435
100436
100437
100439
100517
100518
100519
100520
100521
100522
100523
100524
100525
100526
100527
100528
100529
100530
100531
100532
100533
100534
100535
100536
100537
100538
100539
100540
100541
100542
100543
100544
100545
100546
100547
100548
100549
100550
100551
100552
100553
100554
100555
100556
100558
100636
100637
100638
100639
100640
100641
100642
100643
100644
100645
100646
100647
100648
100649
100650
100651
100652
100653
100654
100655
100656
100657
100658
100659
100660
100661
100662
100663
100664
100665
100666
100667
100668
100669
100670
100671
100672
100673
100674
100675
100677
100755
100756
100757
100758
100759
100760
100761
100762
100763
100764
100765
100766
100767
100768
100769
100770
100771
100772
100773
100774
100775
100776
100777
100778
100779
100780
100781
100782
100783
100784
100785
100786
100787
100788
100789
100790
100791
100792
100793
100794
100796
100874
100875
100876
100877
100878
100879
100880
100881
100882
100883
100884
100885
100886
100887
100888
100889
100890
100891
100892
100893
100894
100895
100896
100897
100898
100899
100900
100901
100902
100903
100904
100905
100906
100907
100908
100909
100910
100911
100912
100913
100915
100993
100994
100995
100996
100997
100998
100999
101000
101001
101002
101003
101004
101005
101006
101007
101008
101009
101010
101011
101012
101013
101014
101015
101016
101017
101018
101019
101020
101021
101022
101023
101024
101025
101026
101027
101028
101029
101030
101031
101032
101034
101112
101113
101114
101115
101116
101117
101118
101119
101120
101121
101122
101123
101124
101125
101126
101127
101128
101129
101130
101131
101132
101133
101134
101135
101136
101137
101138
101139
101140
101141
101142
101143
101144
101145
101146
101147
101148
101149
101150
101151
101153
101231
101232
101233
101234
101235
101236
101237
101238
101239
101240
101241
101242
101243
101244
101245
101246
101247
101248
101249
101250
101251
101252
101253
101254
101255
101256
101257
101258
101259
101260
101261
101262
101263
101264
101265
101266
101267
101268
101269
101270
101272
101350
101351
101352
101353
101354
101355
101356
101357
101358
101359
101360
101361
101362
101363
101364
101365
101366
101367
101368
101369
101370
101371
101372
101373
101374
101375
101376
101377
101378
101379
101380
101381
101382
101383
101384
101385
101386
101387
101388
101389
101391
101469
101470
101471
101472
101473
101474
101475
101476
101477
101478
101479
101480
101481
101482
101483
101484
101485
101486
101487
101488
101489
101490
101491
101492
101493
101494
101495
101496
101497
101498
101499
101500
101501
101502
101503
101504
101505
101506
101507
101508
101510
101588
101589
101590
101591
101592
101593
101594
101595
101596
101597
101598
101599
101600
101601
101602
101603
101604
101605
101606
101607
101608
101609
101610
101611
101612
101613
101614
101615
101616
101617
101618
101619
101620
101621
101622
101623
101624
101625
101626
101627
101629
101707
101708
101709
101710
101711
101712
101713
101714
101715
101716
101717
101718
101719
101720
101721
101722
101723
101724
101725
101726
101727
101728
101729
101730
101731
101732
101733
101734
101735
101736
101737
101738
101739
101740
101741
101742
101743
101744
101745
101746
101748
101826
101827
101828
101829
101830
101831
101832
101833
101834
101835
101836
101837
101838
101839
101840
101841
101842
101843
101844
101845
101846
101847
101848
101849
101850
101851
101852
101853
101854
101855
101856
101857
101858
101859
101860
101861
101862
101863
101864
101865
101867
101945
101946
101947
101948
101949
101950
101951
101952
101953
101954
101955
101956
101957
101958
101959
101960
101961
101962
101963
101964
101965
101966
101967
101968
101969
101970
101971
101972
101973
101974
101975
101976
101977
101978
101979
101980
101981
101982
101983
101984
101986
102064
102065
102066
102067
102068
102069
102070
102071
102072
102073
102074
102075
102076
102077
102078
102079
102080
102081
102082
102083
102084
102085
102086
102087
102088
102089
102090
102091
102092
102093
102094
102095
102096
102097
102098
102099
102100
102101
102102
102103
102105
102183
102184
102185
102186
102187
102188
102189
102190
102191
102192
102193
102194
102195
102196
102197
102198
102199
102200
102201
102202
102203
102204
102205
102206
102207
102208
102209
102210
102211
102212
102213
102214
102215
102216
102217
102218
102219
102220
102221
102222
102224
102302
102303
102304
102305
102306
102307
102308
102309
102310
102311
102312
102313
102314
102315
102316
102317
102318
102319
102320
102321
102322
102323
102324
102325
102326
102327
102328
102329
102330
102331
102332
102333
102334
102335
102336
102337
102338
102339
102340
102341
102343
102421
102422
102423
102424
102425
102426
102427
102428
102429
102430
102431
102432
102433
102434
102435
102436
102437
102438
102439
102440
102441
102442
102443
102444
102445
102446
102447
102448
102449
102450
102451
102452
102453
102454
102455
102456
102457
102458
102459
102460
102462
102540
102541
102542
102543
102544
102545
102546
102547
102548
102549
102550
102551
102552
102553
102554
102555
102556
102557
102558
102559
102560
102561
102562
102563
102564
102565
102566
102567
102568
102569
102570
102571
102572
102573
102574
102575
102576
102577
102578
102579
102581
102659
102660
102661
102662
102663
102664
102665
102666
102667
102668
102669
102670
102671
102672
102673
102674
102675
102676
102677
102678
102679
102680
102681
102682
102683
102684
102685
102686
102687
102688
102689
102690
102691
102692
102693
102694
102695
102696
102697
102698
102700
102778
102779
102780
102781
102782
102783
102784
102785
102786
102787
102788
102789
102790
102791
102792
102793
102794
102795
102796
102797
102798
102799
102800
102801
102802
102803
102804
102805
102806
102807
102808
102809
102810
102811
102812
102813
102814
102815
102816
102817
102819
102897
102898
102899
102900
102901
102902
102903
102904
102905
102906
102907
102908
102909
102910
102911
102912
102913
102914
102915
102916
102917
102918
102919
102920
102921
102922
102923
102924
102925
102926
102927
102928
102929
102930
102931
102932
102933
102934
102935
102936
102938
103016
103017
103018
103019
103020
103021
103022
103023
103024
103025
103026
103027
103028
103029
103030
103031
103032
103033
103034
103035
103036
103037
103038
103039
103040
103041
103042
103043
103044
103045
103046
103047
103048
103049
103050
103051
103052
103053
103054
103055
103057
103135
103136
103137
103138
103139
103140
103141
103142
103143
103144
103145
103146
103147
103148
103149
103150
103151
103152
103153
103154
103155
103156
103157
103158
103159
103160
103161
103162
103163
103164
103165
103166
103167
103168
103169
103170
103171
103172
103173
103174
103176
103254
103255
103256
103257
103258
103259
103260
103261
103262
103263
103264
103265
103266
103267
103268
103269
103270
103271
103272
103273
103274
103275
103276
103277
103278
103279
103280
103281
103282
103283
103284
103285
103286
103287
103288
103289
103290
103291
103292
103293
103295
103373
103374
103375
103376
103377
103378
103379
103380
103381
103382
103383
103384
103385
103386
103387
103388
103389
103390
103391
103392
103393
103394
103395
103396
103397
103398
103399
103400
103401
103402
103403
103404
103405
103406
103407
103408
103409
103410
103411
103412
103414
103492
103493
103494
103495
103496
103497
103498
103499
103500
103501
103502
103503
103504
103505
103506
103507
103508
103509
103510
103511
103512
103513
103514
103515
103516
103517
103518
103519
103520
103521
103522
103523
103524
103525
103526
103527
103528
103529
103530
103531
103533
103611
103612
103613
103614
103615
103616
103617
103618
103619
103620
103621
103622
103623
103624
103625
103626
103627
103628
103629
103630
103631
103632
103633
103634
103635
103636
103637
103638
103639
103640
103641
103642
103643
103644
103645
103646
103647
103648
103649
103650
103652
103730
103731
103732
103733
103734
103735
103736
103737
103738
103739
103740
103741
103742
103743
103744
103745
103746
103747
103748
103749
103750
103751
103752
103753
103754
103755
103756
103757
103758
103759
103760
103761
103762
103763
103764
103765
103766
103767
103768
103769
103771
103849
103850
103851
103852
103853
103854
103855
103856
103857
103858
103859
103860
103861
103862
103863
103864
103865
103866
103867
103868
103869
103870
103871
103872
103873
103874
103875
103876
103877
103878
103879
103880
103881
103882
103883
103884
103885
103886
103887
103888
103890
103968
103969
103970
103971
103972
103973
103974
103975
103976
103977
103978
103979
103980
103981
103982
103983
103984
103985
103986
103987
103988
103989
103990
103991
103992
103993
103994
103995
103996
103997
103998
103999
104000
104001
104002
104003
104004
104005
104006
104007
104009
104087
104088
104089
104090
104091
104092
104093
104094
104095
104096
104097
104098
104099
104100
104101
104102
104103
104104
104105
104106
104107
104108
104109
104110
104111
104112
104113
104114
104115
104116
104117
104118
104119
104120
104121
104122
104123
104124
104125
104126
104128
104206
104207
104208
104209
104210
104211
104212
104213
104214
104215
104216
104217
104218
104219
104220
104221
104222
104223
104224
104225
104226
104227
104228
104229
104230
104231
104232
104233
104234
104235
104236
104237
104238
104239
104240
104241
104242
104243
104244
104245
104247
104325
104326
104327
104328
104329
104330
104331
104332
104333
104334
104335
104336
104337
104338
104339
104340
104341
104342
104343
104344
104345
104346
104347
104348
104349
104350
104351
104352
104353
104354
104355
104356
104357
104358
104359
104360
104361
104362
104363
104364
104366
104444
104445
104446
104447
104448
104449
104450
104451
104452
104453
104454
104455
104456
104457
104458
104459
104460
104461
104462
104463
104464
104465
104466
104467
104468
104469
104470
104471
104472
104473
104474
104475
104476
104477
104478
104479
104480
104481
104482
104483
104485
104563
104564
104565
104566
104567
104568
104569
104570
104571
104572
104573
104574
104575
104576
104577
104578
104579
104580
104581
104582
104583
104584
104585
104586
104587
104588
104589
104590
104591
104592
104593
104594
104595
104596
104597
104598
104599
104600
104601
104602
104604
104682
104683
104684
104685
104686
104687
104688
104689
104690
104691
104692
104693
104694
104695
104696
104697
104698
104699
104700
104701
104702
104703
104704
104705
104706
104707
104708
104709
104710
104711
104712
104713
104714
104715
104716
104717
104718
104719
104720
104721
104723
104801
104802
104803
104804
104805
104806
104807
104808
104809
104810
104811
104812
104813
104814
104815
104816
104817
104818
104819
104820
104821
104822
104823
104824
104825
104826
104827
104828
104829
104830
104831
104832
104833
104834
104835
104836
104837
104838
104839
104840
104842
104920
104921
104922
104923
104924
104925
104926
104927
104928
104929
104930
104931
104932
104933
104934
104935
104936
104937
104938
104939
104940
104941
104942
104943
104944
104945
104946
104947
104948
104949
104950
104951
104952
104953
104954
104955
104956
104957
104958
104959
104961
105039
105040
105041
105042
105043
105044
105045
105046
105047
105048
105049
105050
105051
105052
105053
105054
105055
105056
105057
105058
105059
105060
105061
105062
105063
105064
105065
105066
105067
105068
105069
105070
105071
105072
105073
105074
105075
105076
105077
105078
105080
105158
105159
105160
105161
105162
105163
105164
105165
105166
105167
105168
105169
105170
105171
105172
105173
105174
105175
105176
105177
105178
105179
105180
105181
105182
105183
105184
105185
105186
105187
105188
105189
105190
105191
105192
105193
105194
105195
105196
105197
105199
105277
105278
105279
105280
105281
105282
105283
105284
105285
105286
105287
105288
105289
105290
105291
105292
105293
105294
105295
105296
105297
105298
105299
105300
105301
105302
105303
105304
105305
105306
105307
105308
105309
105310
105311
105312
105313
105314
105315
105316
105318
105396
105397
105398
105399
105400
105401
105402
105403
105404
105405
105406
105407
105408
105409
105410
105411
105412
105413
105414
105415
105416
105417
105418
105419
105420
105421
105422
105423
105424
105425
105426
105427
105428
105429
105430
105431
105432
105433
105434
105435
105437
105515
105516
105517
105518
105519
105520
105521
105522
105523
105524
105525
105526
105527
105528
105529
105530
105531
105532
105533
105534
105535
105536
105537
105538
105539
105540
105541
105542
105543
105544
105545
105546
105547
105548
105549
105550
105551
105552
105553
105554
105556
105634
105635
105636
105637
105638
105639
105640
105641
105642
105643
105644
105645
105646
105647
105648
105649
105650
105651
105652
105653
105654
105655
105656
105657
105658
105659
105660
105661
105662
105663
105664
105665
105666
105667
105668
105669
105670
105671
105672
105673
105675
105753
105754
105755
105756
105757
105758
105759
105760
105761
105762
105763
105764
105765
105766
105767
105768
105769
105770
105771
105772
105773
105774
105775
105776
105777
105778
105779
105780
105781
105782
105783
105784
105785
105786
105787
105788
105789
105790
105791
105792
105794
105872
105873
105874
105875
105876
105877
105878
105879
105880
105881
105882
105883
105884
105885
105886
105887
105888
105889
105890
105891
105892
105893
105894
105895
105896
105897
105898
105899
105900
105901
105902
105903
105904
105905
105906
105907
105908
105909
105910
105911
105913
105991
105992
105993
105994
105995
105996
105997
105998
105999
106000
106001
106002
106003
106004
106005
106006
106007
106008
106009
106010
106011
106012
106013
106014
106015
106016
106017
106018
106019
106020
106021
106022
106023
106024
106025
106026
106027
106028
106029
106030
106032
106110
106111
106112
106113
106114
106115
106116
106117
106118
106119
106120
106121
106122
106123
106124
106125
106126
106127
106128
106129
106130
106131
106132
106133
106134
106135
106136
106137
106138
106139
106140
106141
106142
106143
106144
106145
106146
106147
106148
106149
106151
106229
106230
106231
106232
106233
106234
106235
106236
106237
106238
106239
106240
106241
106242
106243
106244
106245
106246
106247
106248
106249
106250
106251
106252
106253
106254
106255
106256
106257
106258
106259
106260
106261
106262
106263
106264
106265
106266
106267
106268
106270
106348
106349
106350
106351
106352
106353
106354
106355
106356
106357
106358
106359
106360
106361
106362
106363
106364
106365
106366
106367
106368
106369
106370
106371
106372
106373
106374
106375
106376
106377
106378
106379
106380
106381
106382
106383
106384
106385
106386
106387
106389
106467
106468
106469
106470
106471
106472
106473
106474
106475
106476
106477
106478
106479
106480
106481
106482
106483
106484
106485
106486
106487
106488
106489
106490
106491
106492
106493
106494
106495
106496
106497
106498
106499
106500
106501
106502
106503
106504
106505
106506
106508
106586
106587
106588
106589
106590
106591
106592
106593
106594
106595
106596
106597
106598
106599
106600
106601
106602
106603
106604
106605
106606
106607
106608
106609
106610
106611
106612
106613
106614
106615
106616
106617
106618
106619
106620
106621
106622
106623
106624
106625
106627
106705
106706
106707
106708
106709
106710
106711
106712
106713
106714
106715
106716
106717
106718
106719
106720
106721
106722
106723
106724
106725
106726
106727
106728
106729
106730
106731
106732
106733
106734
106735
106736
106737
106738
106739
106740
106741
106742
106743
106744
106746
106824
106825
106826
106827
106828
106829
106830
106831
106832
106833
106834
106835
106836
106837
106838
106839
106840
106841
106842
106843
106844
106845
106846
106847
106848
106849
106850
106851
106852
106853
106854
106855
106856
106857
106858
106859
106860
106861
106862
106863
106865
106943
106944
106945
106946
106947
106948
106949
106950
106951
106952
106953
106954
106955
106956
106957
106958
106959
106960
106961
106962
106963
106964
106965
106966
106967
106968
106969
106970
106971
106972
106973
106974
106975
106976
106977
106978
106979
106980
106981
106982
106984
107062
107063
107064
107065
107066
107067
107068
107069
107070
107071
107072
107073
107074
107075
107076
107077
107078
107079
107080
107081
107082
107083
107084
107085
107086
107087
107088
107089
107090
107091
107092
107093
107094
107095
107096
107097
107098
107099
107100
107101
107103
107181
107182
107183
107184
107185
107186
107187
107188
107189
107190
107191
107192
107193
107194
107195
107196
107197
107198
107199
107200
107201
107202
107203
107204
107205
107206
107207
107208
107209
107210
107211
107212
107213
107214
107215
107216
107217
107218
107219
107220
107222
107300
107301
107302
107303
107304
107305
107306
107307
107308
107309
107310
107311
107312
107313
107314
107315
107316
107317
107318
107319
107320
107321
107322
107323
107324
107325
107326
107327
107328
107329
107330
107331
107332
107333
107334
107335
107336
107337
107338
107339
107341
107419
107420
107421
107422
107423
107424
107425
107426
107427
107428
107429
107430
107431
107432
107433
107434
107435
107436
107437
107438
107439
107440
107441
107442
107443
107444
107445
107446
107447
107448
107449
107450
107451
107452
107453
107454
107455
107456
107457
107458
107460
107538
107539
107540
107541
107542
107543
107544
107545
107546
107547
107548
107549
107550
107551
107552
107553
107554
107555
107556
107557
107558
107559
107560
107561
107562
107563
107564
107565
107566
107567
107568
107569
107570
107571
107572
107573
107574
107575
107576
107577
107579
107657
107658
107659
107660
107661
107662
107663
107664
107665
107666
107667
107668
107669
107670
107671
107672
107673
107674
107675
107676
107677
107678
107679
107680
107681
107682
107683
107684
107685
107686
107687
107688
107689
107690
107691
107692
107693
107694
107695
107696
107698
107776
107777
107778
107779
107780
107781
107782
107783
107784
107785
107786
107787
107788
107789
107790
107791
107792
107793
107794
107795
107796
107797
107798
107799
107800
107801
107802
107803
107804
107805
107806
107807
107808
107809
107810
107811
107812
107813
107814
107815
107817
107895
107896
107897
107898
107899
107900
107901
107902
107903
107904
107905
107906
107907
107908
107909
107910
107911
107912
107913
107914
107915
107916
107917
107918
107919
107920
107921
107922
107923
107924
107925
107926
107927
107928
107929
107930
107931
107932
107933
107934
107936
108014
108015
108016
108017
108018
108019
108020
108021
108022
108023
108024
108025
108026
108027
108028
108029
108030
108031
108032
108033
108034
108035
108036
108037
108038
108039
108040
108041
108042
108043
108044
108045
108046
108047
108048
108049
108050
108051
108052
108053
108055
108133
108134
108135
108136
108137
108138
108139
108140
108141
108142
108143
108144
108145
108146
108147
108148
108149
108150
108151
108152
108153
108154
108155
108156
108157
108158
108159
108160
108161
108162
108163
108164
108165
108166
108167
108168
108169
108170
108171
108172
108174
108252
108253
108254
108255
108256
108257
108258
108259
108260
108261
108262
108263
108264
108265
108266
108267
108268
108269
108270
108271
108272
108273
108274
108275
108276
108277
108278
108279
108280
108281
108282
108283
108284
108285
108286
108287
108288
108289
108290
108291
108293
108371
108372
108373
108374
108375
108376
108377
108378
108379
108380
108381
108382
108383
108384
108385
108386
108387
108388
108389
108390
108391
108392
108393
108394
108395
108396
108397
108398
108399
108400
108401
108402
108403
108404
108405
108406
108407
108408
108409
108410
108412
108490
108491
108492
108493
108494
108495
108496
108497
108498
108499
108500
108501
108502
108503
108504
108505
108506
108507
108508
108509
108510
108511
108512
108513
108514
108515
108516
108517
108518
108519
108520
108521
108522
108523
108524
108525
108526
108527
108528
108529
108531
108609
108610
108611
108612
108613
108614
108615
108616
108617
108618
108619
108620
108621
108622
108623
108624
108625
108626
108627
108628
108629
108630
108631
108632
108633
108634
108635
108636
108637
108638
108639
108640
108641
108642
108643
108644
108645
108646
108647
108648
108650
108728
108729
108730
108731
108732
108733
108734
108735
108736
108737
108738
108739
108740
108741
108742
108743
108744
108745
108746
108747
108748
108749
108750
108751
108752
108753
108754
108755
108756
108757
108758
108759
108760
108761
108762
108763
108764
108765
108766
108767
108769
108847
108848
108849
108850
108851
108852
108853
108854
108855
108856
108857
108858
108859
108860
108861
108862
108863
108864
108865
108866
108867
108868
108869
108870
108871
108872
108873
108874
108875
108876
108877
108878
108879
108880
108881
108882
108883
108884
108885
108886
108888
108966
108967
108968
108969
108970
108971
108972
108973
108974
108975
108976
108977
108978
108979
108980
108981
108982
108983
108984
108985
108986
108987
108988
108989
108990
108991
108992
108993
108994
108995
108996
108997
108998
108999
109000
109001
109002
109003
109004
109005
109007
109085
109086
109087
109088
109089
109090
109091
109092
109093
109094
109095
109096
109097
109098
109099
109100
109101
109102
109103
109104
109105
109106
109107
109108
109109
109110
109111
109112
109113
109114
109115
109116
109117
109118
109119
109120
109121
109122
109123
109124
109126
109204
109205
109206
109207
109208
109209
109210
109211
109212
109213
109214
109215
109216
109217
109218
109219
109220
109221
109222
109223
109224
109225
109226
109227
109228
109229
109230
109231
109232
109233
109234
109235
109236
109237
109238
109239
109240
109241
109242
109243
109245
109323
109324
109325
109326
109327
109328
109329
109330
109331
109332
109333
109334
109335
109336
109337
109338
109339
109340
109341
109342
109343
109344
109345
109346
109347
109348
109349
109350
109351
109352
109353
109354
109355
109356
109357
109358
109359
109360
109361
109362
109364
109442
109443
109444
109445
109446
109447
109448
109449
109450
109451
109452
109453
109454
109455
109456
109457
109458
109459
109460
109461
109462
109463
109464
109465
109466
109467
109468
109469
109470
109471
109472
109473
109474
109475
109476
109477
109478
109479
109480
109481
109483
109561
109562
109563
109564
109565
109566
109567
109568
109569
109570
109571
109572
109573
109574
109575
109576
109577
109578
109579
109580
109581
109582
109583
109584
109585
109586
109587
109588
109589
109590
109591
109592
109593
109594
109595
109596
109597
109598
109599
109600
109602
109680
109681
109682
109683
109684
109685
109686
109687
109688
109689
109690
109691
109692
109693
109694
109695
109696
109697
109698
109699
109700
109701
109702
109703
109704
109705
109706
109707
109708
109709
109710
109711
109712
109713
109714
109715
109716
109717
109718
109719
109721
109799
109800
109801
109802
109803
109804
109805
109806
109807
109808
109809
109810
109811
109812
109813
109814
109815
109816
109817
109818
109819
109820
109821
109822
109823
109824
109825
109826
109827
109828
109829
109830
109831
109832
109833
109834
109835
109836
109837
109838
109840
109918
109919
109920
109921
109922
109923
109924
109925
109926
109927
109928
109929
109930
109931
109932
109933
109934
109935
109936
109937
109938
109939
109940
109941
109942
109943
109944
109945
109946
109947
109948
109949
109950
109951
109952
109953
109954
109955
109956
109957
109959
110037
110038
110039
110040
110041
110042
110043
110044
110045
110046
110047
110048
110049
110050
110051
110052
110053
110054
110055
110056
110057
110058
110059
110060
110061
110062
110063
110064
110065
110066
110067
110068
110069
110070
110071
110072
110073
110074
110075
110076
110078
110139
110140
110141
110142
110143
110144
110145
110146
110147
110148
110149
110150
110151
110152
110153
110154
110155
110156
110157
110158
209301
209302
209303
209304
209305
209306
209307
209308
209309
209310
209311
209312
209313
209314
209315
209316
209317
209318
209319
209320
209321
209322
209323
209324
209325
209326
209327
209328
209329
209330
209331
209332
209333
209334
209335
209336
209337
209338
209339
209340
209341
209342
209343
209344
209345
209346
209347
209348
209349
209350
209351
209352
209353
209354
209355
209356
209357
209358
209359
209360
209361
209362
209363
209364
209365
209366
209367
209421
209422
209423
209424
209425
209426
209427
209428
209429
209430
209431
209432
209433
209434
209435
209436
209437
209438
209439
209440
209441
209442
209443
209444
209445
209446
209447
209448
209449
209450
209451
209452
209453
209454
209455
209456
209457
209458
209459
209460
209461
209462
209463
209464
209465
209466
209467
209468
209469
209470
209471
209472
209473
209474
209475
209476
209477
209478
209479
209480
209481
209482
209483
209484
209485
209486
209487
209541
209542
209543
209544
209545
209546
209547
209548
209549
209550
209551
209552
209553
209554
209555
209556
209557
209558
209559
209560
209561
209562
209563
209564
209565
209566
209567
209568
209569
209570
209571
209572
209573
209574
209575
209576
209577
209578
209579
209580
209581
209582
209583
209584
209585
209586
209587
209588
209589
209590
209591
209592
209593
209594
209595
209596
209597
209598
209599
209600
209601
209602
209603
209604
209605
209606
209607
209661
209662
209663
209664
209665
209666
209667
209668
209669
209670
209671
209672
209673
209674
209675
209676
209677
209678
209679
209680
209681
209682
209683
209684
209685
209686
209687
209688
209689
209690
209691
209692
209693
209694
209695
209696
209697
209698
209699
209700
209701
209702
209703
209704
209705
209706
209707
209708
209709
209710
209711
209712
209713
209714
209715
209716
209717
209718
209719
209720
209721
209722
209723
209724
209725
209726
209727
209781
209782
209783
209784
209785
209786
209787
209788
209789
209790
209791
209792
209793
209794
209795
209796
209797
209798
209799
209800
209801
209802
209803
209804
209805
209806
209807
209808
209809
209810
209811
209812
209813
209814
209815
209816
209817
209818
209819
209820
209821
209822
209823
209824
209825
209826
209827
209828
209829
209830
209831
209832
209833
209834
209835
209836
209837
209838
209839
209840
209841
209842
209843
209844
209845
209846
209847
209901
209902
209903
209904
209905
209906
209907
209908
209909
209910
209911
209912
209913
209914
209915
209916
209917
209918
209919
209920
209921
209922
209923
209924
209925
209926
209927
209928
209929
209930
209931
209932
209933
209934
209935
209936
209937
209938
209939
209940
209941
209942
209943
209944
209945
209946
209947
209948
209949
209950
209951
209952
209953
209954
209955
209956
209957
209958
209959
209960
209961
209962
209963
209964
209965
209966
209967
210021
210022
210023
210024
210025
210026
210027
210028
210029
210030
210031
210032
210033
210034
210035
210036
210037
210038
210039
210040
210041
210042
210043
210044
210045
210046
210047
210048
210049
210050
210051
210052
210053
210054
210055
210056
210057
210058
210059
210060
210061
210062
210063
210064
210065
210066
210067
210068
210069
210070
210071
210072
210073
210074
210075
210076
210077
210078
210079
210080
210081
210082
210083
210084
210085
210086
210087
210141
210142
210143
210144
210145
210146
210147
210148
210149
210150
210151
210152
210153
210154
210155
210156
210157
210158
210159
210160
210161
210162
210163
210164
210165
210166
210167
210168
210169
210170
210171
210172
210173
210174
210175
210176
210177
210178
210179
210180
210181
210182
210183
210184
210185
210186
210187
210188
210189
210190
210191
210192
210193
210194
210195
210196
210197
210198
210199
210200
210201
210202
210203
210204
210205
210206
210207
210261
210262
210263
210264
210265
210266
210267
210268
210269
210270
210271
210272
210273
210274
210275
210276
210277
210278
210279
210280
210281
210282
210283
210284
210285
210286
210287
210288
210289
210290
210291
210292
210293
210294
210295
210296
210297
210298
210299
210300
210301
210302
210303
210304
210305
210306
210307
210308
210309
210310
210311
210312
210313
210314
210315
210316
210317
210318
210319
210320
210321
210322
210323
210324
210325
210326
210327
210381
210382
210383
210384
210385
210386
210387
210388
210389
210390
210391
210392
210393
210394
210395
210396
210397
210398
210399
210400
210401
210402
210403
210404
210405
210406
210407
210408
210409
210410
210411
210412
210413
210414
210415
210416
210417
210418
210419
210420
210421
210422
210423
210424
210425
210426
210427
210428
210429
210430
210431
210432
210433
210434
210435
210436
210437
210438
210439
210440
210441
210442
210443
210444
210445
210446
210447
210501
210502
210503
210504
210505
210506
210507
210508
210509
210510
210511
210512
210513
210514
210515
210516
210517
210518
210519
210520
210521
210522
210523
210524
210525
210526
210527
210528
210529
210530
210531
210532
210533
210534
210535
210536
210537
210538
210539
210540
210541
210542
210543
210544
210545
210546
210547
210548
210549
210550
210551
210552
210553
210554
210555
210556
210557
210558
210559
210560
210561
210562
210563
210564
210565
210566
210567
210621
210622
210623
210624
210625
210626
210627
210628
210629
210630
210631
210632
210633
210634
210635
210636
210637
210638
210639
210640
210641
210642
210643
210644
210645
210646
210647
210648
210649
210650
210651
210652
210653
210654
210655
210656
210657
210658
210659
210660
210661
210662
210663
210664
210665
210666
210667
210668
210669
210670
210671
210672
210673
210674
210675
210676
210677
210678
210679
210680
210681
210682
210683
210684
210685
210686
210687
210741
210742
210743
210744
210745
210746
210747
210748
210749
210750
210751
210752
210753
210754
210755
210756
210757
210758
210759
210760
210761
210762
210763
210764
210765
210766
210767
210768
210769
210770
210771
210772
210773
210774
210775
210776
210777
210778
210779
210780
210781
210782
210783
210784
210785
210786
210787
210788
210789
210790
210791
210792
210793
210794
210795
210796
210797
210798
210799
210800
210801
210802
210803
210804
210805
210806
210807
210861
210862
210863
210864
210865
210866
210867
210868
210869
210870
210871
210872
210873
210874
210875
210876
210877
210878
210879
210880
210881
210882
210883
210884
210885
210886
210887
210888
210889
210890
210891
210892
210893
210894
210895
210896
210897
210898
210899
210900
210901
210902
210903
210904
210905
210906
210907
210908
210909
210910
210911
210912
210913
210914
210915
210916
210917
210918
210919
210920
210921
210922
210923
210924
210925
210926
210927
210981
210982
210983
210984
210985
210986
210987
210988
210989
210990
210991
210992
210993
210994
210995
210996
210997
210998
210999
211000
211001
211002
211003
211004
211005
211006
211007
211008
211009
211010
211011
211012
211013
211014
211015
211016
211017
211018
211019
211020
211021
211022
211023
211024
211025
211026
211027
211028
211029
211030
211031
211032
211033
211034
211035
211036
211037
211038
211039
211040
211041
211042
211043
211044
211045
211046
211047
211101
211102
211103
211104
211105
211106
211107
211108
211109
211110
211111
211112
211113
211114
211115
211116
211117
211118
211119
211120
211121
211122
211123
211124
211125
211126
211127
211128
211129
211130
211131
211132
211133
211134
211135
211136
211137
211138
211139
211140
211141
211142
211143
211144
211145
211146
211147
211148
211149
211150
211151
211152
211153
211154
211155
211156
211157
211158
211159
211160
211161
211162
211163
211164
211165
211166
211167
211221
211222
211223
211224
211225
211226
211227
211228
211229
211230
211231
211232
211233
211234
211235
211236
211237
211238
211239
211240
211241
211242
211243
211244
211245
211246
211247
211248
211249
211250
211251
211252
211253
211254
211255
211256
211257
211258
211259
211260
211261
211262
211263
211264
211265
211266
211267
211268
211269
211270
211271
211272
211273
211274
211275
211276
211277
211278
211279
211280
211281
211282
211283
211284
211285
211286
211287
211341
211342
211343
211344
211345
211346
211347
211348
211349
211350
211351
211352
211353
211354
211355
211356
211357
211358
211359
211360
211361
211362
211363
211364
211365
211366
211367
211368
211369
211370
211371
211372
211373
211374
211375
211376
211377
211378
211379
211380
211381
211382
211383
211384
211385
211386
211387
211388
211389
211390
211391
211392
211393
211394
211395
211396
211397
211398
211399
211400
211401
211402
211403
211404
211405
211406
211407
211461
211462
211463
211464
211465
211466
211467
211468
211469
211470
211471
211472
211473
211474
211475
211476
211477
211478
211479
211480
211481
211482
211483
211484
211485
211486
211487
211488
211489
211490
211491
211492
211493
211494
211495
211496
211497
211498
211499
211500
211501
211502
211503
211504
211505
211506
211507
211508
211509
211510
211511
211512
211513
211514
211515
211516
211517
211518
211519
211520
211521
211522
211523
211524
211525
211526
211581
211582
211583
211584
211585
211586
211587
211588
211589
211590
211591
211592
211593
211594
211595
211596
211597
211598
211599
211600
211601
211602
211603
211604
211605
211606
211607
211608
211609
211610
211611
211612
211613
211614
211615
211616
211617
211618
211619
211620
211621
211622
211623
211624
211625
211626
211627
211628
211629
211630
211631
211632
211633
211634
211635
211636
211637
211638
211639
211640
211641
211642
211643
211644
211645
211646
211701
211702
211703
211704
211705
211706
211707
211708
211709
211710
211711
211712
211713
211714
211715
211716
211717
211718
211719
211720
211721
211722
211723
211724
211725
211726
211727
211728
211729
211730
211731
211732
211733
211734
211735
211736
211737
211738
211739
211740
211741
211742
211743
211744
211745
211746
211747
211748
211749
211750
211751
211752
211753
211754
211755
211756
211757
211758
211759
211760
211761
211762
211763
211764
211765
211766
211881
211882
211883
211884
211885
211886
216501
216502
216503
216504
216505
216506
216507
216508
216509
216510
216511
216512
216513
216514
216515
216516
216517
216518
216519
216520
216521
216522
216523
216524
216525
216526
216527
216528
216529
216530
216531
216532
216533
216534
216535
216536
216537
216538
216539
216540
216541
216542
216543
216544
216545
216546
216547
216548
216549
216550
216551
216552
216553
216554
216555
216556
216557
216558
216559
216560
216561
216562
216563
216564
216565
216566
216567
216621
216622
216623
216624
216625
216626
216627
216628
216629
216630
216631
216632
216633
216634
216635
216636
216637
216638
216639
216640
216641
216642
216643
216644
216645
216646
216647
216648
216649
216650
216651
216652
216653
216654
216655
216656
216657
216658
216659
216660
216661
216662
216663
216664
216665
216666
216667
216668
216669
216670
216671
216672
216673
216674
216675
216676
216677
216678
216679
216680
216681
216682
216683
216684
216685
216686
216687
216741
216742
216743
216744
216745
216746
216747
216748
216749
216750
216751
216752
216753
216754
216755
216756
216757
216758
216759
216760
216761
216762
216763
216764
216765
216766
216767
216768
216769
216770
216771
216772
216773
216774
216775
216776
216777
216778
216779
216780
216781
216782
216783
216784
216785
216786
216787
216788
216789
216790
216791
216792
216793
216794
216795
216796
216797
216798
216799
216800
216801
216802
216803
216804
216805
216806
216807
216861
216862
216863
216864
216865
216866
216867
216868
216869
216870
216871
216872
216873
216874
216875
216876
216877
216878
216879
216880
216881
216882
216883
216884
216885
216886
216887
216888
216889
216890
216891
216892
216893
216894
216895
216896
216897
216898
216899
216900
216901
216902
216903
216904
216905
216906
216907
216908
216909
216910
216911
216912
216913
216914
216915
216916
216917
216918
216919
216920
216921
216922
216923
216924
216925
216926
216927
216981
216982
216983
216984
216985
216986
216987
216988
216989
216990
216991
216992
216993
216994
216995
216996
216997
216998
216999
217000
217001
217002
217003
217004
217005
217006
217007
217008
217009
217010
217011
217012
217013
217014
217015
217016
217017
217018
217019
217020
217021
217022
217023
217024
217025
217026
217027
217028
217029
217030
217031
217032
217033
217034
217035
217036
217037
217038
217039
217040
217041
217042
217043
217044
217045
217046
217047
217101
217102
217103
217104
217105
217106
217107
217108
217109
217110
217111
217112
217113
217114
217115
217116
217117
217118
217119
217120
217121
217122
217123
217124
217125
217126
217127
217128
217129
217130
217131
217132
217133
217134
217135
217136
217137
217138
217139
217140
217141
217142
217143
217144
217145
217146
217147
217148
217149
217150
217151
217152
217153
217154
217155
217156
217157
217158
217159
217160
217161
217162
217163
217164
217165
217166
217167
217221
217222
217223
217224
217225
217226
217227
217228
217229
217230
217231
217232
217233
217234
217235
217236
217237
217238
217239
217240
217241
217242
217243
217244
217245
217246
217247
217248
217249
217250
217251
217252
217253
217254
217255
217256
217257
217258
217259
217260
217261
217262
217263
217264
217265
217266
217267
217268
217269
217270
217271
217272
217273
217274
217275
217276
217277
217278
217279
217280
217281
217282
217283
217284
217285
217286
217287
217341
217342
217343
217344
217345
217346
217347
217348
217349
217350
217351
217352
217353
217354
217355
217356
217357
217358
217359
217360
217361
217362
217363
217364
217365
217366
217367
217368
217369
217370
217371
217372
217373
217374
217375
217376
217377
217378
217379
217380
217381
217382
217383
217384
217385
217386
217387
217388
217389
217390
217391
217392
217393
217394
217395
217396
217397
217398
217399
217400
217401
217402
217403
217404
217405
217406
217407
217461
217462
217463
217464
217465
217466
217467
217468
217469
217470
217471
217472
217473
217474
217475
217476
217477
217478
217479
217480
217481
217482
217483
217484
217485
217486
217487
217488
217489
217490
217491
217492
217493
217494
217495
217496
217497
217498
217499
217500
217501
217502
217503
217504
217505
217506
217507
217508
217509
217510
217511
217512
217513
217514
217515
217516
217517
217518
217519
217520
217521
217522
217523
217524
217525
217526
217527
217581
217582
217583
217584
217585
217586
217587
217588
217589
217590
217591
217592
217593
217594
217595
217596
217597
217598
217599
217600
217601
217602
217603
217604
217605
217606
217607
217608
217609
217610
217611
217612
217613
217614
217615
217616
217617
217618
217619
217620
217621
217622
217623
217624
217625
217626
217627
217628
217629
217630
217631
217632
217633
217634
217635
217636
217637
217638
217639
217640
217641
217642
217643
217644
217645
217646
217647
217701
217702
217703
217704
217705
217706
217707
217708
217709
217710
217711
217712
217713
217714
217715
217716
217717
217718
217719
217720
217721
217722
217723
217724
217725
217726
217727
217728
217729
217730
217731
217732
217733
217734
217735
217736
217737
217738
217739
217740
217741
217742
217743
217744
217745
217746
217747
217748
217749
217750
217751
217752
217753
217754
217755
217756
217757
217758
217759
217760
217761
217762
217763
217764
217765
217766
217767
217821
217822
217823
217824
217825
217826
217827
217828
217829
217830
217831
217832
217833
217834
217835
217836
217837
217838
217839
217840
217841
217842
217843
217844
217845
217846
217847
217848
217849
217850
217851
217852
217853
217854
217855
217856
217857
217858
217859
217860
217861
217862
217863
217864
217865
217866
217867
217868
217869
217870
217871
217872
217873
217874
217875
217876
217877
217878
217879
217880
217881
217882
217883
217884
217885
217886
217887
217941
217942
217943
217944
217945
217946
217947
217948
217949
217950
217951
217952
217953
217954
217955
217956
217957
217958
217959
217960
217961
217962
217963
217964
217965
217966
217967
217968
217969
217970
217971
217972
217973
217974
217975
217976
217977
217978
217979
217980
217981
217982
217983
217984
217985
217986
217987
217988
217989
217990
217991
217992
217993
217994
217995
217996
217997
217998
217999
218000
218001
218002
218003
218004
218005
218006
218007
218061
218062
218063
218064
218065
218066
218067
218068
218069
218070
218071
218072
218073
218074
218075
218076
218077
218078
218079
218080
218081
218082
218083
218084
218085
218086
218087
218088
218089
218090
218091
218092
218093
218094
218095
218096
218097
218098
218099
218100
218101
218102
218103
218104
218105
218106
218107
218108
218109
218110
218111
218112
218113
218114
218115
218116
218117
218118
218119
218120
218121
218122
218123
218124
218125
218126
218127
218181
218182
218183
218184
218185
218186
218187
218188
218189
218190
218191
218192
218193
218194
218195
218196
218197
218198
218199
218200
218201
218202
218203
218204
218205
218206
218207
218208
218209
218210
218211
218212
218213
218214
218215
218216
218217
218218
218219
218220
218221
218222
218223
218224
218225
218226
218227
218228
218229
218230
218231
218232
218233
218234
218235
218236
218237
218238
218239
218240
218241
218242
218243
218244
218245
218246
218247
218301
218302
218303
218304
218305
218306
218307
218308
218309
218310
218311
218312
218313
218314
218315
218316
218317
218318
218319
218320
218321
218322
218323
218324
218325
218326
218327
218328
218329
218330
218331
218332
218333
218334
218335
218336
218337
218338
218339
218340
218341
218342
218343
218344
218345
218346
218347
218348
218349
218350
218351
218352
218353
218354
218355
218356
218357
218358
218359
218360
218361
218362
218363
218364
218365
218366
218367
218421
218422
218423
218424
218425
218426
218427
218428
218429
218430
218431
218432
218433
218434
218435
218436
218437
218438
218439
218440
218441
218442
218443
218444
218445
218446
218447
218448
218449
218450
218451
218452
218453
218454
218455
218456
218457
218458
218459
218460
218461
218462
218463
218464
218465
218466
218467
218468
218469
218470
218471
218472
218473
218474
218475
218476
218477
218478
218479
218480
218481
218482
218483
218484
218485
218486
218487
218541
218542
218543
218544
218545
218546
218547
218548
218549
218550
218551
218552
218553
218554
218555
218556
218557
218558
218559
218560
218561
218562
218563
218564
218565
218566
218567
218568
218569
218570
218571
218572
218573
218574
218575
218576
218577
218578
218579
218580
218581
218582
218583
218584
218585
218586
218587
218588
218589
218590
218591
218592
218593
218594
218595
218596
218597
218598
218599
218600
218601
218602
218603
218604
218605
218606
218607
218661
218662
218663
218664
218665
218666
218667
218668
218669
218670
218671
218672
218673
218674
218675
218676
218677
218678
218679
218680
218681
218682
218683
218684
218685
218686
218687
218688
218689
218690
218691
218692
218693
218694
218695
218696
218697
218698
218699
218700
218701
218702
218703
218704
218705
218706
218707
218708
218709
218710
218711
218712
218713
218714
218715
218716
218717
218718
218719
218720
218721
218722
218723
218724
218725
218726
218781
218782
218783
218784
218785
218786
218787
218788
218789
218790
218791
218792
218793
218794
218795
218796
218797
218798
218799
218800
218801
218802
218803
218804
218805
218806
218807
218808
218809
218810
218811
218812
218813
218814
218815
218816
218817
218818
218819
218820
218821
218822
218823
218824
218825
218826
218827
218828
218829
218830
218831
218832
218833
218834
218835
218836
218837
218838
218839
218840
218841
218842
218843
218844
218845
218846
218901
218902
218903
218904
218905
218906
218907
218908
218909
218910
218911
218912
218913
218914
218915
218916
218917
218918
218919
218920
218921
218922
218923
218924
218925
218926
218927
218928
218929
218930
218931
218932
218933
218934
218935
218936
218937
218938
218939
218940
218941
218942
218943
218944
218945
218946
218947
218948
218949
218950
218951
218952
218953
218954
218955
218956
218957
218958
218959
218960
218961
218962
218963
218964
218965
218966
219081
219082
219083
219084
219085
219086
305335
305336
305337
305338
305339
305340
305341
305342
305343
305344
305345
305346
305347
305348
305349
305350
305351
305352
305353
305354
305355
305356
305357
305358
305359
305360
305361
305362
305363
305364
305365
305366
305367
305368
305369
305370
305371
305372
305373
305374
305375
305376
305377
305378
305379
305380
305381
305382
305383
305384
305385
305386
305387
305388
305389
305390
305391
305392
305393
305394
305395
305396
305397
305398
305399
305400
305401
305402
305403
305404
305405
305406
305407
305408
305409
305410
305411
305412
305413
305414
305415
305416
305417
305418
305419
305420
305455
305456
305457
305458
305459
305460
305461
305462
305463
305464
305465
305466
305467
305468
305469
305470
305471
305472
305473
305474
305475
305476
305477
305478
305479
305480
305481
305482
305483
305484
305485
305486
305487
305488
305489
305490
305491
305492
305493
305494
305495
305496
305497
305498
305499
305500
305501
305502
305503
305504
305505
305506
305507
305508
305509
305510
305511
305512
305513
305514
305515
305516
305517
305518
305519
305520
305521
305522
305523
305524
305525
305526
305527
305528
305529
305530
305531
305532
305533
305534
305535
305536
305537
305538
305539
305540
305575
305576
305577
305578
305579
305580
305581
305582
305583
305584
305585
305586
305587
305588
305589
305590
305591
305592
305593
305594
305595
305596
305597
305598
305599
305600
305601
305602
305603
305604
305605
305606
305607
305608
305609
305610
305611
305612
305613
305614
305615
305616
305617
305618
305619
305620
305621
305622
305623
305624
305625
305626
305627
305628
305629
305630
305631
305632
305633
305634
305635
305636
305637
305638
305639
305640
305641
305642
305643
305644
305645
305646
305647
305648
305649
305650
305651
305652
305653
305654
305655
305656
305657
305658
305659
305660
305695
305696
305697
305698
305699
305700
305701
305702
305703
305704
305705
305706
305707
305708
305709
305710
305711
305712
305713
305714
305715
305716
305717
305718
305719
305720
305721
305722
305723
305724
305725
305726
305727
305728
305729
305730
305731
305732
305733
305734
305735
305736
305737
305738
305739
305740
305741
305742
305743
305744
305745
305746
305747
305748
305749
305750
305751
305752
305753
305754
305755
305756
305757
305758
305759
305760
305761
305762
305763
305764
305765
305766
305767
305768
305769
305770
305771
305772
305773
305774
305775
305776
305777
305778
305779
305780
305815
305816
305817
305818
305819
305820
305821
305822
305823
305824
305825
305826
305827
305828
305829
305830
305831
305832
305833
305834
305835
305836
305837
305838
305839
305840
305841
305842
305843
305844
305845
305846
305847
305848
305849
305850
305851
305852
305853
305854
305855
305856
305857
305858
305859
305860
305861
305862
305863
305864
305865
305866
305867
305868
305869
305870
305871
305872
305873
305874
305875
305876
305877
305878
305879
305880
305881
305882
305883
305884
305885
305886
305887
305888
305889
305890
305891
305892
305893
305894
305895
305896
305897
305898
305899
305900
305935
305936
305937
305938
305939
305940
305941
305942
305943
305944
305945
305946
305947
305948
305949
305950
305951
305952
305953
305954
305955
305956
305957
305958
305959
305960
305961
305962
305963
305964
305965
305966
305967
305968
305969
305970
305971
305972
305973
305974
305975
305976
305977
305978
305979
305980
305981
305982
305983
305984
305985
305986
305987
305988
305989
305990
305991
305992
305993
305994
305995
305996
305997
305998
305999
306000
306001
306002
306003
306004
306005
306006
306007
306008
306009
306010
306011
306012
306013
306014
306015
306016
306017
306018
306019
306020
306055
306056
306057
306058
306059
306060
306061
306062
306063
306064
306065
306066
306067
306068
306069
306070
306071
306072
306073
306074
306075
306076
306077
306078
306079
306080
306081
306082
306083
306084
306085
306086
306087
306088
306089
306090
306091
306092
306093
306094
306095
306096
306097
306098
306099
306100
306101
306102
306103
306104
306105
306106
306107
306108
306109
306110
306111
306112
306113
306114
306115
306116
306117
306118
306119
306120
306121
306122
306123
306124
306125
306126
306127
306128
306129
306130
306131
306132
306133
306134
306135
306136
306137
306138
306139
306140
306175
306176
306177
306178
306179
306180
306181
306182
306183
306184
306185
306186
306187
306188
306189
306190
306191
306192
306193
306194
306195
306196
306197
306198
306199
306200
306201
306202
306203
306204
306205
306206
306207
306208
306209
306210
306211
306212
306213
306214
306215
306216
306217
306218
306219
306220
306221
306222
306223
306224
306225
306226
306227
306228
306229
306230
306231
306232
306233
306234
306235
306236
306237
306238
306239
306240
306241
306242
306243
306244
306245
306246
306247
306248
306249
306250
306251
306252
306253
306254
306255
306256
306257
306258
306259
306260
306295
306296
306297
306298
306299
306300
306301
306302
306303
306304
306305
306306
306307
306308
306309
306310
306311
306312
306313
306314
306315
306316
306317
306318
306319
306320
306321
306322
306323
306324
306325
306326
306327
306328
306329
306330
306331
306332
306333
306334
306335
306336
306337
306338
306339
306340
306341
306342
306343
306344
306345
306346
306347
306348
306349
306350
306351
306352
306353
306354
306355
306356
306357
306358
306359
306360
306361
306362
306363
306364
306365
306366
306367
306368
306369
306370
306371
306372
306373
306374
306375
306376
306377
306378
306379
306380
306415
306416
306417
306418
306419
306420
306421
306422
306423
306424
306425
306426
306427
306428
306429
306430
306431
306432
306433
306434
306435
306436
306437
306438
306439
306440
306441
306442
306443
306444
306445
306446
306447
306448
306449
306450
306451
306452
306453
306454
306455
306456
306457
306458
306459
306460
306461
306462
306463
306464
306465
306466
306467
306468
306469
306470
306471
306472
306473
306474
306475
306476
306477
306478
306479
306480
306481
306482
306483
306484
306485
306486
306487
306488
306489
306490
306491
306492
306493
306494
306495
306496
306497
306498
306499
306500
306535
306536
306537
306538
306539
306540
306541
306542
306543
306544
306545
306546
306547
306548
306549
306550
306551
306552
306553
306554
306555
306556
306557
306558
306559
306560
306561
306562
306563
306564
306565
306566
306567
306568
306569
306570
306571
306572
306573
306574
306575
306576
306577
306578
306579
306580
306581
306582
306583
306584
306585
306586
306587
306588
306589
306590
306591
306592
306593
306594
306595
306596
306597
306598
306599
306600
306601
306602
306603
306604
306605
306606
306607
306608
306609
306610
306611
306612
306613
306614
306615
306616
306617
306618
306619
306620
306655
306656
306657
306658
306659
306660
306661
306662
306663
306664
306665
306666
306667
306668
306669
306670
306671
306672
306673
306674
306675
306676
306677
306678
306679
306680
306681
306682
306683
306684
306685
306686
306687
306688
306689
306690
306691
306692
306693
306694
306695
306696
306697
306698
306699
306700
306701
306702
306703
306704
306705
306706
306707
306708
306709
306710
306711
306712
306713
306714
306715
306716
306717
306718
306719
306720
306721
306722
306723
306724
306725
306726
306727
306728
306729
306730
306731
306732
306733
306734
306735
306736
306737
306738
306739
306740
306774
306775
306776
306777
306778
306779
306780
306781
306782
306783
306784
306785
306786
306787
306788
306789
306790
306791
306792
306793
306794
306795
306796
306797
306798
306799
306800
306801
306802
306803
306804
306805
306806
306807
306808
306809
306810
306811
306812
306813
306814
306815
306816
306817
306818
306819
306820
306821
306822
306823
306824
306825
306826
306827
306828
306829
306830
306831
306832
306833
306834
306835
306836
306837
306838
306839
306840
306841
306842
306843
306844
306845
306846
306847
306848
306849
306850
306851
306852
306853
306854
306855
306856
306857
306858
306859
306860
306894
306895
306896
306897
306898
306899
306900
306901
306902
306903
306904
306905
306906
306907
306908
306909
306910
306911
306912
306913
306914
306915
306916
306917
306918
306919
306920
306921
306922
306923
306924
306925
306926
306927
306928
306929
306930
306931
306932
306933
306934
306935
306936
306937
306938
306939
306940
306941
306942
306943
306944
306945
306946
306947
306948
306949
306950
306951
306952
306953
306954
306955
306956
306957
306958
306959
306960
306961
306962
306963
306964
306965
306966
306967
306968
306969
306970
306971
306972
306973
306974
306975
306976
306977
306978
306979
306980
307014
307015
307016
307017
307018
307019
307020
307021
307022
307023
307024
307025
307026
307027
307028
307029
307030
307031
307032
307033
307034
307035
307036
307037
307038
307039
307040
307041
307042
307043
307044
307045
307046
307047
307048
307049
307050
307051
307052
307053
307054
307055
307056
307057
307058
307059
307060
307061
307062
307063
307064
307065
307066
307067
307068
307069
307070
307071
307072
307073
307074
307075
307076
307077
307078
307079
307080
307081
307082
307083
307084
307085
307086
307087
307088
307089
307090
307091
307092
307093
307094
307095
307096
307097
307098
307099
307100
307134
307135
307136
307137
307138
307139
307140
307141
307142
307143
307144
307145
307146
307147
307148
307149
307150
307151
307152
307153
307154
307155
307156
307157
307158
307159
307160
307161
307162
307163
307164
307165
307166
307167
307168
307169
307170
307171
307172
307173
307174
307175
307176
307177
307178
307179
307180
307181
307182
307183
307184
307185
307186
307187
307188
307189
307190
307191
307192
307193
307194
307195
307196
307197
307198
307199
307200
307201
307202
307203
307204
307205
307206
307207
307208
307209
307210
307211
307212
307213
307214
307215
307216
307217
307218
307219
307220
307254
307255
307256
307257
307258
307259
307260
307261
307262
307263
307264
307265
307266
307267
307268
307269
307270
307271
307272
307273
307274
307275
307276
307277
307278
307279
307280
307281
307282
307283
307284
307285
307286
307287
307288
307289
307290
307291
307292
307293
307294
307295
307296
307297
307298
307299
307300
307301
307302
307303
307304
307305
307306
307307
307308
307309
307310
307311
307312
307313
307314
307315
307316
307317
307318
307319
307320
307321
307322
307323
307324
307325
307326
307327
307328
307329
307330
307331
307332
307333
307334
307335
307336
307337
307338
307339
307340
307374
307375
307376
307377
307378
307379
307380
307381
307382
307383
307384
307385
307386
307387
307388
307389
307390
307391
307392
307393
307394
307395
307396
307397
307398
307399
307400
307401
307402
307403
307404
307405
307406
307407
307408
307409
307410
307411
307412
307413
307414
307415
307416
307417
307418
307419
307420
307421
307422
307423
307424
307425
307426
307427
307428
307429
307430
307431
307432
307433
307434
307435
307436
307437
307438
307439
307440
307441
307442
307443
307444
307445
307446
307447
307448
307449
307450
307451
307452
307453
307454
307455
307456
307457
307458
307459
307460
307494
307495
307496
307497
307498
307499
307500
307501
307502
307503
307504
307505
307506
307507
307508
307509
307510
307511
307512
307513
307514
307515
307516
307517
307518
307519
307520
307521
307522
307523
307524
307525
307526
307527
307528
307529
307530
307531
307532
307533
307534
307535
307536
307537
307538
307539
307540
307541
307542
307543
307544
307545
307546
307547
307548
307549
307550
307551
307552
307553
307554
307555
307556
307557
307558
307559
307560
307561
307562
307563
307564
307565
307566
307567
307568
307569
307570
307571
307572
307573
307574
307575
307576
307577
307578
307579
307580
307614
307615
307616
307617
307618
307619
307620
307621
307622
307623
307624
307625
307626
307627
307628
307629
307630
307631
307632
307633
307634
307635
307636
307637
307638
307639
307640
307641
307642
307643
307644
307645
307646
307647
307648
307649
307650
307651
307652
307653
307654
307655
307656
307657
307658
307659
307660
307661
307662
307663
307664
307665
307666
307667
307668
307669
307670
307671
307672
307673
307674
307675
307676
307677
307678
307679
307680
307681
307682
307683
307684
307685
307686
307687
307688
307689
307690
307691
307692
307693
307694
307695
307696
307697
307698
307699
307700
307734
307735
307736
307737
307738
307739
307740
307741
307742
307743
307744
307745
307746
307747
307748
307749
307750
307751
307752
307753
307754
307755
307756
307757
307758
307759
307760
307761
307762
307763
307764
307765
307766
307767
307768
307769
307770
307771
307772
307773
307774
307775
307776
307777
307778
307779
307780
307781
307782
307783
307784
307785
307786
307787
307788
307789
307790
307791
307792
307793
307794
307795
307796
307797
307798
307799
307800
307801
307802
307803
307804
307805
307806
307807
307808
307809
307810
307811
307812
307813
307814
307815
307816
307817
307818
307819
307820
312535
312536
312537
312538
312539
312540
312541
312542
312543
312544
312545
312546
312547
312548
312549
312550
312551
312552
312553
312554
312555
312556
312557
312558
312559
312560
312561
312562
312563
312564
312565
312566
312567
312568
312569
312570
312571
312572
312573
312574
312575
312576
312577
312578
312579
312580
312581
312582
312583
312584
312585
312586
312587
312588
312589
312590
312591
312592
312593
312594
312595
312596
312597
312598
312599
312600
312601
312602
312603
312604
312605
312606
312607
312608
312609
312610
312611
312612
312613
312614
312615
312616
312617
312618
312619
312620
312655
312656
312657
312658
312659
312660
312661
312662
312663
312664
312665
312666
312667
312668
312669
312670
312671
312672
312673
312674
312675
312676
312677
312678
312679
312680
312681
312682
312683
312684
312685
312686
312687
312688
312689
312690
312691
312692
312693
312694
312695
312696
312697
312698
312699
312700
312701
312702
312703
312704
312705
312706
312707
312708
312709
312710
312711
312712
312713
312714
312715
312716
312717
312718
312719
312720
312721
312722
312723
312724
312725
312726
312727
312728
312729
312730
312731
312732
312733
312734
312735
312736
312737
312738
312739
312740
312775
312776
312777
312778
312779
312780
312781
312782
312783
312784
312785
312786
312787
312788
312789
312790
312791
312792
312793
312794
312795
312796
312797
312798
312799
312800
312801
312802
312803
312804
312805
312806
312807
312808
312809
312810
312811
312812
312813
312814
312815
312816
312817
312818
312819
312820
312821
312822
312823
312824
312825
312826
312827
312828
312829
312830
312831
312832
312833
312834
312835
312836
312837
312838
312839
312840
312841
312842
312843
312844
312845
312846
312847
312848
312849
312850
312851
312852
312853
312854
312855
312856
312857
312858
312859
312860
312895
312896
312897
312898
312899
312900
312901
312902
312903
312904
312905
312906
312907
312908
312909
312910
312911
312912
312913
312914
312915
312916
312917
312918
312919
312920
312921
312922
312923
312924
312925
312926
312927
312928
312929
312930
312931
312932
312933
312934
312935
312936
312937
312938
312939
312940
312941
312942
312943
312944
312945
312946
312947
312948
312949
312950
312951
312952
312953
312954
312955
312956
312957
312958
312959
312960
312961
312962
312963
312964
312965
312966
312967
312968
312969
312970
312971
312972
312973
312974
312975
312976
312977
312978
312979
312980
313015
313016
313017
313018
313019
313020
313021
313022
313023
313024
313025
313026
313027
313028
313029
313030
313031
313032
313033
313034
313035
313036
313037
313038
313039
313040
313041
313042
313043
313044
313045
313046
313047
313048
313049
313050
313051
313052
313053
313054
313055
313056
313057
313058
313059
313060
313061
313062
313063
313064
313065
313066
313067
313068
313069
313070
313071
313072
313073
313074
313075
313076
313077
313078
313079
313080
313081
313082
313083
313084
313085
313086
313087
313088
313089
313090
313091
313092
313093
313094
313095
313096
313097
313098
313099
313100
313135
313136
313137
313138
313139
313140
313141
313142
313143
313144
313145
313146
313147
313148
313149
313150
313151
313152
313153
313154
313155
313156
313157
313158
313159
313160
313161
313162
313163
313164
313165
313166
313167
313168
313169
313170
313171
313172
313173
313174
313175
313176
313177
313178
313179
313180
313181
313182
313183
313184
313185
313186
313187
313188
313189
313190
313191
313192
313193
313194
313195
313196
313197
313198
313199
313200
313201
313202
313203
313204
313205
313206
313207
313208
313209
313210
313211
313212
313213
313214
313215
313216
313217
313218
313219
313220
313255
313256
313257
313258
313259
313260
313261
313262
313263
313264
313265
313266
313267
313268
313269
313270
313271
313272
313273
313274
313275
313276
313277
313278
313279
313280
313281
313282
313283
313284
313285
313286
313287
313288
313289
313290
313291
313292
313293
313294
313295
313296
313297
313298
313299
313300
313301
313302
313303
313304
313305
313306
313307
313308
313309
313310
313311
313312
313313
313314
313315
313316
313317
313318
313319
313320
313321
313322
313323
313324
313325
313326
313327
313328
313329
313330
313331
313332
313333
313334
313335
313336
313337
313338
313339
313340
313375
313376
313377
313378
313379
313380
313381
313382
313383
313384
313385
313386
313387
313388
313389
313390
313391
313392
313393
313394
313395
313396
313397
313398
313399
313400
313401
313402
313403
313404
313405
313406
313407
313408
313409
313410
313411
313412
313413
313414
313415
313416
313417
313418
313419
313420
313421
313422
313423
313424
313425
313426
313427
313428
313429
313430
313431
313432
313433
313434
313435
313436
313437
313438
313439
313440
313441
313442
313443
313444
313445
313446
313447
313448
313449
313450
313451
313452
313453
313454
313455
313456
313457
313458
313459
313460
313495
313496
313497
313498
313499
313500
313501
313502
313503
313504
313505
313506
313507
313508
313509
313510
313511
313512
313513
313514
313515
313516
313517
313518
313519
313520
313521
313522
313523
313524
313525
313526
313527
313528
313529
313530
313531
313532
313533
313534
313535
313536
313537
313538
313539
313540
313541
313542
313543
313544
313545
313546
313547
313548
313549
313550
313551
313552
313553
313554
313555
313556
313557
313558
313559
313560
313561
313562
313563
313564
313565
313566
313567
313568
313569
313570
313571
313572
313573
313574
313575
313576
313577
313578
313579
313580
313615
313616
313617
313618
313619
313620
313621
313622
313623
313624
313625
313626
313627
313628
313629
313630
313631
313632
313633
313634
313635
313636
313637
313638
313639
313640
313641
313642
313643
313644
313645
313646
313647
313648
313649
313650
313651
313652
313653
313654
313655
313656
313657
313658
313659
313660
313661
313662
313663
313664
313665
313666
313667
313668
313669
313670
313671
313672
313673
313674
313675
313676
313677
313678
313679
313680
313681
313682
313683
313684
313685
313686
313687
313688
313689
313690
313691
313692
313693
313694
313695
313696
313697
313698
313699
313700
313735
313736
313737
313738
313739
313740
313741
313742
313743
313744
313745
313746
313747
313748
313749
313750
313751
313752
313753
313754
313755
313756
313757
313758
313759
313760
313761
313762
313763
313764
313765
313766
313767
313768
313769
313770
313771
313772
313773
313774
313775
313776
313777
313778
313779
313780
313781
313782
313783
313784
313785
313786
313787
313788
313789
313790
313791
313792
313793
313794
313795
313796
313797
313798
313799
313800
313801
313802
313803
313804
313805
313806
313807
313808
313809
313810
313811
313812
313813
313814
313815
313816
313817
313818
313819
313820
313855
313856
313857
313858
313859
313860
313861
313862
313863
313864
313865
313866
313867
313868
313869
313870
313871
313872
313873
313874
313875
313876
313877
313878
313879
313880
313881
313882
313883
313884
313885
313886
313887
313888
313889
313890
313891
313892
313893
313894
313895
313896
313897
313898
313899
313900
313901
313902
313903
313904
313905
313906
313907
313908
313909
313910
313911
313912
313913
313914
313915
313916
313917
313918
313919
313920
313921
313922
313923
313924
313925
313926
313927
313928
313929
313930
313931
313932
313933
313934
313935
313936
313937
313938
313939
313940
313974
313975
313976
313977
313978
313979
313980
313981
313982
313983
313984
313985
313986
313987
313988
313989
313990
313991
313992
313993
313994
313995
313996
313997
313998
313999
314000
314001
314002
314003
314004
314005
314006
314007
314008
314009
314010
314011
314012
314013
314014
314015
314016
314017
314018
314019
314020
314021
314022
314023
314024
314025
314026
314027
314028
314029
314030
314031
314032
314033
314034
314035
314036
314037
314038
314039
314040
314041
314042
314043
314044
314045
314046
314047
314048
314049
314050
314051
314052
314053
314054
314055
314056
314057
314058
314059
314060
314094
314095
314096
314097
314098
314099
314100
314101
314102
314103
314104
314105
314106
314107
314108
314109
314110
314111
314112
314113
314114
314115
314116
314117
314118
314119
314120
314121
314122
314123
314124
314125
314126
314127
314128
314129
314130
314131
314132
314133
314134
314135
314136
314137
314138
314139
314140
314141
314142
314143
314144
314145
314146
314147
314148
314149
314150
314151
314152
314153
314154
314155
314156
314157
314158
314159
314160
314161
314162
314163
314164
314165
314166
314167
314168
314169
314170
314171
314172
314173
314174
314175
314176
314177
314178
314179
314180
314214
314215
314216
314217
314218
314219
314220
314221
314222
314223
314224
314225
314226
314227
314228
314229
314230
314231
314232
314233
314234
314235
314236
314237
314238
314239
314240
314241
314242
314243
314244
314245
314246
314247
314248
314249
314250
314251
314252
314253
314254
314255
314256
314257
314258
314259
314260
314261
314262
314263
314264
314265
314266
314267
314268
314269
314270
314271
314272
314273
314274
314275
314276
314277
314278
314279
314280
314281
314282
314283
314284
314285
314286
314287
314288
314289
314290
314291
314292
314293
314294
314295
314296
314297
314298
314299
314300
314334
314335
314336
314337
314338
314339
314340
314341
314342
314343
314344
314345
314346
314347
314348
314349
314350
314351
314352
314353
314354
314355
314356
314357
314358
314359
314360
314361
314362
314363
314364
314365
314366
314367
314368
314369
314370
314371
314372
314373
314374
314375
314376
314377
314378
314379
314380
314381
314382
314383
314384
314385
314386
314387
314388
314389
314390
314391
314392
314393
314394
314395
314396
314397
314398
314399
314400
314401
314402
314403
314404
314405
314406
314407
314408
314409
314410
314411
314412
314413
314414
314415
314416
314417
314418
314419
314420
314454
314455
314456
314457
314458
314459
314460
314461
314462
314463
314464
314465
314466
314467
314468
314469
314470
314471
314472
314473
314474
314475
314476
314477
314478
314479
314480
314481
314482
314483
314484
314485
314486
314487
314488
314489
314490
314491
314492
314493
314494
314495
314496
314497
314498
314499
314500
314501
314502
314503
314504
314505
314506
314507
314508
314509
314510
314511
314512
314513
314514
314515
314516
314517
314518
314519
314520
314521
314522
314523
314524
314525
314526
314527
314528
314529
314530
314531
314532
314533
314534
314535
314536
314537
314538
314539
314540
314574
314575
314576
314577
314578
314579
314580
314581
314582
314583
314584
314585
314586
314587
314588
314589
314590
314591
314592
314593
314594
314595
314596
314597
314598
314599
314600
314601
314602
314603
314604
314605
314606
314607
314608
314609
314610
314611
314612
314613
314614
314615
314616
314617
314618
314619
314620
314621
314622
314623
314624
314625
314626
314627
314628
314629
314630
314631
314632
314633
314634
314635
314636
314637
314638
314639
314640
314641
314642
314643
314644
314645
314646
314647
314648
314649
314650
314651
314652
314653
314654
314655
314656
314657
314658
314659
314660
314694
314695
314696
314697
314698
314699
314700
314701
314702
314703
314704
314705
314706
314707
314708
314709
314710
314711
314712
314713
314714
314715
314716
314717
314718
314719
314720
314721
314722
314723
314724
314725
314726
314727
314728
314729
314730
314731
314732
314733
314734
314735
314736
314737
314738
314739
314740
314741
314742
314743
314744
314745
314746
314747
314748
314749
314750
314751
314752
314753
314754
314755
314756
314757
314758
314759
314760
314761
314762
314763
314764
314765
314766
314767
314768
314769
314770
314771
314772
314773
314774
314775
314776
314777
314778
314779
314780
314814
314815
314816
314817
314818
314819
314820
314821
314822
314823
314824
314825
314826
314827
314828
314829
314830
314831
314832
314833
314834
314835
314836
314837
314838
314839
314840
314841
314842
314843
314844
314845
314846
314847
314848
314849
314850
314851
314852
314853
314854
314855
314856
314857
314858
314859
314860
314861
314862
314863
314864
314865
314866
314867
314868
314869
314870
314871
314872
314873
314874
314875
314876
314877
314878
314879
314880
314881
314882
314883
314884
314885
314886
314887
314888
314889
314890
314891
314892
314893
314894
314895
314896
314897
314898
314899
314900
314934
314935
314936
314937
314938
314939
314940
314941
314942
314943
314944
314945
314946
314947
314948
314949
314950
314951
314952
314953
314954
314955
314956
314957
314958
314959
314960
314961
314962
314963
314964
314965
314966
314967
314968
314969
314970
314971
314972
314973
314974
314975
314976
314977
314978
314979
314980
314981
314982
314983
314984
314985
314986
314987
314988
314989
314990
314991
314992
314993
314994
314995
314996
314997
314998
314999
315000
315001
315002
315003
315004
315005
315006
315007
315008
315009
315010
315011
315012
315013
315014
315015
315016
315017
315018
315019
315020
-99828
-99830
-99832
-99834
-99836
-99838
-99840
-99842
-99844
-99923
-99925
-99927
-99929
-99931
-99933
-99935
-99937
-99939
-99941
-99943
-99944
-99945
-49
-212
-331
-450
-569
-688
-807
-926
-1045
-1164
-1283
-1402
-1521
-1640
-1759
-1878
-1997
-2116
-2235
-2354
-2473
-2592
-2711
-2830
-2949
-3068
-3187
-3306
-3425
-3544
-3663
-3782
-3901
-4020
-4139
-4258
-4377
-4496
-4615
-4734
-4853
-4972
-5091
-5210
-5329
-5448
-5567
-5686
-5805
-5924
-6043
-6162
-6281
-6400
-100039
-100158
-100277
-100396
-100515
-100634
-100753
-100872
-100991
-101110
-101229
-101348
-101467
-101586
-101705
-101824
-101943
-102062
-102181
-102300
-102419
-102538
-102657
-102776
-102895
-103014
-103133
-103252
-103371
-103490
-103609
-103728
-103847
-103966
-104085
-104204
-104323
-104442
-104561
-104680
-104799
-104918
-105037
-105156
-105275
-105394
-105513
-105632
-105751
-105870
-105989
-106108
-106227
-106346
-106465
-106584
-106703
-106822
-106941
-107060
-107179
-107298
-107417
-107536
-107655
-107774
-107893
-108012
-108131
-108250
-108369
-108488
-108607
-108726
-108845
-108964
-109083
-109202
-109321
-109440
-109559
-109678
-109797
-109916
-110035
-110138
112
254
373
492
611
730
849
968
1087
1206
1325
1444
1563
1682
1801
1920
2039
2158
2277
2396
2515
2634
2753
2872
2991
3110
3229
3348
3467
3586
3705
3824
3943
4062
4181
4300
4419
4538
4657
4776
4895
5014
5133
5252
5371
5490
5609
5728
5847
5966
6085
6204
6323
6442
99962
100081
100200
100319
100438
100557
100676
100795
100914
101033
101152
101271
101390
101509
101628
101747
101866
101985
102104
102223
102342
102461
102580
102699
102818
102937
103056
103175
103294
103413
103532
103651
103770
103889
104008
104127
104246
104365
104484
104603
104722
104841
104960
105079
105198
105317
105436
105555
105674
105793
105912
106031
106150
106269
106388
106507
106626
106745
106864
106983
107102
107221
107340
107459
107578
107697
107816
107935
108054
108173
108292
108411
108530
108649
108768
108887
109006
109125
109244
109363
109482
109601
109720
109839
109958
110077
110159
-6519
-6638
-6757
-6876
-6995
-7114
-7233
-7352
-7471
-7590
-7709
-7828
-7947
7867
7869
7871
7873
7950
7952
7954
7956
7958
7960
7962
7964
7966
7968
7970
7972
7974
7976
7978
7980
7982
7983
7984
6561
6680
6799
6918
7037
7156
-7159
7277
7396
7515
7634
7753
7872
)


// ************************************************************************* //
