/*--------------------------------*- C++ -*----------------------------------*\
  =========                 |
  \\      /  F ield         | OpenFOAM: The Open Source CFD Toolbox
   \\    /   O peration     | Website:  https://openfoam.org
    \\  /    A nd           | Version:  8
     \\/     M anipulation  |
\*---------------------------------------------------------------------------*/
FoamFile
{
    version     2.0;
    format      ascii;
    class       volVectorField;
    location    "5.4";
    object      U;
}
// * * * * * * * * * * * * * * * * * * * * * * * * * * * * * * * * * * * * * //

dimensions      [0 1 -1 0 0 0 0];

internalField   nonuniform List<vector> 
2600
(
(1.31771 0.0636218 0)
(1.50471 0.0460362 0)
(1.5974 0.0487031 0)
(1.27986 0.0212425 0)
(0.754184 -0.0216065 0)
(0.56304 -0.186006 0)
(0.974574 -0.122662 0)
(1.69479 0.116999 0)
(1.23792 0.301955 0)
(0.915453 0.139303 0)
(0.44103 -0.212875 0)
(0.856672 0.0158351 0)
(1.05155 0.0492659 0)
(0.777113 0.0601513 0)
(0.356479 0.00758245 0)
(0.281225 -0.1998 0)
(0.663683 -0.174829 0)
(1.44902 0.0852271 0)
(1.05004 0.316502 0)
(0.745652 0.145779 0)
(0.0351156 -0.205763 0)
(0.319623 -0.0137495 0)
(0.528392 0.0583357 0)
(0.328866 0.115754 0)
(0.0477246 0.00960967 0)
(0.0538535 -0.215726 0)
(0.40396 -0.247541 0)
(1.15598 0.07988 0)
(0.843489 0.331835 0)
(0.575714 0.155464 0)
(-0.0865989 -0.229884 0)
(0.0111227 -0.0470399 0)
(0.128149 0.0651919 0)
(-0.00782031 0.138714 0)
(-0.173464 0.0173199 0)
(-0.126123 -0.232809 0)
(0.181964 -0.310274 0)
(0.851097 0.0786108 0)
(0.631564 0.344279 0)
(0.416582 0.160281 0)
(-0.123124 -0.214183 0)
(-0.146209 -0.0485538 0)
(-0.138463 0.0869901 0)
(-0.238143 0.168038 0)
(-0.321161 0.0165723 0)
(-0.261881 -0.250916 0)
(-0.00927875 -0.3656 0)
(0.556941 0.0849514 0)
(0.427856 0.352681 0)
(0.278321 0.16527 0)
(-0.127896 -0.187469 0)
(-0.230267 -0.0392101 0)
(-0.306765 0.102647 0)
(-0.389597 0.18139 0)
(-0.414048 0.012034 0)
(-0.359425 -0.273246 0)
(-0.172646 -0.404036 0)
(0.293245 0.0932764 0)
(0.242944 0.360494 0)
(0.168951 0.168905 0)
(-0.136232 -0.157852 0)
(-0.277807 -0.0204796 0)
(-0.40606 0.123643 0)
(-0.48131 0.197111 0)
(-0.470396 0.00792238 0)
(-0.424703 -0.295788 0)
(-0.303924 -0.433311 0)
(0.071872 0.0978367 0)
(0.0834915 0.371562 0)
(0.0936702 0.167987 0)
(-0.14112 -0.123286 0)
(-0.304749 -0.00420768 0)
(-0.458406 0.136169 0)
(-0.53002 0.202888 0)
(-0.503598 0.00246872 0)
(-0.465381 -0.323431 0)
(-0.406824 -0.441416 0)
(-0.103716 0.103527 0)
(-0.048434 0.379957 0)
(0.0528518 0.170454 0)
(-0.144903 -0.0885458 0)
(-0.316554 0.0104893 0)
(-0.476521 0.142371 0)
(-0.548516 0.210262 0)
(-0.523978 0.00331239 0)
(-0.48901 -0.346283 0)
(-0.47522 -0.449487 0)
(-0.236877 0.103585 0)
(-0.149768 0.390076 0)
(0.0391311 0.163625 0)
(-0.148245 -0.0555832 0)
(-0.321595 0.0216059 0)
(-0.475149 0.146305 0)
(-0.553423 0.214036 0)
(-0.534517 0.00784213 0)
(-0.497378 -0.365345 0)
(-0.512054 -0.447563 0)
(-0.332078 0.108342 0)
(-0.214078 0.395515 0)
(0.0426491 0.153587 0)
(-0.148377 -0.0244446 0)
(-0.318162 0.0327565 0)
(-0.465513 0.147775 0)
(-0.549897 0.216507 0)
(-0.519678 0.012553 0)
(-0.481059 -0.377288 0)
(-0.519199 -0.440465 0)
(-0.392433 0.103284 0)
(-0.237707 0.399867 0)
(0.0732063 0.147915 0)
(-0.141327 0.00357693 0)
(-0.30527 0.0415793 0)
(-0.443678 0.147662 0)
(-0.528527 0.214561 0)
(-0.461756 0.0145254 0)
(-0.426154 -0.372139 0)
(-0.50793 -0.425153 0)
(-0.419304 0.103859 0)
(-0.234877 0.400375 0)
(0.146776 0.135776 0)
(-0.134678 0.0308504 0)
(-0.284217 0.0531825 0)
(-0.40367 0.149113 0)
(-0.478082 0.213869 0)
(-0.351761 0.0172363 0)
(-0.330027 -0.367189 0)
(-0.480894 -0.402036 0)
(-0.419526 0.0989974 0)
(-0.216756 0.397046 0)
(0.263499 0.124054 0)
(-0.123771 0.0553252 0)
(-0.24954 0.061524 0)
(-0.337002 0.148388 0)
(-0.383363 0.203111 0)
(-0.183685 0.00162356 0)
(-0.192593 -0.349183 0)
(-0.422374 -0.3815 0)
(-0.407755 0.091784 0)
(-0.17673 0.388359 0)
(0.407924 0.107259 0)
(-0.122464 0.0819591 0)
(-0.199171 0.0729595 0)
(-0.23828 0.14771 0)
(-0.225828 0.192979 0)
(0.0560337 0.00687542 0)
(-0.00416671 -0.309895 0)
(-0.331757 -0.349977 0)
(-0.382338 0.0873764 0)
(-0.112811 0.371816 0)
(0.563534 0.0888536 0)
(-0.110133 0.107881 0)
(-0.1232 0.0655147 0)
(-0.102401 0.132853 0)
(0.000611238 0.168831 0)
(0.378719 -0.0268187 0)
(0.252033 -0.283652 0)
(-0.204496 -0.316867 0)
(-0.326008 0.0842042 0)
(-0.0262619 0.345436 0)
(0.719241 0.0646339 0)
(-0.0521199 0.11913 0)
(0.00286112 0.0724983 0)
(0.0874573 0.130093 0)
(0.28867 0.134594 0)
(0.78516 -0.00465243 0)
(0.566522 -0.208327 0)
(-0.034372 -0.270024 0)
(-0.23193 0.083644 0)
(0.0820219 0.312549 0)
(0.871012 0.0387996 0)
(0.160377 0.109698 0)
(0.244024 0.027734 0)
(0.345798 0.0847893 0)
(0.625788 0.0927562 0)
(1.23694 -0.059608 0)
(0.940149 -0.169762 0)
(0.186385 -0.223679 0)
(-0.108065 0.0823292 0)
(0.210051 0.271571 0)
(1.01701 0.00795634 0)
(0.745301 0.100209 0)
(0.68936 0.0766302 0)
(0.699373 0.0950403 0)
(1.00951 0.0551218 0)
(1.65775 -0.0658535 0)
(1.32384 -0.095087 0)
(0.448722 -0.15602 0)
(0.0374548 0.0901422 0)
(0.358141 0.230152 0)
(1.15794 -0.0230717 0)
(1.64704 -0.162229 0)
(1.29378 0.0256452 0)
(1.12189 0.0740875 0)
(1.4305 0.0106887 0)
(1.9788 -0.120222 0)
(1.6747 -0.0726595 0)
(0.739872 -0.102481 0)
(0.204419 0.0927929 0)
(0.525695 0.183613 0)
(1.29115 -0.0584575 0)
(2.11847 -0.0221483 0)
(1.85105 0.18379 0)
(1.59195 0.0943406 0)
(1.85688 -0.00225948 0)
(2.22174 -0.124945 0)
(1.9711 -0.0385518 0)
(1.05107 -0.0093856 0)
(0.4154 0.111469 0)
(0.741542 0.138995 0)
(1.42871 -0.0969546 0)
(2.03836 0.242687 0)
(2.21474 0.150984 0)
(2.00941 0.0795061 0)
(2.18922 -0.0345981 0)
(2.38055 -0.136418 0)
(2.18039 -0.0426921 0)
(1.35166 0.0692245 0)
(0.672512 0.117503 0)
(0.994963 0.067679 0)
(1.5628 -0.144578 0)
(1.98169 0.330869 0)
(2.30103 0.233965 0)
(2.25339 0.101902 0)
(2.37088 -0.0151012 0)
(2.44891 -0.123531 0)
(2.29042 -0.0336498 0)
(1.58504 0.13531 0)
(0.94282 0.147054 0)
(1.25903 0.0217103 0)
(1.67466 -0.181203 0)
(1.89435 0.437774 0)
(2.26694 0.225174 0)
(2.33551 0.0838926 0)
(2.44176 -0.0106989 0)
(2.46677 -0.108338 0)
(2.34412 -0.0306331 0)
(1.75145 0.174706 0)
(1.21068 0.157891 0)
(1.49489 -0.0482974 0)
(1.75608 -0.2143 0)
(1.87253 0.488651 0)
(2.20184 0.273362 0)
(2.33673 0.0987092 0)
(2.45035 0.00203207 0)
(2.46204 -0.0875071 0)
(2.37345 -0.0203348 0)
(1.86149 0.197083 0)
(1.44869 0.181768 0)
(1.6792 -0.0948242 0)
(1.81217 -0.235327 0)
(1.8307 0.545879 0)
(2.16107 0.28911 0)
(2.31523 0.100033 0)
(2.4368 0.00325648 0)
(2.45137 -0.0732955 0)
(2.39525 -0.0215806 0)
(1.93737 0.20825 0)
(1.64033 0.184684 0)
(1.80071 -0.139791 0)
(1.84955 -0.255006 0)
(1.80972 0.580726 0)
(2.13119 0.324203 0)
(2.27911 0.136678 0)
(2.41562 0.0154267 0)
(2.44155 -0.0596909 0)
(2.40881 -0.00942842 0)
(2.00307 0.22115 0)
(1.77237 0.184428 0)
(1.8757 -0.160263 0)
(1.88107 -0.26499 0)
(1.78469 0.613083 0)
(2.1031 0.361549 0)
(2.26374 0.151399 0)
(2.40085 0.0235646 0)
(2.43687 -0.0505443 0)
(2.41291 -0.0102489 0)
(2.07382 0.22557 0)
(1.84691 0.172903 0)
(1.92051 -0.179872 0)
(1.90954 -0.271576 0)
(1.76345 0.639639 0)
(2.08413 0.385758 0)
(2.24164 0.192431 0)
(2.38755 0.0429393 0)
(2.43415 -0.0397366 0)
(2.40849 -0.00894405 0)
(2.14093 0.22949 0)
(1.8915 0.156962 0)
(1.95384 -0.192206 0)
(1.93504 -0.2757 0)
(1.74493 0.660576 0)
(2.05898 0.416623 0)
(2.23116 0.220809 0)
(2.3782 0.0586819 0)
(2.43267 -0.0290062 0)
(2.40247 -0.00591421 0)
(2.19221 0.230346 0)
(1.93582 0.140086 0)
(1.98221 -0.204361 0)
(1.9554 -0.280359 0)
(1.72253 0.680446 0)
(2.03824 0.437566 0)
(2.21335 0.261614 0)
(2.36892 0.0771963 0)
(2.43143 -0.0156044 0)
(2.39879 0.000190331 0)
(2.22866 0.21863 0)
(1.98292 0.127163 0)
(2.00478 -0.215109 0)
(1.96831 -0.284613 0)
(1.71551 0.68996 0)
(2.01988 0.458589 0)
(2.20079 0.295117 0)
(2.35911 0.0978186 0)
(2.4296 0.0019298 0)
(2.39934 0.0109329 0)
(2.25322 0.20052 0)
(2.02454 0.111617 0)
(2.02091 -0.221848 0)
(1.96983 -0.287718 0)
(1.69205 0.707464 0)
(1.99911 0.480594 0)
(2.18512 0.33189 0)
(2.3488 0.118195 0)
(2.42848 0.0221748 0)
(2.40358 0.0216074 0)
(2.26913 0.178712 0)
(2.05455 0.0947495 0)
(2.0305 -0.225905 0)
(1.96232 -0.289253 0)
(1.68007 0.710701 0)
(1.97756 0.499836 0)
(2.16999 0.365008 0)
(2.33741 0.139221 0)
(2.42775 0.048798 0)
(2.40586 0.0283251 0)
(2.28213 0.158204 0)
(2.06961 0.0770233 0)
(2.03131 -0.226673 0)
(1.94927 -0.288941 0)
(1.67729 0.719812 0)
(1.96015 0.519468 0)
(2.15021 0.397906 0)
(2.32427 0.159463 0)
(2.43321 0.0719265 0)
(2.40424 0.0345932 0)
(2.28755 0.135948 0)
(2.07092 0.0587485 0)
(2.0199 -0.224066 0)
(1.93957 -0.286237 0)
(1.67828 0.718768 0)
(1.92522 0.550539 0)
(2.12717 0.42743 0)
(2.30711 0.182343 0)
(2.41545 0.106991 0)
(2.40377 0.042758 0)
(2.29276 0.116869 0)
(2.06426 0.0419189 0)
(2.00025 -0.220918 0)
(1.93639 -0.281546 0)
(1.69316 0.709711 0)
(1.90295 0.576991 0)
(2.10237 0.456772 0)
(2.29136 0.20163 0)
(2.41506 0.13074 0)
(2.40341 0.0451958 0)
(2.29559 0.0982793 0)
(2.05231 0.0261277 0)
(1.97952 -0.220343 0)
(1.93905 -0.27879 0)
(1.74583 0.694719 0)
(1.89771 0.598297 0)
(2.08597 0.480047 0)
(2.27247 0.227055 0)
(2.40826 0.159035 0)
(2.39931 0.0518449 0)
(2.29332 0.079178 0)
(2.04108 0.0115338 0)
(1.96375 -0.222524 0)
(1.94189 -0.272864 0)
(1.79802 0.664073 0)
(1.88882 0.628217 0)
(2.06731 0.511381 0)
(2.25919 0.246604 0)
(2.40688 0.18257 0)
(2.39535 0.0495551 0)
(2.29217 0.0610953 0)
(2.02493 -0.00555134 0)
(1.95138 -0.22589 0)
(1.94524 -0.26858 0)
(1.83257 0.639179 0)
(1.88258 0.651695 0)
(2.05448 0.532954 0)
(2.24365 0.270717 0)
(2.40022 0.211047 0)
(2.38788 0.058281 0)
(2.2882 0.0474891 0)
(2.01767 -0.0201017 0)
(1.94298 -0.222626 0)
(1.94853 -0.259934 0)
(2.49953 0.104974 0)
(2.44816 0.14041 0)
(1.39244 0.419405 0)
(1.24373 0.643053 0)
(1.3038 0.703597 0)
(1.315 0.759263 0)
(1.31366 0.765597 0)
(1.31042 0.76077 0)
(1.31212 0.757982 0)
(1.34629 0.755081 0)
(2.72006 -0.00215891 0)
(2.71347 0.00658648 0)
(1.52403 0.686782 0)
(1.11427 0.82647 0)
(1.2004 0.781648 0)
(1.2549 0.766648 0)
(1.27568 0.765319 0)
(1.28899 0.758504 0)
(1.30268 0.756457 0)
(1.34347 0.763851 0)
(2.71422 3.1098e-05 0)
(2.71294 6.65006e-05 0)
(2.66963 0.0952671 0)
(1.41772 0.705522 0)
(1.22235 0.730859 0)
(1.25556 0.734938 0)
(1.26526 0.732068 0)
(1.2758 0.734642 0)
(1.2917 0.742541 0)
(1.34786 0.753882 0)
(2.71442 2.56095e-05 0)
(2.71351 -2.01554e-05 0)
(2.71188 -2.02111e-06 0)
(2.04892 0.509849 0)
(1.22192 0.738694 0)
(1.23023 0.732349 0)
(1.24396 0.730971 0)
(1.25862 0.732771 0)
(1.28048 0.739995 0)
(1.34517 0.751844 0)
(2.7145 7.68049e-06 0)
(2.71351 -4.45272e-05 0)
(2.71216 -4.165e-06 0)
(2.70627 0.0239779 0)
(1.45791 0.667382 0)
(1.23321 0.719488 0)
(1.24985 0.722636 0)
(1.26075 0.729046 0)
(1.2809 0.73832 0)
(1.35123 0.749277 0)
(2.71452 -7.55114e-05 0)
(2.71347 -6.46473e-05 0)
(2.71242 -9.67501e-05 0)
(2.71085 -5.24306e-06 0)
(2.42312 0.336288 0)
(1.31889 0.708871 0)
(1.24873 0.726804 0)
(1.26325 0.730803 0)
(1.2863 0.739032 0)
(1.36 0.748854 0)
(2.71446 -7.32003e-05 0)
(2.71345 -5.97442e-05 0)
(2.71231 -6.95634e-05 0)
(2.7113 -8.00512e-05 0)
(2.71184 0.00833732 0)
(1.57699 0.6646 0)
(1.25712 0.732852 0)
(1.26932 0.734509 0)
(1.29339 0.741649 0)
(1.36651 0.749873 0)
(2.71447 6.10182e-05 0)
(2.71345 3.21593e-05 0)
(2.71233 4.0319e-05 0)
(2.71119 -1.61598e-05 0)
(2.70949 0.000108217 0)
(2.54242 0.26855 0)
(1.3762 0.712027 0)
(1.27899 0.739633 0)
(1.3046 0.746551 0)
(1.37477 0.753511 0)
(2.71444 3.33034e-06 0)
(2.71341 -5.93405e-06 0)
(2.71231 -1.75993e-05 0)
(2.71108 -1.57002e-05 0)
(2.71 -4.11496e-05 0)
(2.71002 0.00914932 0)
(1.61712 0.676975 0)
(1.29639 0.748894 0)
(1.32101 0.751784 0)
(1.38616 0.756992 0)
(2.71445 -3.73851e-05 0)
(2.71342 -2.47553e-05 0)
(2.71232 -4.30244e-05 0)
(2.71111 -1.82277e-05 0)
(2.70991 -6.68252e-05 0)
(2.708 8.76696e-05 0)
(2.52839 0.306227 0)
(1.41029 0.726503 0)
(1.33139 0.757933 0)
(1.39529 0.761841 0)
(2.71444 -2.27113e-05 0)
(2.71342 -1.6142e-05 0)
(2.71232 -3.39624e-05 0)
(2.71113 -1.97274e-05 0)
(2.70982 -6.51663e-05 0)
(2.70851 -6.12314e-05 0)
(2.71687 0.0165209 0)
(1.59397 0.694497 0)
(1.3363 0.767998 0)
(1.40058 0.767221 0)
(2.71444 3.25489e-05 0)
(2.71342 1.36354e-05 0)
(2.71231 1.09713e-05 0)
(2.71111 -3.14379e-05 0)
(2.70978 -2.57176e-05 0)
(2.70856 -9.32224e-05 0)
(2.70619 0.000298006 0)
(2.39118 0.435433 0)
(1.42486 0.755531 0)
(1.41562 0.765479 0)
(2.71444 3.63441e-05 0)
(2.71341 8.93238e-06 0)
(2.7123 1.0323e-05 0)
(2.71109 -3.42195e-05 0)
(2.70979 -1.42137e-05 0)
(2.70847 -7.61453e-05 0)
(2.70645 5.46345e-05 0)
(2.73243 0.0485528 0)
(1.5979 0.704227 0)
(1.4156 0.778035 0)
(2.71443 -4.64389e-06 0)
(2.7134 -1.5623e-05 0)
(2.71229 -2.81025e-05 0)
(2.71108 -3.85579e-05 0)
(2.7098 -4.27061e-05 0)
(2.70835 -4.65212e-05 0)
(2.70716 -5.13721e-05 0)
(2.70456 0.00511585 0)
(2.02734 0.598999 0)
(1.44911 0.785523 0)
(2.71442 -4.62415e-05 0)
(2.71339 -4.28009e-05 0)
(2.71228 -6.00913e-05 0)
(2.71109 -4.37858e-05 0)
(2.7098 -6.31961e-05 0)
(2.70838 -2.46808e-05 0)
(2.70702 -7.46188e-05 0)
(2.70465 0.000193257 0)
(2.66586 0.196182 0)
(1.5967 0.746678 0)
(2.71441 -4.902e-05 0)
(2.71339 -4.3314e-05 0)
(2.71229 -5.42937e-05 0)
(2.7111 -3.76991e-05 0)
(2.70981 -5.35338e-05 0)
(2.70841 -2.21477e-05 0)
(2.70691 -6.62389e-05 0)
(2.7053 1.19692e-05 0)
(2.71752 0.0192419 0)
(1.76021 0.69796 0)
(2.71442 -2.61083e-05 0)
(2.7134 -2.53395e-05 0)
(2.71229 -2.85815e-05 0)
(2.7111 -2.75865e-05 0)
(2.7098 -3.0779e-05 0)
(2.70841 -3.30649e-05 0)
(2.70684 -3.27269e-05 0)
(2.70552 -7.97126e-05 0)
(2.70228 0.00212359 0)
(2.14003 0.557512 0)
(2.71442 2.88043e-05 0)
(2.7134 1.33121e-05 0)
(2.71229 1.23635e-05 0)
(2.71109 -4.67103e-06 0)
(2.7098 4.86495e-07 0)
(2.7084 -3.41812e-05 0)
(2.70685 -9.62098e-06 0)
(2.70539 -8.66806e-05 0)
(2.70261 0.000137055 0)
(2.64178 0.22942 0)
(2.71441 4.26972e-05 0)
(2.71338 2.74326e-05 0)
(2.71228 3.10837e-05 0)
(2.71108 5.93566e-06 0)
(2.70979 1.28087e-05 0)
(2.70839 -2.73423e-05 0)
(2.70686 -2.81636e-06 0)
(2.7053 -7.42491e-05 0)
(2.70313 5.88199e-05 0)
(2.7379 0.0158894 0)
(2.7144 1.71698e-05 0)
(2.71338 9.54086e-06 0)
(2.71227 1.80418e-05 0)
(2.71107 1.05008e-06 0)
(2.70977 1.13459e-05 0)
(2.70837 -1.51323e-05 0)
(2.70686 4.791e-06 0)
(2.70519 -3.95229e-05 0)
(2.70369 -3.17058e-05 0)
(2.70268 0.00391061 0)
(2.80688 -7.57962e-08 0)
(2.80035 2.13875e-07 0)
(2.79324 -4.8588e-07 0)
(2.78552 6.15185e-07 0)
(2.77709 -5.37024e-07 0)
(2.7679 -4.64314e-07 0)
(2.75789 3.49525e-06 0)
(2.74691 -9.38611e-06 0)
(2.73495 1.22999e-05 0)
(2.72315 -9.8684e-05 0)
(2.80688 -2.16475e-07 0)
(2.80035 6.15613e-07 0)
(2.79324 -1.39277e-06 0)
(2.78552 1.82439e-06 0)
(2.77709 -1.65545e-06 0)
(2.7679 -6.03037e-07 0)
(2.75789 7.77821e-06 0)
(2.74689 -1.58295e-05 0)
(2.73506 2.44404e-05 0)
(2.72091 -5.55714e-05 0)
(2.80688 -3.54168e-07 0)
(2.80035 1.01118e-06 0)
(2.79324 -2.27704e-06 0)
(2.78552 2.9988e-06 0)
(2.77709 -2.69817e-06 0)
(2.7679 -1.29081e-06 0)
(2.75789 1.2983e-05 0)
(2.74689 -3.4424e-05 0)
(2.73502 5.41919e-05 0)
(2.72138 2.67587e-05 0)
(2.80688 -4.8553e-07 0)
(2.80035 1.39294e-06 0)
(2.79324 -3.11802e-06 0)
(2.78552 4.1418e-06 0)
(2.77709 -3.80104e-06 0)
(2.7679 -1.50089e-06 0)
(2.75789 1.73376e-05 0)
(2.7469 -3.99101e-05 0)
(2.73496 5.36908e-05 0)
(2.72168 4.01291e-05 0)
(2.80688 -6.07957e-07 0)
(2.80035 1.75449e-06 0)
(2.79324 -3.89874e-06 0)
(2.78552 5.23411e-06 0)
(2.77709 -4.92426e-06 0)
(2.7679 -1.62087e-06 0)
(2.75788 2.19359e-05 0)
(2.74691 -4.88179e-05 0)
(2.73494 6.03488e-05 0)
(2.72179 5.08685e-05 0)
(2.80688 -7.19546e-07 0)
(2.80035 2.0902e-06 0)
(2.79324 -4.60515e-06 0)
(2.78552 6.25977e-06 0)
(2.77709 -6.05733e-06 0)
(2.7679 -1.33501e-06 0)
(2.75788 2.37822e-05 0)
(2.74692 -5.07182e-05 0)
(2.73493 6.05011e-05 0)
(2.72183 6.87553e-05 0)
(2.80688 -8.1892e-07 0)
(2.80035 2.39511e-06 0)
(2.79324 -5.22522e-06 0)
(2.78552 7.19025e-06 0)
(2.77709 -7.05951e-06 0)
(2.76791 -1.55384e-06 0)
(2.75788 2.70168e-05 0)
(2.74692 -5.25946e-05 0)
(2.73493 5.73744e-05 0)
(2.72182 7.95273e-05 0)
(2.80688 -9.05302e-07 0)
(2.80035 2.6658e-06 0)
(2.79324 -5.75567e-06 0)
(2.78552 8.02561e-06 0)
(2.77709 -7.99471e-06 0)
(2.76791 -1.60346e-06 0)
(2.75788 2.85511e-05 0)
(2.74693 -5.26341e-05 0)
(2.73494 5.60187e-05 0)
(2.72177 6.30329e-05 0)
(2.80688 -9.78428e-07 0)
(2.80035 2.90001e-06 0)
(2.79324 -6.19529e-06 0)
(2.78552 8.76148e-06 0)
(2.77709 -8.84564e-06 0)
(2.76791 -1.54208e-06 0)
(2.75788 3.00756e-05 0)
(2.74693 -5.29817e-05 0)
(2.73494 5.19073e-05 0)
(2.72176 6.69469e-05 0)
(2.80688 -1.03847e-06 0)
(2.80035 3.09691e-06 0)
(2.79324 -6.54776e-06 0)
(2.78552 9.40395e-06 0)
(2.77709 -9.64364e-06 0)
(2.76791 -1.02033e-06 0)
(2.75788 2.99098e-05 0)
(2.74694 -5.29365e-05 0)
(2.73493 5.54294e-05 0)
(2.72176 6.75182e-05 0)
(2.80688 -1.0859e-06 0)
(2.80035 3.25639e-06 0)
(2.79325 -6.81668e-06 0)
(2.78552 9.95069e-06 0)
(2.77709 -1.03585e-05 0)
(2.76791 -2.48189e-07 0)
(2.75788 2.9113e-05 0)
(2.74694 -5.32691e-05 0)
(2.73493 5.56363e-05 0)
(2.72175 6.5405e-05 0)
(2.80688 -1.12143e-06 0)
(2.80035 3.37906e-06 0)
(2.79325 -7.00561e-06 0)
(2.78552 1.03933e-05 0)
(2.77709 -1.09384e-05 0)
(2.76791 5.42398e-07 0)
(2.75788 2.79893e-05 0)
(2.74694 -5.35201e-05 0)
(2.73493 5.29453e-05 0)
(2.72174 5.69984e-05 0)
(2.80688 -1.14592e-06 0)
(2.80035 3.46619e-06 0)
(2.79325 -7.11902e-06 0)
(2.78551 1.07306e-05 0)
(2.77709 -1.13896e-05 0)
(2.76791 1.3329e-06 0)
(2.75788 2.65023e-05 0)
(2.74694 -5.22312e-05 0)
(2.73493 4.78342e-05 0)
(2.72174 5.61046e-05 0)
(2.80688 -1.16028e-06 0)
(2.80035 3.51953e-06 0)
(2.79325 -7.15894e-06 0)
(2.78551 1.09595e-05 0)
(2.77709 -1.17106e-05 0)
(2.76791 2.23242e-06 0)
(2.75788 2.46391e-05 0)
(2.74694 -5.17278e-05 0)
(2.73492 4.41379e-05 0)
(2.72174 6.07752e-05 0)
(2.80688 -1.16497e-06 0)
(2.80035 3.54106e-06 0)
(2.79325 -7.12724e-06 0)
(2.78551 1.10683e-05 0)
(2.77709 -1.18631e-05 0)
(2.76791 3.118e-06 0)
(2.75788 2.23117e-05 0)
(2.74693 -5.0501e-05 0)
(2.73493 4.20032e-05 0)
(2.72174 5.59267e-05 0)
(2.80688 -1.16015e-06 0)
(2.80035 3.53166e-06 0)
(2.79325 -7.03405e-06 0)
(2.78551 1.10585e-05 0)
(2.77709 -1.18724e-05 0)
(2.7679 4.02978e-06 0)
(2.75788 1.96359e-05 0)
(2.74693 -4.86077e-05 0)
(2.73493 3.79389e-05 0)
(2.72174 5.61453e-05 0)
(2.80688 -1.14714e-06 0)
(2.80035 3.4919e-06 0)
(2.79325 -6.88424e-06 0)
(2.78551 1.09363e-05 0)
(2.77709 -1.1765e-05 0)
(2.7679 4.97009e-06 0)
(2.75788 1.68196e-05 0)
(2.74692 -4.61666e-05 0)
(2.73493 3.45471e-05 0)
(2.72173 4.10138e-05 0)
(2.80688 -1.1269e-06 0)
(2.80035 3.42567e-06 0)
(2.79325 -6.67898e-06 0)
(2.78551 1.06914e-05 0)
(2.77709 -1.15305e-05 0)
(2.7679 5.75972e-06 0)
(2.75788 1.43238e-05 0)
(2.74692 -4.35608e-05 0)
(2.73493 3.2511e-05 0)
(2.72173 5.84936e-06 0)
(2.80688 -1.10001e-06 0)
(2.80035 3.33414e-06 0)
(2.79325 -6.41609e-06 0)
(2.78551 1.02945e-05 0)
(2.7771 -1.10587e-05 0)
(2.7679 6.32734e-06 0)
(2.75788 1.21041e-05 0)
(2.74692 -4.09306e-05 0)
(2.73493 3.57502e-05 0)
(2.72172 -8.91118e-06 0)
(2.80688 -1.06778e-06 0)
(2.80035 3.22155e-06 0)
(2.79325 -6.11098e-06 0)
(2.78551 9.78028e-06 0)
(2.7771 -1.03665e-05 0)
(2.7679 6.17417e-06 0)
(2.75788 1.10914e-05 0)
(2.74692 -3.83858e-05 0)
(2.73493 3.91949e-05 0)
(2.72172 -2.66445e-05 0)
(2.80688 1.06819e-06 0)
(2.80035 -3.22274e-06 0)
(2.79325 6.11251e-06 0)
(2.78551 -9.78008e-06 0)
(2.7771 1.03592e-05 0)
(2.7679 -6.15936e-06 0)
(2.75788 -1.11131e-05 0)
(2.74692 3.84075e-05 0)
(2.73493 -3.92133e-05 0)
(2.72172 2.66533e-05 0)
(2.80688 1.10042e-06 0)
(2.80035 -3.3354e-06 0)
(2.79325 6.41803e-06 0)
(2.78551 -1.02959e-05 0)
(2.7771 1.10544e-05 0)
(2.7679 -6.31828e-06 0)
(2.75788 -1.21251e-05 0)
(2.74692 4.09605e-05 0)
(2.73493 -3.5777e-05 0)
(2.72172 8.97048e-06 0)
(2.80688 1.12731e-06 0)
(2.80035 -3.427e-06 0)
(2.79325 6.68139e-06 0)
(2.78551 -1.06945e-05 0)
(2.7771 1.15302e-05 0)
(2.7679 -5.75669e-06 0)
(2.75788 -1.43423e-05 0)
(2.74692 4.3594e-05 0)
(2.73493 -3.25333e-05 0)
(2.72173 -5.76512e-06 0)
(2.80688 1.14752e-06 0)
(2.80035 -3.49326e-06 0)
(2.79325 6.88705e-06 0)
(2.78551 -1.09409e-05 0)
(2.77709 1.17685e-05 0)
(2.7679 -4.97178e-06 0)
(2.75788 -1.68302e-05 0)
(2.74692 4.62003e-05 0)
(2.73493 -3.45528e-05 0)
(2.72173 -4.09287e-05 0)
(2.80688 1.16051e-06 0)
(2.80035 -3.53297e-06 0)
(2.79325 7.03699e-06 0)
(2.78551 -1.10636e-05 0)
(2.77709 1.18787e-05 0)
(2.7679 -4.03603e-06 0)
(2.75788 -1.96357e-05 0)
(2.74693 4.86322e-05 0)
(2.73493 -3.79458e-05 0)
(2.72174 -5.60899e-05 0)
(2.80688 1.16528e-06 0)
(2.80035 -3.54222e-06 0)
(2.79325 7.13001e-06 0)
(2.78551 -1.10725e-05 0)
(2.77709 1.18694e-05 0)
(2.76791 -3.12327e-06 0)
(2.75788 -2.2305e-05 0)
(2.74693 5.05176e-05 0)
(2.73493 -4.20472e-05 0)
(2.72174 -5.57903e-05 0)
(2.80688 1.16056e-06 0)
(2.80035 -3.52054e-06 0)
(2.79325 7.16133e-06 0)
(2.78551 -1.09624e-05 0)
(2.77709 1.17148e-05 0)
(2.76791 -2.23398e-06 0)
(2.75788 -2.46319e-05 0)
(2.74694 5.17382e-05 0)
(2.73492 -4.42269e-05 0)
(2.72174 -6.06976e-05 0)
(2.80688 1.14615e-06 0)
(2.80035 -3.46706e-06 0)
(2.79325 7.121e-06 0)
(2.78551 -1.07323e-05 0)
(2.77709 1.13912e-05 0)
(2.76791 -1.32996e-06 0)
(2.75788 -2.65021e-05 0)
(2.74694 5.22418e-05 0)
(2.73493 -4.79383e-05 0)
(2.72174 -5.59739e-05 0)
(2.80688 1.12163e-06 0)
(2.80035 -3.37985e-06 0)
(2.79325 7.00733e-06 0)
(2.78552 -1.03945e-05 0)
(2.77709 1.09379e-05 0)
(2.76791 -5.3515e-07 0)
(2.75788 -2.79954e-05 0)
(2.74694 5.35313e-05 0)
(2.73493 -5.30969e-05 0)
(2.72174 -5.68001e-05 0)
(2.80688 1.08609e-06 0)
(2.80035 -3.25716e-06 0)
(2.79325 6.81833e-06 0)
(2.78552 -9.952e-06 0)
(2.77709 1.03571e-05 0)
(2.76791 2.58202e-07 0)
(2.75788 -2.91291e-05 0)
(2.74694 5.32941e-05 0)
(2.73493 -5.58414e-05 0)
(2.72175 -6.53868e-05 0)
(2.80688 1.03865e-06 0)
(2.80035 -3.09772e-06 0)
(2.79324 6.54956e-06 0)
(2.78552 -9.40592e-06 0)
(2.77709 9.6427e-06 0)
(2.76791 1.03512e-06 0)
(2.75788 -2.99433e-05 0)
(2.74694 5.2993e-05 0)
(2.73493 -5.57081e-05 0)
(2.72176 -6.76684e-05 0)
(2.80688 9.7862e-07 0)
(2.80035 -2.90089e-06 0)
(2.79324 6.19724e-06 0)
(2.78552 -8.76383e-06 0)
(2.77709 8.84515e-06 0)
(2.76791 1.55385e-06 0)
(2.75788 -3.01076e-05 0)
(2.74693 5.30708e-05 0)
(2.73494 -5.22156e-05 0)
(2.72176 -6.71462e-05 0)
(2.80688 9.05505e-07 0)
(2.80035 -2.6667e-06 0)
(2.79324 5.75764e-06 0)
(2.78552 -8.02769e-06 0)
(2.77709 7.99388e-06 0)
(2.76791 1.61028e-06 0)
(2.75788 -2.85629e-05 0)
(2.74693 5.26715e-05 0)
(2.73494 -5.60882e-05 0)
(2.72177 -6.32599e-05 0)
(2.80688 8.1913e-07 0)
(2.80035 -2.39598e-06 0)
(2.79324 5.22697e-06 0)
(2.78552 -7.19148e-06 0)
(2.77709 7.05704e-06 0)
(2.76791 1.56812e-06 0)
(2.75788 -2.70595e-05 0)
(2.74692 5.25884e-05 0)
(2.73493 -5.74954e-05 0)
(2.72182 -7.95004e-05 0)
(2.80688 7.19764e-07 0)
(2.80035 -2.09106e-06 0)
(2.79324 4.60692e-06 0)
(2.78552 -6.26111e-06 0)
(2.77709 6.05611e-06 0)
(2.7679 1.34785e-06 0)
(2.75788 -2.38124e-05 0)
(2.74692 5.07742e-05 0)
(2.73493 -6.05785e-05 0)
(2.72183 -6.87774e-05 0)
(2.80688 6.08183e-07 0)
(2.80035 -1.75533e-06 0)
(2.79324 3.90041e-06 0)
(2.78552 -5.23536e-06 0)
(2.77709 4.92398e-06 0)
(2.7679 1.61481e-06 0)
(2.75788 -2.19681e-05 0)
(2.74691 4.8851e-05 0)
(2.73494 -6.04382e-05 0)
(2.72179 -5.05975e-05 0)
(2.80688 4.8577e-07 0)
(2.80035 -1.39383e-06 0)
(2.79324 3.11993e-06 0)
(2.78552 -4.14378e-06 0)
(2.77709 3.80073e-06 0)
(2.7679 1.51162e-06 0)
(2.75789 -1.7325e-05 0)
(2.7469 4.00003e-05 0)
(2.73496 -5.38284e-05 0)
(2.72168 -4.00188e-05 0)
(2.80688 3.54425e-07 0)
(2.80035 -1.01213e-06 0)
(2.79324 2.27925e-06 0)
(2.78552 -3.00122e-06 0)
(2.77709 2.69571e-06 0)
(2.7679 1.29974e-06 0)
(2.75789 -1.2948e-05 0)
(2.74689 3.45891e-05 0)
(2.73502 -5.41965e-05 0)
(2.72138 -2.66825e-05 0)
(2.80688 2.1674e-07 0)
(2.80035 -6.16554e-07 0)
(2.79324 1.39482e-06 0)
(2.78552 -1.82609e-06 0)
(2.77709 1.65006e-06 0)
(2.7679 6.60057e-07 0)
(2.75789 -7.80381e-06 0)
(2.74689 1.58258e-05 0)
(2.73505 -2.44988e-05 0)
(2.72091 5.56244e-05 0)
(2.80688 7.60643e-08 0)
(2.80035 -2.14807e-07 0)
(2.79324 4.87939e-07 0)
(2.78552 -6.1811e-07 0)
(2.77709 5.51209e-07 0)
(2.7679 3.98404e-07 0)
(2.75789 -3.52724e-06 0)
(2.74691 9.33403e-06 0)
(2.73495 -1.21926e-05 0)
(2.72315 9.8771e-05 0)
(2.7144 -1.70454e-05 0)
(2.71338 -9.45331e-06 0)
(2.71227 -1.81413e-05 0)
(2.71107 -1.06059e-06 0)
(2.70977 -1.15771e-05 0)
(2.70837 1.48029e-05 0)
(2.70686 -4.6581e-06 0)
(2.70519 3.80047e-05 0)
(2.7037 3.47489e-05 0)
(2.70293 -0.00393051 0)
(2.71441 -4.28519e-05 0)
(2.71338 -2.75258e-05 0)
(2.71228 -3.13252e-05 0)
(2.71108 -6.08613e-06 0)
(2.70979 -1.31219e-05 0)
(2.70839 2.70463e-05 0)
(2.70686 2.43725e-06 0)
(2.70529 7.40485e-05 0)
(2.70318 -5.48108e-05 0)
(2.73854 -0.0142203 0)
(2.71442 -2.90353e-05 0)
(2.7134 -1.34829e-05 0)
(2.71229 -1.26256e-05 0)
(2.71109 4.51363e-06 0)
(2.7098 -7.73367e-07 0)
(2.7084 3.40378e-05 0)
(2.70685 9.30393e-06 0)
(2.70539 8.69264e-05 0)
(2.70262 -0.000146773 0)
(2.65109 -0.222188 0)
(2.71442 2.58833e-05 0)
(2.7134 2.51937e-05 0)
(2.71229 2.83179e-05 0)
(2.7111 2.74749e-05 0)
(2.7098 3.04467e-05 0)
(2.70841 3.31554e-05 0)
(2.70684 3.23928e-05 0)
(2.70552 7.96295e-05 0)
(2.70227 -0.00211946 0)
(2.15034 -0.554015 0)
(2.71441 4.90116e-05 0)
(2.71339 4.33197e-05 0)
(2.71229 5.41978e-05 0)
(2.7111 3.76314e-05 0)
(2.70981 5.34228e-05 0)
(2.70841 2.21179e-05 0)
(2.70691 6.61213e-05 0)
(2.7053 -1.18014e-05 0)
(2.71736 -0.019215 0)
(1.76227 -0.696735 0)
(2.71442 4.63922e-05 0)
(2.71339 4.29761e-05 0)
(2.71228 6.0295e-05 0)
(2.71109 4.39486e-05 0)
(2.7098 6.32243e-05 0)
(2.70838 2.47419e-05 0)
(2.70702 7.46984e-05 0)
(2.70465 -0.0001926 0)
(2.66536 -0.195948 0)
(1.59781 -0.746267 0)
(2.71443 4.7732e-06 0)
(2.7134 1.58169e-05 0)
(2.71229 2.83193e-05 0)
(2.71108 3.87309e-05 0)
(2.7098 4.28926e-05 0)
(2.70835 4.65429e-05 0)
(2.70716 5.15624e-05 0)
(2.70456 -0.00508977 0)
(2.02693 -0.59884 0)
(1.45026 -0.785293 0)
(2.71444 -3.6241e-05 0)
(2.71341 -8.83555e-06 0)
(2.7123 -1.02164e-05 0)
(2.71109 3.43804e-05 0)
(2.70979 1.43982e-05 0)
(2.70847 7.62776e-05 0)
(2.70645 -5.43952e-05 0)
(2.73241 -0.0484194 0)
(1.59791 -0.704186 0)
(1.41664 -0.777976 0)
(2.71444 -3.25601e-05 0)
(2.71342 -1.36156e-05 0)
(2.71231 -1.09479e-05 0)
(2.71111 3.15832e-05 0)
(2.70978 2.59373e-05 0)
(2.70856 9.34703e-05 0)
(2.70619 -0.000296006 0)
(2.39189 -0.435023 0)
(1.42494 -0.755531 0)
(1.41656 -0.765433 0)
(2.71444 2.27324e-05 0)
(2.71342 1.61303e-05 0)
(2.71232 3.39219e-05 0)
(2.71113 1.97402e-05 0)
(2.70982 6.52078e-05 0)
(2.70851 6.1663e-05 0)
(2.7168 -0.0164842 0)
(1.59439 -0.694532 0)
(1.33619 -0.768069 0)
(1.40168 -0.767396 0)
(2.71445 3.75452e-05 0)
(2.71342 2.48991e-05 0)
(2.71232 4.30695e-05 0)
(2.71111 1.83396e-05 0)
(2.70991 6.69282e-05 0)
(2.70801 -8.74067e-05 0)
(2.52873 -0.305794 0)
(1.41048 -0.72656 0)
(1.33119 -0.757968 0)
(1.39651 -0.761946 0)
(2.71444 -3.49854e-06 0)
(2.71341 6.01738e-06 0)
(2.71231 1.74111e-05 0)
(2.71108 1.5622e-05 0)
(2.71 4.1193e-05 0)
(2.71 -0.00913854 0)
(1.61759 -0.676925 0)
(1.29638 -0.749003 0)
(1.3207 -0.751836 0)
(1.38721 -0.757173 0)
(2.71447 -6.11012e-05 0)
(2.71345 -3.23306e-05 0)
(2.71233 -4.04419e-05 0)
(2.71119 1.59795e-05 0)
(2.70949 -0.000108191 0)
(2.54255 -0.268317 0)
(1.3764 -0.712021 0)
(1.27897 -0.739723 0)
(1.30428 -0.746563 0)
(1.37579 -0.753415 0)
(2.71446 7.31062e-05 0)
(2.71345 5.97391e-05 0)
(2.71231 6.94585e-05 0)
(2.7113 7.99044e-05 0)
(2.71183 -0.00832743 0)
(1.57726 -0.664593 0)
(1.25721 -0.732886 0)
(1.26933 -0.734556 0)
(1.29307 -0.74166 0)
(1.36737 -0.749622 0)
(2.71452 7.53171e-05 0)
(2.71347 6.4514e-05 0)
(2.71242 9.67133e-05 0)
(2.71085 5.05662e-06 0)
(2.42333 -0.336152 0)
(1.31901 -0.708909 0)
(1.2488 -0.726837 0)
(1.26326 -0.73084 0)
(1.28596 -0.738995 0)
(1.36061 -0.748471 0)
(2.7145 -7.58834e-06 0)
(2.71351 4.46248e-05 0)
(2.71216 4.29047e-06 0)
(2.70626 -0.0239815 0)
(1.45809 -0.667425 0)
(1.23329 -0.719538 0)
(1.24993 -0.722671 0)
(1.26074 -0.729062 0)
(1.28063 -0.738237 0)
(1.35152 -0.748636 0)
(2.71442 -2.55361e-05 0)
(2.71351 2.01989e-05 0)
(2.71188 2.15411e-06 0)
(2.0489 -0.509879 0)
(1.22197 -0.738725 0)
(1.23028 -0.73239 0)
(1.24401 -0.73096 0)
(1.25863 -0.73278 0)
(1.28026 -0.7399 0)
(1.34531 -0.751464 0)
(2.71422 -3.09894e-05 0)
(2.71294 -6.6373e-05 0)
(2.66957 -0.0953459 0)
(1.41777 -0.705565 0)
(1.22237 -0.730866 0)
(1.25558 -0.734953 0)
(1.26529 -0.732095 0)
(1.27582 -0.734623 0)
(1.29152 -0.742481 0)
(1.34814 -0.753778 0)
(2.72006 0.00216016 0)
(2.71346 -0.00659996 0)
(1.52386 -0.686824 0)
(1.11429 -0.826458 0)
(1.20042 -0.78165 0)
(1.25491 -0.766611 0)
(1.27575 -0.765348 0)
(1.28898 -0.758515 0)
(1.30263 -0.756418 0)
(1.34352 -0.764047 0)
(2.49953 -0.104967 0)
(2.44806 -0.140476 0)
(1.39237 -0.419433 0)
(1.24371 -0.643039 0)
(1.3038 -0.703605 0)
(1.31499 -0.759254 0)
(1.31371 -0.765595 0)
(1.31042 -0.760786 0)
(1.31216 -0.758034 0)
(1.34623 -0.755333 0)
(1.82457 -0.646138 0)
(1.88658 -0.649169 0)
(2.06371 -0.518041 0)
(2.23121 -0.259673 0)
(2.30927 -0.225807 0)
(2.40429 -0.118261 0)
(2.3668 -0.0470436 0)
(1.97161 0.206323 0)
(1.81899 0.263468 0)
(1.84248 0.144887 0)
(1.78848 -0.671771 0)
(1.89314 -0.627019 0)
(2.07862 -0.492405 0)
(2.24043 -0.230566 0)
(2.31159 -0.207019 0)
(2.40536 -0.117863 0)
(2.3767 -0.0510153 0)
(1.98778 0.202483 0)
(1.80691 0.255981 0)
(1.82913 0.138743 0)
(1.73645 -0.701128 0)
(1.90362 -0.596619 0)
(2.0966 -0.4602 0)
(2.24642 -0.206329 0)
(2.31183 -0.19679 0)
(2.40353 -0.12418 0)
(2.3841 -0.057658 0)
(2.00516 0.200093 0)
(1.7963 0.252306 0)
(1.81535 0.132848 0)
(1.6845 -0.716317 0)
(1.91069 -0.575244 0)
(2.11665 -0.431896 0)
(2.2597 -0.174957 0)
(2.32036 -0.176887 0)
(2.40322 -0.133966 0)
(2.38767 -0.0605244 0)
(2.02391 0.200226 0)
(1.78683 0.251366 0)
(1.80199 0.128241 0)
(1.6688 -0.725396 0)
(1.934 -0.547392 0)
(2.1422 -0.40374 0)
(2.26579 -0.156083 0)
(2.32164 -0.166649 0)
(2.40378 -0.141711 0)
(2.38631 -0.0630286 0)
(2.04433 0.199913 0)
(1.77808 0.251281 0)
(1.78984 0.123969 0)
(1.66727 -0.725245 0)
(1.96782 -0.514754 0)
(2.17626 -0.369161 0)
(2.28146 -0.12605 0)
(2.33011 -0.147883 0)
(2.40282 -0.145372 0)
(2.38242 -0.0655714 0)
(2.06464 0.201853 0)
(1.77042 0.253144 0)
(1.77883 0.118843 0)
(1.66779 -0.717185 0)
(1.98633 -0.489732 0)
(2.20322 -0.341962 0)
(2.28288 -0.109178 0)
(2.3238 -0.137704 0)
(2.39621 -0.145683 0)
(2.38196 -0.0686996 0)
(2.08414 0.199274 0)
(1.76493 0.25308 0)
(1.76829 0.112912 0)
(1.67904 -0.712651 0)
(2.00675 -0.467333 0)
(2.23946 -0.306718 0)
(2.28261 -0.0854169 0)
(2.32333 -0.122605 0)
(2.38274 -0.145324 0)
(2.38381 -0.0691084 0)
(2.10257 0.19632 0)
(1.76221 0.25309 0)
(1.76103 0.106037 0)
(1.70161 -0.696854 0)
(2.03118 -0.436218 0)
(2.27528 -0.270523 0)
(2.27227 -0.0713382 0)
(2.31307 -0.113803 0)
(2.36535 -0.148158 0)
(2.38632 -0.0716596 0)
(2.12101 0.188478 0)
(1.76206 0.250609 0)
(1.75289 0.0993742 0)
(1.70739 -0.690176 0)
(2.05071 -0.407398 0)
(2.30202 -0.239276 0)
(2.26156 -0.0606446 0)
(2.30803 -0.1033 0)
(2.34809 -0.151781 0)
(2.38837 -0.0795828 0)
(2.13803 0.1771 0)
(1.76316 0.246076 0)
(1.74638 0.0927685 0)
(1.72761 -0.67447 0)
(2.0776 -0.37433 0)
(2.32295 -0.191998 0)
(2.26765 -0.0556968 0)
(2.29654 -0.0981133 0)
(2.33109 -0.155026 0)
(2.39071 -0.088804 0)
(2.15609 0.162566 0)
(1.76704 0.239754 0)
(1.73958 0.0854567 0)
(1.74618 -0.658049 0)
(2.10823 -0.333907 0)
(2.31763 -0.179471 0)
(2.29048 -0.0451186 0)
(2.29528 -0.0938028 0)
(2.31855 -0.157486 0)
(2.39281 -0.0911813 0)
(2.17126 0.153427 0)
(1.76856 0.233753 0)
(1.72741 0.0814056 0)
(1.7656 -0.640848 0)
(2.1376 -0.289933 0)
(2.33183 -0.127131 0)
(2.30748 -0.0516647 0)
(2.29059 -0.0948047 0)
(2.31019 -0.161451 0)
(2.39813 -0.081883 0)
(2.18606 0.15396 0)
(1.76905 0.231449 0)
(1.70693 0.0790753 0)
(1.79811 -0.613235 0)
(2.16335 -0.249651 0)
(2.33681 -0.102273 0)
(2.3222 -0.0453971 0)
(2.28061 -0.10318 0)
(2.30224 -0.171873 0)
(2.40709 -0.0666135 0)
(2.20222 0.168359 0)
(1.76775 0.237341 0)
(1.67576 0.0763548 0)
(1.82094 -0.593185 0)
(2.20193 -0.192296 0)
(2.36232 -0.0613788 0)
(2.33705 -0.0469764 0)
(2.27616 -0.123391 0)
(2.29052 -0.196545 0)
(2.40966 -0.0554992 0)
(2.21788 0.184996 0)
(1.76115 0.241164 0)
(1.63308 0.0832673 0)
(1.87364 -0.545783 0)
(2.23753 -0.150703 0)
(2.38242 -0.0415252 0)
(2.34688 -0.0487704 0)
(2.26002 -0.12955 0)
(2.24121 -0.191901 0)
(2.38403 -0.0351753 0)
(2.22503 0.200231 0)
(1.74311 0.250926 0)
(1.57762 0.084446 0)
(1.90537 -0.514572 0)
(2.2914 -0.0870899 0)
(2.4097 -0.0149044 0)
(2.33973 -0.056052 0)
(2.21018 -0.132027 0)
(2.08986 -0.191536 0)
(2.29972 -0.0120561 0)
(2.20983 0.213309 0)
(1.7083 0.249287 0)
(1.50264 0.0924075 0)
(2.00104 -0.418 0)
(2.32843 -0.0385844 0)
(2.40811 -0.00462226 0)
(2.2802 -0.0583185 0)
(2.05883 -0.128599 0)
(1.79558 -0.180502 0)
(2.11219 -0.0148088 0)
(2.1576 0.21653 0)
(1.65022 0.256751 0)
(1.39895 0.104203 0)
(2.03957 -0.345874 0)
(2.2845 0.00975735 0)
(2.3332 0.017214 0)
(2.10367 -0.0455032 0)
(1.73301 -0.105858 0)
(1.38927 -0.176134 0)
(1.78918 -0.0296552 0)
(2.05428 0.191816 0)
(1.55529 0.267837 0)
(1.26163 0.116111 0)
(2.02922 -0.0784939 0)
(2.02951 0.000652701 0)
(2.06482 0.0303035 0)
(1.75464 -0.033559 0)
(1.24755 -0.0645413 0)
(0.942562 -0.161804 0)
(1.36768 -0.063286 0)
(1.8939 0.155724 0)
(1.41157 0.283729 0)
(1.09173 0.128221 0)
(2.69687 -1.33458e-05 0)
(2.68951 -5.76903e-05 0)
(2.68184 7.20628e-05 0)
(2.67438 -0.000414376 0)
(2.43237 -0.0318274 0)
(1.37323 -0.022581 0)
(1.41941 -0.0176999 0)
(1.60918 -0.00198372 0)
(1.8089 0.00971907 0)
(2.02991 0.00989944 0)
(2.69688 -6.11434e-05 0)
(2.6894 -6.64505e-05 0)
(2.6821 0.000253218 0)
(2.67399 -0.00205938 0)
(2.47073 -0.114152 0)
(1.42768 -0.0233672 0)
(1.45473 -0.0232639 0)
(1.62871 0.00626813 0)
(1.81251 0.0374358 0)
(2.02591 0.0294779 0)
(2.69692 -7.29572e-05 0)
(2.68919 -0.000132756 0)
(2.68264 0.000428871 0)
(2.67237 -0.00542403 0)
(2.51018 -0.218349 0)
(1.5483 -0.0552393 0)
(1.54294 -0.0365787 0)
(1.68378 0.00702509 0)
(1.84221 0.0618736 0)
(2.03192 0.0488357 0)
(2.69701 -0.00015833 0)
(2.6891 2.59103e-06 0)
(2.68295 0.000414458 0)
(2.66799 -0.0143263 0)
(2.55292 -0.358841 0)
(1.6779 -0.0774639 0)
(1.65504 -0.0148865 0)
(1.76389 0.0393113 0)
(1.89342 0.088336 0)
(2.05084 0.0640006 0)
(2.69706 -0.000126854 0)
(2.68931 0.000161875 0)
(2.68316 0.000331481 0)
(2.65748 -0.0381701 0)
(2.5555 -0.510889 0)
(1.76022 -0.119929 0)
(1.74201 -0.0157556 0)
(1.84072 0.0528441 0)
(1.94919 0.117252 0)
(2.07531 0.0834964 0)
(2.69693 -0.000137016 0)
(2.68992 0.000333859 0)
(2.68308 -0.000770468 0)
(2.62825 -0.0978077 0)
(2.51473 -0.623598 0)
(1.81486 -0.179828 0)
(1.79512 0.00804029 0)
(1.8687 0.0926308 0)
(1.97949 0.154384 0)
(2.09492 0.103959 0)
(2.69674 -9.02953e-05 0)
(2.6906 0.00038309 0)
(2.68165 -0.00526234 0)
(2.56167 -0.207643 0)
(2.44456 -0.672317 0)
(1.85706 -0.235649 0)
(1.84918 0.0376247 0)
(1.88036 0.130528 0)
(1.97173 0.188655 0)
(2.10191 0.123264 0)
(2.69669 2.03834e-05 0)
(2.691 0.000301494 0)
(2.67769 -0.0219114 0)
(2.4783 -0.333154 0)
(2.35763 -0.651429 0)
(1.90643 -0.272632 0)
(1.88889 0.047419 0)
(1.91685 0.165896 0)
(1.98367 0.211841 0)
(2.10574 0.136092 0)
(2.69688 0.000167719 0)
(2.69114 1.00159e-05 0)
(2.67347 -0.0735897 0)
(2.3917 -0.446939 0)
(2.25378 -0.618634 0)
(1.97654 -0.304005 0)
(1.91707 0.0535665 0)
(1.93887 0.194661 0)
(1.9864 0.236136 0)
(2.09445 0.155386 0)
(2.69736 0.000273539 0)
(2.69068 -0.00158989 0)
(2.65667 -0.162088 0)
(2.27128 -0.553643 0)
(2.21088 -0.592214 0)
(2.04887 -0.328985 0)
(1.95039 0.0433286 0)
(1.95538 0.223784 0)
(1.98904 0.261456 0)
(2.0894 0.166568 0)
(2.69785 0.0003043 0)
(2.68848 -0.00774492 0)
(2.53648 -0.305917 0)
(2.18843 -0.596858 0)
(2.2003 -0.599032 0)
(2.09866 -0.346658 0)
(1.99812 0.0514614 0)
(1.97107 0.252792 0)
(1.9851 0.272055 0)
(2.07321 0.179373 0)
(2.6981 0.000259562 0)
(2.68404 -0.031847 0)
(2.36458 -0.428017 0)
(2.15474 -0.610233 0)
(2.21928 -0.595404 0)
(2.1501 -0.348577 0)
(2.05479 0.0354923 0)
(1.9866 0.284348 0)
(1.98831 0.286585 0)
(2.05845 0.187921 0)
(2.69817 0.000200627 0)
(2.67955 -0.100009 0)
(2.23713 -0.530689 0)
(2.15273 -0.59117 0)
(2.24282 -0.554844 0)
(2.20227 -0.31351 0)
(2.10718 0.040001 0)
(1.99256 0.299172 0)
(1.98607 0.288982 0)
(2.04314 0.198836 0)
(2.69822 9.25643e-05 0)
(2.62216 -0.237197 0)
(2.14321 -0.599353 0)
(2.12266 -0.590046 0)
(2.22928 -0.521775 0)
(2.22225 -0.288787 0)
(2.12822 0.031433 0)
(2.00419 0.312778 0)
(1.97337 0.292963 0)
(2.02867 0.207502 0)
(2.7005 -0.00234896 0)
(2.44696 -0.411716 0)
(2.06927 -0.622444 0)
(2.09902 -0.562298 0)
(2.23508 -0.473472 0)
(2.24639 -0.257955 0)
(2.13703 0.0170845 0)
(2.00124 0.303048 0)
(1.96219 0.289614 0)
(2.01189 0.213784 0)
(2.74004 -0.0209913 0)
(2.24738 -0.546823 0)
(2.03028 -0.618803 0)
(2.09619 -0.5279 0)
(2.24475 -0.43235 0)
(2.27773 -0.225602 0)
(2.15571 0.00276842 0)
(1.98017 0.27448 0)
(1.94934 0.303369 0)
(1.99185 0.218726 0)
(2.78407 -0.103814 0)
(2.07447 -0.627094 0)
(2.02118 -0.611251 0)
(2.10614 -0.467954 0)
(2.25503 -0.382932 0)
(2.31189 -0.197708 0)
(2.18842 -0.0176983 0)
(1.95491 0.24228 0)
(1.92945 0.301344 0)
(1.96493 0.212799 0)
(2.54453 -0.342995 0)
(1.95112 -0.652654 0)
(1.97905 -0.603256 0)
(2.11725 -0.421008 0)
(2.26819 -0.33693 0)
(2.35119 -0.160868 0)
(2.23563 -0.0279239 0)
(1.93508 0.222996 0)
(1.90398 0.297899 0)
(1.93014 0.198288 0)
(2.13253 -0.506078 0)
(1.90222 -0.657029 0)
(1.9844 -0.587309 0)
(2.15246 -0.369387 0)
(2.28503 -0.293684 0)
(2.37313 -0.144608 0)
(2.2871 -0.0375221 0)
(1.93492 0.211827 0)
(1.8742 0.289347 0)
(1.89708 0.174716 0)
(1.94567 -0.581938 0)
(1.88283 -0.661946 0)
(2.02573 -0.551549 0)
(2.20164 -0.306842 0)
(2.30381 -0.24965 0)
(2.39796 -0.118868 0)
(2.33789 -0.0386115 0)
(1.95153 0.211993 0)
(1.84184 0.276981 0)
(1.86369 0.156455 0)
(1.95826 0.572712 0)
(1.87682 0.665521 0)
(2.01511 0.563444 0)
(2.20926 0.309976 0)
(2.38943 0.246503 0)
(2.37159 0.0638646 0)
(2.26518 0.0268679 0)
(1.98994 -0.0455228 0)
(1.93617 -0.230429 0)
(1.95799 -0.244472 0)
(2.14677 0.49949 0)
(1.89365 0.657638 0)
(1.9766 0.592781 0)
(2.15695 0.368822 0)
(2.35855 0.30001 0)
(2.34282 0.0898657 0)
(2.22063 0.00137805 0)
(1.96157 -0.0769897 0)
(1.9406 -0.242343 0)
(1.97324 -0.237667 0)
(2.5627 0.328065 0)
(1.94963 0.655378 0)
(1.9741 0.607693 0)
(2.1227 0.419125 0)
(2.32946 0.342173 0)
(2.31675 0.11479 0)
(2.17888 -0.0161386 0)
(1.91339 -0.118517 0)
(1.94645 -0.262134 0)
(1.99053 -0.239654 0)
(2.789 0.0925106 0)
(2.0724 0.626437 0)
(2.01644 0.617824 0)
(2.10982 0.472406 0)
(2.30152 0.389415 0)
(2.28424 0.155137 0)
(2.13396 -0.0249739 0)
(1.9048 -0.150131 0)
(1.96188 -0.272166 0)
(2.00935 -0.240276 0)
(2.73786 0.0181998 0)
(2.2437 0.544243 0)
(2.02883 0.623228 0)
(2.102 0.530934 0)
(2.28194 0.432904 0)
(2.2597 0.19329 0)
(2.09662 -0.0354462 0)
(1.9201 -0.183438 0)
(1.97296 -0.278503 0)
(2.02787 -0.235372 0)
(2.70032 0.00185634 0)
(2.44325 0.411306 0)
(2.06749 0.627335 0)
(2.10248 0.568063 0)
(2.26126 0.474716 0)
(2.23548 0.237987 0)
(2.07096 -0.0460365 0)
(1.94941 -0.202722 0)
(1.97646 -0.272004 0)
(2.04514 -0.225055 0)
(2.69822 -0.000128211 0)
(2.6206 0.237106 0)
(2.14499 0.603256 0)
(2.12649 0.595629 0)
(2.24738 0.524099 0)
(2.21674 0.280996 0)
(2.05721 -0.0595222 0)
(1.96679 -0.227153 0)
(1.98111 -0.265269 0)
(2.0564 -0.211438 0)
(2.69817 -0.000200597 0)
(2.6796 0.100081 0)
(2.23806 0.533913 0)
(2.16135 0.594802 0)
(2.25641 0.557909 0)
(2.20083 0.308888 0)
(2.0443 -0.0607357 0)
(1.97043 -0.249306 0)
(1.98728 -0.262888 0)
(2.06122 -0.196289 0)
(2.69811 -0.000258934 0)
(2.68398 0.0321937 0)
(2.367 0.42964 0)
(2.16461 0.611551 0)
(2.23361 0.597837 0)
(2.15115 0.341857 0)
(2.01195 -0.0483466 0)
(1.97061 -0.249355 0)
(1.98878 -0.2566 0)
(2.07533 -0.185637 0)
(2.69785 -0.000303233 0)
(2.68842 0.00786795 0)
(2.53864 0.305558 0)
(2.19984 0.59805 0)
(2.21683 0.601571 0)
(2.10185 0.338961 0)
(1.97098 -0.0504466 0)
(1.95926 -0.228158 0)
(1.98724 -0.249437 0)
(2.08581 -0.174408 0)
(2.69737 -0.000272482 0)
(2.69067 0.00160955 0)
(2.65512 0.162331 0)
(2.28511 0.550441 0)
(2.22959 0.593013 0)
(2.0566 0.321167 0)
(1.93466 -0.0426489 0)
(1.94519 -0.200736 0)
(1.99098 -0.241045 0)
(2.09878 -0.161609 0)
(2.69689 -0.000166571 0)
(2.69114 -1.68925e-05 0)
(2.6724 0.0727872 0)
(2.4013 0.43694 0)
(2.27034 0.619546 0)
(1.9883 0.294109 0)
(1.90951 -0.0531189 0)
(1.93123 -0.176139 0)
(1.99048 -0.220548 0)
(2.10607 -0.148629 0)
(2.69669 -1.8984e-05 0)
(2.69098 -0.000307027 0)
(2.67789 0.0209431 0)
(2.48126 0.327184 0)
(2.37369 0.652382 0)
(1.91672 0.261259 0)
(1.8859 -0.0524376 0)
(1.91023 -0.150828 0)
(1.98711 -0.198698 0)
(2.11453 -0.130451 0)
(2.69676 9.07066e-05 0)
(2.69056 -0.00039233 0)
(2.68179 0.00488812 0)
(2.56496 0.199588 0)
(2.46063 0.669089 0)
(1.86504 0.224417 0)
(1.84659 -0.0396955 0)
(1.87457 -0.121749 0)
(1.97706 -0.176342 0)
(2.11116 -0.116686 0)
(2.69695 0.000130537 0)
(2.68986 -0.000326815 0)
(2.6831 0.000625841 0)
(2.63059 0.0916393 0)
(2.53023 0.613778 0)
(1.81955 0.170327 0)
(1.79511 -0.0093117 0)
(1.86624 -0.0858451 0)
(1.98335 -0.141462 0)
(2.10295 -0.0981545 0)
(2.69707 0.000119349 0)
(2.68928 -0.000145514 0)
(2.68315 -0.000337867 0)
(2.65854 0.0353135 0)
(2.56486 0.494917 0)
(1.76505 0.114369 0)
(1.74288 0.0167835 0)
(1.83547 -0.0445645 0)
(1.95118 -0.107077 0)
(2.08363 -0.0782079 0)
(2.69699 0.000146435 0)
(2.6891 2.10818e-05 0)
(2.68294 -0.000422382 0)
(2.66854 0.0131505 0)
(2.55553 0.340256 0)
(1.67859 0.0733828 0)
(1.65027 0.016266 0)
(1.75679 -0.0319371 0)
(1.89575 -0.079053 0)
(2.06064 -0.0583946 0)
(2.69691 6.31469e-05 0)
(2.6892 0.000147799 0)
(2.6826 -0.000421848 0)
(2.67258 0.00499251 0)
(2.50983 0.20387 0)
(1.54455 0.0573043 0)
(1.53524 0.0393969 0)
(1.67657 -0.00325217 0)
(1.84604 -0.0533099 0)
(2.04336 -0.0435546 0)
(2.69688 5.44737e-05 0)
(2.68942 7.73493e-05 0)
(2.68207 -0.000247183 0)
(2.67404 0.00189994 0)
(2.47417 0.106181 0)
(1.42746 0.0251142 0)
(1.45011 0.02915 0)
(1.62247 -0.000851782 0)
(1.81595 -0.032865 0)
(2.03746 -0.0268507 0)
(2.69688 8.58161e-06 0)
(2.68952 7.44809e-05 0)
(2.68183 -6.67893e-05 0)
(2.67439 0.000393428 0)
(2.44235 0.0282651 0)
(1.37542 0.021599 0)
(1.41622 0.0173942 0)
(1.60234 0.00327534 0)
(1.80986 -0.00827679 0)
(2.03909 -0.00918412 0)
(2.7144 -1.25622e-05 0)
(2.71338 -1.24265e-05 0)
(2.71226 -8.60871e-06 0)
(2.71106 -6.93707e-06 0)
(2.70976 -1.00357e-05 0)
(2.70836 -7.29622e-06 0)
(2.70684 -2.3481e-05 0)
(2.70519 -4.86278e-06 0)
(2.70344 -5.25744e-05 0)
(2.70218 -4.39686e-05 0)
(2.7144 -1.19245e-05 0)
(2.71337 -1.85895e-05 0)
(2.71226 -1.29292e-05 0)
(2.71106 -1.99885e-05 0)
(2.70975 -1.33624e-05 0)
(2.70835 -2.22411e-05 0)
(2.70682 -1.47486e-05 0)
(2.7052 -2.8747e-05 0)
(2.70327 -9.16159e-06 0)
(2.70196 -7.9065e-05 0)
(2.71439 -7.59562e-07 0)
(2.71337 -1.16107e-05 0)
(2.71225 -1.46661e-06 0)
(2.71105 -1.56389e-05 0)
(2.70975 -5.98669e-07 0)
(2.70834 -2.02043e-05 0)
(2.70681 2.89667e-06 0)
(2.7052 -2.9546e-05 0)
(2.70326 1.13147e-05 0)
(2.7019 -5.38036e-05 0)
(2.71439 1.59834e-05 0)
(2.71336 4.90587e-06 0)
(2.71225 1.75485e-05 0)
(2.71105 1.86005e-06 0)
(2.70974 1.89538e-05 0)
(2.70834 -3.13182e-06 0)
(2.70681 2.02893e-05 0)
(2.70519 -1.39753e-05 0)
(2.70325 2.40152e-05 0)
(2.70187 -2.51238e-05 0)
(2.71439 2.70505e-05 0)
(2.71336 1.71546e-05 0)
(2.71225 3.21479e-05 0)
(2.71105 1.57165e-05 0)
(2.70974 3.47966e-05 0)
(2.70833 9.34284e-06 0)
(2.7068 3.66848e-05 0)
(2.70518 -5.31707e-06 0)
(2.70326 4.17706e-05 0)
(2.70184 -2.14071e-05 0)
(2.7144 3.21437e-05 0)
(2.71337 2.24981e-05 0)
(2.71226 3.83791e-05 0)
(2.71105 2.14143e-05 0)
(2.70974 4.23343e-05 0)
(2.70833 1.39831e-05 0)
(2.70681 4.44437e-05 0)
(2.70517 -2.22635e-06 0)
(2.70333 5.56693e-05 0)
(2.70163 -4.73544e-05 0)
(2.7144 2.31099e-05 0)
(2.71337 1.67776e-05 0)
(2.71226 2.82352e-05 0)
(2.71105 1.57074e-05 0)
(2.70974 3.27377e-05 0)
(2.70833 1.1448e-05 0)
(2.7068 3.67443e-05 0)
(2.70515 -1.947e-06 0)
(2.70339 3.98319e-05 0)
(2.70131 -1.52622e-05 0)
(2.7144 6.32101e-06 0)
(2.71337 9.88123e-06 0)
(2.71225 5.07767e-06 0)
(2.71105 1.19103e-05 0)
(2.70974 2.50819e-06 0)
(2.70833 1.3503e-05 0)
(2.70679 -7.44849e-06 0)
(2.70513 1.17538e-05 0)
(2.70338 -3.275e-05 0)
(2.70126 1.88867e-05 0)
(2.7144 -7.72431e-06 0)
(2.71337 -4.48949e-07 0)
(2.71225 -1.68849e-05 0)
(2.71104 -3.29489e-06 0)
(2.70974 -2.84512e-05 0)
(2.70832 -7.08487e-06 0)
(2.70679 -4.40701e-05 0)
(2.70513 -7.13396e-06 0)
(2.70337 -6.58386e-05 0)
(2.70127 6.36745e-06 0)
(2.71439 -2.1163e-05 0)
(2.71336 -1.33708e-05 0)
(2.71224 -3.43869e-05 0)
(2.71104 -2.02255e-05 0)
(2.70973 -4.91925e-05 0)
(2.70831 -2.78219e-05 0)
(2.70678 -6.6164e-05 0)
(2.70512 -2.86686e-05 0)
(2.70336 -8.22816e-05 0)
(2.70131 -4.7536e-06 0)
(2.71438 -3.47794e-05 0)
(2.71335 -2.78309e-05 0)
(2.71223 -4.76038e-05 0)
(2.71102 -3.43387e-05 0)
(2.70972 -5.9586e-05 0)
(2.7083 -4.01111e-05 0)
(2.70678 -6.98059e-05 0)
(2.70512 -3.31269e-05 0)
(2.70335 -7.68546e-05 0)
(2.70138 -3.49381e-06 0)
(2.71436 -4.72653e-05 0)
(2.71334 -4.24359e-05 0)
(2.71222 -5.70093e-05 0)
(2.71102 -4.14082e-05 0)
(2.70971 -5.55199e-05 0)
(2.7083 -3.75017e-05 0)
(2.70678 -5.73904e-05 0)
(2.70513 -2.64014e-05 0)
(2.70335 -5.2731e-05 0)
(2.70144 1.82697e-06 0)
(2.71437 -2.39426e-05 0)
(2.71335 -2.46704e-05 0)
(2.71223 -2.9372e-05 0)
(2.71103 -1.81355e-05 0)
(2.70972 -2.19429e-05 0)
(2.70831 -2.01722e-05 0)
(2.70678 -2.59646e-05 0)
(2.70513 -1.72203e-05 0)
(2.70334 -2.20053e-05 0)
(2.70144 -9.19782e-06 0)
(2.71437 2.71007e-05 0)
(2.71334 1.71836e-05 0)
(2.71223 2.27433e-05 0)
(2.71102 2.17269e-05 0)
(2.70972 2.73033e-05 0)
(2.70831 1.19794e-05 0)
(2.70678 2.22176e-05 0)
(2.70513 5.13319e-06 0)
(2.70334 2.64713e-05 0)
(2.70142 -9.97108e-06 0)
(2.71436 4.9234e-05 0)
(2.71333 4.05326e-05 0)
(2.71222 5.38901e-05 0)
(2.71101 4.39114e-05 0)
(2.70971 5.82014e-05 0)
(2.7083 3.58895e-05 0)
(2.70678 5.10221e-05 0)
(2.70513 2.4356e-05 0)
(2.70334 4.62516e-05 0)
(2.70141 8.72088e-06 0)
(2.71437 3.05493e-05 0)
(2.71335 2.50101e-05 0)
(2.71223 4.03561e-05 0)
(2.71102 3.21359e-05 0)
(2.70971 5.3128e-05 0)
(2.7083 3.82246e-05 0)
(2.70677 5.97717e-05 0)
(2.70512 3.8528e-05 0)
(2.70333 6.58969e-05 0)
(2.7014 3.75483e-05 0)
(2.71439 1.28417e-05 0)
(2.71336 9.49017e-06 0)
(2.71224 2.43772e-05 0)
(2.71103 2.13716e-05 0)
(2.70972 4.35514e-05 0)
(2.70831 3.58698e-05 0)
(2.70678 6.12568e-05 0)
(2.70513 4.88115e-05 0)
(2.70334 7.89001e-05 0)
(2.70139 5.45969e-05 0)
(2.71439 -1.66465e-06 0)
(2.71337 -2.70385e-06 0)
(2.71225 6.36104e-06 0)
(2.71104 7.51538e-06 0)
(2.70974 1.98953e-05 0)
(2.70832 2.34564e-05 0)
(2.70679 3.65654e-05 0)
(2.70514 4.29383e-05 0)
(2.70335 5.39771e-05 0)
(2.7014 6.03876e-05 0)
(2.71441 1.77683e-06 0)
(2.71338 3.23772e-06 0)
(2.71226 8.66054e-06 0)
(2.71105 1.06857e-05 0)
(2.70975 1.73152e-05 0)
(2.70833 1.98916e-05 0)
(2.7068 2.75061e-05 0)
(2.70515 3.06255e-05 0)
(2.70335 3.88057e-05 0)
(2.70141 4.12474e-05 0)
(2.7144 -8.41101e-06 0)
(2.71338 -7.4757e-06 0)
(2.71226 -4.95265e-06 0)
(2.71106 -3.17217e-06 0)
(2.70975 -4.10105e-07 0)
(2.70834 2.67366e-06 0)
(2.70681 4.56009e-06 0)
(2.70515 9.05662e-06 0)
(2.70335 8.99014e-06 0)
(2.70141 1.58739e-05 0)
(2.80688 -1.01979e-06 0)
(2.80035 3.05045e-06 0)
(2.79325 -5.67098e-06 0)
(2.78551 8.96118e-06 0)
(2.77709 -9.15264e-06 0)
(2.7679 5.24497e-06 0)
(2.75788 1.0558e-05 0)
(2.74692 -3.73033e-05 0)
(2.73493 4.51889e-05 0)
(2.72172 -3.95864e-05 0)
(2.80688 -9.54288e-07 0)
(2.80035 2.8148e-06 0)
(2.79325 -5.08934e-06 0)
(2.78551 7.82943e-06 0)
(2.77709 -7.5331e-06 0)
(2.7679 3.51291e-06 0)
(2.75788 1.04802e-05 0)
(2.74692 -3.50488e-05 0)
(2.73493 5.0714e-05 0)
(2.72172 -4.7725e-05 0)
(2.80688 -8.82484e-07 0)
(2.80035 2.55309e-06 0)
(2.79325 -4.45656e-06 0)
(2.78551 6.58268e-06 0)
(2.77709 -5.91712e-06 0)
(2.7679 1.82965e-06 0)
(2.75788 1.08429e-05 0)
(2.74692 -3.17605e-05 0)
(2.73492 4.9734e-05 0)
(2.72172 -5.40929e-05 0)
(2.80688 -8.06333e-07 0)
(2.80035 2.27103e-06 0)
(2.79325 -3.81241e-06 0)
(2.78551 5.34193e-06 0)
(2.77709 -4.29144e-06 0)
(2.7679 1.58655e-07 0)
(2.75788 1.09117e-05 0)
(2.74692 -2.76078e-05 0)
(2.73492 4.47564e-05 0)
(2.72172 -5.62521e-05 0)
(2.80688 -7.26951e-07 0)
(2.80035 1.98219e-06 0)
(2.79325 -3.18691e-06 0)
(2.78551 4.12838e-06 0)
(2.77709 -2.72531e-06 0)
(2.7679 -1.4491e-06 0)
(2.75787 1.09204e-05 0)
(2.74692 -2.2795e-05 0)
(2.73492 3.73176e-05 0)
(2.72172 -4.67244e-05 0)
(2.80688 -6.47607e-07 0)
(2.80035 1.70215e-06 0)
(2.79325 -2.58808e-06 0)
(2.78551 2.99256e-06 0)
(2.77709 -1.28089e-06 0)
(2.7679 -2.83452e-06 0)
(2.75787 1.09236e-05 0)
(2.74692 -1.92081e-05 0)
(2.73491 2.69437e-05 0)
(2.72172 -2.93723e-05 0)
(2.80688 -5.70814e-07 0)
(2.80035 1.43337e-06 0)
(2.79325 -2.03327e-06 0)
(2.78551 1.97323e-06 0)
(2.77709 -1.70835e-08 0)
(2.7679 -3.96078e-06 0)
(2.75787 1.07016e-05 0)
(2.74692 -1.42071e-05 0)
(2.73491 1.3921e-05 0)
(2.72172 -1.0599e-05 0)
(2.80688 -4.97329e-07 0)
(2.80035 1.18436e-06 0)
(2.79325 -1.53925e-06 0)
(2.78551 1.11204e-06 0)
(2.77709 1.01464e-06 0)
(2.7679 -4.81007e-06 0)
(2.75787 1.00988e-05 0)
(2.74692 -1.02537e-05 0)
(2.73491 6.38337e-07 0)
(2.72172 1.85933e-05 0)
(2.80688 -4.28291e-07 0)
(2.80035 9.60988e-07 0)
(2.79325 -1.11921e-06 0)
(2.78551 4.34827e-07 0)
(2.77709 1.75086e-06 0)
(2.7679 -5.20265e-06 0)
(2.75787 9.05802e-06 0)
(2.74692 -8.25596e-06 0)
(2.73492 -6.4439e-06 0)
(2.72172 4.52863e-05 0)
(2.80688 -3.64831e-07 0)
(2.80035 7.6743e-07 0)
(2.79325 -7.79655e-07 0)
(2.78551 -5.23901e-08 0)
(2.77709 2.18992e-06 0)
(2.7679 -5.27919e-06 0)
(2.75787 7.8359e-06 0)
(2.74691 -5.22887e-06 0)
(2.73492 -9.67799e-06 0)
(2.72172 5.59606e-05 0)
(2.80688 -3.07622e-07 0)
(2.80035 6.05213e-07 0)
(2.79324 -5.2159e-07 0)
(2.78551 -3.52641e-07 0)
(2.77709 2.30705e-06 0)
(2.7679 -4.78333e-06 0)
(2.75787 6.67515e-06 0)
(2.74691 -3.20069e-06 0)
(2.73493 -1.16181e-05 0)
(2.72172 5.60891e-05 0)
(2.80688 -2.56771e-07 0)
(2.80035 4.72811e-07 0)
(2.79324 -3.36553e-07 0)
(2.78551 -5.01308e-07 0)
(2.77709 2.17498e-06 0)
(2.7679 -4.05738e-06 0)
(2.75787 5.32312e-06 0)
(2.7469 -2.43303e-06 0)
(2.73494 -8.92505e-06 0)
(2.72171 4.75938e-05 0)
(2.80688 -2.11968e-07 0)
(2.80035 3.66958e-07 0)
(2.79324 -2.14502e-07 0)
(2.78551 -5.29585e-07 0)
(2.77709 1.87222e-06 0)
(2.7679 -3.27862e-06 0)
(2.75787 3.79885e-06 0)
(2.7469 -8.38519e-07 0)
(2.73494 -6.95208e-06 0)
(2.72171 2.93211e-05 0)
(2.80688 -1.72593e-07 0)
(2.80035 2.82563e-07 0)
(2.79324 -1.36582e-07 0)
(2.78551 -4.73129e-07 0)
(2.77709 1.50203e-06 0)
(2.7679 -2.49913e-06 0)
(2.75787 2.71138e-06 0)
(2.7469 -1.50296e-06 0)
(2.73494 2.61729e-06 0)
(2.72171 -1.91437e-05 0)
(2.80688 -1.38021e-07 0)
(2.80035 2.16024e-07 0)
(2.79324 -9.42103e-08 0)
(2.78551 -3.75024e-07 0)
(2.77709 1.13361e-06 0)
(2.7679 -1.73005e-06 0)
(2.75787 1.68141e-06 0)
(2.7469 -2.00203e-06 0)
(2.73494 6.82173e-06 0)
(2.72171 -3.82277e-05 0)
(2.80688 -1.07686e-07 0)
(2.80035 1.63316e-07 0)
(2.79324 -7.16658e-08 0)
(2.78551 -2.80198e-07 0)
(2.77709 7.93736e-07 0)
(2.7679 -1.07692e-06 0)
(2.75787 8.8761e-07 0)
(2.7469 -1.7274e-06 0)
(2.73493 1.1046e-05 0)
(2.72172 -4.6361e-05 0)
(2.80688 -8.08258e-08 0)
(2.80035 1.20212e-07 0)
(2.79324 -5.34407e-08 0)
(2.78551 -1.8866e-07 0)
(2.77709 5.0908e-07 0)
(2.7679 -5.67668e-07 0)
(2.75787 3.61018e-07 0)
(2.74691 -9.00912e-07 0)
(2.73493 1.178e-05 0)
(2.72172 -5.14776e-05 0)
(2.80688 -5.55836e-08 0)
(2.80035 8.22657e-08 0)
(2.79324 -4.53172e-08 0)
(2.78551 -1.11584e-07 0)
(2.77709 2.75058e-07 0)
(2.7679 -2.02086e-07 0)
(2.75787 1.03032e-07 0)
(2.74691 -2.01803e-06 0)
(2.73492 1.43669e-05 0)
(2.72172 -4.52679e-05 0)
(2.80688 -3.38342e-08 0)
(2.80035 5.22945e-08 0)
(2.79324 -2.77906e-08 0)
(2.78551 -6.69457e-08 0)
(2.77709 1.1497e-07 0)
(2.7679 -2.66728e-08 0)
(2.75787 -2.38649e-07 0)
(2.74691 2.66577e-08 0)
(2.73491 4.75348e-06 0)
(2.72172 -2.55283e-05 0)
(2.80688 -1.94748e-08 0)
(2.80035 4.19422e-08 0)
(2.79324 -3.81614e-08 0)
(2.78551 -5.70129e-09 0)
(2.77709 6.15394e-08 0)
(2.7679 -1.512e-07 0)
(2.75787 5.76157e-07 0)
(2.74692 -2.60447e-06 0)
(2.73491 1.04366e-05 0)
(2.72172 -2.20748e-05 0)
(2.80688 1.97556e-08 0)
(2.80035 -4.38202e-08 0)
(2.79324 4.27053e-08 0)
(2.78551 -8.85294e-10 0)
(2.77709 -5.73499e-08 0)
(2.7679 1.47316e-07 0)
(2.75787 -5.74118e-07 0)
(2.74692 2.60626e-06 0)
(2.73491 -1.05594e-05 0)
(2.72172 2.29736e-05 0)
(2.80688 3.44754e-08 0)
(2.80035 -5.49201e-08 0)
(2.79324 3.36303e-08 0)
(2.78551 5.94308e-08 0)
(2.77709 -1.07556e-07 0)
(2.7679 2.21766e-08 0)
(2.75787 2.43484e-07 0)
(2.74691 -3.92225e-08 0)
(2.73491 -4.79537e-06 0)
(2.72172 2.64014e-05 0)
(2.80688 5.66008e-08 0)
(2.80035 -8.60668e-08 0)
(2.79324 5.44988e-08 0)
(2.78551 9.63906e-08 0)
(2.77709 -2.64238e-07 0)
(2.7679 1.95463e-07 0)
(2.75787 -9.38213e-08 0)
(2.74691 1.99693e-06 0)
(2.73492 -1.44694e-05 0)
(2.72172 4.68233e-05 0)
(2.80688 8.20941e-08 0)
(2.80035 -1.25243e-07 0)
(2.79324 6.47623e-08 0)
(2.78551 1.70307e-07 0)
(2.77709 -4.93215e-07 0)
(2.7679 5.60836e-07 0)
(2.75787 -3.52103e-07 0)
(2.74691 8.86335e-07 0)
(2.73493 -1.1843e-05 0)
(2.72172 5.25307e-05 0)
(2.80688 1.0915e-07 0)
(2.80035 -1.69273e-07 0)
(2.79324 8.52526e-08 0)
(2.78551 2.59258e-07 0)
(2.77709 -7.75072e-07 0)
(2.7679 1.06678e-06 0)
(2.75787 -8.6765e-07 0)
(2.7469 1.61248e-06 0)
(2.73493 -1.08164e-05 0)
(2.72172 4.67426e-05 0)
(2.80688 1.39622e-07 0)
(2.80035 -2.2267e-07 0)
(2.79324 1.0932e-07 0)
(2.78551 3.5391e-07 0)
(2.77709 -1.11098e-06 0)
(2.7679 1.72132e-06 0)
(2.75787 -1.66821e-06 0)
(2.7469 1.93947e-06 0)
(2.73494 -6.72526e-06 0)
(2.72171 3.85791e-05 0)
(2.80688 1.74274e-07 0)
(2.80035 -2.89666e-07 0)
(2.79324 1.52838e-07 0)
(2.78551 4.47555e-07 0)
(2.77709 -1.48025e-06 0)
(2.7679 2.49048e-06 0)
(2.75787 -2.70136e-06 0)
(2.7469 1.3624e-06 0)
(2.73494 -2.2297e-06 0)
(2.7217 1.80396e-05 0)
(2.80688 2.13671e-07 0)
(2.80035 -3.74188e-07 0)
(2.79324 2.31067e-07 0)
(2.78551 5.03536e-07 0)
(2.77709 -1.84913e-06 0)
(2.7679 3.27248e-06 0)
(2.75787 -3.78904e-06 0)
(2.7469 7.45542e-07 0)
(2.73494 7.26915e-06 0)
(2.72171 -3.01427e-05 0)
(2.80688 2.58443e-07 0)
(2.80035 -4.79854e-07 0)
(2.79324 3.52261e-07 0)
(2.78551 4.78262e-07 0)
(2.77709 -2.15485e-06 0)
(2.7679 4.05368e-06 0)
(2.75787 -5.31016e-06 0)
(2.7469 2.33163e-06 0)
(2.73494 9.19569e-06 0)
(2.72171 -4.80725e-05 0)
(2.80688 3.0922e-07 0)
(2.80035 -6.11819e-07 0)
(2.79324 5.35812e-07 0)
(2.78551 3.32717e-07 0)
(2.77709 -2.29321e-06 0)
(2.7679 4.77778e-06 0)
(2.75787 -6.66108e-06 0)
(2.74691 3.0633e-06 0)
(2.73493 1.2064e-05 0)
(2.72172 -5.69091e-05 0)
(2.80688 3.66324e-07 0)
(2.80035 -7.73426e-07 0)
(2.79325 7.92134e-07 0)
(2.78551 3.52958e-08 0)
(2.77709 -2.17838e-06 0)
(2.7679 5.27914e-06 0)
(2.75787 -7.82319e-06 0)
(2.74691 5.11716e-06 0)
(2.73492 9.9766e-06 0)
(2.72172 -5.62657e-05 0)
(2.80688 4.29649e-07 0)
(2.80035 -9.66239e-07 0)
(2.79325 1.12965e-06 0)
(2.78551 -4.4834e-07 0)
(2.77709 -1.74366e-06 0)
(2.7679 5.20774e-06 0)
(2.75787 -9.0508e-06 0)
(2.74692 8.15777e-06 0)
(2.73492 6.70856e-06 0)
(2.72172 -4.53723e-05 0)
(2.80688 4.98527e-07 0)
(2.80035 -1.1888e-06 0)
(2.79325 1.54759e-06 0)
(2.78551 -1.12173e-06 0)
(2.77709 -1.01215e-06 0)
(2.7679 4.82228e-06 0)
(2.75787 -1.01067e-05 0)
(2.74692 1.01818e-05 0)
(2.73491 -4.51163e-07 0)
(2.72172 -1.8649e-05 0)
(2.80688 5.71833e-07 0)
(2.80035 -1.43699e-06 0)
(2.79325 2.03957e-06 0)
(2.78551 -1.97891e-06 0)
(2.77709 1.45793e-08 0)
(2.7679 3.97753e-06 0)
(2.75787 -1.07137e-05 0)
(2.74692 1.41719e-05 0)
(2.73491 -1.37823e-05 0)
(2.72172 1.05496e-05 0)
(2.80688 6.48448e-07 0)
(2.80035 -1.70502e-06 0)
(2.79325 2.59262e-06 0)
(2.78551 -2.99481e-06 0)
(2.77709 1.27406e-06 0)
(2.7679 2.85647e-06 0)
(2.75787 -1.09478e-05 0)
(2.74692 1.91833e-05 0)
(2.73491 -2.68353e-05 0)
(2.72172 2.93528e-05 0)
(2.80688 7.27633e-07 0)
(2.80035 -1.98445e-06 0)
(2.79325 3.19006e-06 0)
(2.78551 -4.12791e-06 0)
(2.77709 2.71476e-06 0)
(2.7679 1.47586e-06 0)
(2.75787 -1.0952e-05 0)
(2.74692 2.2793e-05 0)
(2.73492 -3.72483e-05 0)
(2.72172 4.66978e-05 0)
(2.80688 8.06909e-07 0)
(2.80035 -2.27282e-06 0)
(2.79325 3.81458e-06 0)
(2.78551 -5.3397e-06 0)
(2.77709 4.27829e-06 0)
(2.7679 -1.29099e-07 0)
(2.75788 -1.09441e-05 0)
(2.74692 2.76122e-05 0)
(2.73492 -4.4745e-05 0)
(2.72172 5.626e-05 0)
(2.80688 8.8298e-07 0)
(2.80035 -2.55457e-06 0)
(2.79325 4.45796e-06 0)
(2.78551 -6.57915e-06 0)
(2.77709 5.90319e-06 0)
(2.7679 -1.80042e-06 0)
(2.75788 -1.08741e-05 0)
(2.74692 3.17803e-05 0)
(2.73492 -4.97493e-05 0)
(2.72172 5.41869e-05 0)
(2.80688 9.54736e-07 0)
(2.80035 -2.81608e-06 0)
(2.79325 5.09063e-06 0)
(2.78551 -7.82672e-06 0)
(2.77709 7.51986e-06 0)
(2.7679 -3.48534e-06 0)
(2.75788 -1.05076e-05 0)
(2.74692 3.50662e-05 0)
(2.73493 -5.07561e-05 0)
(2.72172 4.78298e-05 0)
(2.80688 1.02021e-06 0)
(2.80035 -3.05163e-06 0)
(2.79325 5.67223e-06 0)
(2.78551 -8.95945e-06 0)
(2.77709 9.1416e-06 0)
(2.7679 -5.22446e-06 0)
(2.75788 -1.05839e-05 0)
(2.74692 3.73302e-05 0)
(2.73493 -4.52309e-05 0)
(2.72172 3.96155e-05 0)
(2.7144 6.83798e-06 0)
(2.71338 6.61547e-06 0)
(2.71226 3.30545e-06 0)
(2.71106 2.61776e-06 0)
(2.70975 -1.14091e-06 0)
(2.70834 -2.67023e-06 0)
(2.70681 -5.97873e-06 0)
(2.70515 -8.45344e-06 0)
(2.70335 -1.03965e-05 0)
(2.70141 -1.47279e-05 0)
(2.71441 -4.21972e-06 0)
(2.71338 -4.45959e-06 0)
(2.71226 -1.10842e-05 0)
(2.71105 -1.11193e-05 0)
(2.70975 -1.96395e-05 0)
(2.70833 -1.94898e-05 0)
(2.7068 -2.97582e-05 0)
(2.70515 -2.96013e-05 0)
(2.70335 -4.09453e-05 0)
(2.70141 -3.96488e-05 0)
(2.71439 -2.03523e-06 0)
(2.71337 4.80229e-07 0)
(2.71225 -1.02608e-05 0)
(2.71104 -9.01163e-06 0)
(2.70974 -2.36032e-05 0)
(2.70832 -2.37663e-05 0)
(2.70679 -4.01609e-05 0)
(2.70514 -4.21016e-05 0)
(2.70335 -5.73586e-05 0)
(2.7014 -5.86377e-05 0)
(2.71439 -1.53989e-05 0)
(2.71336 -1.12181e-05 0)
(2.71224 -2.72297e-05 0)
(2.71103 -2.28728e-05 0)
(2.70972 -4.61145e-05 0)
(2.70831 -3.64449e-05 0)
(2.70678 -6.3381e-05 0)
(2.70513 -4.82109e-05 0)
(2.70334 -8.08142e-05 0)
(2.70139 -5.26543e-05 0)
(2.71437 -3.25707e-05 0)
(2.71334 -2.64547e-05 0)
(2.71223 -4.24359e-05 0)
(2.71102 -3.3864e-05 0)
(2.70971 -5.5073e-05 0)
(2.7083 -3.90103e-05 0)
(2.70677 -6.15065e-05 0)
(2.70512 -3.84971e-05 0)
(2.70333 -6.75062e-05 0)
(2.7014 -3.64601e-05 0)
(2.71436 -5.01151e-05 0)
(2.71333 -4.13838e-05 0)
(2.71222 -5.47744e-05 0)
(2.71101 -4.46904e-05 0)
(2.70971 -5.85394e-05 0)
(2.7083 -3.565e-05 0)
(2.70678 -5.1165e-05 0)
(2.70513 -2.37341e-05 0)
(2.70334 -4.69824e-05 0)
(2.70141 -7.35092e-06 0)
(2.71437 -2.64672e-05 0)
(2.71334 -1.66483e-05 0)
(2.71223 -2.27778e-05 0)
(2.71102 -2.10522e-05 0)
(2.70972 -2.67334e-05 0)
(2.70831 -1.19642e-05 0)
(2.70678 -2.24697e-05 0)
(2.70513 -5.02743e-06 0)
(2.70334 -2.64852e-05 0)
(2.70142 1.0544e-05 0)
(2.71437 2.58927e-05 0)
(2.71334 2.56543e-05 0)
(2.71223 3.0125e-05 0)
(2.71103 1.91674e-05 0)
(2.70972 2.3902e-05 0)
(2.70831 2.11532e-05 0)
(2.70678 2.69831e-05 0)
(2.70513 1.74671e-05 0)
(2.70334 2.29694e-05 0)
(2.70144 8.98293e-06 0)
(2.71436 4.71365e-05 0)
(2.71334 4.21472e-05 0)
(2.71222 5.66492e-05 0)
(2.71102 4.14462e-05 0)
(2.70971 5.64194e-05 0)
(2.7083 3.81129e-05 0)
(2.70678 5.79636e-05 0)
(2.70513 2.69562e-05 0)
(2.70335 5.31543e-05 0)
(2.70144 -1.47445e-06 0)
(2.71438 3.40153e-05 0)
(2.71335 2.70595e-05 0)
(2.71223 4.70151e-05 0)
(2.71102 3.3879e-05 0)
(2.70972 5.94253e-05 0)
(2.7083 3.99547e-05 0)
(2.70678 6.9608e-05 0)
(2.70512 3.30939e-05 0)
(2.70335 7.70447e-05 0)
(2.70138 3.72409e-06 0)
(2.71439 2.04228e-05 0)
(2.71336 1.25983e-05 0)
(2.71224 3.35245e-05 0)
(2.71104 1.94256e-05 0)
(2.70973 4.84622e-05 0)
(2.70831 2.71636e-05 0)
(2.70678 6.57048e-05 0)
(2.70512 2.82805e-05 0)
(2.70336 8.22057e-05 0)
(2.70131 4.82253e-06 0)
(2.7144 7.26221e-06 0)
(2.71337 2.48096e-08 0)
(2.71225 1.63325e-05 0)
(2.71104 2.89973e-06 0)
(2.70974 2.78756e-05 0)
(2.70832 6.68754e-06 0)
(2.70679 4.35002e-05 0)
(2.70513 6.89937e-06 0)
(2.70337 6.56788e-05 0)
(2.70127 -6.61649e-06 0)
(2.7144 -6.81626e-06 0)
(2.71337 -1.01478e-05 0)
(2.71225 -5.59646e-06 0)
(2.71105 -1.19633e-05 0)
(2.70974 -3.12322e-06 0)
(2.70833 -1.33758e-05 0)
(2.70679 6.40892e-06 0)
(2.70513 -1.11604e-05 0)
(2.70338 3.10954e-05 0)
(2.70126 -1.80313e-05 0)
(2.7144 -2.34595e-05 0)
(2.71337 -1.69783e-05 0)
(2.71226 -2.85615e-05 0)
(2.71105 -1.57548e-05 0)
(2.70974 -3.3083e-05 0)
(2.70833 -1.12878e-05 0)
(2.7068 -3.7433e-05 0)
(2.70515 2.87196e-06 0)
(2.70339 -4.32417e-05 0)
(2.70133 2.21461e-05 0)
(2.7144 -3.22727e-05 0)
(2.71337 -2.25907e-05 0)
(2.71226 -3.85026e-05 0)
(2.71105 -2.14591e-05 0)
(2.70974 -4.24597e-05 0)
(2.70833 -1.39708e-05 0)
(2.70681 -4.45684e-05 0)
(2.70517 2.5228e-06 0)
(2.70333 -5.56014e-05 0)
(2.70166 4.82733e-05 0)
(2.71439 -2.71063e-05 0)
(2.71336 -1.72212e-05 0)
(2.71225 -3.22195e-05 0)
(2.71105 -1.5805e-05 0)
(2.70974 -3.48651e-05 0)
(2.70833 -9.44998e-06 0)
(2.7068 -3.66561e-05 0)
(2.70518 5.04974e-06 0)
(2.70326 -4.13698e-05 0)
(2.70185 2.09247e-05 0)
(2.71439 -1.60451e-05 0)
(2.71336 -4.95954e-06 0)
(2.71225 -1.76261e-05 0)
(2.71105 -1.92123e-06 0)
(2.70974 -1.90459e-05 0)
(2.70834 3.07771e-06 0)
(2.70681 -2.0398e-05 0)
(2.70519 1.4008e-05 0)
(2.70325 -2.43713e-05 0)
(2.70187 2.62146e-05 0)
(2.71439 6.22405e-07 0)
(2.71337 1.15256e-05 0)
(2.71225 1.35235e-06 0)
(2.71105 1.55913e-05 0)
(2.70975 4.92317e-07 0)
(2.70834 2.01667e-05 0)
(2.70681 -3.01328e-06 0)
(2.7052 2.95424e-05 0)
(2.70326 -1.14548e-05 0)
(2.7019 5.45412e-05 0)
(2.7144 1.17732e-05 0)
(2.71337 1.85265e-05 0)
(2.71226 1.28377e-05 0)
(2.71106 1.9982e-05 0)
(2.70976 1.32299e-05 0)
(2.70835 2.2159e-05 0)
(2.70682 1.46743e-05 0)
(2.7052 2.85224e-05 0)
(2.70327 8.93218e-06 0)
(2.70196 7.85153e-05 0)
(2.7144 1.29525e-05 0)
(2.71338 1.26705e-05 0)
(2.71226 8.67339e-06 0)
(2.71106 6.94734e-06 0)
(2.70976 9.9699e-06 0)
(2.70836 6.79851e-06 0)
(2.70684 2.4038e-05 0)
(2.70519 3.35324e-06 0)
(2.70344 5.34849e-05 0)
(2.70219 4.94222e-05 0)
)
;

boundaryField
{
    inlet
    {
        type            uniformFixedValue;
        uniformValue    table;
        uniformValueCoeffs
        {
            values
2
(
(0 (1.1 0 0))
(6 (3 0 0))
)
;
        }
        value           uniform (2.81 0 0);
    }
    outlet
    {
        type            inletOutlet;
        inletValue      uniform (3 0 0);
        value           nonuniform List<vector> 
100
(
(1.95799 -0.244472 0)
(1.97324 -0.237667 0)
(1.99053 -0.239654 0)
(2.00935 -0.240276 0)
(2.02787 -0.235372 0)
(2.04514 -0.225055 0)
(2.0564 -0.211438 0)
(2.06122 -0.196289 0)
(2.07533 -0.185637 0)
(2.08581 -0.174408 0)
(2.09878 -0.161609 0)
(2.10607 -0.148629 0)
(2.11453 -0.130451 0)
(2.11116 -0.116686 0)
(2.10295 -0.0981545 0)
(2.08363 -0.0782079 0)
(2.06064 -0.0583946 0)
(2.04336 -0.0435546 0)
(2.03746 -0.0268507 0)
(2.03909 -0.00918412 0)
(1.42871 -0.0969546 0)
(1.5628 -0.144578 0)
(1.67466 -0.181203 0)
(1.75608 -0.2143 0)
(1.81217 -0.235327 0)
(1.84955 -0.255006 0)
(1.88107 -0.26499 0)
(1.90954 -0.271576 0)
(1.93504 -0.2757 0)
(1.9554 -0.280359 0)
(1.96831 -0.284613 0)
(1.96983 -0.287718 0)
(1.96232 -0.289253 0)
(1.94927 -0.288941 0)
(1.93957 -0.286237 0)
(1.93639 -0.281546 0)
(1.93905 -0.27879 0)
(1.94189 -0.272864 0)
(1.94524 -0.26858 0)
(1.94853 -0.259934 0)
(0.915453 0.139303 0)
(0.745652 0.145779 0)
(0.575714 0.155464 0)
(0.416582 0.160281 0)
(0.278321 0.16527 0)
(0.168951 0.168905 0)
(0.0936702 0.167987 0)
(0.0528518 0.170454 0)
(0.0391311 0.163625 0)
(0.0426491 0.153587 0)
(0.0732063 0.147915 0)
(0.146776 0.135776 0)
(0.263499 0.124054 0)
(0.407924 0.107259 0)
(0.563534 0.0888536 0)
(0.719241 0.0646339 0)
(0.871012 0.0387996 0)
(1.01701 0.00795634 0)
(1.15794 -0.0230717 0)
(1.29115 -0.0584575 0)
(1.84248 0.144887 0)
(1.82913 0.138743 0)
(1.81535 0.132848 0)
(1.80199 0.128241 0)
(1.78984 0.123969 0)
(1.77883 0.118843 0)
(1.76829 0.112912 0)
(1.76103 0.106037 0)
(1.75289 0.0993742 0)
(1.74638 0.0927685 0)
(1.73958 0.0854567 0)
(1.72741 0.0814056 0)
(1.70693 0.0790753 0)
(1.67576 0.0763548 0)
(1.63308 0.0832673 0)
(1.57762 0.084446 0)
(1.50264 0.0924075 0)
(1.39895 0.104203 0)
(1.26163 0.116111 0)
(1.09173 0.128221 0)
(2.02991 0.00989944 0)
(2.02591 0.0294779 0)
(2.03192 0.0488357 0)
(2.05084 0.0640006 0)
(2.07531 0.0834964 0)
(2.09492 0.103959 0)
(2.10191 0.123264 0)
(2.10574 0.136092 0)
(2.09445 0.155386 0)
(2.0894 0.166568 0)
(2.07321 0.179373 0)
(2.05845 0.187921 0)
(2.04314 0.198836 0)
(2.02867 0.207502 0)
(2.01189 0.213784 0)
(1.99185 0.218726 0)
(1.96493 0.212799 0)
(1.93014 0.198288 0)
(1.89708 0.174716 0)
(1.86369 0.156455 0)
)
;
    }
    triangle
    {
        type            slip;
    }
    top
    {
        type            symmetryPlane;
    }
    bottom
    {
        type            symmetryPlane;
    }
    defaultFaces
    {
        type            empty;
    }
}


// ************************************************************************* //
