/*--------------------------------*- C++ -*----------------------------------*\
  =========                 |
  \\      /  F ield         | OpenFOAM: The Open Source CFD Toolbox
   \\    /   O peration     | Website:  https://openfoam.org
    \\  /    A nd           | Version:  7
     \\/     M anipulation  |
\*---------------------------------------------------------------------------*/
FoamFile
{
    version     2.0;
    format      ascii;
    class       volVectorField;
    location    "0.1";
    object      U;
}
// * * * * * * * * * * * * * * * * * * * * * * * * * * * * * * * * * * * * * //

dimensions      [0 1 -1 0 0 0 0];

internalField   nonuniform List<vector> 
3225
(
(0.291789 0.118281 0)
(0.329303 0.117092 0)
(0.366367 0.128136 0)
(0.401832 0.129283 0)
(0.432996 0.13375 0)
(0.461141 0.136133 0)
(0.486681 0.139786 0)
(0.50993 0.144454 0)
(0.530618 0.150277 0)
(0.548603 0.155491 0)
(0.564551 0.16008 0)
(0.579042 0.164085 0)
(0.592435 0.167529 0)
(0.605017 0.170142 0)
(0.616951 0.17226 0)
(0.628312 0.174223 0)
(0.638964 0.175585 0)
(0.64897 0.177438 0)
(0.659446 0.180514 0)
(0.670016 0.179267 0)
(0.68103 0.186169 0)
(0.683287 0.199037 0)
(0.676779 0.210575 0)
(0.670856 0.215596 0)
(0.670428 0.217347 0)
(0.672842 0.215717 0)
(0.678239 0.212198 0)
(0.686731 0.20686 0)
(0.697925 0.200295 0)
(0.711557 0.193035 0)
(0.726515 0.184286 0)
(0.743878 0.176552 0)
(0.763288 0.171493 0)
(0.785755 0.171228 0)
(0.816602 0.175652 0)
(0.869008 0.176215 0)
(0.951242 0.153212 0)
(1.03638 0.0987152 0)
(1.07673 0.0520048 0)
(1.08771 0.0307129 0)
(1.09167 0.0205211 0)
(1.09404 0.0138399 0)
(1.09601 0.00894428 0)
(1.09732 0.00576647 0)
(1.09822 0.00374566 0)
(1.09878 0.00256005 0)
(1.09916 0.00185865 0)
(1.09946 0.0014135 0)
(1.09968 0.0011023 0)
(1.09982 0.000819028 0)
(1.09989 0.000504994 0)
(1.09995 0.000296984 0)
(1.09997 0.000164033 0)
(1.09999 8.10734e-05 0)
(1.1 3.29772e-05 0)
(1.1 8.81527e-06 0)
(1.1 8.88782e-07 0)
(1.1 1.64985e-09 0)
(1.1 -2.86819e-09 0)
(1.1 -3.97425e-10 0)
(1.1 -6.07076e-12 0)
(1.1 -7.20827e-15 0)
(1.1 1.40787e-15 0)
(1.1 1.47283e-15 0)
(1.1 2.40779e-15 0)
(1.1 2.60591e-15 0)
(1.1 2.20855e-15 0)
(1.1 1.35643e-15 0)
(1.1 1.51073e-15 0)
(1.1 1.25488e-15 0)
(1.1 1.23962e-15 0)
(1.1 2.63584e-16 0)
(1.1 1.97057e-16 0)
(1.1 7.8473e-16 0)
(1.1 3.62273e-16 0)
(1.1 -5.84775e-16 0)
(1.1 -5.002e-16 0)
(1.1 -5.70039e-16 0)
(1.1 -1.48317e-15 0)
(1.1 -1.7569e-15 0)
(1.1 -1.25855e-15 0)
(1.1 -9.96098e-16 0)
(1.1 -1.11744e-15 0)
(1.1 -2.31487e-17 0)
(1.1 -1.82965e-16 0)
(1.1 3.03264e-16 0)
(1.1 1.01676e-15 0)
(1.1 1.64972e-16 0)
(1.1 1.17575e-16 0)
(1.1 -8.75978e-17 0)
(1.1 -3.48779e-16 0)
(1.1 -5.13335e-17 0)
(1.1 -1.4655e-16 0)
(1.1 -9.96578e-16 0)
(1.1 -1.05778e-15 0)
(1.1 -6.59404e-16 0)
(1.1 -5.29719e-16 0)
(1.1 -3.65002e-16 0)
(1.1 -5.08307e-16 0)
(1.1 -3.26695e-16 0)
(1.1 -8.49575e-16 0)
(1.1 2.00266e-16 0)
(1.1 5.61719e-16 0)
(1.1 4.54283e-16 0)
(1.1 7.65251e-16 0)
(1.1 1.53792e-15 0)
(1.1 1.65444e-15 0)
(1.1 8.02876e-16 0)
(1.1 4.76184e-16 0)
(1.1 9.10403e-17 0)
(1.1 -1.17054e-15 0)
(1.1 -1.61609e-15 0)
(1.1 -5.86001e-16 0)
(1.1 -7.57272e-16 0)
(1.1 -5.61283e-16 0)
(1.1 -1.50946e-15 0)
(1.1 -1.905e-15 0)
(1.1 -1.45066e-15 0)
(1.1 -9.81343e-16 0)
(1.1 -1.32763e-15 0)
(1.1 -4.04591e-16 0)
(1.1 4.20011e-16 0)
(1.1 1.01663e-15 0)
(1.1 -1.44223e-15 0)
(1.1 -1.04948e-17 0)
(1.1 6.4567e-16 0)
(1.1 -9.92262e-16 0)
(1.1 -2.53053e-17 0)
(1.1 5.19824e-16 0)
(1.1 -5.41378e-16 0)
(1.1 2.07791e-16 0)
(1.1 4.77818e-16 0)
(1.1 -9.00181e-16 0)
(1.1 1.14862e-16 0)
(1.1 8.60456e-17 0)
(1.1 -1.80243e-16 0)
(1.1 -5.27438e-17 0)
(1.1 -3.09007e-17 0)
(1.1 -5.97681e-16 0)
(1.05283 0.00318684 0)
(0.67327 0.0272149 0)
(0.340761 0.0401518 0)
(1.1 9.21228e-16 0)
(1.1 4.52974e-16 0)
(1.1 -8.00979e-16 0)
(1.1 -5.86529e-16 0)
(1.1 2.25331e-17 0)
(1.1 2.39752e-16 0)
(1.1 8.06352e-16 0)
(1.1 -5.6625e-16 0)
(1.1 -6.26344e-16 0)
(1.1 1.80856e-16 0)
(1.1 -1.62716e-15 0)
(1.1 7.53049e-17 0)
(1.1 -1.429e-16 0)
(1.1 -7.06343e-17 0)
(1.1 5.23461e-16 0)
(1.1 -7.35719e-17 0)
(1.1 -3.05437e-16 0)
(1.1 -7.8312e-16 0)
(1.1 -1.46218e-16 0)
(1.1 -6.62155e-16 0)
(1.1 6.1447e-17 0)
(1.1 2.82253e-16 0)
(1.1 -1.1946e-15 0)
(1.05462 0.00518902 0)
(0.683302 0.0425167 0)
(0.369587 0.0618202 0)
(1.1 -4.47647e-16 0)
(1.1 9.32789e-16 0)
(1.1 3.65994e-16 0)
(1.1 1.21594e-16 0)
(1.1 4.22137e-16 0)
(1.1 -4.90622e-16 0)
(1.1 -5.79735e-16 0)
(1.1 -1.22923e-16 0)
(1.1 -6.85963e-16 0)
(1.1 7.89181e-17 0)
(1.1 -4.19635e-16 0)
(1.1 8.58536e-17 0)
(1.1 -3.48364e-16 0)
(1.1 -7.69397e-17 0)
(1.1 9.36494e-16 0)
(1.1 4.35298e-16 0)
(1.1 4.46498e-16 0)
(1.1 -6.26767e-16 0)
(1.1 -6.83328e-16 0)
(1.1 -1.1003e-15 0)
(1.1 2.83188e-16 0)
(1.1 1.37143e-16 0)
(1.1 -7.30797e-16 0)
(1.05702 0.00700164 0)
(0.693404 0.0568051 0)
(0.398205 0.082019 0)
(1.1 -1.27278e-16 0)
(1.1 6.79551e-16 0)
(1.1 1.25815e-15 0)
(1.1 1.11226e-15 0)
(1.1 4.34873e-16 0)
(1.1 -3.74918e-16 0)
(1.1 -1.08438e-15 0)
(1.1 -1.12641e-16 0)
(1.1 -3.92622e-16 0)
(1.1 1.09197e-15 0)
(1.1 6.3897e-17 0)
(1.1 -5.32105e-16 0)
(1.1 9.14758e-16 0)
(1.1 8.70259e-16 0)
(1.1 1.02747e-15 0)
(1.1 9.84193e-16 0)
(1.1 7.13804e-16 0)
(1.1 -5.49335e-16 0)
(1.1 -6.66653e-16 0)
(1.1 -1.32205e-15 0)
(1.1 -8.57934e-17 0)
(1.1 -9.88608e-17 0)
(1.1 1.61518e-16 0)
(1.06001 0.00860907 0)
(0.704996 0.069346 0)
(0.427122 0.0978456 0)
(1.1 -1.77065e-16 0)
(1.1 -1.02441e-16 0)
(1.1 8.03183e-16 0)
(1.1 1.93334e-15 0)
(1.1 3.26741e-16 0)
(1.1 2.09204e-16 0)
(1.1 -7.74141e-16 0)
(1.1 -1.82944e-16 0)
(1.1 -8.2665e-16 0)
(1.1 1.20368e-15 0)
(1.1 9.58798e-16 0)
(1.1 -5.79077e-16 0)
(1.1 6.85839e-16 0)
(1.1 1.19262e-15 0)
(1.1 1.28841e-15 0)
(1.1 6.50537e-16 0)
(1.1 1.213e-15 0)
(1.1 -7.44014e-16 0)
(1.1 -1.81983e-15 0)
(1.1 -1.65772e-15 0)
(1.1 -7.08375e-16 0)
(1.1 -6.91789e-16 0)
(1.1 6.27537e-17 0)
(1.06357 0.00991881 0)
(0.71819 0.0802055 0)
(0.454946 0.111555 0)
(1.1 -6.34657e-16 0)
(1.1 -2.67237e-16 0)
(1.1 -8.14023e-16 0)
(1.1 1.57003e-15 0)
(1.1 1.16421e-15 0)
(1.1 8.36372e-16 0)
(1.1 -6.07394e-16 0)
(1.1 -9.73044e-16 0)
(1.1 -7.54645e-16 0)
(1.1 7.34742e-16 0)
(1.1 1.25067e-15 0)
(1.1 4.80233e-17 0)
(1.1 8.4679e-16 0)
(1.1 1.52583e-15 0)
(1.1 1.78605e-15 0)
(1.1 8.72916e-16 0)
(1.1 6.99841e-16 0)
(1.1 -5.94927e-16 0)
(1.1 -2.26508e-15 0)
(1.1 -1.78419e-15 0)
(1.1 -3.635e-16 0)
(1.1 -2.15702e-16 0)
(1.1 3.36503e-16 0)
(1.06758 0.0108481 0)
(0.732442 0.0891734 0)
(0.481461 0.123093 0)
(1.1 -4.9903e-16 0)
(1.1 1.3126e-16 0)
(1.1 -5.66622e-16 0)
(1.1 7.8884e-16 0)
(1.1 1.27299e-15 0)
(1.1 6.9077e-16 0)
(1.1 -7.70926e-16 0)
(1.1 -1.17442e-15 0)
(1.1 -4.16758e-16 0)
(1.1 4.60869e-16 0)
(1.1 1.6048e-15 0)
(1.1 9.60022e-16 0)
(1.1 9.18168e-16 0)
(1.1 1.83664e-15 0)
(1.1 1.44075e-15 0)
(1.1 8.98507e-16 0)
(1.1 6.09104e-16 0)
(1.1 -1.07829e-16 0)
(1.1 -1.08644e-15 0)
(1.1 -1.4926e-15 0)
(1.1 -9.21191e-16 0)
(1.1 -1.45137e-16 0)
(1.1 -5.00254e-16 0)
(1.07181 0.0113911 0)
(0.747038 0.0965439 0)
(0.505962 0.133279 0)
(1.1 1.06836e-16 0)
(1.1 -6.84267e-16 0)
(1.1 -6.34372e-16 0)
(1.1 -2.06503e-16 0)
(1.1 9.89782e-16 0)
(1.1 -3.85705e-16 0)
(1.1 -4.59829e-16 0)
(1.1 -1.48259e-15 0)
(1.1 -6.27125e-16 0)
(1.1 1.15434e-16 0)
(1.1 2.38505e-15 0)
(1.1 1.46546e-15 0)
(1.1 2.59777e-16 0)
(1.1 1.01449e-15 0)
(1.1 1.88105e-15 0)
(1.1 1.39322e-15 0)
(1.1 2.68594e-16 0)
(1.1 4.80577e-16 0)
(1.1 -1.34523e-16 0)
(1.1 -1.19605e-15 0)
(1.1 -2.87806e-16 0)
(1.1 -5.49054e-16 0)
(1.1 -5.98799e-16 0)
(1.07612 0.0114876 0)
(0.76175 0.102454 0)
(0.527799 0.142121 0)
(1.1 2.00472e-16 0)
(1.1 -1.60431e-15 0)
(1.1 -1.27913e-15 0)
(1.1 3.41744e-16 0)
(1.1 6.61264e-16 0)
(1.1 -2.97217e-16 0)
(1.1 -1.69507e-16 0)
(1.1 -7.95152e-16 0)
(1.1 -8.9345e-16 0)
(1.1 8.31993e-16 0)
(1.1 2.52542e-15 0)
(1.1 1.04912e-15 0)
(1.1 -1.27879e-16 0)
(1.1 4.408e-16 0)
(1.1 3.07938e-15 0)
(1.1 1.70938e-15 0)
(1.1 2.58218e-16 0)
(1.1 8.3081e-16 0)
(1.1 7.00029e-16 0)
(1.1 -1.76084e-15 0)
(1.1 -2.45812e-16 0)
(1.1 -1.09945e-16 0)
(1.1 -1.02128e-16 0)
(1.08033 0.0110849 0)
(0.776617 0.107198 0)
(0.546735 0.149711 0)
(1.1 8.67068e-16 0)
(1.1 -5.72758e-16 0)
(1.1 -1.06903e-15 0)
(1.1 -5.04047e-17 0)
(1.1 9.94879e-16 0)
(1.1 -9.16415e-17 0)
(1.1 2.11257e-16 0)
(1.1 -1.24958e-15 0)
(1.1 -2.24346e-15 0)
(1.1 3.65817e-16 0)
(1.1 1.5086e-15 0)
(1.1 3.83657e-16 0)
(1.1 -3.80047e-16 0)
(1.1 6.02205e-16 0)
(1.1 1.91499e-15 0)
(1.1 1.96304e-15 0)
(1.1 9.64458e-16 0)
(1.1 1.0016e-15 0)
(1.1 7.98064e-16 0)
(1.1 -7.43169e-16 0)
(1.1 -3.99146e-16 0)
(1.1 -3.31631e-16 0)
(1.1 -4.15852e-16 0)
(1.08434 0.0103343 0)
(0.791804 0.110893 0)
(0.563428 0.15616 0)
(1.1 1.09173e-15 0)
(1.1 8.96697e-17 0)
(1.1 -7.11009e-16 0)
(1.1 -2.02263e-16 0)
(1.1 9.23397e-16 0)
(1.1 3.21375e-16 0)
(1.1 1.51564e-16 0)
(1.1 -1.40745e-15 0)
(1.1 -1.76977e-15 0)
(1.1 7.87971e-17 0)
(1.1 1.37787e-15 0)
(1.1 -2.37203e-16 0)
(1.1 -5.20416e-16 0)
(1.1 8.56125e-16 0)
(1.1 1.11369e-15 0)
(1.1 2.16814e-15 0)
(1.1 1.46117e-15 0)
(1.1 7.7825e-16 0)
(1.1 4.03745e-16 0)
(1.1 -4.3326e-17 0)
(1.1 2.32625e-16 0)
(1.1 1.7422e-16 0)
(1.1 -2.99933e-16 0)
(1.08801 0.00930212 0)
(0.807425 0.113667 0)
(0.578477 0.161691 0)
(1.1 -3.59606e-16 0)
(1.1 -4.84847e-16 0)
(1.1 2.48386e-16 0)
(1.1 4.43542e-16 0)
(1.1 6.79068e-17 0)
(1.1 9.25154e-17 0)
(1.1 1.17834e-16 0)
(1.1 -7.40344e-16 0)
(1.1 -8.06454e-16 0)
(1.1 7.17e-16 0)
(1.1 6.69943e-16 0)
(1.1 -9.74244e-16 0)
(1.1 -7.17191e-16 0)
(1.1 4.11794e-16 0)
(1.1 1.3445e-15 0)
(1.1 1.73858e-15 0)
(1.1 1.40962e-15 0)
(1.1 5.40339e-16 0)
(1.1 2.86154e-16 0)
(1.1 4.56852e-16 0)
(1.1 3.75708e-16 0)
(1.1 4.15672e-16 0)
(1.1 -7.69052e-16 0)
(1.09128 0.00804616 0)
(0.823584 0.115665 0)
(0.592342 0.16646 0)
(1.1 -1.22676e-15 0)
(1.1 -7.72971e-16 0)
(1.1 4.31533e-16 0)
(1.1 3.799e-16 0)
(1.1 2.05531e-16 0)
(1.1 1.8533e-16 0)
(1.1 1.19347e-15 0)
(1.1 -8.10079e-16 0)
(1.1 -2.80581e-16 0)
(1.1 1.4981e-16 0)
(1.1 -2.45582e-16 0)
(1.1 -1.96347e-16 0)
(1.1 -5.77538e-16 0)
(1.1 1.51727e-16 0)
(1.1 6.81946e-16 0)
(1.1 1.8618e-15 0)
(1.1 1.78917e-15 0)
(1.1 7.77076e-17 0)
(1.1 2.09641e-16 0)
(1.1 1.46997e-15 0)
(1.1 2.52667e-16 0)
(1.1 -1.4177e-16 0)
(1.1 -7.51415e-16 0)
(1.09408 0.00663454 0)
(0.840389 0.116869 0)
(0.605343 0.170627 0)
(1.1 -8.3319e-16 0)
(1.1 -6.37978e-17 0)
(1.1 1.34721e-16 0)
(1.1 7.85013e-16 0)
(1.1 2.79261e-16 0)
(1.1 5.70956e-16 0)
(1.1 1.41185e-15 0)
(1.1 5.08207e-16 0)
(1.1 -1.6326e-16 0)
(1.1 -1.20474e-15 0)
(1.1 -7.89219e-16 0)
(1.1 1.01244e-15 0)
(1.1 -5.37861e-16 0)
(1.1 5.13354e-16 0)
(1.1 3.40678e-16 0)
(1.1 1.49203e-15 0)
(1.1 1.42214e-15 0)
(1.1 -2.92542e-16 0)
(1.1 -2.56807e-16 0)
(1.1 1.07563e-15 0)
(1.1 -1.28099e-16 0)
(1.1 6.42292e-16 0)
(1.1 -2.40334e-16 0)
(1.09635 0.00515078 0)
(0.857907 0.117148 0)
(0.617778 0.173926 0)
(1.1 -4.17907e-16 0)
(1.1 4.58875e-16 0)
(1.1 2.64538e-16 0)
(1.1 7.08109e-16 0)
(1.1 2.0211e-16 0)
(1.1 1.36381e-15 0)
(1.1 1.05196e-15 0)
(1.1 7.2533e-16 0)
(1.1 1.52059e-16 0)
(1.1 -1.70896e-15 0)
(1.1 -6.65689e-16 0)
(1.1 1.15101e-15 0)
(1.1 -7.00248e-16 0)
(1.1 -2.42323e-16 0)
(1.1 4.03105e-16 0)
(1.1 1.35014e-15 0)
(1.1 9.60786e-16 0)
(1.1 1.38035e-16 0)
(1.1 -6.90547e-17 0)
(1.1 1.99132e-15 0)
(1.1 1.65059e-16 0)
(1.1 4.78999e-16 0)
(1.1 -1.49896e-16 0)
(1.09807 0.00368659 0)
(0.876189 0.116687 0)
(0.6298 0.17649 0)
(1.1 2.58046e-16 0)
(1.1 -6.20377e-16 0)
(1.1 6.03638e-16 0)
(1.1 -1.66504e-17 0)
(1.1 6.55791e-16 0)
(1.1 1.02456e-15 0)
(1.1 1.03228e-15 0)
(1.1 6.46556e-16 0)
(1.1 3.99338e-16 0)
(1.1 -1.63895e-15 0)
(1.1 -1.13803e-15 0)
(1.1 1.4226e-15 0)
(1.1 -1.23193e-15 0)
(1.1 -5.62358e-16 0)
(1.1 2.81939e-16 0)
(1.1 1.75318e-15 0)
(1.1 5.76715e-16 0)
(1.1 1.33414e-15 0)
(1.1 7.228e-16 0)
(1.1 1.88178e-15 0)
(1.1 2.74461e-16 0)
(1.1 1.13444e-16 0)
(1.1 -1.77386e-16 0)
(1.09922 0.00230829 0)
(0.89528 0.115686 0)
(0.641532 0.178921 0)
(1.1 2.18699e-16 0)
(1.1 -9.53423e-16 0)
(1.1 1.71407e-16 0)
(1.1 -1.54407e-16 0)
(1.1 1.57518e-15 0)
(1.1 5.77517e-16 0)
(1.1 1.01438e-15 0)
(1.1 2.22086e-16 0)
(1.1 4.28396e-16 0)
(1.1 -1.51886e-15 0)
(1.1 -1.19001e-15 0)
(1.1 3.27188e-16 0)
(1.1 -9.63028e-16 0)
(1.1 -5.81412e-16 0)
(1.1 6.71603e-16 0)
(1.1 5.30448e-16 0)
(1.1 2.93989e-16 0)
(1.1 1.75885e-15 0)
(1.1 1.00079e-15 0)
(1.1 1.57361e-15 0)
(1.1 1.47838e-16 0)
(1.1 2.12079e-16 0)
(1.1 -5.87598e-16 0)
(1.09982 0.00109143 0)
(0.915111 0.113614 0)
(0.653193 0.180625 0)
(1.1 -2.42175e-16 0)
(1.1 -3.30294e-16 0)
(1.1 2.88224e-16 0)
(1.1 6.12288e-16 0)
(1.1 1.45245e-15 0)
(1.1 7.51054e-16 0)
(1.1 1.35197e-15 0)
(1.1 9.76707e-16 0)
(1.1 1.32045e-16 0)
(1.1 -7.62804e-16 0)
(1.1 -6.60068e-16 0)
(1.1 -5.09907e-16 0)
(1.1 2.09989e-16 0)
(1.1 -1.11218e-15 0)
(1.1 1.15286e-15 0)
(1.1 1.00994e-15 0)
(1.1 6.11126e-16 0)
(1.1 9.93946e-16 0)
(1.1 7.24281e-16 0)
(1.1 1.62242e-15 0)
(1.1 4.40481e-16 0)
(1.1 4.17428e-16 0)
(1.1 -8.93955e-16 0)
(1.09998 0.000324159 0)
(0.935564 0.109968 0)
(0.664777 0.180903 0)
(1.1 9.65439e-17 0)
(1.1 9.63524e-17 0)
(1.1 8.09681e-16 0)
(1.1 4.21821e-16 0)
(1.1 5.48275e-16 0)
(1.1 1.53331e-15 0)
(1.1 9.22062e-16 0)
(1.1 1.1059e-15 0)
(1.1 -7.35522e-16 0)
(1.1 1.20782e-16 0)
(1.1 -7.37246e-16 0)
(1.1 -9.41298e-16 0)
(1.1 6.16492e-16 0)
(1.1 -6.83677e-16 0)
(1.1 8.02137e-16 0)
(1.1 5.9947e-16 0)
(1.1 3.24095e-16 0)
(1.1 7.15833e-16 0)
(1.1 5.59419e-16 0)
(1.1 1.01594e-15 0)
(1.1 4.25332e-16 0)
(1.1 2.14217e-17 0)
(1.1 -9.94336e-16 0)
(1.1 4.64431e-05 0)
(0.956925 0.106029 0)
(0.676138 0.181484 0)
(1.1 2.35002e-16 0)
(1.1 1.31151e-15 0)
(1.1 8.26978e-16 0)
(1.1 1.00886e-16 0)
(1.1 7.36626e-16 0)
(1.1 2.05816e-15 0)
(1.1 5.33774e-16 0)
(1.1 1.40281e-16 0)
(1.1 -7.71093e-16 0)
(1.1 1.15758e-16 0)
(1.1 -9.79e-16 0)
(1.1 -1.4642e-15 0)
(1.1 7.37573e-16 0)
(1.1 -2.50236e-16 0)
(1.1 8.45656e-16 0)
(1.1 -9.00161e-17 0)
(1.1 5.09422e-16 0)
(1.1 3.78964e-16 0)
(1.1 9.28613e-16 0)
(1.1 1.57918e-16 0)
(1.1 1.6065e-16 0)
(1.1 -7.04292e-16 0)
(1.1 -6.88256e-16 0)
(1.1 2.12492e-06 0)
(0.979003 0.102723 0)
(0.686676 0.182181 0)
(1.1 1.35281e-16 0)
(1.1 1.76248e-15 0)
(1.1 3.78387e-16 0)
(1.1 -1.82465e-16 0)
(1.1 1.14568e-15 0)
(1.1 2.98668e-15 0)
(1.1 3.93404e-16 0)
(1.1 4.57344e-16 0)
(1.1 -4.45054e-16 0)
(1.1 -6.85962e-18 0)
(1.1 -1.14237e-15 0)
(1.1 -1.0349e-15 0)
(1.1 6.36115e-17 0)
(1.1 -7.48241e-16 0)
(1.1 -3.51562e-16 0)
(1.1 -8.94535e-16 0)
(1.1 4.76316e-16 0)
(1.1 4.90167e-16 0)
(1.1 1.25949e-15 0)
(1.1 5.64001e-16 0)
(1.1 2.3605e-16 0)
(1.1 -1.00208e-15 0)
(1.1 -4.92604e-16 0)
(1.1 1.9737e-08 0)
(1.0014 0.0976437 0)
(0.695375 0.180456 0)
(1.1 -5.81512e-16 0)
(1.1 8.33166e-16 0)
(1.1 1.78171e-16 0)
(1.1 -2.56501e-16 0)
(1.1 4.84061e-16 0)
(1.1 2.09681e-15 0)
(1.1 -3.09393e-16 0)
(1.1 5.30193e-17 0)
(1.1 -7.01768e-16 0)
(1.1 -2.99528e-16 0)
(1.1 -1.65614e-16 0)
(1.1 -1.31816e-15 0)
(1.1 2.46136e-16 0)
(1.1 -4.05897e-16 0)
(1.1 -6.68877e-16 0)
(1.1 -1.29348e-15 0)
(1.1 -2.38532e-16 0)
(1.1 1.00875e-15 0)
(1.1 9.34302e-16 0)
(1.1 9.36911e-16 0)
(1.1 2.13671e-16 0)
(1.1 -3.15558e-16 0)
(1.1 -3.90882e-16 0)
(1.1 2.41987e-11 0)
(1.02258 0.0890499 0)
(0.706698 0.178121 0)
(1.1 -3.71299e-16 0)
(1.1 2.6074e-16 0)
(1.1 -3.44087e-16 0)
(1.1 -2.65505e-17 0)
(1.1 -5.34043e-16 0)
(1.1 1.74107e-15 0)
(1.1 9.33351e-18 0)
(1.1 -5.41111e-16 0)
(1.1 -1.59558e-15 0)
(1.1 1.01686e-15 0)
(1.1 -1.30384e-17 0)
(1.1 -9.68022e-16 0)
(1.1 8.87001e-16 0)
(1.1 2.94936e-16 0)
(1.1 1.19792e-15 0)
(1.1 -8.3678e-17 0)
(1.1 -1.36552e-15 0)
(1.1 1.35127e-15 0)
(1.1 3.8081e-16 0)
(1.1 2.36922e-16 0)
(1.1 -9.14551e-17 0)
(1.1 -3.03858e-16 0)
(1.1 -8.55235e-16 0)
(1.1 6.71153e-16 0)
(1.04083 0.0777891 0)
(0.721501 0.177149 0)
(1.1 7.56565e-16 0)
(1.1 7.01848e-17 0)
(1.1 -1.66601e-16 0)
(1.1 1.04983e-15 0)
(1.1 -8.53276e-16 0)
(1.1 8.25403e-16 0)
(1.1 -2.20834e-16 0)
(1.1 -1.10925e-15 0)
(1.1 -1.83079e-15 0)
(1.1 4.46396e-16 0)
(1.1 -2.49205e-16 0)
(1.1 -2.56991e-16 0)
(1.1 8.04695e-17 0)
(1.1 8.22744e-16 0)
(1.1 1.48095e-15 0)
(1.1 6.22679e-16 0)
(1.1 -1.0476e-15 0)
(1.1 8.99364e-16 0)
(1.1 1.042e-15 0)
(1.1 -3.56069e-16 0)
(1.1 2.4777e-16 0)
(1.1 -6.62023e-16 0)
(1.1 -1.33518e-15 0)
(1.1 -2.45417e-15 0)
(1.05579 0.0653303 0)
(0.738711 0.17761 0)
(1.1 1.20745e-15 0)
(1.1 2.11062e-16 0)
(1.1 -1.70577e-16 0)
(1.1 3.07632e-16 0)
(1.1 -7.09435e-16 0)
(1.1 2.74625e-16 0)
(1.1 -7.72453e-16 0)
(1.1 -1.54735e-15 0)
(1.1 -1.36309e-15 0)
(1.1 -4.17326e-16 0)
(1.1 -3.91453e-17 0)
(1.1 5.96124e-17 0)
(1.1 -4.0922e-16 0)
(1.1 7.65627e-16 0)
(1.1 1.55111e-16 0)
(1.1 1.08325e-15 0)
(1.1 -4.70471e-16 0)
(1.1 2.84618e-16 0)
(1.1 7.25964e-16 0)
(1.1 1.1259e-16 0)
(1.1 4.78421e-16 0)
(1.1 -1.81977e-16 0)
(1.1 -9.59336e-16 0)
(1.1 -1.94327e-15 0)
(1.06796 0.0527533 0)
(0.757716 0.177892 0)
(1.1 9.9808e-16 0)
(1.1 6.72543e-16 0)
(1.1 3.22203e-16 0)
(1.1 -5.40153e-16 0)
(1.1 -1.43517e-16 0)
(1.1 -4.02078e-16 0)
(1.1 -6.23334e-16 0)
(1.1 -1.23782e-15 0)
(1.1 -1.25874e-15 0)
(1.1 2.03206e-16 0)
(1.1 -7.86352e-16 0)
(1.1 -4.75539e-17 0)
(1.1 -2.58082e-16 0)
(1.1 5.09907e-16 0)
(1.1 -6.49272e-16 0)
(1.1 7.96746e-16 0)
(1.1 -1.79131e-17 0)
(1.1 -5.7056e-16 0)
(1.1 2.23816e-16 0)
(1.1 2.55476e-16 0)
(1.1 6.77785e-16 0)
(1.1 1.2361e-16 0)
(1.1 -6.65166e-16 0)
(1.1 -1.19371e-15 0)
(1.07766 0.0408843 0)
(0.77901 0.177467 0)
(1.1 7.93807e-16 0)
(1.1 1.10104e-15 0)
(1.1 4.09612e-16 0)
(1.1 -1.78115e-16 0)
(1.1 2.11601e-16 0)
(1.1 -1.09159e-15 0)
(1.1 -3.81388e-16 0)
(1.1 -1.21565e-16 0)
(1.1 1.37018e-16 0)
(1.1 7.91359e-16 0)
(1.1 -5.2519e-16 0)
(1.1 -2.90747e-16 0)
(1.1 1.42412e-16 0)
(1.1 4.61693e-16 0)
(1.1 -4.43982e-16 0)
(1.1 7.48101e-16 0)
(1.1 2.05478e-16 0)
(1.1 -7.51111e-16 0)
(1.1 3.15461e-16 0)
(1.1 -3.14763e-16 0)
(1.1 8.84648e-16 0)
(1.1 7.81592e-17 0)
(1.1 -5.85436e-17 0)
(1.1 -9.88977e-16 0)
(1.0852 0.0303605 0)
(0.802642 0.176225 0)
(1.1 1.3925e-15 0)
(1.1 1.18026e-15 0)
(1.1 5.23681e-16 0)
(1.1 -3.98296e-16 0)
(1.1 -3.09727e-16 0)
(1.1 -1.1733e-15 0)
(1.1 -9.95422e-16 0)
(1.1 -6.21345e-16 0)
(1.1 3.59456e-16 0)
(1.1 1.03719e-15 0)
(1.1 -8.3149e-16 0)
(1.1 -7.30972e-16 0)
(1.1 -1.63431e-16 0)
(1.1 7.92646e-16 0)
(1.1 -6.78473e-16 0)
(1.1 4.61391e-16 0)
(1.1 -2.39463e-18 0)
(1.1 -8.52515e-16 0)
(1.1 -6.52936e-16 0)
(1.1 -4.83803e-16 0)
(1.1 1.32019e-16 0)
(1.1 1.74192e-16 0)
(1.1 5.69209e-16 0)
(1.1 -2.98499e-16 0)
(1.09086 0.021528 0)
(0.828265 0.174035 0)
(1.1 7.8065e-16 0)
(1.1 -1.08392e-16 0)
(1.1 8.5401e-16 0)
(1.1 -7.45585e-16 0)
(1.1 -1.42236e-15 0)
(1.1 -8.34882e-16 0)
(1.1 -8.98799e-16 0)
(1.1 -7.51396e-16 0)
(1.1 -1.11368e-15 0)
(1.1 3.68072e-16 0)
(1.1 -1.52394e-15 0)
(1.1 -1.33265e-15 0)
(1.1 -4.17531e-16 0)
(1.1 7.4308e-16 0)
(1.1 -4.39024e-16 0)
(1.1 7.652e-17 0)
(1.1 -2.72822e-17 0)
(1.1 -7.62223e-16 0)
(1.1 -9.29182e-16 0)
(1.1 -1.01273e-15 0)
(1.1 -4.40504e-16 0)
(1.1 7.17692e-16 0)
(1.1 6.70111e-16 0)
(1.1 -5.88695e-16 0)
(1.09484 0.0143938 0)
(0.855651 0.170633 0)
(1.1 5.35983e-17 0)
(1.1 -4.36494e-16 0)
(1.1 4.40183e-16 0)
(1.1 -3.20148e-16 0)
(1.1 -1.08183e-15 0)
(1.1 -6.84098e-16 0)
(1.1 -1.83456e-15 0)
(1.1 -6.0794e-16 0)
(1.1 -1.61669e-15 0)
(1.1 -4.78481e-17 0)
(1.1 -1.21248e-15 0)
(1.1 -1.44133e-15 0)
(1.1 -1.42771e-16 0)
(1.1 -1.66258e-16 0)
(1.1 -6.98046e-16 0)
(1.1 -1.92475e-16 0)
(1.1 3.60162e-16 0)
(1.1 -1.82314e-16 0)
(1.1 -9.95725e-16 0)
(1.1 -1.60222e-15 0)
(1.1 -2.19308e-16 0)
(1.1 8.3154e-16 0)
(1.1 2.61189e-16 0)
(1.1 -9.31203e-16 0)
(1.09733 0.0087843 0)
(0.884819 0.166059 0)
(1.1 1.11339e-15 0)
(1.1 -1.04209e-16 0)
(1.1 -5.07271e-17 0)
(1.1 -6.66581e-16 0)
(1.1 -1.24397e-15 0)
(1.1 -7.77722e-17 0)
(1.1 -1.78116e-15 0)
(1.1 2.00708e-16 0)
(1.1 -5.99082e-16 0)
(1.1 3.50098e-16 0)
(1.1 -7.20871e-16 0)
(1.1 -6.82649e-16 0)
(1.1 -2.90667e-16 0)
(1.1 -1.09618e-15 0)
(1.1 -7.9611e-16 0)
(1.1 -7.6838e-16 0)
(1.1 4.98742e-16 0)
(1.1 1.54327e-16 0)
(1.1 -1.5567e-15 0)
(1.1 -1.34118e-15 0)
(1.1 -4.10412e-16 0)
(1.1 7.50383e-16 0)
(1.1 -2.97802e-17 0)
(1.1 -1.05155e-15 0)
(1.0986 0.0048733 0)
(0.91541 0.160087 0)
(1.1 1.46114e-15 0)
(1.1 -3.54452e-16 0)
(1.1 6.08782e-17 0)
(1.1 -4.76493e-16 0)
(1.1 -1.46695e-15 0)
(1.1 -6.58908e-16 0)
(1.1 -1.59319e-15 0)
(1.1 -8.88004e-17 0)
(1.1 -1.80869e-16 0)
(1.1 -3.22163e-16 0)
(1.1 -5.87515e-17 0)
(1.1 -2.23487e-16 0)
(1.1 3.56603e-16 0)
(1.1 -1.33652e-15 0)
(1.1 -4.86125e-16 0)
(1.1 -4.13285e-16 0)
(1.1 7.39143e-16 0)
(1.1 -4.20019e-16 0)
(1.1 -1.21508e-15 0)
(1.1 -7.12613e-16 0)
(1.1 -7.16973e-16 0)
(1.1 3.00649e-17 0)
(1.1 -6.00722e-16 0)
(1.1 -1.03121e-15 0)
(1.09928 0.00249617 0)
(0.946272 0.15184 0)
(1.1 1.31556e-15 0)
(1.1 3.62623e-16 0)
(1.1 3.49825e-16 0)
(1.1 8.24044e-17 0)
(1.1 -1.87529e-15 0)
(1.1 -1.41752e-15 0)
(1.1 -1.118e-15 0)
(1.1 -3.15934e-16 0)
(1.1 4.30156e-16 0)
(1.1 -1.12451e-15 0)
(1.1 9.41604e-16 0)
(1.1 -3.22611e-17 0)
(1.1 1.13601e-15 0)
(1.1 -1.18793e-15 0)
(1.1 -2.48238e-16 0)
(1.1 3.24379e-16 0)
(1.1 1.39415e-15 0)
(1.1 -6.77905e-16 0)
(1.1 -1.55538e-16 0)
(1.1 -4.0742e-16 0)
(1.1 -5.00063e-16 0)
(1.1 -7.77836e-16 0)
(1.1 -1.00698e-15 0)
(1.1 -9.10287e-16 0)
(1.09966 0.00118791 0)
(0.976052 0.141199 0)
(1.1 6.9255e-17 0)
(1.1 -2.82201e-17 0)
(1.1 2.91312e-16 0)
(1.1 1.62487e-16 0)
(1.1 -1.64483e-15 0)
(1.1 -8.45595e-16 0)
(1.1 -3.55287e-16 0)
(1.1 1.36797e-16 0)
(1.1 7.3167e-16 0)
(1.1 -1.84832e-15 0)
(1.1 8.27033e-16 0)
(1.1 2.38373e-16 0)
(1.1 6.03492e-16 0)
(1.1 -6.14511e-16 0)
(1.1 3.17542e-16 0)
(1.1 5.97046e-16 0)
(1.1 7.04625e-16 0)
(1.1 3.56808e-17 0)
(1.1 1.26888e-16 0)
(1.1 1.06407e-16 0)
(1.1 1.87187e-16 0)
(1.1 -7.83131e-16 0)
(1.1 -6.97047e-16 0)
(1.1 -7.55281e-16 0)
(1.09985 0.000526989 0)
(1.00352 0.128049 0)
(1.1 4.47509e-17 0)
(1.1 -6.33884e-16 0)
(1.1 3.00974e-16 0)
(1.1 3.12303e-16 0)
(1.1 -1.33898e-15 0)
(1.1 -7.38797e-16 0)
(1.1 1.26766e-16 0)
(1.1 4.02419e-16 0)
(1.1 -1.00362e-17 0)
(1.1 -1.16641e-15 0)
(1.1 8.02756e-16 0)
(1.1 5.2852e-16 0)
(1.1 6.14159e-17 0)
(1.1 7.24468e-16 0)
(1.1 1.34876e-15 0)
(1.1 8.51283e-16 0)
(1.1 5.68234e-16 0)
(1.1 -5.38054e-16 0)
(1.1 -2.9362e-16 0)
(1.1 3.28363e-16 0)
(1.1 -2.80524e-17 0)
(1.1 -4.11015e-16 0)
(1.1 -3.14895e-16 0)
(1.1 -1.83787e-16 0)
(1.09994 0.000217565 0)
(1.02761 0.112382 0)
(1.1 1.80543e-16 0)
(1.1 1.71053e-16 0)
(1.1 9.65205e-16 0)
(1.1 6.31461e-16 0)
(1.1 -1.01291e-15 0)
(1.1 -6.88055e-16 0)
(1.1 5.44968e-16 0)
(1.1 3.48288e-16 0)
(1.1 -6.99749e-16 0)
(1.1 -3.41802e-16 0)
(1.1 6.99261e-16 0)
(1.1 -3.01753e-16 0)
(1.1 -2.15816e-16 0)
(1.1 1.0191e-15 0)
(1.1 1.75542e-15 0)
(1.1 1.29774e-15 0)
(1.1 -4.90284e-16 0)
(1.1 -4.14143e-16 0)
(1.1 -1.75602e-16 0)
(1.1 2.11893e-16 0)
(1.1 -6.65486e-16 0)
(1.1 -9.93124e-16 0)
(1.1 -3.16327e-16 0)
(1.1 -2.04162e-16 0)
(1.09998 8.30043e-05 0)
(1.04725 0.0938075 0)
(1.1 -5.52169e-16 0)
(1.1 2.27114e-16 0)
(1.1 7.8647e-16 0)
(1.1 -2.56402e-16 0)
(1.1 -2.97959e-16 0)
(1.1 -8.53109e-16 0)
(1.1 2.8405e-16 0)
(1.1 -5.45452e-16 0)
(1.1 -5.14236e-16 0)
(1.1 -6.97886e-16 0)
(1.1 1.77332e-16 0)
(1.1 1.24959e-16 0)
(1.1 -3.10269e-17 0)
(1.1 8.1116e-16 0)
(1.1 1.61652e-15 0)
(1.1 1.01378e-15 0)
(1.1 -2.53353e-16 0)
(1.1 3.34077e-16 0)
(1.1 1.97231e-16 0)
(1.1 2.74827e-16 0)
(1.1 -9.04825e-16 0)
(1.1 -8.13861e-16 0)
(1.1 -6.22169e-17 0)
(1.1 -1.37205e-16 0)
(1.09999 2.86889e-05 0)
(1.06265 0.0725593 0)
(1.1 -1.12749e-15 0)
(1.1 -1.53053e-16 0)
(1.1 8.38324e-16 0)
(1.1 -5.64293e-18 0)
(1.1 4.48063e-16 0)
(1.1 -9.81761e-16 0)
(1.1 4.42015e-16 0)
(1.1 -7.13971e-16 0)
(1.1 2.44971e-16 0)
(1.1 2.00221e-17 0)
(1.1 3.32294e-16 0)
(1.1 8.83431e-16 0)
(1.1 -3.88632e-17 0)
(1.1 1.43502e-15 0)
(1.1 1.29938e-15 0)
(1.1 4.443e-16 0)
(1.1 6.23672e-16 0)
(1.1 5.3495e-16 0)
(1.1 -6.20684e-16 0)
(1.1 -1.30404e-16 0)
(1.1 -9.44662e-16 0)
(1.1 -7.05687e-16 0)
(1.1 -2.49558e-16 0)
(1.1 -3.8361e-16 0)
(1.1 8.4374e-06 0)
(1.07464 0.0517816 0)
(1.1 -6.10761e-16 0)
(1.1 -1.46247e-16 0)
(1.1 1.17119e-15 0)
(1.1 1.03307e-15 0)
(1.1 8.23329e-16 0)
(1.1 -2.69192e-16 0)
(1.1 3.17381e-16 0)
(1.1 1.91257e-17 0)
(1.1 6.75717e-16 0)
(1.1 -7.67354e-17 0)
(1.1 5.16331e-16 0)
(1.1 4.49812e-16 0)
(1.1 5.48623e-16 0)
(1.1 8.86562e-16 0)
(1.1 2.30219e-16 0)
(1.1 8.0333e-16 0)
(1.1 8.07756e-16 0)
(1.1 3.97533e-16 0)
(1.1 -7.59769e-16 0)
(1.1 -8.51373e-16 0)
(1.1 -3.23899e-16 0)
(1.1 -1.41673e-15 0)
(1.1 -5.88055e-16 0)
(1.1 -7.30582e-16 0)
(1.1 1.80907e-06 0)
(1.08343 0.0353092 0)
(1.1 -4.21525e-16 0)
(1.1 3.82308e-16 0)
(1.1 -1.64545e-16 0)
(1.1 1.09265e-15 0)
(1.1 7.19373e-16 0)
(1.1 2.05483e-16 0)
(1.1 1.12914e-16 0)
(1.1 1.09622e-16 0)
(1.1 1.24179e-15 0)
(1.1 5.27602e-16 0)
(1.1 4.30156e-16 0)
(1.1 1.15323e-15 0)
(1.1 1.09746e-15 0)
(1.1 1.05232e-15 0)
(1.1 2.79653e-16 0)
(1.1 5.99751e-16 0)
(1.1 3.62555e-16 0)
(1.1 -3.87178e-16 0)
(1.1 -7.81243e-16 0)
(1.1 -9.14983e-16 0)
(1.1 -3.76336e-16 0)
(1.1 -1.40042e-15 0)
(1.1 -3.61706e-16 0)
(1.1 -7.65403e-16 0)
(1.1 2.14289e-07 0)
(1.08929 0.0235816 0)
(1.1 -9.39065e-17 0)
(1.1 1.10905e-16 0)
(1.1 9.51938e-16 0)
(1.1 1.90714e-15 0)
(1.1 1.59464e-15 0)
(1.1 7.95908e-19 0)
(1.1 9.63097e-16 0)
(1.1 -1.2514e-17 0)
(1.1 1.03837e-15 0)
(1.1 8.46754e-16 0)
(1.1 3.23468e-16 0)
(1.1 2.26574e-15 0)
(1.1 1.29051e-15 0)
(1.1 1.1165e-15 0)
(1.1 -2.55463e-16 0)
(1.1 -2.16284e-16 0)
(1.1 -6.43435e-16 0)
(1.1 -3.7081e-16 0)
(1.1 -5.8154e-16 0)
(1.1 -9.50732e-16 0)
(1.1 -1.25313e-15 0)
(1.1 -1.23098e-15 0)
(1.1 -1.6154e-16 0)
(1.1 -4.69748e-16 0)
(1.1 9.56892e-09 0)
(1.09294 0.0155801 0)
(1.1 3.58085e-16 0)
(1.1 4.76145e-16 0)
(1.1 2.12229e-15 0)
(1.1 1.87721e-15 0)
(1.1 1.48094e-15 0)
(1.1 -2.35376e-16 0)
(1.1 1.0962e-15 0)
(1.1 4.86702e-16 0)
(1.1 7.47695e-16 0)
(1.1 5.13623e-16 0)
(1.1 5.614e-16 0)
(1.1 1.05846e-15 0)
(1.1 7.21925e-16 0)
(1.1 3.02045e-16 0)
(1.1 -5.89612e-16 0)
(1.1 -8.53071e-16 0)
(1.1 -9.48209e-16 0)
(1.1 1.54652e-16 0)
(1.1 3.50059e-16 0)
(1.1 -3.83532e-16 0)
(1.1 -1.23594e-15 0)
(1.1 -9.01789e-16 0)
(1.1 -2.45811e-16 0)
(1.1 -2.49397e-16 0)
(1.1 1.05304e-10 0)
(1.09536 0.0101456 0)
(1.1 -5.95967e-16 0)
(1.1 1.40085e-16 0)
(1.1 1.27712e-15 0)
(1.1 9.27776e-16 0)
(1.1 1.61257e-15 0)
(1.1 -5.95334e-16 0)
(1.1 4.25736e-16 0)
(1.1 2.15861e-16 0)
(1.1 4.56559e-16 0)
(1.1 -2.13023e-17 0)
(1.1 8.18322e-16 0)
(1.1 1.96412e-16 0)
(1.1 5.08655e-16 0)
(1.1 9.50792e-17 0)
(1.1 -4.2237e-16 0)
(1.1 -1.42178e-15 0)
(1.1 -5.37112e-16 0)
(1.1 -4.30721e-16 0)
(1.1 8.1347e-16 0)
(1.1 -5.4006e-16 0)
(1.1 -1.30644e-15 0)
(1.1 -1.18573e-15 0)
(1.1 -6.1468e-16 0)
(1.1 -7.56461e-16 0)
(1.1 1.90665e-13 0)
(1.09688 0.00659691 0)
(1.1 -8.97233e-16 0)
(1.1 7.61375e-18 0)
(1.1 -1.42221e-16 0)
(1.1 7.49667e-16 0)
(1.1 1.46215e-15 0)
(1.1 -4.48653e-16 0)
(1.1 9.37228e-16 0)
(1.1 6.38873e-16 0)
(1.1 -5.13972e-16 0)
(1.1 -4.31692e-16 0)
(1.1 1.43482e-15 0)
(1.1 4.31473e-16 0)
(1.1 4.49145e-17 0)
(1.1 8.57227e-16 0)
(1.1 2.77112e-16 0)
(1.1 -2.03918e-15 0)
(1.1 -9.29577e-16 0)
(1.1 -1.15585e-15 0)
(1.1 1.6725e-15 0)
(1.1 7.44986e-18 0)
(1.1 -1.33684e-15 0)
(1.1 -8.85901e-16 0)
(1.1 -1.23036e-15 0)
(1.1 -1.38999e-15 0)
(1.1 -5.39476e-16 0)
(1.09791 0.00424138 0)
(1.1 -1.20791e-15 0)
(1.1 1.32912e-16 0)
(1.1 -5.01959e-16 0)
(1.1 -2.27303e-16 0)
(1.1 7.50756e-16 0)
(1.1 -5.63354e-16 0)
(1.1 1.2923e-15 0)
(1.1 2.10304e-15 0)
(1.1 -9.31254e-17 0)
(1.1 1.76219e-16 0)
(1.1 1.47057e-15 0)
(1.1 3.53866e-16 0)
(1.1 1.30536e-16 0)
(1.1 1.36789e-15 0)
(1.1 -3.29621e-16 0)
(1.1 -1.26693e-15 0)
(1.1 -5.31226e-16 0)
(1.1 -7.04437e-16 0)
(1.1 1.19628e-15 0)
(1.1 -2.19967e-16 0)
(1.1 -2.59939e-16 0)
(1.1 1.18227e-16 0)
(1.1 -8.50037e-16 0)
(1.1 -1.69498e-15 0)
(1.1 -9.95924e-16 0)
(1.09853 0.00277836 0)
(1.1 -1.73511e-15 0)
(1.1 -1.39929e-16 0)
(1.1 -5.78963e-16 0)
(1.1 5.23865e-16 0)
(1.1 4.72018e-16 0)
(1.1 -1.68219e-16 0)
(1.1 7.83149e-16 0)
(1.1 2.25018e-15 0)
(1.1 1.01911e-15 0)
(1.1 1.11633e-15 0)
(1.1 1.34409e-15 0)
(1.1 3.41353e-17 0)
(1.1 -3.60324e-16 0)
(1.1 2.53375e-16 0)
(1.1 -2.44742e-16 0)
(1.1 -6.58982e-16 0)
(1.1 5.44969e-20 0)
(1.1 9.40174e-17 0)
(1.1 1.45105e-16 0)
(1.1 -1.32956e-16 0)
(1.1 3.4938e-16 0)
(1.1 1.57028e-16 0)
(1.1 -5.83125e-16 0)
(1.1 -9.12284e-16 0)
(1.1 -6.87234e-16 0)
(1.09898 0.00185194 0)
(1.1 -1.07183e-15 0)
(1.1 4.11798e-16 0)
(1.1 -6.56397e-17 0)
(1.1 1.05849e-15 0)
(1.1 4.75277e-16 0)
(1.1 9.65531e-16 0)
(1.1 3.9557e-16 0)
(1.1 1.75789e-15 0)
(1.1 1.98351e-15 0)
(1.1 1.40857e-15 0)
(1.1 5.88931e-16 0)
(1.1 8.54287e-16 0)
(1.1 -5.99344e-16 0)
(1.1 3.8581e-16 0)
(1.1 3.24318e-16 0)
(1.1 -7.28445e-16 0)
(1.1 1.1272e-16 0)
(1.1 9.67364e-16 0)
(1.1 -5.78359e-17 0)
(1.1 -2.72946e-16 0)
(1.1 -1.96616e-16 0)
(1.1 -4.97054e-16 0)
(1.1 -8.81685e-17 0)
(1.1 -4.4567e-16 0)
(1.1 -6.56864e-16 0)
(1.09926 0.00131863 0)
(1.1 -2.21113e-16 0)
(1.1 6.54565e-16 0)
(1.1 5.41401e-16 0)
(1.1 1.32664e-15 0)
(1.1 8.85129e-16 0)
(1.1 1.49023e-15 0)
(1.1 1.39567e-16 0)
(1.1 7.15373e-16 0)
(1.1 2.38922e-15 0)
(1.1 1.89766e-15 0)
(1.1 2.03817e-16 0)
(1.1 1.075e-15 0)
(1.1 8.71591e-17 0)
(1.1 8.00384e-16 0)
(1.1 8.9168e-17 0)
(1.1 -1.62048e-16 0)
(1.1 2.27719e-16 0)
(1.1 1.01237e-15 0)
(1.1 6.16286e-16 0)
(1.1 -7.37452e-16 0)
(1.1 -2.03666e-16 0)
(1.1 -8.33483e-16 0)
(1.1 1.9175e-16 0)
(1.1 -8.54184e-16 0)
(1.1 -1.19423e-15 0)
(1.0995 0.000987147 0)
(1.1 8.64539e-16 0)
(1.1 6.09291e-16 0)
(1.1 5.31973e-16 0)
(1.1 1.53472e-15 0)
(1.1 1.20623e-15 0)
(1.1 1.84524e-15 0)
(1.1 -4.86144e-17 0)
(1.1 4.59659e-16 0)
(1.1 1.15737e-15 0)
(1.1 2.12356e-15 0)
(1.1 1.57141e-16 0)
(1.1 2.01915e-16 0)
(1.1 -3.57329e-18 0)
(1.1 7.73246e-16 0)
(1.1 7.30159e-16 0)
(1.1 8.76611e-16 0)
(1.1 -3.22887e-16 0)
(1.1 7.59524e-16 0)
(1.1 9.52875e-16 0)
(1.1 -5.27416e-16 0)
(1.1 -1.20979e-16 0)
(1.1 -7.27658e-16 0)
(1.1 -2.26542e-16 0)
(1.1 -5.39043e-16 0)
(1.1 -1.04248e-15 0)
(1.09966 0.000778113 0)
(1.1 4.63558e-16 0)
(1.1 -4.87135e-16 0)
(1.1 -3.08206e-16 0)
(1.1 7.96172e-16 0)
(1.1 1.2073e-15 0)
(1.1 1.54545e-15 0)
(1.1 7.86523e-16 0)
(1.1 1.15882e-15 0)
(1.1 3.6408e-16 0)
(1.1 6.29472e-16 0)
(1.1 -1.87888e-16 0)
(1.1 1.0598e-16 0)
(1.1 -2.5178e-16 0)
(1.1 -1.07105e-18 0)
(1.1 8.3891e-16 0)
(1.1 9.22776e-16 0)
(1.1 -1.78648e-17 0)
(1.1 4.25375e-16 0)
(1.1 9.01291e-17 0)
(1.1 -8.05208e-16 0)
(1.1 -3.29449e-16 0)
(1.1 -3.79774e-16 0)
(1.1 -8.96044e-17 0)
(1.1 -6.518e-16 0)
(1.1 -8.47755e-16 0)
(1.09979 0.00061456 0)
(1.1 -2.18459e-16 0)
(1.1 -5.74001e-16 0)
(1.1 -9.12191e-17 0)
(1.1 -6.69419e-17 0)
(1.1 9.96966e-16 0)
(1.1 1.68926e-15 0)
(1.1 1.05356e-15 0)
(1.1 8.09372e-16 0)
(1.1 5.8445e-16 0)
(1.1 3.45527e-16 0)
(1.1 2.49976e-16 0)
(1.1 -7.73763e-16 0)
(1.1 2.17424e-16 0)
(1.1 -3.00685e-16 0)
(1.1 -4.24337e-16 0)
(1.1 7.09958e-16 0)
(1.1 -1.02967e-16 0)
(1.1 -3.43556e-16 0)
(1.1 2.48774e-16 0)
(1.1 -4.0484e-16 0)
(1.1 2.04195e-16 0)
(1.1 5.48432e-16 0)
(1.1 -4.52925e-17 0)
(1.1 -4.57464e-16 0)
(1.1 -1.23802e-15 0)
(1.09988 0.000469583 0)
(1.1 -9.37698e-16 0)
(1.1 2.60287e-16 0)
(1.1 3.23843e-16 0)
(1.1 -6.96735e-16 0)
(1.1 4.50798e-16 0)
(1.1 1.36301e-15 0)
(1.1 1.26613e-15 0)
(1.1 6.46991e-16 0)
(1.1 7.68571e-16 0)
(1.1 4.31818e-16 0)
(1.1 4.59216e-16 0)
(1.1 -6.56674e-16 0)
(1.1 2.81081e-16 0)
(1.1 -4.55438e-17 0)
(1.1 -3.19969e-16 0)
(1.1 2.97632e-16 0)
(1.1 -7.79248e-16 0)
(1.1 -8.15939e-16 0)
(1.1 4.041e-16 0)
(1.1 2.42179e-16 0)
(1.1 7.99838e-17 0)
(1.1 9.28683e-16 0)
(1.1 1.51715e-16 0)
(1.1 2.17153e-16 0)
(1.1 -7.5796e-16 0)
(1.09994 0.000310051 0)
(1.1 -1.06725e-15 0)
(1.1 3.36318e-16 0)
(1.1 -3.92699e-16 0)
(1.1 -3.28973e-16 0)
(1.1 9.83573e-16 0)
(1.1 3.2207e-16 0)
(1.1 1.25184e-15 0)
(1.1 5.60192e-16 0)
(1.1 -4.62195e-17 0)
(1.1 -9.5975e-16 0)
(1.1 -1.85571e-16 0)
(1.1 1.50782e-16 0)
(1.1 -1.82664e-16 0)
(1.1 -5.14995e-16 0)
(1.1 -4.76469e-16 0)
(1.1 3.75189e-16 0)
(1.1 -9.33237e-16 0)
(1.1 -3.33527e-16 0)
(1.1 -1.48912e-16 0)
(1.1 -1.20358e-16 0)
(1.1 -2.98643e-16 0)
(1.1 4.84259e-16 0)
(1.1 4.54081e-16 0)
(1.1 1.0903e-15 0)
(1.1 -3.10547e-16 0)
(1.09997 0.000173905 0)
(1.1 -1.27221e-15 0)
(1.1 -4.71621e-16 0)
(1.1 -5.22957e-16 0)
(1.1 -1.21751e-16 0)
(1.1 1.45092e-15 0)
(1.1 2.62692e-18 0)
(1.1 7.17825e-16 0)
(1.1 1.18506e-15 0)
(1.1 9.14412e-16 0)
(1.1 -3.97187e-16 0)
(1.1 -7.76351e-16 0)
(1.1 3.138e-16 0)
(1.1 1.6146e-16 0)
(1.1 -1.06314e-15 0)
(1.1 -1.1889e-15 0)
(1.1 -5.78528e-16 0)
(1.1 -4.76354e-16 0)
(1.1 8.83548e-16 0)
(1.1 -6.82137e-16 0)
(1.1 -7.16724e-16 0)
(1.1 1.60395e-16 0)
(1.1 4.29884e-16 0)
(1.1 -2.87423e-16 0)
(1.1 9.00371e-16 0)
(1.1 -5.78433e-17 0)
(1.09999 8.63977e-05 0)
(1.1 -1.49605e-15 0)
(1.1 -1.40917e-15 0)
(1.1 -6.94502e-16 0)
(1.1 -3.92141e-16 0)
(1.1 5.88808e-16 0)
(1.1 8.02522e-17 0)
(1.1 1.20878e-15 0)
(1.1 4.12231e-16 0)
(1.1 1.97396e-15 0)
(1.1 5.92415e-16 0)
(1.1 -4.47817e-16 0)
(1.1 3.61593e-17 0)
(1.1 4.89275e-16 0)
(1.1 2.2031e-16 0)
(1.1 -1.11425e-15 0)
(1.1 -1.22916e-15 0)
(1.1 -1.26399e-16 0)
(1.1 8.54064e-16 0)
(1.1 -9.95527e-16 0)
(1.1 1.85163e-17 0)
(1.1 -4.16358e-16 0)
(1.1 3.88571e-16 0)
(1.1 -3.4298e-16 0)
(1.1 -1.08228e-16 0)
(1.1 2.76034e-16 0)
(1.1 3.65391e-05 0)
(1.1 -1.02519e-15 0)
(1.1 -1.39109e-15 0)
(1.1 -9.042e-16 0)
(1.1 -6.72357e-16 0)
(1.1 1.94884e-16 0)
(1.1 3.94223e-16 0)
(1.1 1.42043e-15 0)
(1.1 5.23813e-16 0)
(1.1 2.42858e-15 0)
(1.1 2.37708e-16 0)
(1.1 -4.7573e-16 0)
(1.1 -2.89617e-16 0)
(1.1 4.61836e-16 0)
(1.1 1.12719e-15 0)
(1.1 -8.91524e-16 0)
(1.1 -1.04183e-15 0)
(1.1 3.06937e-16 0)
(1.1 7.57786e-16 0)
(1.1 -8.84044e-16 0)
(1.1 9.79021e-16 0)
(1.1 -1.88221e-16 0)
(1.1 9.16793e-16 0)
(1.1 -5.99338e-16 0)
(1.1 -2.36531e-16 0)
(1.1 4.6025e-16 0)
(1.1 1.07855e-05 0)
(1.1 -1.11891e-15 0)
(1.1 -1.47846e-15 0)
(1.1 -2.66843e-16 0)
(1.1 -8.09927e-16 0)
(1.1 -5.64567e-16 0)
(1.1 -5.71183e-16 0)
(1.1 1.29607e-16 0)
(1.1 7.74429e-16 0)
(1.1 2.54493e-15 0)
(1.1 -8.97368e-16 0)
(1.1 -6.86479e-16 0)
(1.1 -3.80185e-16 0)
(1.1 -6.08246e-17 0)
(1.1 5.41062e-16 0)
(1.1 -1.65422e-15 0)
(1.1 -1.89792e-15 0)
(1.1 7.05309e-17 0)
(1.1 1.27469e-15 0)
(1.1 -4.01568e-16 0)
(1.1 5.78976e-16 0)
(1.1 -2.15418e-16 0)
(1.1 7.33011e-16 0)
(1.1 -6.4905e-16 0)
(1.1 5.38816e-16 0)
(1.1 9.34866e-16 0)
(1.1 1.6226e-06 0)
(1.1 -1.01545e-15 0)
(1.1 -1.36127e-15 0)
(1.1 -1.05502e-17 0)
(1.1 4.61554e-16 0)
(1.1 -9.50121e-16 0)
(1.1 -1.66763e-15 0)
(1.1 -5.72594e-16 0)
(1.1 -9.29305e-17 0)
(1.1 2.58319e-15 0)
(1.1 -3.68976e-16 0)
(1.1 -3.70466e-16 0)
(1.1 3.34468e-17 0)
(1.1 -5.59652e-16 0)
(1.1 -2.79609e-16 0)
(1.1 -8.28967e-16 0)
(1.1 -1.96392e-15 0)
(1.1 1.63482e-16 0)
(1.1 6.05381e-16 0)
(1.1 -1.89188e-16 0)
(1.1 2.66867e-16 0)
(1.1 -5.42674e-16 0)
(1.1 3.77422e-18 0)
(1.1 -9.33609e-16 0)
(1.1 1.10035e-15 0)
(1.1 1.20528e-15 0)
(1.1 8.53978e-08 0)
(1.1 -1.40436e-15 0)
(1.1 -1.34322e-15 0)
(1.1 -2.073e-16 0)
(1.1 1.32576e-15 0)
(1.1 -1.66199e-16 0)
(1.1 -9.43669e-16 0)
(1.1 -8.18223e-16 0)
(1.1 -1.04427e-16 0)
(1.1 2.07029e-15 0)
(1.1 -4.45146e-19 0)
(1.1 -4.14164e-16 0)
(1.1 8.84681e-16 0)
(1.1 -7.31469e-16 0)
(1.1 -1.07405e-15 0)
(1.1 -3.9697e-16 0)
(1.1 -1.75309e-15 0)
(1.1 2.8033e-16 0)
(1.1 4.00885e-16 0)
(1.1 -1.04093e-16 0)
(1.1 2.63383e-16 0)
(1.1 -4.56477e-16 0)
(1.1 -2.80734e-16 0)
(1.1 -9.81637e-16 0)
(1.1 1.06461e-15 0)
(1.1 1.14031e-15 0)
(1.1 1.29654e-09 0)
(1.1 -2.53519e-15 0)
(1.1 -1.6626e-15 0)
(1.1 -1.04446e-15 0)
(1.1 6.34988e-16 0)
(1.1 -1.44361e-15 0)
(1.1 -2.5877e-16 0)
(1.1 -9.49966e-16 0)
(1.1 4.67864e-16 0)
(1.1 1.67705e-15 0)
(1.1 -1.08784e-16 0)
(1.1 5.3951e-17 0)
(1.1 1.28477e-15 0)
(1.1 -2.08623e-16 0)
(1.1 -1.82844e-15 0)
(1.1 -1.44264e-15 0)
(1.1 -1.25885e-15 0)
(1.1 -4.19852e-16 0)
(1.1 5.75367e-16 0)
(1.1 -6.73187e-16 0)
(1.1 6.21686e-16 0)
(1.1 -6.97968e-16 0)
(1.1 -8.37721e-17 0)
(1.1 1.16005e-16 0)
(1.1 1.15868e-15 0)
(1.1 1.07681e-15 0)
(1.1 1.09485e-11 0)
(1.1 -1.41405e-15 0)
(1.1 -1.61071e-15 0)
(1.1 -1.15659e-15 0)
(1.1 7.6108e-16 0)
(1.1 -2.24383e-15 0)
(1.1 -4.71817e-16 0)
(1.1 -3.90826e-16 0)
(1.1 8.7089e-16 0)
(1.1 8.45867e-16 0)
(1.1 4.92193e-16 0)
(1.1 2.07195e-16 0)
(1.1 1.13712e-15 0)
(1.1 1.80467e-16 0)
(1.1 -1.77089e-15 0)
(1.1 -1.91178e-15 0)
(1.1 -1.06487e-15 0)
(1.1 -9.95855e-16 0)
(1.1 -1.20809e-16 0)
(1.1 -7.05057e-16 0)
(1.1 3.48132e-16 0)
(1.1 -9.31188e-16 0)
(1.1 1.89821e-16 0)
(1.1 2.54057e-16 0)
(1.1 9.90318e-16 0)
(1.1 1.26936e-15 0)
(1.1 7.61548e-14 0)
(1.1 1.57087e-16 0)
(1.1 -1.69507e-15 0)
(1.1 -1.06933e-15 0)
(1.1 1.08128e-15 0)
(1.1 -1.30034e-15 0)
(1.1 -3.54201e-17 0)
(1.1 -4.98591e-16 0)
(1.1 1.99689e-16 0)
(1.1 4.52225e-16 0)
(1.1 1.02534e-15 0)
(1.1 7.15362e-16 0)
(1.1 1.36091e-15 0)
(1.1 -8.35081e-16 0)
(1.1 -2.2849e-15 0)
(1.1 -1.87347e-15 0)
(1.1 -1.66914e-15 0)
(1.1 -1.03937e-15 0)
(1.1 1.81872e-16 0)
(1.1 -2.87833e-16 0)
(1.1 -1.84364e-16 0)
(1.1 -9.64402e-16 0)
(1.1 1.20064e-16 0)
(1.1 -7.55276e-17 0)
(1.1 3.77928e-16 0)
(1.1 6.28006e-16 0)
(1.1 9.0694e-16 0)
(1.1 -6.18608e-17 0)
(1.1 -1.04011e-15 0)
(1.1 -9.40735e-16 0)
(1.1 3.30077e-16 0)
(1.1 -5.52311e-16 0)
(1.1 -8.61025e-17 0)
(1.1 -1.22928e-16 0)
(1.1 1.42551e-16 0)
(1.1 1.01786e-15 0)
(1.1 1.3709e-15 0)
(1.1 1.25341e-15 0)
(1.1 5.52816e-16 0)
(1.1 -9.97884e-16 0)
(1.1 -1.98466e-15 0)
(1.1 -1.30388e-15 0)
(1.1 -1.90913e-15 0)
(1.1 -1.13589e-15 0)
(1.1 4.35746e-16 0)
(1.1 6.47957e-18 0)
(1.1 3.85121e-17 0)
(1.1 -8.46473e-16 0)
(1.1 3.97172e-16 0)
(1.1 -4.58657e-16 0)
(1.1 4.07111e-16 0)
(1.1 2.86906e-16 0)
(1.1 6.91528e-16 0)
(1.1 -6.89272e-16 0)
(1.1 -5.5178e-16 0)
(1.1 -3.20423e-16 0)
(1.1 -3.63018e-16 0)
(1.1 -3.15433e-16 0)
(1.1 -3.7023e-16 0)
(1.1 -1.54758e-16 0)
(1.1 4.44309e-16 0)
(1.1 1.36079e-15 0)
(1.1 1.02307e-15 0)
(1.1 5.9263e-16 0)
(1.1 5.7208e-16 0)
(1.1 -4.08627e-16 0)
(1.1 -1.08927e-15 0)
(1.1 -1.0385e-15 0)
(1.1 -1.66492e-15 0)
(1.1 -1.24847e-15 0)
(1.1 6.82773e-16 0)
(1.1 -5.41171e-16 0)
(1.1 -5.31078e-17 0)
(1.1 -5.43204e-16 0)
(1.1 -1.34881e-16 0)
(1.1 -3.75458e-16 0)
(1.1 5.35652e-16 0)
(1.1 4.68107e-16 0)
(1.1 1.0777e-15 0)
(1.1 -5.46344e-16 0)
(1.1 -1.0926e-15 0)
(1.1 -2.17958e-16 0)
(1.1 -2.32853e-16 0)
(1.1 -9.59405e-16 0)
(1.1 -9.63438e-16 0)
(1.1 -9.51743e-16 0)
(1.1 1.10208e-15 0)
(1.1 3.72527e-16 0)
(1.1 6.18945e-16 0)
(1.1 1.97859e-15 0)
(1.1 -8.38236e-17 0)
(1.1 2.08879e-17 0)
(1.1 -9.73996e-16 0)
(1.1 -8.28479e-16 0)
(1.1 -8.50022e-16 0)
(1.1 -3.3492e-16 0)
(1.1 1.10461e-15 0)
(1.1 -8.30039e-16 0)
(1.1 -3.89061e-17 0)
(1.1 3.34888e-16 0)
(1.1 -2.23577e-16 0)
(1.1 -5.14007e-16 0)
(1.1 -6.82247e-16 0)
(1.1 6.28425e-16 0)
(1.1 1.49365e-15 0)
(1.1 -3.14241e-16 0)
(1.1 -8.77859e-16 0)
(1.1 3.6707e-16 0)
(1.1 -3.62093e-16 0)
(1.1 -7.75267e-16 0)
(1.1 9.26483e-17 0)
(1.1 -6.84397e-16 0)
(1.1 7.11528e-16 0)
(1.1 -2.14296e-16 0)
(1.1 4.26065e-16 0)
(1.1 9.68187e-16 0)
(1.1 -2.07538e-16 0)
(1.1 2.03993e-16 0)
(1.1 -1.68088e-15 0)
(1.1 -8.65686e-16 0)
(1.1 -1.56469e-16 0)
(1.1 -2.45392e-16 0)
(1.1 2.64233e-16 0)
(1.1 -4.84667e-16 0)
(1.1 6.10581e-16 0)
(1.1 4.1556e-16 0)
(1.1 1.11238e-16 0)
(1.1 -9.27983e-16 0)
(1.1 -1.18185e-15 0)
(1.1 3.24462e-16 0)
(1.1 2.31699e-15 0)
(1.1 -8.92035e-17 0)
(1.1 -2.90992e-16 0)
(1.1 1.84873e-16 0)
(1.1 -4.12448e-16 0)
(1.1 7.93699e-16 0)
(1.1 9.99981e-16 0)
(1.1 -1.33206e-16 0)
(1.1 9.50103e-17 0)
(1.1 -1.02886e-16 0)
(1.1 3.42339e-16 0)
(1.1 -4.72858e-16 0)
(1.1 6.34468e-16 0)
(1.1 -4.03648e-17 0)
(1.1 -1.47341e-15 0)
(1.1 -1.42117e-15 0)
(1.1 -3.30566e-16 0)
(1.1 -2.15805e-16 0)
(1.1 -2.72546e-16 0)
(1.1 3.38053e-16 0)
(1.1 1.17175e-15 0)
(1.1 5.81299e-16 0)
(1.1 -5.44732e-16 0)
(1.1 -1.41508e-15 0)
(1.1 -1.91982e-15 0)
(1.1 6.24645e-16 0)
(1.1 2.56868e-15 0)
(1.1 3.77146e-16 0)
(1.1 4.26474e-16 0)
(1.1 1.62472e-16 0)
(1.1 -2.22581e-16 0)
(1.1 1.29887e-15 0)
(1.1 8.43461e-16 0)
(1.1 -2.3049e-16 0)
(1.1 -4.24274e-16 0)
(1.1 -1.01667e-16 0)
(1.1 1.06736e-15 0)
(1.1 7.11485e-16 0)
(1.1 -5.98868e-16 0)
(1.1 -2.58667e-16 0)
(1.1 -1.77094e-16 0)
(1.1 -1.21876e-15 0)
(1.1 -8.9175e-16 0)
(1.1 -7.88436e-16 0)
(1.1 -6.94447e-16 0)
(1.1 1.80348e-16 0)
(1.1 1.41861e-15 0)
(1.1 9.81148e-16 0)
(1.1 -1.23941e-15 0)
(1.1 -1.49519e-15 0)
(1.1 -1.80335e-15 0)
(1.1 3.33403e-16 0)
(1.1 2.22192e-15 0)
(1.1 1.17735e-15 0)
(1.1 1.58715e-15 0)
(1.1 7.05206e-16 0)
(1.1 9.58403e-17 0)
(1.1 1.41464e-15 0)
(1.1 5.25014e-16 0)
(1.1 3.23773e-16 0)
(1.1 -7.17196e-16 0)
(1.1 -5.50086e-16 0)
(1.1 1.18772e-15 0)
(1.1 4.5308e-16 0)
(1.1 -1.01192e-15 0)
(1.1 -3.02579e-16 0)
(1.1 6.95349e-16 0)
(1.1 -6.3351e-16 0)
(1.1 -3.29276e-16 0)
(1.1 -8.80473e-16 0)
(1.1 -5.04543e-16 0)
(1.1 5.53229e-16 0)
(1.1 1.6614e-15 0)
(1.1 3.16345e-16 0)
(1.1 -1.045e-15 0)
(1.1 -7.26779e-16 0)
(1.1 -1.60995e-15 0)
(1.1 2.46377e-16 0)
(1.1 2.11358e-15 0)
(1.1 9.0141e-16 0)
(1.1 1.56417e-15 0)
(1.1 7.02485e-16 0)
(1.1 -6.3453e-17 0)
(1.1 9.69209e-16 0)
(1.1 2.50828e-16 0)
(1.1 -2.53503e-16 0)
(1.1 -1.44757e-15 0)
(1.1 -9.81786e-16 0)
(1.1 7.23038e-16 0)
(1.1 5.80038e-16 0)
(1.1 -9.76623e-16 0)
(1.1 -1.37577e-16 0)
(1.1 3.51251e-16 0)
(1.1 -6.64785e-16 0)
(1.1 2.36083e-16 0)
(1.1 -6.00679e-16 0)
(1.1 -3.90288e-16 0)
(1.1 9.41779e-16 0)
(1.1 1.23608e-15 0)
(1.1 3.66077e-16 0)
(1.1 -1.08069e-15 0)
(1.1 -2.35023e-16 0)
(1.1 -1.17773e-15 0)
(1.1 8.34955e-16 0)
(1.1 1.62634e-15 0)
(1.1 2.87651e-16 0)
(1.1 1.34788e-15 0)
(1.1 4.09016e-16 0)
(1.1 9.3297e-16 0)
(1.1 1.0171e-15 0)
(1.1 -1.41535e-16 0)
(1.1 -1.50027e-15 0)
(1.1 -1.18818e-15 0)
(1.1 -9.06458e-16 0)
(1.1 -7.10907e-17 0)
(1.1 3.88176e-17 0)
(1.1 -3.48617e-16 0)
(1.1 -1.49676e-16 0)
(1.1 -2.67514e-16 0)
(1.1 -8.57183e-16 0)
(1.1 2.21073e-16 0)
(1.1 -1.10174e-15 0)
(1.1 -2.43805e-16 0)
(1.1 8.26609e-16 0)
(1.1 2.35409e-16 0)
(1.1 -7.78093e-17 0)
(1.1 -7.71805e-16 0)
(1.1 1.51893e-16 0)
(1.1 -7.26668e-16 0)
(1.1 6.21757e-16 0)
(1.1 1.14128e-15 0)
(1.1 -2.60603e-16 0)
(1.1 2.69171e-15 0)
(1.1 4.30401e-16 0)
(1.1 7.94997e-16 0)
(1.1 7.77135e-16 0)
(1.1 4.92074e-17 0)
(1.1 -2.08527e-15 0)
(1.1 -8.71194e-16 0)
(1.1 1.18767e-16 0)
(1.1 -1.14782e-17 0)
(1.1 -6.08897e-16 0)
(1.1 5.53378e-17 0)
(1.1 -1.66401e-16 0)
(1.1 -8.42785e-17 0)
(1.1 -2.05914e-16 0)
(1.1 2.56402e-16 0)
(1.1 -6.11019e-16 0)
(1.1 3.78318e-16 0)
(1.1 5.55634e-16 0)
(1.1 -3.0969e-16 0)
(1.1 1.03225e-17 0)
(1.1 -6.48657e-16 0)
(1.1 -2.97321e-16 0)
(1.1 -7.03393e-16 0)
(1.1 -2.25284e-16 0)
(1.1 5.21645e-16 0)
(1.1 -2.70456e-16 0)
(1.1 2.28184e-15 0)
(1.1 -1.67506e-16 0)
(1.1 -7.1337e-16 0)
(1.1 1.2246e-16 0)
(1.1 3.95725e-16 0)
(1.1 -1.09697e-15 0)
(1.1 -5.45927e-16 0)
(1.1 5.00595e-16 0)
(1.1 4.69894e-16 0)
(1.1 -9.46131e-17 0)
(1.1 6.436e-16 0)
(1.1 7.49276e-16 0)
(1.1 5.31178e-16 0)
(1.1 3.15026e-16 0)
(1.1 2.37932e-16 0)
(1.1 -7.51343e-16 0)
(1.1 7.43673e-16 0)
(1.1 4.03554e-16 0)
(1.1 4.30474e-16 0)
(1.1 8.90855e-16 0)
(1.1 -1.66953e-16 0)
(1.1 -3.98063e-16 0)
(1.1 -5.16186e-16 0)
(1.1 -2.6465e-16 0)
(1.1 4.13548e-17 0)
(1.1 -6.71339e-16 0)
(1.1 1.7583e-15 0)
(1.1 -9.85251e-16 0)
(1.1 -1.25131e-15 0)
(1.1 1.08024e-16 0)
(1.1 6.79769e-16 0)
(1.1 1.28904e-17 0)
(1.1 3.568e-16 0)
(1.1 8.67141e-16 0)
(1.1 6.43084e-16 0)
(1.1 -7.27235e-16 0)
(1.1 7.22168e-16 0)
(1.1 5.47486e-16 0)
(1.1 8.07615e-16 0)
(1.1 1.44665e-15 0)
(1.1 6.33295e-16 0)
(1.1 -3.00907e-16 0)
(1.1 -9.96416e-17 0)
(1.1 -8.72014e-17 0)
(1.1 -6.51349e-19 0)
(1.1 1.38989e-15 0)
(1.1 -9.41566e-16 0)
(1.1 -3.71178e-16 0)
(1.1 -1.828e-16 0)
(1.1 2.24613e-17 0)
(1.1 -8.98208e-17 0)
(1.1 -1.04669e-15 0)
(1.1 9.13257e-16 0)
(1.1 -9.1568e-16 0)
(1.1 -1.00003e-15 0)
(1.1 -2.93077e-16 0)
(1.1 -3.547e-16 0)
(1.1 3.14713e-16 0)
(1.1 2.4377e-16 0)
(1.1 9.20094e-16 0)
(1.1 8.1679e-16 0)
(1.1 -1.03902e-15 0)
(1.1 -2.21627e-16 0)
(1.1 -9.40968e-18 0)
(1.1 9.51186e-16 0)
(1.1 2.23998e-15 0)
(1.1 7.86875e-16 0)
(1.1 5.40475e-16 0)
(1.1 -2.95732e-16 0)
(1.1 -2.9895e-16 0)
(1.1 -3.58982e-16 0)
(1.1 1.39284e-15 0)
(1.1 -3.88502e-16 0)
(1.1 -5.44825e-16 0)
(1.1 2.73617e-16 0)
(1.1 -7.36457e-16 0)
(1.1 4.08484e-16 0)
(1.1 -5.49572e-16 0)
(1.1 7.36904e-16 0)
(1.1 -1.29561e-15 0)
(1.1 -3.77227e-16 0)
(1.1 -4.96559e-16 0)
(1.1 -7.92515e-16 0)
(1.1 4.03272e-16 0)
(1.1 -3.35496e-16 0)
(1.1 7.43518e-16 0)
(1.1 1.68957e-16 0)
(1.1 -3.47711e-16 0)
(1.1 -2.43602e-17 0)
(1.1 5.15837e-17 0)
(1.1 2.10672e-16 0)
(1.1 2.57042e-15 0)
(1.1 4.56012e-16 0)
(1.1 2.55424e-16 0)
(1.1 -5.19759e-16 0)
(1.1 2.78316e-16 0)
(1.1 1.06855e-16 0)
(1.1 8.86683e-16 0)
(1.1 -2.19586e-16 0)
(1.1 5.40608e-16 0)
(1.1 6.47614e-16 0)
(1.1 -8.92347e-16 0)
(1.1 -4.661e-16 0)
(1.1 2.34123e-17 0)
(1.1 1.17697e-15 0)
(1.1 -1.16189e-15 0)
(1.1 -1.93153e-16 0)
(1.1 1.66771e-16 0)
(1.1 -7.18908e-16 0)
(1.1 4.47829e-16 0)
(1.1 -6.69421e-16 0)
(1.1 2.02239e-16 0)
(1.1 -1.04051e-15 0)
(1.1 -2.38125e-16 0)
(1.1 1.04018e-16 0)
(1.1 4.99845e-16 0)
(1.1 2.98028e-16 0)
(1.1 3.24366e-15 0)
(1.1 8.1585e-16 0)
(1.1 6.84886e-17 0)
(1.1 -1.28603e-15 0)
(1.1 4.11555e-16 0)
(1.1 5.90224e-16 0)
(1.1 4.82835e-16 0)
(1.1 -7.85724e-16 0)
(1.1 6.59909e-16 0)
(1.1 -9.44146e-17 0)
(1.1 5.64159e-17 0)
(1.1 -1.22757e-15 0)
(1.1 1.21363e-16 0)
(1.1 8.16265e-16 0)
(1.1 -5.02416e-16 0)
(1.1 4.31386e-16 0)
(1.1 5.68444e-17 0)
(1.1 -6.95062e-16 0)
(1.1 8.2572e-16 0)
(1.1 -5.73818e-16 0)
(1.1 -2.51208e-16 0)
(1.1 -1.65568e-15 0)
(1.1 -4.98302e-16 0)
(1.1 -2.34312e-17 0)
(1.1 1.17006e-15 0)
(1.1 8.78975e-16 0)
(1.1 2.5446e-15 0)
(1.1 7.18692e-16 0)
(1.1 7.96758e-16 0)
(1.1 -1.19485e-15 0)
(1.1 2.50565e-16 0)
(1.1 2.97341e-16 0)
(1.1 5.74389e-16 0)
(1.1 2.90105e-16 0)
(1.1 2.24057e-16 0)
(1.1 -6.35515e-16 0)
(1.1 8.11907e-16 0)
(1.1 -7.60556e-16 0)
(1.1 8.29907e-16 0)
(1.1 8.7227e-16 0)
(1.1 3.57639e-16 0)
(1.1 -2.88322e-16 0)
(1.1 -1.26384e-15 0)
(1.1 -8.04141e-17 0)
(1.1 6.4343e-16 0)
(1.1 -3.09613e-16 0)
(1.1 2.20931e-16 0)
(1.1 -1.55493e-15 0)
(1.1 -4.43202e-16 0)
(1.1 6.47872e-16 0)
(1.1 1.41492e-15 0)
(1.1 8.36942e-16 0)
(1.1 2.06365e-15 0)
(1.1 5.70624e-16 0)
(1.1 1.03259e-15 0)
(1.1 -9.9258e-16 0)
(1.1 -6.23772e-16 0)
(1.1 3.42538e-16 0)
(1.1 -4.02026e-16 0)
(1.1 8.75638e-16 0)
(1.1 4.45721e-17 0)
(1.1 9.30154e-17 0)
(1.1 4.51571e-16 0)
(1.1 -8.54722e-16 0)
(1.1 1.54695e-15 0)
(1.1 1.8025e-15 0)
(1.1 1.31196e-15 0)
(1.1 -1.47399e-15 0)
(1.1 -1.18139e-15 0)
(1.1 2.25142e-16 0)
(1.1 3.45014e-16 0)
(1.1 1.2529e-16 0)
(1.1 4.11465e-16 0)
(1.1 -9.30877e-16 0)
(1.1 -1.4731e-16 0)
(1.1 -4.54126e-17 0)
(1.1 2.38611e-15 0)
(1.1 1.43796e-15 0)
(1.1 1.57325e-15 0)
(1.1 1.03422e-15 0)
(1.1 1.2665e-15 0)
(1.1 -1.84041e-15 0)
(1.1 -4.1296e-16 0)
(1.1 3.92062e-16 0)
(1.1 -5.47299e-16 0)
(1.1 -1.88213e-16 0)
(1.1 2.78539e-16 0)
(1.1 7.37785e-16 0)
(1.1 1.23059e-16 0)
(1.1 -1.49838e-15 0)
(1.1 1.08758e-15 0)
(1.1 1.63843e-15 0)
(1.1 1.4888e-15 0)
(1.1 -8.36307e-16 0)
(1.1 -1.15304e-15 0)
(1.1 -2.74856e-16 0)
(1.1 -2.22555e-16 0)
(1.1 -4.31977e-17 0)
(1.1 2.6754e-16 0)
(1.1 3.25248e-16 0)
(1.1 -8.12501e-17 0)
(1.1 -2.89483e-16 0)
(1.1 2.07048e-15 0)
(1.1 7.58087e-16 0)
(1.1 1.34513e-15 0)
(1.1 1.28424e-15 0)
(1.1 1.882e-15 0)
(1.1 -1.61106e-15 0)
(1.1 2.3571e-17 0)
(1.1 1.08534e-16 0)
(1.1 1.19167e-16 0)
(1.1 -6.97092e-17 0)
(1.1 3.88653e-16 0)
(1.1 9.4069e-16 0)
(1.1 4.55179e-16 0)
(1.1 -1.50842e-15 0)
(1.1 1.41307e-15 0)
(1.1 4.03838e-16 0)
(1.1 9.12279e-16 0)
(1.1 -4.18516e-16 0)
(1.1 -5.56403e-16 0)
(1.1 -9.60689e-16 0)
(1.1 -4.25172e-16 0)
(1.1 -5.8576e-16 0)
(1.1 6.35243e-16 0)
(1.1 2.61389e-16 0)
(1.1 -9.00665e-17 0)
(1.1 4.4563e-16 0)
(1.1 1.01943e-15 0)
(1.1 4.50161e-16 0)
(1.1 6.7378e-16 0)
(1.1 2.02585e-15 0)
(1.1 1.7071e-15 0)
(1.1 -3.55778e-16 0)
(1.1 1.3607e-16 0)
(1.1 -1.91368e-16 0)
(1.1 -2.66989e-16 0)
(1.1 6.95396e-16 0)
(1.1 -5.35246e-17 0)
(1.1 1.07025e-15 0)
(1.1 -2.39968e-16 0)
(1.1 -1.00479e-15 0)
(1.1 8.54913e-16 0)
(1.1 -5.69027e-16 0)
(1.1 7.24983e-17 0)
(1.1 -1.02929e-15 0)
(1.1 -9.67943e-16 0)
(1.1 -9.73206e-16 0)
(1.1 -2.98683e-16 0)
(1.1 3.65931e-16 0)
(1.1 1.69731e-16 0)
(1.1 -2.00871e-16 0)
(1.1 1.45402e-16 0)
(1.1 2.66094e-16 0)
(1.1 9.21797e-16 0)
(1.1 8.78864e-16 0)
(1.1 5.30674e-16 0)
(1.1 2.32396e-15 0)
(1.1 1.64813e-15 0)
(1.1 4.27185e-17 0)
(1.1 3.86593e-16 0)
(1.1 2.48043e-16 0)
(1.1 -1.44015e-17 0)
(1.1 -1.70701e-16 0)
(1.1 5.70065e-16 0)
(1.1 1.70284e-15 0)
(1.1 -5.9356e-16 0)
(1.1 -6.92368e-16 0)
(1.1 4.93337e-16 0)
(1.1 -3.76174e-16 0)
(1.1 -6.5912e-16 0)
(1.1 -1.59284e-15 0)
(1.1 -9.32028e-16 0)
(1.1 -2.8692e-16 0)
(1.1 4.81892e-16 0)
(1.1 1.25798e-15 0)
(1.1 -3.23918e-16 0)
(1.1 -1.83455e-16 0)
(1.1 -2.36614e-16 0)
(1.1 5.49725e-16 0)
(1.1 7.54352e-16 0)
(1.1 7.35005e-16 0)
(1.1 7.32811e-16 0)
(1.1 1.77355e-15 0)
(1.1 9.80757e-16 0)
(1.1 -1.82114e-16 0)
(1.1 3.98174e-16 0)
(1.1 7.48899e-16 0)
(1.1 5.28441e-16 0)
(1.1 1.9199e-16 0)
(1.1 1.48174e-15 0)
(1.1 1.57041e-15 0)
(1.1 4.49754e-16 0)
(1.1 1.34766e-16 0)
(1.1 3.97635e-16 0)
(1.1 -1.79181e-16 0)
(1.1 -7.03114e-16 0)
(1.1 -1.25059e-15 0)
(1.1 -7.90584e-16 0)
(1.1 5.06528e-16 0)
(1.1 8.52884e-16 0)
(1.1 1.00876e-15 0)
(1.1 -7.41076e-17 0)
(1.1 1.02826e-16 0)
(1.1 -3.40929e-16 0)
(1.1 3.53514e-16 0)
(1.1 7.77725e-16 0)
(1.1 6.2042e-16 0)
(1.1 7.96149e-16 0)
(1.1 1.37498e-15 0)
(1.1 4.69335e-16 0)
(1.1 -6.40143e-17 0)
(1.1 5.77803e-16 0)
(1.1 7.58544e-16 0)
(1.1 2.36287e-16 0)
(1.1 8.4201e-16 0)
(1.1 1.7904e-15 0)
(1.1 1.24297e-15 0)
(1.1 6.78597e-16 0)
(1.1 -1.07796e-16 0)
(1.1 6.9082e-17 0)
(1.1 2.95209e-17 0)
(1.1 -3.4066e-16 0)
(1.1 -1.03588e-15 0)
(1.1 2.58636e-18 0)
(1.1 1.01485e-16 0)
(1.1 6.21812e-16 0)
(1.1 7.74881e-17 0)
(1.1 -9.90949e-17 0)
(1.1 4.4097e-16 0)
(1.1 -2.50728e-16 0)
(1.1 -3.23142e-16 0)
(1.1 8.44894e-16 0)
(1.1 1.06442e-15 0)
(1.1 1.11827e-15 0)
(1.1 1.09965e-15 0)
(1.1 -3.90038e-16 0)
(1.1 3.36942e-16 0)
(1.1 7.69572e-16 0)
(1.1 -3.12158e-17 0)
(1.1 5.87343e-16 0)
(1.1 1.29701e-15 0)
(1.1 2.12499e-15 0)
(1.1 1.21938e-15 0)
(1.1 6.84373e-16 0)
(1.1 4.1613e-16 0)
(1.1 -1.91215e-16 0)
(1.1 -3.04185e-16 0)
(1.1 -4.75663e-16 0)
(1.1 -3.16383e-16 0)
(1.1 -2.64158e-16 0)
(1.1 2.7911e-17 0)
(1.1 3.34863e-16 0)
(1.1 -2.6046e-16 0)
(1.1 6.2486e-16 0)
(1.1 -4.5375e-16 0)
(1.1 -7.48302e-16 0)
(1.1 -8.03138e-16 0)
(1.1 6.00518e-16 0)
(1.1 3.77064e-16 0)
(1.1 1.27581e-15 0)
(1.1 1.11963e-15 0)
(1.1 -4.34402e-16 0)
(1.1 3.52777e-16 0)
(1.1 7.54663e-16 0)
(1.1 2.29614e-16 0)
(1.1 1.52943e-15 0)
(1.1 1.61738e-15 0)
(1.1 1.75823e-15 0)
(1.1 7.17631e-16 0)
(1.1 1.28336e-15 0)
(1.1 9.26132e-16 0)
(1.1 -5.72332e-16 0)
(1.1 -1.00793e-15 0)
(1.1 2.22912e-16 0)
(1.1 -1.03832e-16 0)
(1.1 -1.23243e-15 0)
(1.1 -1.59387e-16 0)
(1.1 -5.91355e-17 0)
(1.1 -2.96002e-16 0)
(1.1 7.38784e-18 0)
(1.1 -4.13168e-16 0)
(1.1 -1.0432e-15 0)
(1.1 -1.10722e-15 0)
(1.1 2.82078e-16 0)
(1.1 1.39602e-16 0)
(1.1 8.66298e-16 0)
(1.1 1.08652e-15 0)
(1.1 -1.38409e-15 0)
(1.1 8.42535e-16 0)
(1.1 6.66348e-16 0)
(1.1 2.72962e-16 0)
(1.1 1.29756e-15 0)
(1.1 1.3841e-15 0)
(1.1 1.24422e-15 0)
(1.1 4.6621e-16 0)
(1.1 1.11633e-15 0)
(1.1 5.5644e-16 0)
(1.1 -1.30604e-15 0)
(1.1 -1.41669e-15 0)
(1.1 1.48658e-15 0)
(1.1 2.96067e-16 0)
(1.1 -1.78225e-15 0)
(1.1 -9.16307e-16 0)
(1.1 2.20196e-17 0)
(1.1 -1.35111e-15 0)
(1.1 -5.98024e-16 0)
(1.1 -5.27146e-17 0)
(1.1 -9.48775e-16 0)
(1.1 -1.36818e-15 0)
(1.1 -4.782e-16 0)
(1.1 3.84249e-16 0)
(1.1 3.65563e-16 0)
(1.1 8.19751e-16 0)
(1.1 -1.18165e-15 0)
(1.1 1.34579e-15 0)
(1.1 3.48639e-16 0)
(1.1 -6.54445e-16 0)
(1.1 7.06305e-16 0)
(1.1 9.38454e-16 0)
(1.1 1.16832e-15 0)
(1.1 3.66148e-16 0)
(1.1 5.27757e-16 0)
(1.1 4.42801e-16 0)
(1.1 -1.63065e-15 0)
(1.1 -1.15238e-15 0)
(1.1 -1.01712e-16 0)
(1.1 2.18969e-16 0)
(1.1 -1.91216e-15 0)
(1.1 -1.38583e-15 0)
(1.1 -3.52991e-16 0)
(1.1 -2.18168e-15 0)
(1.1 -9.17861e-17 0)
(1.1 -5.03913e-16 0)
(1.1 -5.29943e-18 0)
(1.1 -1.36447e-15 0)
(1.1 -7.49956e-16 0)
(1.1 -2.84213e-16 0)
(1.1 -1.11943e-16 0)
(1.1 2.17986e-16 0)
(1.1 -3.40632e-16 0)
(1.1 1.46238e-15 0)
(1.1 8.22774e-16 0)
(1.1 -5.80983e-16 0)
(1.1 -1.71314e-16 0)
(1.1 1.07286e-15 0)
(1.1 5.87454e-16 0)
(1.1 4.83568e-16 0)
(1.1 6.32645e-16 0)
(1.1 -1.49428e-16 0)
(1.1 -1.41974e-15 0)
(1.1 -1.84396e-15 0)
(1.1 -1.12686e-15 0)
(1.1 3.45716e-16 0)
(1.1 -1.74614e-15 0)
(1.1 -1.6226e-15 0)
(1.1 -6.15951e-16 0)
(1.1 -1.79609e-15 0)
(1.1 -3.99803e-16 0)
(1.1 -4.89143e-16 0)
(1.1 4.32533e-16 0)
(1.1 -1.09114e-15 0)
(1.1 7.37139e-17 0)
(1.1 -1.29305e-16 0)
(1.1 7.25583e-16 0)
(1.1 -8.02953e-17 0)
(1.1 1.65565e-16 0)
(1.1 1.72091e-15 0)
(1.1 1.64359e-15 0)
(1.1 -1.82893e-16 0)
(1.1 1.34424e-15 0)
(1.1 1.04493e-15 0)
(1.1 3.69292e-16 0)
(1.1 7.96818e-16 0)
(1.1 1.72384e-16 0)
(1.1 -3.72954e-16 0)
(1.1 -1.139e-15 0)
(1.1 -2.17368e-15 0)
(1.1 -1.16769e-15 0)
(1.1 8.48815e-16 0)
(1.1 -7.02026e-16 0)
(1.1 -1.09472e-15 0)
(1.1 -2.66903e-16 0)
(1.1 -6.87951e-16 0)
(1.1 -1.73376e-17 0)
(1.1 -8.68511e-16 0)
(1.1 -1.48041e-16 0)
(1.1 -5.19235e-16 0)
(1.1 1.56851e-16 0)
(1.1 5.54571e-16 0)
(1.1 7.00011e-16 0)
(1.1 -5.87099e-16 0)
(1.1 -3.48704e-17 0)
(1.1 2.08589e-15 0)
(1.1 2.04641e-15 0)
(1.1 -2.2031e-16 0)
(1.1 2.37287e-15 0)
(1.1 1.27224e-15 0)
(1.1 1.01926e-15 0)
(1.1 2.96169e-16 0)
(1.1 -3.36847e-16 0)
(1.1 1.26615e-17 0)
(1.1 -4.57303e-16 0)
(1.1 -1.32915e-15 0)
(1.1 -1.03642e-15 0)
(1.1 9.21385e-16 0)
(1.1 -1.67487e-16 0)
(1.1 -2.45638e-16 0)
(1.1 -2.73109e-16 0)
(1.1 -1.21018e-15 0)
(1.1 -2.93773e-16 0)
(1.1 -1.21752e-15 0)
(1.1 4.4508e-16 0)
(1.1 -4.19887e-17 0)
(1.1 1.04152e-16 0)
(1.1 2.23892e-16 0)
(1.1 -4.09217e-17 0)
(1.1 -1.08863e-15 0)
(1.1 1.04438e-16 0)
(1.1 7.20401e-16 0)
(1.1 1.03075e-15 0)
(1.1 3.96862e-16 0)
(1.1 2.1404e-15 0)
(1.1 9.46483e-16 0)
(1.1 5.83853e-16 0)
(1.1 -3.67257e-16 0)
(1.1 -3.01236e-16 0)
(1.1 -9.32217e-17 0)
(1.1 -9.34937e-16 0)
(1.1 -4.21299e-16 0)
(1.1 1.73019e-16 0)
(1.1 1.14823e-15 0)
(1.1 2.23421e-16 0)
(1.1 -3.28205e-16 0)
(1.1 -6.01269e-16 0)
(1.1 -1.38383e-15 0)
(1.1 -6.97875e-16 0)
(1.1 -7.85081e-16 0)
(1.1 8.30187e-16 0)
(1.1 -8.87968e-17 0)
(1.1 -3.85978e-16 0)
(1.1 3.13151e-16 0)
(1.1 1.77327e-16 0)
(1.1 -1.38136e-15 0)
(1.1 1.05732e-15 0)
(1.1 7.64131e-16 0)
(1.1 7.79413e-17 0)
(1.1 5.52405e-16 0)
(1.1 2.71337e-15 0)
(1.1 4.39955e-16 0)
(1.1 -2.94872e-16 0)
(1.1 3.69601e-16 0)
(1.1 -3.76027e-16 0)
(1.1 -1.39801e-15 0)
(1.1 -1.17312e-15 0)
(1.1 9.51502e-16 0)
(1.1 1.44773e-15 0)
(1.1 1.6036e-15 0)
(1.1 3.95638e-16 0)
(1.1 4.20265e-16 0)
(1.1 -1.83465e-15 0)
(1.1 -1.02957e-15 0)
(1.1 -9.13538e-16 0)
(1.1 1.05955e-16 0)
(1.1 5.28161e-16 0)
(1.1 8.02343e-16 0)
(1.1 -3.09824e-16 0)
(1.1 6.32987e-16 0)
(1.1 1.55793e-16 0)
(1.1 -2.0127e-15 0)
(1.1 1.12879e-15 0)
(1.1 1.0438e-15 0)
(1.1 -8.34115e-17 0)
(1.1 -7.94242e-17 0)
(1.1 2.59479e-15 0)
(1.1 2.47755e-16 0)
(1.1 -2.07768e-17 0)
(1.1 -4.09132e-16 0)
(1.1 -4.0087e-16 0)
(1.1 -1.44286e-15 0)
(1.1 -3.57049e-16 0)
(1.1 1.27135e-15 0)
(1.1 1.16355e-15 0)
(1.1 6.37164e-16 0)
(1.1 4.22273e-16 0)
(1.1 1.01572e-15 0)
(1.1 -5.84278e-16 0)
(1.1 -9.93329e-16 0)
(1.1 -6.36801e-16 0)
(1.1 4.71128e-16 0)
(1.1 8.68772e-16 0)
(1.1 4.44088e-16 0)
(1.1 1.79734e-16 0)
(1.1 4.47761e-16 0)
(1.1 -5.07126e-16 0)
(1.1 -1.92297e-15 0)
(1.1 5.27445e-16 0)
(1.1 2.1434e-16 0)
(1.1 1.96612e-16 0)
(1.1 5.05305e-16 0)
(1.1 2.23786e-15 0)
(1.1 3.5498e-17 0)
(1.1 3.24264e-16 0)
(1.1 -5.88373e-16 0)
(1.1 -6.05888e-16 0)
(1.1 -4.92049e-16 0)
(1.1 -4.8835e-16 0)
(1.1 1.36402e-15 0)
(1.1 -4.40317e-16 0)
(1.1 -6.80772e-16 0)
(1.1 2.31448e-17 0)
(1.1 4.34759e-16 0)
(1.1 -4.65948e-16 0)
(1.1 -5.69934e-16 0)
(1.1 9.05398e-18 0)
(1.1 4.17252e-16 0)
(1.1 2.22446e-16 0)
(1.1 4.54138e-16 0)
(1.1 1.0212e-16 0)
(1.1 -8.11488e-17 0)
(1.1 -1.17399e-15 0)
(1.1 -1.77687e-15 0)
(1.1 -1.94858e-16 0)
(1.1 5.59693e-16 0)
(1.1 -2.3019e-16 0)
(1.1 9.44506e-16 0)
(1.1 1.89371e-15 0)
(1.1 8.24688e-16 0)
(1.1 3.80368e-16 0)
(1.1 -4.56293e-16 0)
(1.1 -8.94064e-16 0)
(1.1 -4.24998e-16 0)
(1.1 3.80407e-16 0)
(1.1 9.80132e-16 0)
(1.1 4.03447e-16 0)
(1.1 2.47238e-16 0)
(1.1 -5.89909e-16 0)
(1.1 -2.74387e-16 0)
(1.1 -9.00402e-16 0)
(1.1 7.70478e-17 0)
(1.1 1.3502e-16 0)
(1.1 5.65086e-16 0)
(1.1 4.68375e-16 0)
(1.1 6.11114e-16 0)
(1.1 -3.50168e-17 0)
(1.1 -2.26636e-16 0)
(1.1 -1.28728e-15 0)
(1.1 -8.69154e-16 0)
(1.1 -9.8371e-16 0)
(1.1 8.38203e-16 0)
(1.1 -5.40922e-16 0)
(1.1 7.7149e-16 0)
(1.1 1.77865e-15 0)
(1.1 1.19722e-15 0)
(1.1 4.44533e-17 0)
(1.1 -1.40189e-15 0)
(1.1 -1.32363e-15 0)
(1.1 3.48643e-17 0)
(1.1 6.12019e-16 0)
(1.1 6.90471e-17 0)
(1.1 1.2064e-15 0)
(1.1 1.02433e-15 0)
(1.1 -5.02542e-16 0)
(1.1 -1.01182e-16 0)
(1.1 -2.10597e-16 0)
(1.1 -8.80643e-17 0)
(1.1 2.25165e-17 0)
(1.1 5.52862e-16 0)
(1.1 1.00822e-15 0)
(1.1 8.23115e-16 0)
(1.1 2.76791e-16 0)
(1.1 -3.16159e-16 0)
(1.1 -1.48247e-15 0)
(1.1 -1.88452e-16 0)
(1.1 -9.45901e-16 0)
(1.1 9.12357e-16 0)
(1.1 2.68088e-16 0)
(1.1 3.22105e-16 0)
(1.1 1.22341e-15 0)
(1.1 1.17438e-15 0)
(1.1 2.64615e-16 0)
(1.1 -1.40266e-15 0)
(1.1 -1.47481e-15 0)
(1.1 -1.63623e-16 0)
(1.1 8.07094e-16 0)
(1.1 -8.84214e-18 0)
(1.1 9.53406e-16 0)
(1.1 7.68191e-16 0)
(1.1 -4.44618e-16 0)
(1.1 -2.19971e-16 0)
(1.1 2.70501e-16 0)
(1.1 2.65402e-16 0)
(1.1 -3.42432e-16 0)
(1.1 -5.60941e-17 0)
(1.1 -1.06132e-16 0)
(1.1 5.0421e-16 0)
(1.1 2.28131e-16 0)
(1.1 -5.10262e-16 0)
(1.1 -1.08783e-15 0)
(1.1 -6.3243e-16 0)
(1.1 -6.72757e-16 0)
(1.1 1.87635e-16 0)
(1.1 3.57221e-16 0)
(1.1 -2.66313e-16 0)
(1.1 3.70873e-16 0)
(1.1 8.08196e-16 0)
(1.1 3.8427e-16 0)
(1.1 -5.42005e-16 0)
(1.1 -1.30481e-15 0)
(1.1 -9.57259e-16 0)
(1.1 1.12945e-15 0)
(1.1 2.49571e-16 0)
(1.1 1.03183e-15 0)
(1.1 8.22838e-16 0)
(1.1 -1.04959e-15 0)
(1.1 -3.39537e-16 0)
(1.1 5.57947e-16 0)
(1.1 1.08211e-15 0)
(1.1 -4.48234e-16 0)
(1.1 -3.38102e-16 0)
(1.1 -3.91913e-16 0)
(1.1 2.19758e-16 0)
(1.1 1.16064e-17 0)
(1.1 6.66529e-17 0)
(1.1 -3.23197e-16 0)
(1.1 -3.98872e-16 0)
(1.1 -1.18296e-16 0)
(1.1 -2.78259e-16 0)
(1.1 5.59272e-16 0)
(1.1 -7.91528e-16 0)
(1.1 5.10098e-16 0)
(1.1 1.15454e-15 0)
(1.1 -3.2414e-17 0)
(1.1 -4.03033e-16 0)
(1.1 -4.65163e-16 0)
(1.1 -2.81338e-16 0)
(1.1 1.06806e-16 0)
(1.1 -1.53917e-16 0)
(1.1 1.83757e-15 0)
(1.1 4.30057e-16 0)
(1.1 -2.5798e-16 0)
(1.1 4.17558e-16 0)
(1.1 -8.99484e-17 0)
(1.1 8.19381e-16 0)
(1.1 -1.29269e-15 0)
(1.1 -2.31728e-16 0)
(1.1 -7.11105e-17 0)
(1.1 -1.33936e-16 0)
(1.1 -1.68484e-16 0)
(1.1 -4.05846e-17 0)
(1.1 8.30135e-17 0)
(1.1 -4.61622e-17 0)
(1.1 9.30041e-17 0)
(1.1 1.25646e-18 0)
(1.1 3.41092e-16 0)
(1.1 -2.552e-16 0)
(1.1 2.35401e-16 0)
(1.1 1.48282e-15 0)
(1.1 3.82753e-17 0)
(1.1 -4.30124e-16 0)
(1.1 2.83457e-16 0)
(1.1 5.23791e-17 0)
(1.1 2.02369e-17 0)
(1.1 -7.9099e-16 0)
(1.1 7.89421e-16 0)
(1.1 2.14434e-16 0)
(1.1 6.18065e-17 0)
(1.1 5.48577e-16 0)
(1.1 -8.39623e-16 0)
(1.1 5.15277e-16 0)
(1.1 -7.52681e-16 0)
(1.1 -3.59778e-16 0)
(1.1 3.03417e-16 0)
(1.1 6.0404e-16 0)
(1.1 -3.00196e-16 0)
(1.1 -3.5313e-16 0)
(1.1 -2.90978e-16 0)
(1.1 3.74921e-16 0)
(1.1 -2.83576e-16 0)
(1.1 4.49018e-16 0)
(1.1 4.96419e-16 0)
(1.1 -1.18091e-16 0)
(1.1 -3.8841e-16 0)
(1.1 8.9428e-16 0)
(1.1 4.51654e-16 0)
(1.1 -3.54351e-16 0)
(1.1 -5.86502e-16 0)
(1.1 -9.95674e-17 0)
(1.1 7.01077e-16 0)
(1.1 -7.77905e-16 0)
(1.1 -1.00863e-16 0)
(1.1 -5.29065e-16 0)
(1.1 -5.34372e-16 0)
(1.1 -6.87759e-16 0)
(1.1 -1.53615e-16 0)
(1.1 1.85435e-16 0)
(1.1 3.56387e-17 0)
(1.1 -7.34746e-17 0)
(1.1 7.37194e-16 0)
(1.1 1.72566e-15 0)
(1.1 -1.13943e-15 0)
(1.1 -2.65972e-16 0)
(1.1 -1.03897e-15 0)
(1.1 -7.65166e-17 0)
(1.1 -4.20622e-16 0)
(1.1 -1.11116e-16 0)
(1.1 2.18175e-16 0)
(1.1 -3.94928e-16 0)
(1.1 -3.39353e-16 0)
(1.1 3.18859e-17 0)
(1.1 7.64479e-16 0)
(1.1 -3.61539e-16 0)
(1.1 -8.86669e-16 0)
(1.1 -7.68207e-17 0)
(1.1 1.26959e-16 0)
(1.1 -2.94672e-16 0)
(1.1 -2.17512e-16 0)
(1.1 -1.32155e-15 0)
(1.1 -4.20813e-17 0)
(1.1 1.3323e-16 0)
(1.1 4.98946e-16 0)
(1.1 -3.12478e-16 0)
(1.1 -8.76793e-16 0)
(1.1 -3.64716e-16 0)
(1.1 5.81972e-16 0)
(1.1 1.35091e-15 0)
(1.1 -1.10608e-15 0)
(1.1 -3.00115e-16 0)
(1.1 -1.1224e-15 0)
(1.1 -6.75601e-16 0)
(1.1 -1.75643e-16 0)
(1.1 -6.8285e-16 0)
(1.1 -7.37972e-17 0)
(1.1 -6.43529e-18 0)
(1.1 -6.19091e-16 0)
(1.1 -4.55887e-16 0)
(1.1 6.6867e-16 0)
(1.1 -4.01641e-17 0)
(1.1 -1.57357e-16 0)
(1.1 6.63679e-16 0)
(1.1 2.59649e-16 0)
(1.1 5.66599e-16 0)
(1.1 -9.58612e-17 0)
(1.1 -4.99842e-16 0)
(1.1 -2.21967e-17 0)
(1.1 9.29478e-16 0)
(1.1 6.50885e-16 0)
(1.1 4.19118e-16 0)
(1.1 -9.23035e-16 0)
(1.1 -1.32753e-16 0)
(1.1 2.8707e-16 0)
(1.1 1.33222e-15 0)
(1.1 -3.83095e-16 0)
(1.1 -3.05522e-16 0)
(1.1 -6.56005e-16 0)
(1.1 -6.69491e-16 0)
(1.1 -1.03802e-15 0)
(1.1 -8.61958e-16 0)
(1.1 2.10847e-16 0)
(1.1 9.80185e-17 0)
(1.1 -1.11584e-15 0)
(1.1 -5.74288e-17 0)
(1.1 2.44896e-16 0)
(1.1 6.71251e-16 0)
(1.1 -5.18937e-16 0)
(1.1 7.56254e-16 0)
(1.1 -6.98202e-17 0)
(1.1 8.60612e-16 0)
(1.1 -7.50356e-16 0)
(1.1 3.97065e-17 0)
(1.1 -3.17641e-16 0)
(1.1 2.66514e-16 0)
(1.1 5.92327e-16 0)
(1.1 9.15665e-16 0)
(1.1 -4.53632e-16 0)
(1.1 3.58854e-16 0)
(1.1 5.85283e-16 0)
(1.1 1.17497e-15 0)
(1.1 2.78789e-16 0)
(1.1 -6.57828e-16 0)
(1.1 -7.52463e-16 0)
(1.1 -9.7047e-16 0)
(1.1 -1.35509e-15 0)
(1.1 -1.21633e-15 0)
(1.1 -1.02647e-17 0)
(1.1 -6.44982e-17 0)
(1.1 -1.19678e-15 0)
(1.1 -7.74305e-16 0)
(1.1 -4.53137e-16 0)
(1.1 9.57076e-16 0)
(1.1 -9.03532e-16 0)
(1.1 8.90758e-16 0)
(1.1 -4.02936e-16 0)
(1.1 -7.1513e-17 0)
(1.1 -9.93895e-16 0)
(1.1 -3.50713e-16 0)
(1.1 5.89935e-16 0)
(1.1 4.55163e-16 0)
(1.1 -1.47861e-16 0)
(1.1 4.63846e-16 0)
(1.1 5.52411e-17 0)
(1.1 -8.80243e-18 0)
(1.1 5.63336e-16 0)
(1.1 1.49293e-16 0)
(1.1 6.92832e-16 0)
(1.1 -9.12928e-16 0)
(1.1 -3.97054e-16 0)
(1.1 -9.69617e-16 0)
(1.1 -1.57116e-15 0)
(1.1 -7.43223e-16 0)
(1.1 2.64325e-16 0)
(1.1 8.91852e-16 0)
(1.1 -1.58985e-15 0)
(1.1 -4.65723e-16 0)
(1.1 -6.20868e-16 0)
(1.1 1.4473e-16 0)
(1.1 -9.18519e-17 0)
(1.1 9.17354e-16 0)
(1.1 3.05341e-16 0)
(1.1 -3.85366e-16 0)
(1.1 -1.13927e-15 0)
(1.1 -1.88626e-16 0)
(1.1 9.85153e-16 0)
(1.1 -4.77709e-17 0)
(1.1 -3.65749e-16 0)
(1.1 7.16303e-16 0)
(1.1 -2.8212e-16 0)
(1.1 3.15918e-16 0)
(1.1 5.46714e-16 0)
(1.1 2.39762e-16 0)
(1.1 -3.50604e-16 0)
(1.1 -3.97115e-16 0)
(1.1 -2.14706e-16 0)
(1.1 -1.27825e-16 0)
(1.1 -1.76039e-15 0)
(1.1 -8.71813e-16 0)
(1.1 1.31288e-15 0)
(1.1 1.71923e-15 0)
(1.1 -1.26314e-15 0)
(1.1 -3.78285e-16 0)
(1.1 -6.843e-16 0)
(1.1 2.13027e-16 0)
(1.1 -7.86588e-17 0)
(1.1 6.70754e-16 0)
(1.1 5.09225e-16 0)
(1.1 -1.74434e-16 0)
(1.1 -1.80137e-15 0)
(1.1 -5.24161e-16 0)
(1.1 4.41867e-16 0)
(1.1 -4.18774e-17 0)
(1.1 -9.59437e-18 0)
(1.1 6.40682e-16 0)
(1.1 9.95808e-18 0)
(1.1 -9.03525e-17 0)
(1.1 5.19354e-16 0)
(1.1 1.03995e-15 0)
(1.1 -3.32742e-16 0)
(1.1 -9.4167e-17 0)
(1.1 2.06585e-16 0)
(1.1 -1.20673e-16 0)
(1.1 -1.28928e-15 0)
(1.1 -5.5156e-16 0)
(1.1 9.75485e-16 0)
(1.1 1.30474e-15 0)
(1.1 -9.77821e-16 0)
(1.1 -5.28079e-16 0)
(1.1 -1.50269e-16 0)
(1.1 7.87523e-16 0)
(1.1 9.35355e-16 0)
(1.1 4.62708e-16 0)
(1.1 7.05042e-16 0)
(1.1 5.42161e-16 0)
(1.1 -1.53471e-15 0)
(1.1 -1.03004e-15 0)
(1.1 -3.18195e-16 0)
(1.1 4.06295e-17 0)
(1.1 5.12571e-16 0)
(1.1 1.0092e-15 0)
(1.1 1.01438e-15 0)
(1.1 -3.89475e-16 0)
(1.1 1.1239e-15 0)
(1.1 1.22085e-15 0)
(1.1 4.54713e-16 0)
(1.1 5.63698e-16 0)
(1.1 -2.5306e-16 0)
(1.1 -4.19473e-16 0)
(1.1 -7.20491e-16 0)
(1.1 -2.77326e-16 0)
(1.1 9.70818e-16 0)
(1.1 6.47974e-16 0)
(1.1 -1.21992e-15 0)
(1.1 -7.14084e-16 0)
(1.1 3.13789e-16 0)
(1.1 9.77488e-16 0)
(1.1 2.00009e-15 0)
(1.1 -3.97177e-16 0)
(1.1 1.21302e-15 0)
(1.1 1.32544e-15 0)
(1.1 -9.52486e-16 0)
(1.1 -1.34268e-15 0)
(1.1 -5.15313e-17 0)
(1.1 -5.44613e-16 0)
(1.1 -3.8386e-16 0)
(1.1 8.11865e-16 0)
(1.1 1.61892e-15 0)
(1.1 3.59795e-16 0)
(1.1 1.30884e-15 0)
(1.1 4.57361e-16 0)
(1.1 -2.01917e-17 0)
(1.1 -8.79881e-17 0)
(1.1 -4.79541e-16 0)
(1.1 -4.5333e-16 0)
(1.1 -8.45884e-16 0)
(1.1 2.62012e-16 0)
(1.1 2.77571e-16 0)
(1.1 1.67557e-16 0)
(1.1 -2.0815e-15 0)
(1.1 -6.24e-16 0)
(1.1 -5.30725e-16 0)
(1.1 4.58384e-16 0)
(1.1 1.67448e-15 0)
(1.1 -2.94649e-16 0)
(1.1 2.08419e-15 0)
(1.1 1.837e-15 0)
(1.1 -3.6964e-16 0)
(1.1 -1.22125e-15 0)
(1.1 4.55299e-16 0)
(1.1 4.83547e-16 0)
(1.1 3.44497e-16 0)
(1.1 5.94619e-16 0)
(1.1 1.75046e-15 0)
(1.1 7.43633e-16 0)
(1.1 9.90501e-16 0)
(1.1 -3.60087e-16 0)
(1.1 -1.01269e-15 0)
(1.1 -9.27411e-16 0)
(1.1 -3.75708e-16 0)
(1.1 -1.76411e-16 0)
(1.1 -4.45304e-16 0)
(1.1 1.20237e-15 0)
(1.1 -4.19965e-16 0)
(1.1 -1.37482e-15 0)
(1.1 -1.58253e-15 0)
(1.1 -1.67545e-16 0)
(1.1 -1.13011e-15 0)
(1.1 8.5279e-16 0)
(1.1 1.66454e-15 0)
(1.1 -2.19858e-17 0)
(1.1 2.88973e-15 0)
(1.1 7.61446e-16 0)
(1.1 3.79019e-16 0)
(1.1 -8.79451e-16 0)
(1.1 9.93903e-16 0)
(1.1 2.69315e-16 0)
(1.1 9.79108e-16 0)
(1.1 4.87387e-16 0)
(1.1 1.50179e-15 0)
(1.1 6.72085e-16 0)
(1.1 2.82979e-16 0)
(1.1 -1.14185e-15 0)
(1.1 -7.9533e-16 0)
(1.1 -1.32324e-15 0)
(1.1 9.15462e-17 0)
(1.1 -3.19444e-16 0)
(1.1 5.46591e-16 0)
(1.1 1.00297e-15 0)
(1.1 -9.81517e-16 0)
(1.1 -2.19992e-15 0)
(1.1 -1.4363e-15 0)
(1.1 -6.76152e-16 0)
(1.1 -9.64652e-16 0)
(1.1 5.88599e-16 0)
(1.1 1.5758e-15 0)
(1.1 -5.22671e-18 0)
(1.1 3.197e-15 0)
(1.1 1.34366e-15 0)
(1.1 6.83724e-16 0)
(1.1 -9.76697e-16 0)
(1.1 8.1897e-16 0)
(1.1 -8.48797e-16 0)
(1.1 5.38543e-16 0)
(1.1 1.15931e-16 0)
(1.1 1.324e-15 0)
(1.1 9.8064e-16 0)
(1.1 -2.77372e-16 0)
(1.1 -1.81432e-15 0)
(1.1 -1.65838e-15 0)
(1.1 -1.08986e-15 0)
(1.1 6.67212e-16 0)
(1.1 -7.10433e-16 0)
(1.1 1.39056e-15 0)
(1.1 4.26864e-16 0)
(1.1 -1.95165e-15 0)
(1.1 -1.51417e-15 0)
(1.1 -1.34991e-15 0)
(1.1 -8.2726e-16 0)
(1.1 -4.21537e-16 0)
(1.1 -5.79996e-17 0)
(1.1 1.0677e-15 0)
(1.1 3.14908e-17 0)
(1.1 2.58708e-15 0)
(1.1 1.86843e-15 0)
(1.1 -5.92125e-16 0)
(1.1 -1.27006e-15 0)
(1.1 -5.10792e-16 0)
(1.1 -2.51073e-17 0)
(1.1 7.79512e-16 0)
(1.1 2.69574e-16 0)
(1.1 1.29264e-15 0)
(1.1 6.56914e-16 0)
(1.1 -9.99912e-16 0)
(1.1 -1.73491e-15 0)
(1.1 -2.91973e-15 0)
(1.1 -7.7068e-16 0)
(1.1 3.4267e-17 0)
(1.1 -3.72286e-16 0)
(1.1 2.05137e-15 0)
(1.1 2.8583e-16 0)
(1.1 -1.99454e-15 0)
(1.1 -1.31074e-15 0)
(1.1 -5.99119e-16 0)
(1.1 -1.45929e-15 0)
(1.1 -8.84651e-16 0)
(1.1 -1.20053e-15 0)
(1.1 7.18179e-16 0)
(1.1 -8.00006e-16 0)
(1.1 1.35417e-15 0)
(1.1 1.3115e-15 0)
(1.1 -1.31953e-15 0)
(1.1 -8.47244e-16 0)
(1.1 -6.2799e-16 0)
(1.1 4.20385e-16 0)
(1.1 8.3575e-16 0)
(1.1 4.07967e-16 0)
(1.1 1.01849e-15 0)
(1.1 -8.74205e-16 0)
(1.1 -2.17307e-15 0)
(1.1 -1.91237e-15 0)
(1.1 -2.96135e-15 0)
(1.1 -1.31343e-15 0)
(1.1 6.41186e-17 0)
(1.1 2.30272e-16 0)
(1.1 1.57095e-15 0)
(1.1 -4.31335e-17 0)
(1.1 -2.15625e-15 0)
(1.1 -1.72335e-15 0)
(1.1 -4.14459e-16 0)
(1.1 -2.38805e-15 0)
(1.1 -1.57598e-15 0)
(1.1 -1.25642e-15 0)
(1.1 1.39585e-16 0)
(1.1 -1.90385e-15 0)
(1.1 7.46104e-16 0)
(1.1 8.56642e-16 0)
(1.1 -1.3564e-15 0)
(1.1 -8.3807e-16 0)
(1.1 -3.99629e-16 0)
(1.1 8.65452e-16 0)
(1.1 5.72573e-16 0)
(1.1 2.9142e-17 0)
(1.1 6.89455e-16 0)
(1.1 -1.09478e-15 0)
(1.1 -1.64715e-15 0)
(1.1 -1.31734e-15 0)
(1.1 -3.37838e-15 0)
(1.1 -2.13082e-15 0)
(1.1 3.59973e-16 0)
(1.1 5.60206e-16 0)
(1.1 1.95423e-15 0)
(1.1 6.26811e-16 0)
(1.1 -2.48072e-15 0)
(1.1 -2.09188e-15 0)
(1.1 -7.96341e-16 0)
(1.1 -2.47647e-15 0)
(1.1 -1.10004e-15 0)
(1.1 -8.62563e-16 0)
(1.1 -6.21593e-16 0)
(1.1 -1.72538e-15 0)
(1.1 6.52577e-16 0)
(1.1 1.05608e-15 0)
(1.1 -1.67109e-15 0)
(1.1 -1.468e-15 0)
(1.1 1.96019e-16 0)
(1.1 6.25107e-16 0)
(1.1 1.61142e-16 0)
(1.1 6.02398e-16 0)
(1.1 6.55609e-16 0)
(1.1 -1.31145e-15 0)
(1.1 -1.2e-15 0)
(1.1 -8.29702e-16 0)
(1.1 -3.18533e-15 0)
(1.1 -2.33389e-15 0)
(1.1 7.91424e-16 0)
(1.1 -9.88485e-17 0)
(1.1 2.69524e-15 0)
(1.1 1.21141e-15 0)
(1.1 -3.18024e-15 0)
(1.1 -2.70187e-15 0)
(1.1 -2.21517e-16 0)
(1.1 -2.55077e-15 0)
(1.1 -1.22968e-15 0)
(1.1 -1.4268e-15 0)
(1.1 -1.04099e-15 0)
(1.1 -1.31161e-15 0)
(1.1 1.82977e-15 0)
(1.1 7.78612e-16 0)
(1.1 -2.89483e-15 0)
(1.1 -1.43899e-17 0)
(1.1 2.58753e-16 0)
(1.1 3.66685e-16 0)
(1.1 8.13218e-16 0)
(1.1 2.93035e-16 0)
(1.1 -6.94064e-19 0)
(1.1 -1.51004e-15 0)
(1.1 -2.22749e-15 0)
(1.1 -1.25416e-15 0)
(1.1 -2.44396e-15 0)
(1.1 -3.08071e-15 0)
(1.1 -9.03435e-16 0)
)
;

boundaryField
{
    inlet
    {
        type            uniformFixedValue;
        uniformValue    table
        
2
(
(0 (1.1 0 0))
(8 (3 0 0))
)
;
        value           nonuniform 0();
    }
    outlet
    {
        type            inletOutlet;
        inletValue      nonuniform 0();
        value           nonuniform 0();
    }
    triangle
    {
        type            slip;
    }
    top
    {
        type            symmetryPlane;
    }
    bottom
    {
        type            symmetryPlane;
    }
    defaultFaces
    {
        type            empty;
    }
    procBoundary18to10
    {
        type            processor;
        value           nonuniform List<vector> 
28
(
(0.270947 0.100129 0)
(1.1 -5.08221e-16 0)
(1.1 -4.81646e-16 0)
(1.1 -4.73244e-16 0)
(1.1 -1.94249e-16 0)
(1.1 -1.52292e-15 0)
(1.1 -4.55102e-16 0)
(1.1 1.29504e-16 0)
(1.1 -5.93832e-16 0)
(1.1 -3.9134e-17 0)
(1.1 1.59451e-16 0)
(1.1 -6.94138e-16 0)
(1.1 3.29645e-17 0)
(1.1 -9.24594e-17 0)
(1.1 -9.06043e-16 0)
(1.1 -5.98039e-16 0)
(1.1 -5.95081e-16 0)
(1.1 -4.47664e-16 0)
(1.1 -2.19618e-16 0)
(1.1 -3.55532e-17 0)
(1.1 7.46547e-16 0)
(1.05221 0.000962092 0)
(0.666685 0.00912813 0)
(0.319175 0.0142773 0)
(1.1 2.69251e-16 0)
(1.1 3.4458e-16 0)
(1.1 -1.17819e-15 0)
(1.1 -1.17819e-15 0)
)
;
    }
    procBoundary18to11
    {
        type            processor;
        value           nonuniform List<vector> 4((0.320937 0.128 0) (0.349552 0.121412 0) (0.38475 0.134773 0) (0.418973 0.135684 0));
    }
    procBoundary18to17
    {
        type            processor;
        value           nonuniform List<vector> 
118
(
(1.1 -5.2851e-17 0)
(1.1 -6.22931e-16 0)
(1.1 -1.71638e-15 0)
(1.1 -1.75747e-15 0)
(1.1 -4.42988e-16 0)
(1.1 -4.85036e-16 0)
(1.1 -3.87279e-16 0)
(1.1 5.14417e-16 0)
(1.1 8.98201e-16 0)
(1.1 1.21544e-16 0)
(1.1 -4.82446e-16 0)
(1.1 -2.28162e-16 0)
(1.1 -1.16776e-16 0)
(1.1 6.05135e-16 0)
(1.1 9.20966e-16 0)
(1.1 1.03436e-15 0)
(1.1 6.18803e-16 0)
(1.1 -4.89195e-16 0)
(1.1 -6.7454e-16 0)
(1.1 1.86572e-16 0)
(1.1 4.04769e-16 0)
(1.1 6.25883e-16 0)
(1.1 6.83202e-16 0)
(1.1 -2.23218e-16 0)
(1.1 3.37381e-16 0)
(1.1 1.02949e-15 0)
(1.1 4.67013e-16 0)
(1.1 8.4922e-16 0)
(1.1 1.12442e-15 0)
(1.1 2.52166e-16 0)
(1.1 1.44022e-18 0)
(1.1 7.95497e-17 0)
(1.1 -2.43176e-16 0)
(1.1 -1.897e-16 0)
(1.1 -2.34332e-16 0)
(1.1 -1.73783e-16 0)
(1.1 -6.00292e-16 0)
(1.1 -1.55576e-15 0)
(1.1 -1.89527e-15 0)
(1.1 -8.81928e-16 0)
(1.1 -4.93116e-16 0)
(1.1 5.48374e-17 0)
(1.1 6.7476e-16 0)
(1.1 -3.81806e-17 0)
(1.1 -9.48285e-16 0)
(1.1 -1.52107e-15 0)
(1.1 -1.42731e-15 0)
(1.1 -9.99426e-16 0)
(1.1 -3.05103e-16 0)
(1.1 -4.26251e-16 0)
(1.1 -5.72096e-16 0)
(1.1 5.10889e-16 0)
(1.1 7.90604e-16 0)
(1.1 -3.13695e-16 0)
(1.1 -1.23456e-15 0)
(1.1 -1.1614e-15 0)
(1.1 -1.59988e-15 0)
(1.1 -1.48759e-15 0)
(1.1 -1.10745e-15 0)
(1.1 -1.91915e-16 0)
(1.1 -3.79105e-16 0)
(1.1 -5.11777e-16 0)
(1.1 -1.50769e-17 0)
(1.1 -4.60377e-16 0)
(1.1 -6.5927e-16 0)
(1.1 -1.94446e-16 0)
(1.1 -3.17087e-16 0)
(1.1 -1.34811e-16 0)
(1.1 -4.36522e-16 0)
(1.1 -7.82632e-16 0)
(1.1 2.78288e-16 0)
(1.1 -6.00673e-16 0)
(1.1 -1.16992e-15 0)
(1.1 6.05565e-18 0)
(1.1 1.33618e-16 0)
(1.1 2.43038e-16 0)
(1.1 1.17632e-15 0)
(1.1 1.30795e-15 0)
(1.1 8.70346e-18 0)
(1.1 -2.95089e-16 0)
(1.1 4.02077e-16 0)
(1.1 6.38736e-16 0)
(1.1 1.02584e-15 0)
(1.1 8.41264e-16 0)
(1.1 5.42692e-17 0)
(1.1 -2.76008e-16 0)
(1.1 -2.7921e-16 0)
(1.1 -8.77622e-16 0)
(1.1 -1.1192e-15 0)
(1.1 -3.8664e-16 0)
(1.1 -5.74482e-16 0)
(1.1 -7.67975e-16 0)
(1.1 2.25174e-16 0)
(1.1 -5.39105e-17 0)
(1.1 -1.20877e-15 0)
(1.1 -1.08619e-15 0)
(1.1 -8.97709e-16 0)
(1.1 -4.6039e-16 0)
(1.1 -3.90579e-17 0)
(1.1 1.93219e-16 0)
(1.1 4.0436e-16 0)
(1.1 7.02133e-16 0)
(1.1 2.93975e-16 0)
(1.1 7.83116e-16 0)
(1.1 6.07951e-16 0)
(1.1 -4.64857e-16 0)
(1.1 -3.89479e-16 0)
(1.1 2.05728e-16 0)
(1.1 9.06073e-16 0)
(1.1 2.33993e-15 0)
(1.1 2.43357e-15 0)
(1.1 1.97386e-15 0)
(1.1 1.91164e-15 0)
(1.1 2.24394e-15 0)
(1.1 2.20065e-15 0)
(1.1 1.45243e-15 0)
(1.1 9.59896e-16 0)
(1.1 7.98762e-16 0)
)
;
    }
    procBoundary18to19
    {
        type            processor;
        value           nonuniform List<vector> 
115
(
(0.447878 0.141104 0)
(0.47324 0.143214 0)
(0.495836 0.147497 0)
(0.516661 0.151831 0)
(0.535704 0.156799 0)
(0.55274 0.161191 0)
(0.568155 0.165061 0)
(0.582454 0.168429 0)
(0.595866 0.171263 0)
(0.60849 0.173438 0)
(0.620328 0.175508 0)
(0.631428 0.177381 0)
(0.641366 0.178832 0)
(0.649563 0.181712 0)
(0.65823 0.18435 0)
(0.667234 0.183852 0)
(0.674954 0.191719 0)
(0.675549 0.203584 0)
(0.671408 0.213353 0)
(0.670478 0.2175 0)
(0.672576 0.218006 0)
(0.677005 0.216305 0)
(0.683797 0.212812 0)
(0.692925 0.207792 0)
(0.704577 0.201583 0)
(0.718392 0.194857 0)
(0.732187 0.187786 0)
(0.744113 0.184381 0)
(0.752639 0.182481 0)
(0.76239 0.183862 0)
(0.773275 0.18853 0)
(0.795054 0.192572 0)
(0.842037 0.189675 0)
(0.93012 0.154279 0)
(1.04207 0.0779542 0)
(1.08555 0.033644 0)
(1.09239 0.0201789 0)
(1.09443 0.0136792 0)
(1.0961 0.00907202 0)
(1.09734 0.00587408 0)
(1.09823 0.00384621 0)
(1.09879 0.00266857 0)
(1.09918 0.00195706 0)
(1.09949 0.00149958 0)
(1.0997 0.00115665 0)
(1.09982 0.000815999 0)
(1.0999 0.000493439 0)
(1.09995 0.000285782 0)
(1.09997 0.000156918 0)
(1.09999 7.6815e-05 0)
(1.1 2.99863e-05 0)
(1.1 7.21396e-06 0)
(1.1 5.96944e-07 0)
(1.1 7.35873e-10 0)
(1.1 -2.58136e-09 0)
(1.1 -4.99614e-10 0)
(1.1 -1.2773e-11 0)
(1.1 -3.03012e-14 0)
(1.1 2.16058e-15 0)
(1.1 1.94345e-15 0)
(1.1 2.17924e-15 0)
(1.1 2.02127e-15 0)
(1.1 1.54197e-15 0)
(1.1 1.17683e-15 0)
(1.1 1.30195e-15 0)
(1.1 1.32993e-15 0)
(1.1 1.64436e-15 0)
(1.1 2.38577e-16 0)
(1.1 5.83546e-17 0)
(1.1 4.66575e-16 0)
(1.1 2.98075e-16 0)
(1.1 -3.46227e-16 0)
(1.1 -3.56074e-16 0)
(1.1 -4.38715e-16 0)
(1.1 -1.52883e-15 0)
(1.1 -1.65837e-15 0)
(1.1 -1.02763e-15 0)
(1.1 -1.111e-15 0)
(1.1 -1.24741e-15 0)
(1.1 1.03818e-16 0)
(1.1 3.87703e-16 0)
(1.1 1.28551e-16 0)
(1.1 5.03202e-16 0)
(1.1 4.66621e-16 0)
(1.1 1.63618e-16 0)
(1.1 -5.47073e-17 0)
(1.1 -5.31092e-16 0)
(1.1 -6.16233e-16 0)
(1.1 -3.40129e-16 0)
(1.1 -5.69053e-16 0)
(1.1 -7.0248e-16 0)
(1.1 -1.012e-15 0)
(1.1 -7.11279e-16 0)
(1.1 -4.59318e-16 0)
(1.1 -7.8766e-16 0)
(1.1 -2.46721e-16 0)
(1.1 -5.91596e-16 0)
(1.1 -6.66045e-17 0)
(1.1 3.46122e-16 0)
(1.1 4.8076e-16 0)
(1.1 1.24342e-15 0)
(1.1 1.84567e-15 0)
(1.1 1.12856e-15 0)
(1.1 1.10593e-15 0)
(1.1 5.99371e-16 0)
(1.1 -3.58012e-16 0)
(1.1 -1.05073e-15 0)
(1.1 -1.41672e-15 0)
(1.1 -1.32528e-15 0)
(1.1 -1.29992e-15 0)
(1.1 -1.05454e-15 0)
(1.1 -1.59816e-15 0)
(1.1 -1.76124e-15 0)
(1.1 -7.06542e-16 0)
(1.1 -8.21529e-16 0)
)
;
    }
    procBoundary18to25
    {
        type            processor;
        value           uniform (1.1 9.83868e-16 0);
    }
    procBoundary18to26
    {
        type            processor;
        value           nonuniform List<vector> 
28
(
(1.1 -1.32857e-15 0)
(1.1 1.2827e-16 0)
(1.1 1.1163e-15 0)
(1.1 8.31419e-16 0)
(1.1 -1.97584e-15 0)
(1.1 -2.15308e-15 0)
(1.1 2.03332e-16 0)
(1.1 -1.60911e-15 0)
(1.1 -1.32247e-15 0)
(1.1 -2.23622e-15 0)
(1.1 -1.22289e-15 0)
(1.1 -1.23626e-15 0)
(1.1 2.68719e-15 0)
(1.1 5.98418e-16 0)
(1.1 -1.88249e-15 0)
(1.1 1.36763e-15 0)
(1.1 1.01474e-16 0)
(1.1 9.85011e-16 0)
(1.1 1.06516e-15 0)
(1.1 -3.32998e-16 0)
(1.1 -1.19706e-15 0)
(1.1 -9.0839e-16 0)
(1.1 -1.4991e-15 0)
(1.1 -1.21018e-15 0)
(1.1 -2.24224e-15 0)
(1.1 -3.21573e-15 0)
(1.1 1.2827e-16 0)
(1.1 -2.47019e-15 0)
)
;
    }
}


// ************************************************************************* //
