/*--------------------------------*- C++ -*----------------------------------*\
  =========                 |
  \\      /  F ield         | OpenFOAM: The Open Source CFD Toolbox
   \\    /   O peration     | Website:  https://openfoam.org
    \\  /    A nd           | Version:  8
     \\/     M anipulation  |
\*---------------------------------------------------------------------------*/
FoamFile
{
    version     2.0;
    format      ascii;
    class       volVectorField;
    location    "0.7";
    object      U;
}
// * * * * * * * * * * * * * * * * * * * * * * * * * * * * * * * * * * * * * //

dimensions      [0 1 -1 0 0 0 0];

internalField   nonuniform List<vector> 
2600
(
(1.59354 0.507926 0)
(2.14166 0.520046 0)
(2.15179 0.671638 0)
(2.10214 0.444706 0)
(2.02955 0.195842 0)
(2.02206 0.0335855 0)
(2.0917 0.00214848 0)
(2.1289 0.00680443 0)
(2.05441 0.0544595 0)
(1.93577 0.0380506 0)
(1.09789 0.0402122 0)
(1.98251 0.459027 0)
(2.17072 0.649352 0)
(2.09588 0.37492 0)
(2.03598 0.161471 0)
(2.02087 0.0253318 0)
(2.08698 -0.0156573 0)
(2.12876 -0.0060912 0)
(2.06522 0.0516925 0)
(1.93881 0.0401553 0)
(0.526859 -0.00318129 0)
(1.62209 0.441749 0)
(2.12721 0.603506 0)
(2.10804 0.324603 0)
(2.0458 0.135426 0)
(2.03579 0.00809474 0)
(2.08908 -0.0249197 0)
(2.12287 0.00637047 0)
(2.0766 0.0673982 0)
(1.94562 0.0474523 0)
(0.186246 -0.142386 0)
(1.19225 0.287157 0)
(1.97689 0.522365 0)
(2.0827 0.265511 0)
(2.06004 0.111171 0)
(2.04803 0.00471782 0)
(2.07021 -0.0259164 0)
(2.07917 -0.00265555 0)
(2.05489 0.0637504 0)
(1.93973 0.0490833 0)
(-0.00881883 -0.150241 0)
(0.767668 0.184219 0)
(1.71381 0.428733 0)
(1.99556 0.204895 0)
(2.04845 0.0995672 0)
(2.01123 0.00864204 0)
(1.97187 -0.0283427 0)
(1.9469 -0.00791955 0)
(1.95122 0.057525 0)
(1.89182 0.0515485 0)
(-0.148139 -0.147627 0)
(0.40982 0.0696985 0)
(1.3715 0.287277 0)
(1.79467 0.190729 0)
(1.93215 0.078966 0)
(1.84534 -0.00196663 0)
(1.74178 -0.0212871 0)
(1.68355 -0.00771532 0)
(1.72521 0.0473385 0)
(1.7773 0.0504742 0)
(-0.257956 -0.131354 0)
(0.0859105 0.00327935 0)
(0.911374 0.200014 0)
(1.43196 0.137815 0)
(1.61539 0.075752 0)
(1.51164 0.0276188 0)
(1.40106 -0.0090467 0)
(1.34205 0.00119864 0)
(1.42325 0.0450573 0)
(1.61553 0.0473658 0)
(-0.338779 -0.110597 0)
(-0.185466 -0.0370683 0)
(0.395247 0.108039 0)
(0.910644 0.084035 0)
(1.12702 0.0459862 0)
(1.11147 0.0217157 0)
(1.0714 -0.00213806 0)
(1.04748 -0.00228776 0)
(1.15507 0.0284772 0)
(1.46127 0.035902 0)
(-0.386717 -0.0710559 0)
(-0.361396 -0.0419946 0)
(-0.0122498 0.0658776 0)
(0.442689 0.0684357 0)
(0.714884 0.046918 0)
(0.830822 0.0313568 0)
(0.869337 0.0040048 0)
(0.878012 0.000954811 0)
(0.991668 0.0238592 0)
(1.35748 0.0237194 0)
(-0.404984 -0.0245989 0)
(-0.429501 -0.0169132 0)
(-0.177671 0.0271665 0)
(0.246635 0.0303991 0)
(0.555485 0.0202653 0)
(0.735211 0.00749762 0)
(0.806035 0.000959221 0)
(0.824211 0.000158276 0)
(0.934781 0.00627065 0)
(1.31441 0.0123259 0)
(-0.404988 0.0251094 0)
(-0.429534 0.0173073 0)
(-0.177632 -0.0270262 0)
(0.246704 -0.0313947 0)
(0.555061 -0.0208139 0)
(0.735076 -0.0158922 0)
(0.806606 -0.00185642 0)
(0.824446 -0.000299011 0)
(0.934471 -0.0108653 0)
(1.31418 -0.00878405 0)
(-0.386772 0.0715614 0)
(-0.361494 0.0422537 0)
(-0.0121155 -0.0657542 0)
(0.442974 -0.0679495 0)
(0.714097 -0.0467801 0)
(0.833159 -0.0231274 0)
(0.870403 -0.00440716 0)
(0.877551 -0.00129959 0)
(0.991763 -0.0190916 0)
(1.35622 -0.0273871 0)
(-0.33889 0.111088 0)
(-0.185639 0.0374397 0)
(0.395377 -0.108062 0)
(0.911474 -0.0848884 0)
(1.12586 -0.0410977 0)
(1.11169 -0.0332364 0)
(1.07177 0.00191387 0)
(1.04659 -0.00117152 0)
(1.15496 -0.0276537 0)
(1.46127 -0.0354313 0)
(-0.258126 0.131842 0)
(0.0856167 -0.00294071 0)
(0.911443 -0.199925 0)
(1.43265 -0.137304 0)
(1.61493 -0.0781261 0)
(1.51093 -0.0120786 0)
(1.40073 0.0112667 0)
(1.34224 -0.00012854 0)
(1.42275 -0.0449655 0)
(1.61608 -0.0471179 0)
(-0.148367 0.148024 0)
(0.409432 -0.0691941 0)
(1.37154 -0.287191 0)
(1.79523 -0.190995 0)
(1.93157 -0.0793634 0)
(1.84634 -0.00696672 0)
(1.74201 0.0212906 0)
(1.68334 0.00679154 0)
(1.7249 -0.0481955 0)
(1.77733 -0.0511037 0)
(-0.00915632 0.1506 0)
(0.76711 -0.183775 0)
(1.71381 -0.428832 0)
(1.99593 -0.205208 0)
(2.04774 -0.0990782 0)
(2.01111 -0.00787415 0)
(1.97217 0.0287593 0)
(1.94639 0.00776443 0)
(1.9512 -0.0585402 0)
(1.89163 -0.0517048 0)
(0.185666 0.142886 0)
(1.1916 -0.286672 0)
(1.97693 -0.522507 0)
(2.08279 -0.265805 0)
(2.05969 -0.111656 0)
(2.04861 -0.00458823 0)
(2.07094 0.0253968 0)
(2.07877 0.00575358 0)
(2.05421 -0.0606837 0)
(1.93958 -0.0480654 0)
(0.525768 0.00374551 0)
(1.62151 -0.441573 0)
(2.1273 -0.60387 0)
(2.108 -0.324861 0)
(2.04581 -0.135612 0)
(2.03637 -0.00591695 0)
(2.0897 0.0266319 0)
(2.12186 -0.00486747 0)
(2.07541 -0.0672675 0)
(1.94542 -0.0476325 0)
(1.09693 -0.0394593 0)
(1.98242 -0.458859 0)
(2.17093 -0.649768 0)
(2.09598 -0.375124 0)
(2.03673 -0.160995 0)
(2.02083 -0.0243892 0)
(2.08687 0.0142578 0)
(2.12857 0.00214345 0)
(2.06527 -0.0549454 0)
(1.93886 -0.0414136 0)
(1.59391 -0.50739 0)
(2.14212 -0.520014 0)
(2.15222 -0.671959 0)
(2.10247 -0.444904 0)
(2.03019 -0.195702 0)
(2.02161 -0.0343848 0)
(2.09169 -0.00332388 0)
(2.12979 -0.00865429 0)
(2.0548 -0.055216 0)
(1.9357 -0.037716 0)
(2.00973 -0.173137 0)
(2.13829 -0.526431 0)
(2.12797 -0.700063 0)
(2.12185 -0.531101 0)
(2.07421 -0.240748 0)
(2.03801 -0.0469773 0)
(2.11121 -0.00572901 0)
(2.13735 -0.0127848 0)
(2.05048 -0.0567944 0)
(1.9369 -0.0421407 0)
(2.00226 -0.005313 0)
(2.14289 -0.452323 0)
(2.0947 -0.711908 0)
(2.14376 -0.648263 0)
(2.14599 -0.323244 0)
(2.05865 -0.0749339 0)
(2.13803 -0.025 0)
(2.14459 -0.0106132 0)
(2.0475 -0.0509229 0)
(1.94334 -0.0438232 0)
(1.89537 0.131996 0)
(2.11342 -0.388879 0)
(2.07441 -0.690977 0)
(2.16225 -0.745561 0)
(2.19602 -0.440352 0)
(2.07729 -0.112246 0)
(2.16882 -0.0428582 0)
(2.14676 -0.00435743 0)
(2.04542 -0.0428761 0)
(1.95288 -0.0433116 0)
(1.81036 0.189333 0)
(2.03235 -0.267929 0)
(2.072 -0.612725 0)
(2.17266 -0.763724 0)
(2.22257 -0.585014 0)
(2.11201 -0.172035 0)
(2.19466 -0.0588222 0)
(2.14568 -0.00164837 0)
(2.04179 -0.0373808 0)
(1.96215 -0.0434576 0)
(1.73301 0.237217 0)
(1.96168 -0.188446 0)
(2.06867 -0.548843 0)
(2.16591 -0.726238 0)
(2.2328 -0.684095 0)
(2.19147 -0.27786 0)
(2.21153 -0.0811982 0)
(2.145 -0.00538693 0)
(2.03666 -0.0369615 0)
(1.97074 -0.0462831 0)
(1.67812 0.261659 0)
(1.89479 -0.0980938 0)
(2.05266 -0.458248 0)
(2.15599 -0.692947 0)
(2.27551 -0.704971 0)
(2.26797 -0.395685 0)
(2.22665 -0.106819 0)
(2.15015 -0.00700867 0)
(2.03224 -0.0351809 0)
(1.97982 -0.0499074 0)
(1.62764 0.290644 0)
(1.85451 -0.0418863 0)
(2.04185 -0.390598 0)
(2.16282 -0.62701 0)
(2.29434 -0.673722 0)
(2.31253 -0.502257 0)
(2.25019 -0.130444 0)
(2.16037 -0.0133228 0)
(2.03152 -0.0328455 0)
(1.9886 -0.0541983 0)
(1.6006 0.312154 0)
(1.82171 0.018898 0)
(2.03764 -0.321207 0)
(2.17756 -0.58218 0)
(2.28686 -0.662974 0)
(2.35087 -0.584755 0)
(2.29169 -0.191095 0)
(2.16825 -0.0194809 0)
(2.04175 -0.0307169 0)
(1.99631 -0.0552727 0)
(1.59527 0.338199 0)
(1.81491 0.0589928 0)
(2.04748 -0.270053 0)
(2.18514 -0.51579 0)
(2.28459 -0.607067 0)
(2.3776 -0.60804 0)
(2.32416 -0.27087 0)
(2.17594 -0.0377932 0)
(2.05152 -0.0256908 0)
(2.0005 -0.0575692 0)
(1.6195 0.367675 0)
(1.82659 0.099638 0)
(2.06417 -0.214405 0)
(2.19483 -0.468907 0)
(2.29856 -0.576082 0)
(2.38961 -0.607545 0)
(2.3557 -0.371562 0)
(2.17465 -0.0564723 0)
(2.05898 -0.0201689 0)
(2.00128 -0.063071 0)
(1.68299 0.396827 0)
(1.86168 0.130842 0)
(2.09103 -0.174647 0)
(2.20301 -0.412852 0)
(2.29939 -0.500365 0)
(2.38449 -0.594454 0)
(2.37243 -0.445173 0)
(2.17384 -0.081396 0)
(2.06637 -0.0209249 0)
(2.00111 -0.0686191 0)
(1.77357 0.440436 0)
(1.91482 0.165736 0)
(2.11584 -0.125558 0)
(2.21291 -0.364991 0)
(2.30169 -0.462693 0)
(2.37369 -0.580509 0)
(2.39104 -0.504156 0)
(2.20356 -0.140134 0)
(2.07667 -0.0277957 0)
(1.99995 -0.0730995 0)
(1.87024 0.489075 0)
(1.98001 0.20353 0)
(2.14315 -0.0879061 0)
(2.21858 -0.318323 0)
(2.28982 -0.390023 0)
(2.36015 -0.546145 0)
(2.40648 -0.511622 0)
(2.248 -0.199367 0)
(2.0927 -0.0361559 0)
(2.00125 -0.0746705 0)
(1.94745 0.536901 0)
(2.04655 0.246777 0)
(2.16421 -0.0388166 0)
(2.22009 -0.270223 0)
(2.282 -0.352333 0)
(2.3541 -0.516905 0)
(2.4083 -0.514554 0)
(2.30564 -0.274396 0)
(2.11512 -0.0507657 0)
(2.00654 -0.0754208 0)
(1.99072 0.570283 0)
(2.09544 0.294419 0)
(2.17751 0.00845462 0)
(2.21575 -0.227588 0)
(2.26498 -0.300519 0)
(2.33785 -0.46072 0)
(2.40667 -0.501921 0)
(2.34457 -0.339727 0)
(2.13266 -0.0763055 0)
(2.01366 -0.0748643 0)
(1.9511 0.614827 0)
(2.10574 0.334779 0)
(2.1703 0.058118 0)
(2.19836 -0.176164 0)
(2.24937 -0.266262 0)
(2.32819 -0.430228 0)
(2.4082 -0.491876 0)
(2.36956 -0.398374 0)
(2.13785 -0.104356 0)
(2.01753 -0.0797741 0)
(1.91891 0.637781 0)
(2.05893 0.39127 0)
(2.13947 0.111327 0)
(2.18059 -0.135816 0)
(2.22856 -0.225576 0)
(2.31047 -0.381334 0)
(2.40115 -0.463207 0)
(2.38236 -0.440151 0)
(2.14558 -0.142405 0)
(2.0195 -0.084014 0)
(1.89081 0.653549 0)
(2.03701 0.428367 0)
(2.11747 0.151222 0)
(2.15702 -0.0947844 0)
(2.20856 -0.196123 0)
(2.29335 -0.344285 0)
(2.39917 -0.441726 0)
(2.38757 -0.467076 0)
(2.16167 -0.185071 0)
(2.02514 -0.0900304 0)
(1.84537 0.665568 0)
(1.99466 0.458495 0)
(2.0569 0.199097 0)
(2.11129 -0.0474355 0)
(2.18272 -0.159596 0)
(2.2788 -0.313911 0)
(2.39221 -0.408659 0)
(2.38175 -0.471035 0)
(2.1958 -0.240826 0)
(2.03222 -0.0973462 0)
(1.77792 0.670393 0)
(1.94231 0.487998 0)
(2.02684 0.236159 0)
(2.09088 -0.0162136 0)
(2.16626 -0.135313 0)
(2.26254 -0.276704 0)
(2.38058 -0.376318 0)
(2.37132 -0.46276 0)
(2.22546 -0.293636 0)
(2.04021 -0.107428 0)
(0.626656 0.198856 0)
(0.68534 0.262636 0)
(0.761676 0.340705 0)
(0.82151 0.408872 0)
(0.872795 0.459191 0)
(0.917944 0.49737 0)
(0.96141 0.528938 0)
(1.01452 0.555703 0)
(1.09499 0.589303 0)
(1.26396 0.618492 0)
(0.680773 0.263229 0)
(0.695302 0.315337 0)
(0.755877 0.37157 0)
(0.804586 0.428891 0)
(0.855989 0.473028 0)
(0.903083 0.508457 0)
(0.950703 0.537457 0)
(1.0089 0.563037 0)
(1.09659 0.596079 0)
(1.26536 0.61963 0)
(0.796497 0.286996 0)
(0.766054 0.327162 0)
(0.810245 0.358464 0)
(0.833303 0.404322 0)
(0.868999 0.447353 0)
(0.905882 0.484362 0)
(0.951077 0.51495 0)
(1.01247 0.54268 0)
(1.10729 0.575367 0)
(1.28453 0.581695 0)
(0.895223 0.348036 0)
(0.839182 0.384362 0)
(0.864732 0.41464 0)
(0.867667 0.438723 0)
(0.885781 0.461546 0)
(0.913366 0.482701 0)
(0.955653 0.50399 0)
(1.01653 0.526801 0)
(1.112 0.554243 0)
(1.28395 0.549968 0)
(0.991531 0.403866 0)
(0.915717 0.430135 0)
(0.92161 0.447997 0)
(0.915114 0.459869 0)
(0.91947 0.466738 0)
(0.934815 0.47859 0)
(0.969335 0.493275 0)
(1.02689 0.511969 0)
(1.11847 0.53096 0)
(1.28879 0.526145 0)
(1.10242 0.491291 0)
(0.97577 0.507947 0)
(0.961289 0.500869 0)
(0.943059 0.498905 0)
(0.940541 0.494616 0)
(0.955504 0.49121 0)
(0.988424 0.495694 0)
(1.04428 0.507787 0)
(1.13065 0.515259 0)
(1.29002 0.506216 0)
(1.29044 0.615747 0)
(1.08159 0.600014 0)
(1.04637 0.566885 0)
(1.01045 0.535297 0)
(0.997915 0.511423 0)
(1.00683 0.497714 0)
(1.02926 0.50063 0)
(1.07386 0.505641 0)
(1.14922 0.503715 0)
(1.29476 0.49291 0)
(1.62539 0.732623 0)
(1.25217 0.741544 0)
(1.18144 0.688466 0)
(1.13648 0.626336 0)
(1.10326 0.58244 0)
(1.09253 0.554469 0)
(1.09446 0.544414 0)
(1.11895 0.531395 0)
(1.1793 0.51101 0)
(1.31334 0.494755 0)
(2.1095 0.691489 0)
(1.53939 0.845703 0)
(1.36414 0.782718 0)
(1.31571 0.74048 0)
(1.26566 0.692763 0)
(1.23478 0.642872 0)
(1.21194 0.610908 0)
(1.21184 0.568324 0)
(1.24326 0.529023 0)
(1.3634 0.507183 0)
(2.52822 0.514554 0)
(2.0931 0.764804 0)
(1.49766 0.884299 0)
(1.47615 0.85577 0)
(1.44153 0.813824 0)
(1.40387 0.763103 0)
(1.36326 0.717468 0)
(1.34425 0.650911 0)
(1.34009 0.59044 0)
(1.44848 0.549112 0)
(2.71497 0.372336 0)
(2.64639 0.468353 0)
(1.92795 0.861594 0)
(1.55902 0.941379 0)
(1.56656 0.915206 0)
(1.55979 0.863955 0)
(1.51924 0.818489 0)
(1.5037 0.737661 0)
(1.48058 0.654114 0)
(1.57725 0.591607 0)
(2.81375 0.270607 0)
(2.79808 0.302342 0)
(2.59282 0.535768 0)
(1.85278 0.939435 0)
(1.61349 0.975529 0)
(1.62962 0.94504 0)
(1.61942 0.902472 0)
(1.63103 0.823442 0)
(1.6242 0.731373 0)
(1.71549 0.64846 0)
(2.86755 0.22036 0)
(2.85987 0.236459 0)
(2.84516 0.268725 0)
(2.43611 0.68432 0)
(1.74163 1.01216 0)
(1.65186 0.965888 0)
(1.66565 0.928569 0)
(1.71204 0.849829 0)
(1.73248 0.779061 0)
(1.81437 0.706187 0)
(2.90164 0.183748 0)
(2.89689 0.192205 0)
(2.88715 0.211227 0)
(2.86375 0.274403 0)
(2.11752 0.855883 0)
(1.70218 0.986595 0)
(1.66272 0.916435 0)
(1.72173 0.850774 0)
(1.7774 0.790396 0)
(1.85906 0.731357 0)
(2.93613 0.123658 0)
(2.92924 0.140134 0)
(2.92839 0.141524 0)
(2.91799 0.166738 0)
(2.81649 0.400225 0)
(1.76835 0.981213 0)
(1.60795 0.874873 0)
(1.67009 0.852714 0)
(1.74934 0.823654 0)
(1.83774 0.772631 0)
(2.95553 0.0938333 0)
(2.95089 0.10338 0)
(2.94861 0.109112 0)
(2.94169 0.126375 0)
(2.96065 0.136854 0)
(2.01494 0.761514 0)
(1.56161 0.883981 0)
(1.63368 0.859249 0)
(1.71992 0.833832 0)
(1.80248 0.788748 0)
(2.96228 0.0794827 0)
(2.96106 0.0815632 0)
(2.95734 0.0907898 0)
(2.95483 0.0939751 0)
(2.94955 0.10574 0)
(2.74374 0.37714 0)
(1.52651 0.838964 0)
(1.55715 0.834269 0)
(1.64961 0.821408 0)
(1.76384 0.787686 0)
(2.97275 0.0548711 0)
(2.97132 0.0574217 0)
(2.96811 0.0650795 0)
(2.9664 0.0674156 0)
(2.96284 0.0781648 0)
(3.01231 0.08785 0)
(1.64264 0.721908 0)
(1.49887 0.762684 0)
(1.59828 0.75772 0)
(1.71408 0.74518 0)
(2.98038 0.0377901 0)
(2.9789 0.0404813 0)
(2.9758 0.0468316 0)
(2.9744 0.0496832 0)
(2.97038 0.0578272 0)
(2.96918 0.0641086 0)
(1.9268 0.614544 0)
(1.41601 0.79864 0)
(1.51276 0.785772 0)
(1.63038 0.772185 0)
(2.98623 0.0236116 0)
(2.9842 0.0278229 0)
(2.98263 0.0297446 0)
(2.97946 0.0362984 0)
(2.977 0.0403378 0)
(2.97335 0.0450668 0)
(2.71252 0.343835 0)
(1.44632 0.775899 0)
(1.43417 0.7571 0)
(1.53763 0.744479 0)
(3 -8.07401e-14 0)
(3 -9.281e-14 0)
(3 -1.35304e-13 0)
(3 -2.23304e-14 0)
(3 1.65584e-12 0)
(3 4.77891e-11 0)
(3 -1.5209e-08 0)
(2.99999 1.74761e-06 0)
(3.00123 -6.16302e-05 0)
(1.63357 0.0499204 0)
(3 9.69072e-15 0)
(3 -4.50777e-14 0)
(3 -6.16096e-14 0)
(3 -1.37576e-13 0)
(3 7.10842e-12 0)
(3 -2.28015e-10 0)
(3 -3.63345e-08 0)
(2.99999 1.39362e-06 0)
(3.00112 -0.00014759 0)
(1.69149 0.157515 0)
(3 8.90422e-14 0)
(3 9.65385e-14 0)
(3 1.80332e-13 0)
(3 -1.28067e-13 0)
(3 2.33966e-12 0)
(3 -3.48495e-10 0)
(3 -5.15793e-08 0)
(2.99999 2.94871e-06 0)
(3.00098 -0.000206456 0)
(1.79838 0.231329 0)
(3 8.43274e-14 0)
(3 1.60383e-13 0)
(3 2.49402e-13 0)
(3 -1.39635e-13 0)
(3 -5.08204e-12 0)
(3 -8.47092e-11 0)
(3 -7.42022e-08 0)
(2.99999 4.89177e-06 0)
(3.00085 -0.000290535 0)
(1.92118 0.291229 0)
(3 6.91731e-14 0)
(3 7.66427e-14 0)
(3 1.21515e-13 0)
(3 -1.45305e-13 0)
(3 -1.27168e-11 0)
(3 3.89874e-10 0)
(3 -8.52586e-08 0)
(2.99999 6.22837e-06 0)
(3.00067 -0.000332345 0)
(2.0534 0.336323 0)
(3 1.06325e-13 0)
(3 2.11939e-13 0)
(3 1.25924e-13 0)
(3 -1.37074e-13 0)
(3 -1.44691e-11 0)
(3 8.9757e-10 0)
(3 -1.07494e-07 0)
(2.99999 6.96761e-06 0)
(3.00052 -0.000359225 0)
(2.19896 0.370913 0)
(3 -4.77607e-14 0)
(3 1.64511e-13 0)
(3 1.7293e-13 0)
(3 -1.66824e-13 0)
(3 -1.7255e-11 0)
(3 1.43388e-09 0)
(3 -1.32174e-07 0)
(2.99999 6.90439e-06 0)
(3.0004 -0.000371894 0)
(2.3689 0.383021 0)
(3 -7.22439e-14 0)
(3 -1.06823e-13 0)
(3 -3.65768e-15 0)
(3 -3.29431e-14 0)
(3 -1.73079e-11 0)
(3 1.82637e-09 0)
(3 -1.3886e-07 0)
(2.99999 6.8926e-06 0)
(3.00033 -0.000375344 0)
(2.53852 0.36608 0)
(3 -1.11158e-13 0)
(3 -2.26756e-13 0)
(3 -6.14919e-14 0)
(3 -8.90132e-14 0)
(3 -1.29894e-11 0)
(3 1.55821e-09 0)
(3 -1.47594e-07 0)
(2.99999 6.65698e-06 0)
(3.00025 -0.000365453 0)
(2.66708 0.319947 0)
(3 -4.31932e-14 0)
(3 3.02069e-14 0)
(3 8.23993e-14 0)
(3 -7.36456e-14 0)
(3 -6.4441e-12 0)
(3 1.3081e-09 0)
(3 -1.60076e-07 0)
(2.99999 6.39268e-06 0)
(3.00021 -0.000352813 0)
(2.75451 0.273903 0)
(3 1.2835e-13 0)
(3 2.7642e-13 0)
(3 2.53251e-13 0)
(3 -5.91729e-14 0)
(3 -1.01435e-13 0)
(3 1.11933e-09 0)
(3 -1.66323e-07 0)
(2.99999 6.21467e-06 0)
(3.00018 -0.000332635 0)
(2.82032 0.226388 0)
(3 7.35524e-14 0)
(3 7.87664e-14 0)
(3 5.00007e-14 0)
(3 -1.02131e-13 0)
(3 3.57152e-12 0)
(3 6.00804e-10 0)
(3 -1.75936e-07 0)
(3 6.11374e-06 0)
(3.00016 -0.000313788 0)
(2.86843 0.184585 0)
(3 -3.20957e-14 0)
(3 -1.46897e-13 0)
(3 -1.64033e-13 0)
(3 -9.25305e-14 0)
(3 5.02307e-12 0)
(3 3.00795e-10 0)
(3 -1.70631e-07 0)
(3 6.08577e-06 0)
(3.00014 -0.000287479 0)
(2.90628 0.149676 0)
(3 -1.14266e-13 0)
(3 -2.35406e-13 0)
(3 -1.39443e-13 0)
(3 -1.26461e-13 0)
(3 1.82428e-12 0)
(3 2.43698e-10 0)
(3 -1.49522e-07 0)
(3 6.03663e-06 0)
(3.00011 -0.000264109 0)
(2.93872 0.113473 0)
(3 -5.69367e-14 0)
(3 -3.82789e-14 0)
(3 -1.2065e-13 0)
(3 -2.72124e-13 0)
(3 -3.13415e-12 0)
(3 2.90135e-10 0)
(3 -1.26054e-07 0)
(3 5.84797e-06 0)
(3.00009 -0.000237013 0)
(2.95276 0.0972313 0)
(3 -5.79272e-14 0)
(3 8.50828e-15 0)
(3 -1.37047e-13 0)
(3 -1.51248e-13 0)
(3 -5.41725e-12 0)
(3 2.88402e-10 0)
(3 -9.69528e-08 0)
(3 5.40287e-06 0)
(3.00007 -0.000213863 0)
(2.97004 0.0627281 0)
(3 -1.12018e-13 0)
(3 -9.75157e-14 0)
(3 -4.46147e-14 0)
(3 -4.50853e-14 0)
(3 -1.04906e-11 0)
(3 3.7286e-10 0)
(3 -5.73686e-08 0)
(3 4.72517e-06 0)
(3.00005 -0.000189523 0)
(2.97778 0.0453965 0)
(3 3.59295e-14 0)
(3 -9.26275e-15 0)
(3 6.66165e-14 0)
(3 -1.54553e-14 0)
(3 -1.24474e-11 0)
(3 6.14396e-10 0)
(3 -2.11684e-08 0)
(3 4.0039e-06 0)
(3.00004 -0.000168422 0)
(2.98445 0.0306171 0)
(3 1.82251e-13 0)
(3 1.71499e-13 0)
(3 -2.56462e-15 0)
(3 9.20488e-14 0)
(3 -1.5719e-11 0)
(3 4.615e-10 0)
(3 1.29821e-08 0)
(3 3.50435e-06 0)
(3.00002 -0.000147089 0)
(2.98913 0.0206373 0)
(3 6.18842e-14 0)
(3 4.50609e-14 0)
(3 4.39464e-15 0)
(3 2.94197e-13 0)
(3 -1.64887e-11 0)
(3 8.01355e-10 0)
(3 3.04481e-08 0)
(3 2.47808e-06 0)
(3.00001 -0.000128355 0)
(2.99204 0.0137122 0)
(3 3.24034e-14 0)
(3 -9.02796e-15 0)
(3 8.50991e-15 0)
(3 -2.30032e-13 0)
(3 1.63634e-11 0)
(3 -8.0202e-10 0)
(3 -3.05935e-08 0)
(3 -2.46923e-06 0)
(3.00001 0.000127496 0)
(2.99204 -0.013723 0)
(3 -4.02313e-14 0)
(3 -6.2943e-14 0)
(3 -8.0338e-14 0)
(3 -1.67167e-13 0)
(3 1.53279e-11 0)
(3 -4.6243e-10 0)
(3 -1.31183e-08 0)
(3 -3.4891e-06 0)
(3.00002 0.000145808 0)
(2.98913 -0.0206474 0)
(3 -2.64667e-14 0)
(3 -7.24184e-14 0)
(3 -6.85027e-14 0)
(3 -1.19332e-13 0)
(3 1.20138e-11 0)
(3 -6.13587e-10 0)
(3 2.10728e-08 0)
(3 -3.99315e-06 0)
(3.00004 0.000166715 0)
(2.98445 -0.0306244 0)
(3 -1.66115e-14 0)
(3 4.76801e-14 0)
(3 -5.15568e-14 0)
(3 6.06164e-14 0)
(3 1.06223e-11 0)
(3 -3.72731e-10 0)
(3 5.74071e-08 0)
(3 -4.71733e-06 0)
(3.00005 0.000187893 0)
(2.97778 -0.0454118 0)
(3 -2.96564e-14 0)
(3 -5.72921e-14 0)
(3 1.38484e-14 0)
(3 1.52186e-13 0)
(3 5.54544e-12 0)
(3 -2.87931e-10 0)
(3 9.69838e-08 0)
(3 -5.40071e-06 0)
(3.00007 0.000212335 0)
(2.97004 -0.0627224 0)
(3 -1.66378e-14 0)
(3 3.59621e-14 0)
(3 1.48619e-13 0)
(3 1.68799e-13 0)
(3 3.0812e-12 0)
(3 -2.89577e-10 0)
(3 1.26061e-07 0)
(3 -5.8494e-06 0)
(3.00009 0.000236059 0)
(2.95273 -0.0972557 0)
(3 -1.32563e-14 0)
(3 8.96636e-14 0)
(3 9.86568e-14 0)
(3 1.89688e-13 0)
(3 -1.70739e-12 0)
(3 -2.42739e-10 0)
(3 1.49554e-07 0)
(3 -6.04239e-06 0)
(3.00011 0.000263407 0)
(2.93868 -0.113538 0)
(3 8.30711e-14 0)
(3 5.95879e-14 0)
(3 7.2038e-14 0)
(3 1.1974e-13 0)
(3 -4.92681e-12 0)
(3 -2.98496e-10 0)
(3 1.70471e-07 0)
(3 -6.09747e-06 0)
(3.00014 0.000286738 0)
(2.90627 -0.149695 0)
(3 3.96111e-14 0)
(3 -4.62796e-14 0)
(3 -8.27639e-14 0)
(3 8.81179e-15 0)
(3 -3.64206e-12 0)
(3 -5.97701e-10 0)
(3 1.75807e-07 0)
(3 -6.1401e-06 0)
(3.00016 0.000312857 0)
(2.86836 -0.184656 0)
(3 -4.67573e-14 0)
(3 -1.9685e-13 0)
(3 -1.00753e-13 0)
(3 6.49242e-14 0)
(3 3.8656e-14 0)
(3 -1.12621e-09 0)
(3 1.65878e-07 0)
(2.99999 -6.24899e-06 0)
(3.00018 0.000331414 0)
(2.82024 -0.226465 0)
(3 -4.23608e-14 0)
(3 -9.97446e-14 0)
(3 -5.88793e-14 0)
(3 8.33035e-17 0)
(3 6.58421e-12 0)
(3 -1.32701e-09 0)
(3 1.59405e-07 0)
(2.99999 -6.47744e-06 0)
(3.00021 0.00035363 0)
(2.75439 -0.273999 0)
(3 -4.70081e-14 0)
(3 9.09771e-15 0)
(3 7.74797e-14 0)
(3 1.09764e-13 0)
(3 1.28267e-11 0)
(3 -1.60472e-09 0)
(3 1.47687e-07 0)
(2.99999 -6.77134e-06 0)
(3.00025 0.000366831 0)
(2.66684 -0.320114 0)
(3 -2.28902e-14 0)
(3 4.64124e-15 0)
(3 3.66623e-14 0)
(3 2.01971e-13 0)
(3 1.7428e-11 0)
(3 -1.90871e-09 0)
(3 1.43071e-07 0)
(2.99999 -7.11745e-06 0)
(3.00033 0.00038035 0)
(2.53812 -0.366272 0)
(3 -2.30611e-15 0)
(3 -2.01319e-14 0)
(3 -1.78093e-13 0)
(3 1.36209e-13 0)
(3 1.79152e-11 0)
(3 -1.57998e-09 0)
(3 1.3487e-07 0)
(2.99999 -7.19778e-06 0)
(3.00041 0.000379227 0)
(2.3682 -0.383089 0)
(3 -2.80454e-14 0)
(3 -1.53237e-14 0)
(3 -8.6909e-14 0)
(3 2.06581e-13 0)
(3 1.44224e-11 0)
(3 -9.94639e-10 0)
(3 1.12631e-07 0)
(2.99999 -6.98592e-06 0)
(3.00052 0.000363685 0)
(2.19809 -0.370903 0)
(3 -3.85398e-14 0)
(3 2.54511e-14 0)
(3 3.82096e-14 0)
(3 3.17035e-13 0)
(3 1.30222e-11 0)
(3 -3.30609e-10 0)
(3 9.45947e-08 0)
(2.99999 -6.12181e-06 0)
(3.00067 0.00033265 0)
(2.05256 -0.336165 0)
(3 4.74885e-14 0)
(3 8.9686e-15 0)
(3 3.77051e-14 0)
(3 3.12641e-13 0)
(3 5.2114e-12 0)
(3 6.72816e-11 0)
(3 7.38976e-08 0)
(2.99999 -4.32495e-06 0)
(3.00085 0.000290378 0)
(1.92049 -0.290937 0)
(3 1.07461e-13 0)
(3 3.00158e-14 0)
(3 7.78691e-15 0)
(3 2.27214e-13 0)
(3 -2.19851e-12 0)
(3 4.45384e-10 0)
(3 5.41363e-08 0)
(2.99999 -2.60118e-06 0)
(3.00098 0.000205105 0)
(1.79789 -0.230961 0)
(3 4.20264e-15 0)
(3 -3.26766e-15 0)
(3 -1.05625e-13 0)
(3 9.72748e-14 0)
(3 -4.35981e-12 0)
(3 4.91448e-10 0)
(3 3.06567e-08 0)
(2.99999 -1.07484e-06 0)
(3.00113 0.000147614 0)
(1.69116 -0.157108 0)
(3 -1.21093e-13 0)
(3 -1.49437e-13 0)
(3 -1.18104e-13 0)
(3 8.49702e-14 0)
(3 -3.39008e-12 0)
(3 2.71148e-10 0)
(3 2.86678e-09 0)
(2.99999 -1.59794e-06 0)
(3.00123 5.95661e-05 0)
(1.63342 -0.0494762 0)
(2.98623 -0.0236147 0)
(2.98419 -0.0278341 0)
(2.98262 -0.0297595 0)
(2.97945 -0.0363039 0)
(2.97698 -0.0403751 0)
(2.97335 -0.0450861 0)
(2.71538 -0.342118 0)
(1.44715 -0.775569 0)
(1.43426 -0.756711 0)
(1.53765 -0.744163 0)
(2.98037 -0.0378029 0)
(2.97888 -0.0405048 0)
(2.97579 -0.0468487 0)
(2.97438 -0.0497246 0)
(2.97037 -0.0578372 0)
(2.96906 -0.0641471 0)
(1.9294 -0.61348 0)
(1.41582 -0.798544 0)
(1.5126 -0.785661 0)
(1.63036 -0.772012 0)
(2.97274 -0.0548843 0)
(2.97131 -0.0574395 0)
(2.9681 -0.0651076 0)
(2.9664 -0.067439 0)
(2.96282 -0.0782183 0)
(3.01212 -0.087581 0)
(1.64374 -0.721034 0)
(1.49873 -0.762515 0)
(1.59826 -0.757605 0)
(1.7141 -0.744963 0)
(2.96226 -0.0795377 0)
(2.96105 -0.0815923 0)
(2.95732 -0.0908375 0)
(2.95482 -0.0939829 0)
(2.94954 -0.105773 0)
(2.74729 -0.375059 0)
(1.52729 -0.838756 0)
(1.55734 -0.833823 0)
(1.64977 -0.821069 0)
(1.76393 -0.78739 0)
(2.9555 -0.0939036 0)
(2.95088 -0.10342 0)
(2.94859 -0.10916 0)
(2.94166 -0.126411 0)
(2.96039 -0.136826 0)
(2.01784 -0.760473 0)
(1.56183 -0.884279 0)
(1.63379 -0.859324 0)
(1.72006 -0.833661 0)
(1.80267 -0.78854 0)
(2.93612 -0.123655 0)
(2.92922 -0.140158 0)
(2.9284 -0.141521 0)
(2.91798 -0.166754 0)
(2.818 -0.398793 0)
(1.76974 -0.981112 0)
(1.60825 -0.874896 0)
(1.6703 -0.852668 0)
(1.74951 -0.82351 0)
(1.83797 -0.772504 0)
(2.90165 -0.183712 0)
(2.8969 -0.192182 0)
(2.88715 -0.211207 0)
(2.86398 -0.274016 0)
(2.11938 -0.855249 0)
(1.70311 -0.986954 0)
(1.66291 -0.916406 0)
(1.7219 -0.850706 0)
(1.77768 -0.790229 0)
(1.85935 -0.731198 0)
(2.86748 -0.220476 0)
(2.85982 -0.236532 0)
(2.84507 -0.268799 0)
(2.43783 -0.683389 0)
(1.74248 -1.01224 0)
(1.65213 -0.966037 0)
(1.66583 -0.928754 0)
(1.7123 -0.849919 0)
(1.73281 -0.778965 0)
(1.81477 -0.706062 0)
(2.81368 -0.270681 0)
(2.79801 -0.302405 0)
(2.59312 -0.535391 0)
(1.85372 -0.939219 0)
(1.61403 -0.975589 0)
(1.63006 -0.945074 0)
(1.61993 -0.902481 0)
(1.6315 -0.823536 0)
(1.62466 -0.731439 0)
(1.71604 -0.648481 0)
(2.71487 -0.372426 0)
(2.64631 -0.468364 0)
(1.92864 -0.86134 0)
(1.5597 -0.94139 0)
(1.56716 -0.915298 0)
(1.56043 -0.864011 0)
(1.51994 -0.818628 0)
(1.50444 -0.737896 0)
(1.48128 -0.654292 0)
(1.57796 -0.591691 0)
(2.52804 -0.514695 0)
(2.09339 -0.764736 0)
(1.49829 -0.884369 0)
(1.4767 -0.855967 0)
(1.44211 -0.814107 0)
(1.40455 -0.76339 0)
(1.36409 -0.717738 0)
(1.34513 -0.651257 0)
(1.34087 -0.590699 0)
(1.44921 -0.549236 0)
(2.10921 -0.691639 0)
(1.53971 -0.845871 0)
(1.36451 -0.782983 0)
(1.31616 -0.740816 0)
(1.26619 -0.693154 0)
(1.23545 -0.643178 0)
(1.21273 -0.611205 0)
(1.21269 -0.568616 0)
(1.24398 -0.529195 0)
(1.36402 -0.507202 0)
(1.62511 -0.732741 0)
(1.25228 -0.741705 0)
(1.18165 -0.688678 0)
(1.13677 -0.626622 0)
(1.1036 -0.582826 0)
(1.09295 -0.554843 0)
(1.09499 -0.544707 0)
(1.11953 -0.531602 0)
(1.17978 -0.511053 0)
(1.31374 -0.494675 0)
(1.29006 -0.61572 0)
(1.08144 -0.600061 0)
(1.04627 -0.567008 0)
(1.01042 -0.5355 0)
(0.997971 -0.511692 0)
(1.00693 -0.497998 0)
(1.02942 -0.500803 0)
(1.07409 -0.505709 0)
(1.14943 -0.503556 0)
(1.29496 -0.492642 0)
(1.10193 -0.491209 0)
(0.975461 -0.507951 0)
(0.960934 -0.500947 0)
(0.942703 -0.499098 0)
(0.940221 -0.494837 0)
(0.955214 -0.491393 0)
(0.988201 -0.495757 0)
(1.04416 -0.507766 0)
(1.13056 -0.514977 0)
(1.29001 -0.505796 0)
(0.991066 -0.403774 0)
(0.915352 -0.430059 0)
(0.92116 -0.447951 0)
(0.914599 -0.459924 0)
(0.918889 -0.466812 0)
(0.934256 -0.478598 0)
(0.968841 -0.493228 0)
(1.02649 -0.511856 0)
(1.11814 -0.530588 0)
(1.2886 -0.525605 0)
(0.894818 -0.347919 0)
(0.838813 -0.384199 0)
(0.86427 -0.414537 0)
(0.867173 -0.438672 0)
(0.88517 -0.461533 0)
(0.912745 -0.482666 0)
(0.955055 -0.503908 0)
(1.01597 -0.526664 0)
(1.11148 -0.553865 0)
(1.28362 -0.549401 0)
(0.79622 -0.286711 0)
(0.765798 -0.32693 0)
(0.809937 -0.358443 0)
(0.832977 -0.404368 0)
(0.868576 -0.447451 0)
(0.905356 -0.484434 0)
(0.950495 -0.514921 0)
(1.01183 -0.54249 0)
(1.10662 -0.574949 0)
(1.28405 -0.581114 0)
(0.680596 -0.263011 0)
(0.695208 -0.31518 0)
(0.755746 -0.371536 0)
(0.804427 -0.42889 0)
(0.855754 -0.473024 0)
(0.902705 -0.50842 0)
(0.950188 -0.53732 0)
(1.00827 -0.562761 0)
(1.09592 -0.595651 0)
(1.26481 -0.619092 0)
(0.626563 -0.19865 0)
(0.685329 -0.262491 0)
(0.761669 -0.340666 0)
(0.821438 -0.408878 0)
(0.872636 -0.459177 0)
(0.917626 -0.497314 0)
(0.96091 -0.528786 0)
(1.01388 -0.555408 0)
(1.09428 -0.588873 0)
(1.26337 -0.617972 0)
(1.77798 -0.670188 0)
(1.94237 -0.487873 0)
(2.02682 -0.23608 0)
(2.09084 0.0162945 0)
(2.16622 0.13537 0)
(2.26253 0.276715 0)
(2.3806 0.376303 0)
(2.37133 0.462745 0)
(2.22548 0.293675 0)
(2.04021 0.107442 0)
(1.84547 -0.665409 0)
(1.99479 -0.458427 0)
(2.05689 -0.199036 0)
(2.11124 0.0475195 0)
(2.18268 0.159663 0)
(2.27878 0.313929 0)
(2.39223 0.408641 0)
(2.38177 0.471032 0)
(2.19579 0.240901 0)
(2.03221 0.0973676 0)
(1.89095 -0.653316 0)
(2.03696 -0.42846 0)
(2.11746 -0.151229 0)
(2.15697 0.0948692 0)
(2.20851 0.196188 0)
(2.29334 0.344301 0)
(2.39918 0.441709 0)
(2.38758 0.46708 0)
(2.16171 0.185185 0)
(2.02514 0.0900522 0)
(1.91907 -0.637558 0)
(2.05903 -0.391179 0)
(2.13948 -0.111277 0)
(2.18054 0.135913 0)
(2.22851 0.225649 0)
(2.31046 0.381358 0)
(2.40116 0.463194 0)
(2.38237 0.440186 0)
(2.14557 0.142402 0)
(2.01948 0.0840187 0)
(1.95128 -0.614664 0)
(2.1059 -0.334664 0)
(2.17034 -0.0580177 0)
(2.19831 0.176261 0)
(2.24932 0.26633 0)
(2.32817 0.430241 0)
(2.40821 0.491871 0)
(2.36959 0.398411 0)
(2.13786 0.104268 0)
(2.01753 0.0797745 0)
(1.99098 -0.570169 0)
(2.09564 -0.294311 0)
(2.17754 -0.00835154 0)
(2.21571 0.22771 0)
(2.26493 0.300596 0)
(2.33783 0.460743 0)
(2.40668 0.501919 0)
(2.34457 0.339556 0)
(2.13267 0.0761776 0)
(2.01368 0.0748183 0)
(1.9479 -0.536732 0)
(2.04683 -0.246665 0)
(2.16425 0.038965 0)
(2.22004 0.270335 0)
(2.28193 0.352397 0)
(2.35407 0.516917 0)
(2.40831 0.514556 0)
(2.30574 0.274429 0)
(2.11515 0.050656 0)
(2.00655 0.07535 0)
(1.87087 -0.488892 0)
(1.98035 -0.20335 0)
(2.14318 0.0880614 0)
(2.21853 0.318456 0)
(2.28976 0.390099 0)
(2.36012 0.546152 0)
(2.40649 0.511633 0)
(2.24785 0.199334 0)
(2.09268 0.0361245 0)
(2.00125 0.0746028 0)
(1.77428 -0.440258 0)
(1.91513 -0.16549 0)
(2.11589 0.125785 0)
(2.21286 0.365112 0)
(2.30162 0.462747 0)
(2.37367 0.580527 0)
(2.39104 0.504126 0)
(2.20359 0.140227 0)
(2.07666 0.0278638 0)
(1.99995 0.073132 0)
(1.68366 -0.396563 0)
(1.86189 -0.130528 0)
(2.09105 0.174871 0)
(2.20295 0.412986 0)
(2.29932 0.500419 0)
(2.38448 0.594474 0)
(2.37243 0.445153 0)
(2.17394 0.0814409 0)
(2.06639 0.0209793 0)
(2.0011 0.0687035 0)
(1.61999 -0.367397 0)
(1.82668 -0.0992736 0)
(2.06414 0.214688 0)
(2.19476 0.469022 0)
(2.29848 0.576143 0)
(2.3896 0.607586 0)
(2.35574 0.371904 0)
(2.17466 0.0564491 0)
(2.05897 0.0201635 0)
(2.00126 0.0631304 0)
(1.59555 -0.337798 0)
(1.81486 -0.0585824 0)
(2.04738 0.270322 0)
(2.18504 0.515925 0)
(2.28453 0.607106 0)
(2.37757 0.608083 0)
(2.32414 0.271251 0)
(2.17589 0.0378091 0)
(2.05151 0.0256835 0)
(2.00051 0.0575278 0)
(1.60063 -0.311687 0)
(1.82152 -0.0183936 0)
(2.03745 0.321486 0)
(2.17744 0.582292 0)
(2.2868 0.66304 0)
(2.35084 0.584724 0)
(2.2918 0.191302 0)
(2.16823 0.0195812 0)
(2.04176 0.0308801 0)
(1.9963 0.0551956 0)
(1.62747 -0.290054 0)
(1.8541 0.0423532 0)
(2.0416 0.390864 0)
(2.16265 0.627126 0)
(2.2943 0.673774 0)
(2.31249 0.501903 0)
(2.25024 0.129937 0)
(2.16054 0.013662 0)
(2.03163 0.033168 0)
(1.98859 0.0543236 0)
(1.6777 -0.261026 0)
(1.89428 0.0986331 0)
(2.05232 0.458475 0)
(2.15583 0.693011 0)
(2.27545 0.705024 0)
(2.26787 0.395202 0)
(2.22656 0.105952 0)
(2.15025 0.00753789 0)
(2.03247 0.0354829 0)
(1.97982 0.0501522 0)
(1.73246 -0.236463 0)
(1.96097 0.188848 0)
(2.06827 0.549016 0)
(2.16576 0.726318 0)
(2.23271 0.684246 0)
(2.19145 0.278317 0)
(2.21133 0.0802224 0)
(2.14494 0.00544867 0)
(2.03685 0.0367957 0)
(1.97075 0.0463598 0)
(1.80961 -0.188631 0)
(2.03161 0.268425 0)
(2.07158 0.612853 0)
(2.17248 0.763798 0)
(2.22248 0.585039 0)
(2.11169 0.172813 0)
(2.19465 0.0579037 0)
(2.14554 0.00144538 0)
(2.04165 0.0370403 0)
(1.96222 0.0432449 0)
(1.89454 -0.131225 0)
(2.11261 0.389149 0)
(2.07403 0.691022 0)
(2.16204 0.745596 0)
(2.19606 0.439696 0)
(2.07718 0.112833 0)
(2.16898 0.0420455 0)
(2.14667 0.00455629 0)
(2.0453 0.0429792 0)
(1.95289 0.042848 0)
(2.00126 0.00596594 0)
(2.14206 0.452593 0)
(2.0943 0.711894 0)
(2.14352 0.648198 0)
(2.14625 0.323172 0)
(2.05879 0.0751869 0)
(2.13793 0.026171 0)
(2.14448 0.0120486 0)
(2.0472 0.0517909 0)
(1.9432 0.0438662 0)
(2.00876 0.173899 0)
(2.1374 0.52651 0)
(2.12736 0.699897 0)
(2.12178 0.53129 0)
(2.07424 0.240936 0)
(2.03847 0.0468512 0)
(2.11143 0.0060388 0)
(2.13685 0.0139029 0)
(2.05024 0.0579204 0)
(1.9369 0.0428116 0)
(2.96079 -0.0150835 0)
(2.76915 0.0362081 0)
(2.04631 -0.0635424 0)
(1.64964 -0.0751975 0)
(1.64976 -0.0187406 0)
(1.75236 0.00632437 0)
(1.89394 0.0180236 0)
(2.05297 0.0226744 0)
(2.18909 0.0263004 0)
(2.23065 0.0258881 0)
(2.96176 -0.00988666 0)
(2.80228 0.0925361 0)
(2.00184 -0.252138 0)
(1.70369 -0.175074 0)
(1.65921 -0.0229048 0)
(1.75389 0.0300457 0)
(1.88949 0.0559752 0)
(2.04284 0.0648029 0)
(2.19246 0.0702998 0)
(2.24899 0.0610449 0)
(2.96113 -0.00402318 0)
(2.84466 0.0973749 0)
(1.87974 -0.396574 0)
(1.73501 -0.289292 0)
(1.69182 -0.0655021 0)
(1.7808 0.0441228 0)
(1.90902 0.0912019 0)
(2.04733 0.108387 0)
(2.17265 0.118847 0)
(2.2292 0.105686 0)
(2.9622 0.0058301 0)
(2.82261 0.0267846 0)
(1.83512 -0.487074 0)
(1.7596 -0.383094 0)
(1.70523 -0.102862 0)
(1.80925 0.0514181 0)
(1.92666 0.124448 0)
(2.0591 0.154234 0)
(2.18278 0.173949 0)
(2.2424 0.14995 0)
(2.96691 0.0156436 0)
(2.61718 -0.180729 0)
(1.81133 -0.503599 0)
(1.76102 -0.434449 0)
(1.76211 -0.18704 0)
(1.85193 0.0224311 0)
(1.93849 0.152393 0)
(2.0549 0.194865 0)
(2.16408 0.223845 0)
(2.22673 0.191622 0)
(2.97516 0.0248965 0)
(2.3288 -0.414997 0)
(1.76807 -0.50568 0)
(1.77582 -0.453921 0)
(1.82331 -0.261434 0)
(1.87009 0.0151637 0)
(1.95586 0.178371 0)
(2.06724 0.233052 0)
(2.17692 0.273748 0)
(2.23813 0.23651 0)
(2.99413 0.0273316 0)
(2.11648 -0.606041 0)
(1.75259 -0.509525 0)
(1.7934 -0.445328 0)
(1.86546 -0.318089 0)
(1.89495 -0.0507236 0)
(2.00299 0.160823 0)
(2.07789 0.256043 0)
(2.16579 0.318069 0)
(2.22623 0.279734 0)
(3.02532 -0.0170677 0)
(2.06255 -0.667785 0)
(1.75807 -0.502615 0)
(1.82224 -0.413773 0)
(1.89113 -0.323886 0)
(1.93559 -0.109213 0)
(2.03012 0.141579 0)
(2.09528 0.287259 0)
(2.16458 0.360638 0)
(2.22318 0.322223 0)
(2.88262 -0.236172 0)
(1.91603 -0.703814 0)
(1.74544 -0.515561 0)
(1.83112 -0.381854 0)
(1.91236 -0.292033 0)
(1.96473 -0.15056 0)
(2.04163 0.0911088 0)
(2.13618 0.277106 0)
(2.17003 0.381269 0)
(2.21734 0.351735 0)
(2.4709 -0.558459 0)
(1.70628 -0.678495 0)
(1.72834 -0.511625 0)
(1.82404 -0.355053 0)
(1.92138 -0.25757 0)
(1.98315 -0.160789 0)
(2.07119 0.0426073 0)
(2.171 0.253333 0)
(2.17602 0.399757 0)
(2.21434 0.371208 0)
(2.10906 -0.666453 0)
(1.57503 -0.648225 0)
(1.69925 -0.503673 0)
(1.82313 -0.34122 0)
(1.93159 -0.228879 0)
(2.00433 -0.142245 0)
(2.1006 0.0153877 0)
(2.19272 0.215852 0)
(2.19127 0.396572 0)
(2.21057 0.376627 0)
(1.93026 -0.750229 0)
(1.54999 -0.643163 0)
(1.69455 -0.506255 0)
(1.83973 -0.331314 0)
(1.94733 -0.202762 0)
(2.02249 -0.119465 0)
(2.12619 0.0165426 0)
(2.21082 0.194027 0)
(2.21359 0.382186 0)
(2.20333 0.36645 0)
(1.77653 -0.814528 0)
(1.5538 -0.634405 0)
(1.72381 -0.483706 0)
(1.86826 -0.307887 0)
(1.97176 -0.170178 0)
(2.04716 -0.0901291 0)
(2.15495 0.0397861 0)
(2.22943 0.195356 0)
(2.23048 0.381984 0)
(2.19395 0.352701 0)
(1.67726 -0.753226 0)
(1.57731 -0.629924 0)
(1.74919 -0.467503 0)
(1.89187 -0.281724 0)
(1.99187 -0.139137 0)
(2.07355 -0.0650916 0)
(2.18358 0.0689308 0)
(2.25181 0.219081 0)
(2.23793 0.392642 0)
(2.18501 0.350671 0)
(1.556 -0.734072 0)
(1.61119 -0.634137 0)
(1.77558 -0.44905 0)
(1.91618 -0.246586 0)
(2.0152 -0.102303 0)
(2.11256 -0.0253479 0)
(2.21374 0.0999185 0)
(2.27376 0.259943 0)
(2.24879 0.421022 0)
(2.17739 0.345751 0)
(1.50096 -0.707844 0)
(1.63136 -0.621815 0)
(1.79261 -0.435167 0)
(1.93012 -0.218564 0)
(2.03142 -0.070533 0)
(2.13857 0.0119961 0)
(2.24544 0.136835 0)
(2.28428 0.295454 0)
(2.27287 0.43392 0)
(2.15597 0.307436 0)
(1.51469 -0.69863 0)
(1.65841 -0.598032 0)
(1.81534 -0.411832 0)
(1.95339 -0.181397 0)
(2.05345 -0.0329952 0)
(2.16443 0.0599803 0)
(2.27393 0.172305 0)
(2.30749 0.350228 0)
(2.29082 0.461622 0)
(2.12927 0.265341 0)
(1.5517 -0.685143 0)
(1.70056 -0.571627 0)
(1.84093 -0.382113 0)
(1.97652 -0.143995 0)
(2.07843 0.00526637 0)
(2.19123 0.114626 0)
(2.30532 0.220822 0)
(2.32782 0.38163 0)
(2.2973 0.450679 0)
(2.09771 0.214977 0)
(1.58911 -0.67061 0)
(1.7474 -0.538586 0)
(1.87892 -0.341183 0)
(2.00745 -0.0962531 0)
(2.10845 0.053315 0)
(2.21552 0.169113 0)
(2.33304 0.269072 0)
(2.34932 0.423012 0)
(2.29006 0.426308 0)
(2.06938 0.163651 0)
(1.67751 -0.665337 0)
(1.84617 -0.510703 0)
(1.95068 -0.288575 0)
(2.0469 -0.0408601 0)
(2.13573 0.0903112 0)
(2.24362 0.234388 0)
(2.36194 0.324912 0)
(2.35953 0.456207 0)
(2.2661 0.367849 0)
(2.05509 0.130974 0)
(1.67751 0.665547 0)
(1.84619 0.510802 0)
(1.95071 0.288639 0)
(2.04694 0.0409275 0)
(2.13576 -0.0902614 0)
(2.24363 -0.234381 0)
(2.36193 -0.324937 0)
(2.35952 -0.456213 0)
(2.2661 -0.367865 0)
(2.05509 -0.130978 0)
(1.58915 0.67081 0)
(1.74744 0.538674 0)
(1.87896 0.341243 0)
(2.00748 0.0963197 0)
(2.10847 -0.0532763 0)
(2.21552 -0.169111 0)
(2.33302 -0.26908 0)
(2.34931 -0.423017 0)
(2.29006 -0.426311 0)
(2.06938 -0.163654 0)
(1.55171 0.685361 0)
(1.7006 0.571726 0)
(1.84097 0.382181 0)
(1.97655 0.14405 0)
(2.07845 -0.00524951 0)
(2.19122 -0.114637 0)
(2.30531 -0.220845 0)
(2.32781 -0.381629 0)
(2.2973 -0.450678 0)
(2.09771 -0.214978 0)
(1.51471 0.698848 0)
(1.65844 0.59813 0)
(1.81537 0.411903 0)
(1.9534 0.181442 0)
(2.05346 0.0329967 0)
(2.16442 -0.0599964 0)
(2.27392 -0.172316 0)
(2.30749 -0.350224 0)
(2.29082 -0.461621 0)
(2.12927 -0.265341 0)
(1.50098 0.707991 0)
(1.63139 0.621914 0)
(1.79264 0.435224 0)
(1.93014 0.218585 0)
(2.03142 0.0705138 0)
(2.13856 -0.012021 0)
(2.24543 -0.136842 0)
(2.28427 -0.295449 0)
(2.27287 -0.433918 0)
(2.15597 -0.307436 0)
(1.55597 0.734238 0)
(1.61119 0.634253 0)
(1.77558 0.449103 0)
(1.91618 0.246585 0)
(2.01519 0.10227 0)
(2.11256 0.0253226 0)
(2.21374 -0.0999206 0)
(2.27376 -0.259934 0)
(2.24879 -0.421018 0)
(2.17739 -0.345751 0)
(1.67731 0.753284 0)
(1.57733 0.62995 0)
(1.74918 0.467519 0)
(1.89186 0.281704 0)
(1.99187 0.139095 0)
(2.07355 0.0650666 0)
(2.18359 -0.0689278 0)
(2.25181 -0.219072 0)
(2.23793 -0.392637 0)
(2.18501 -0.35067 0)
(1.77663 0.814543 0)
(1.55381 0.634403 0)
(1.7238 0.483696 0)
(1.86825 0.307846 0)
(1.97175 0.170134 0)
(2.04717 0.0901124 0)
(2.15496 -0.0397784 0)
(2.22943 -0.195348 0)
(2.23047 -0.381979 0)
(2.19394 -0.352698 0)
(1.9304 0.750178 0)
(1.55002 0.643102 0)
(1.69454 0.506215 0)
(1.83972 0.331269 0)
(1.94732 0.202728 0)
(2.0225 0.119458 0)
(2.12619 -0.0165331 0)
(2.21082 -0.194021 0)
(2.21358 -0.382183 0)
(2.20332 -0.366447 0)
(2.10921 0.666344 0)
(1.57506 0.648174 0)
(1.69923 0.503633 0)
(1.82312 0.341182 0)
(1.93158 0.228857 0)
(2.00434 0.142245 0)
(2.1006 -0.0153813 0)
(2.19272 -0.215851 0)
(2.19126 -0.396572 0)
(2.21057 -0.376625 0)
(2.47108 0.558281 0)
(1.7063 0.678444 0)
(1.72832 0.511576 0)
(1.82403 0.355028 0)
(1.92138 0.25756 0)
(1.98316 0.160791 0)
(2.07119 -0.0426092 0)
(2.17099 -0.253337 0)
(2.17602 -0.39976 0)
(2.21434 -0.371207 0)
(2.88271 0.236023 0)
(1.91606 0.703759 0)
(1.74542 0.515519 0)
(1.83111 0.38184 0)
(1.91235 0.292031 0)
(1.96474 0.150562 0)
(2.04164 -0.0911121 0)
(2.13618 -0.27711 0)
(2.17002 -0.381273 0)
(2.21734 -0.351736 0)
(3.02533 0.0170251 0)
(2.06255 0.667739 0)
(1.75806 0.502598 0)
(1.82223 0.413768 0)
(1.89113 0.323886 0)
(1.9356 0.109215 0)
(2.03012 -0.141579 0)
(2.09528 -0.287259 0)
(2.16457 -0.360641 0)
(2.22318 -0.322224 0)
(2.99413 -0.0273337 0)
(2.11649 0.606005 0)
(1.75259 0.509516 0)
(1.79339 0.445323 0)
(1.86547 0.318085 0)
(1.89496 0.0507264 0)
(2.003 -0.160819 0)
(2.07789 -0.256041 0)
(2.16579 -0.318071 0)
(2.22623 -0.279735 0)
(2.97516 -0.0248935 0)
(2.32877 0.415011 0)
(1.76807 0.505663 0)
(1.77582 0.453909 0)
(1.82332 0.261423 0)
(1.8701 -0.015156 0)
(1.95586 -0.178361 0)
(2.06724 -0.233047 0)
(2.17691 -0.273749 0)
(2.23812 -0.236511 0)
(2.96691 -0.0156399 0)
(2.61716 0.180743 0)
(1.81134 0.503592 0)
(1.76102 0.434432 0)
(1.76212 0.187026 0)
(1.85193 -0.0224259 0)
(1.93849 -0.152382 0)
(2.0549 -0.194861 0)
(2.16408 -0.223846 0)
(2.22673 -0.191623 0)
(2.9622 -0.00582524 0)
(2.82261 -0.0267827 0)
(1.83514 0.487072 0)
(1.75961 0.383075 0)
(1.70524 0.102854 0)
(1.80924 -0.0514071 0)
(1.92666 -0.124437 0)
(2.0591 -0.154231 0)
(2.18278 -0.173951 0)
(2.2424 -0.149951 0)
(2.96113 0.00402809 0)
(2.84466 -0.0973771 0)
(1.87976 0.39656 0)
(1.73502 0.289273 0)
(1.69181 0.0654934 0)
(1.7808 -0.0441121 0)
(1.90902 -0.0911925 0)
(2.04734 -0.108384 0)
(2.17266 -0.118848 0)
(2.2292 -0.105687 0)
(2.96176 0.00989001 0)
(2.80228 -0.092537 0)
(2.00186 0.252123 0)
(1.70369 0.175062 0)
(1.6592 0.0229035 0)
(1.75388 -0.0300411 0)
(1.88949 -0.0559701 0)
(2.04285 -0.0648007 0)
(2.19246 -0.0703006 0)
(2.24899 -0.0610462 0)
(2.96079 0.0150866 0)
(2.76916 -0.0362043 0)
(2.04634 0.0635355 0)
(1.64962 0.0751917 0)
(1.64974 0.0187406 0)
(1.75235 -0.00632304 0)
(1.89393 -0.0180219 0)
(2.05298 -0.0226737 0)
(2.1891 -0.0263011 0)
(2.23065 -0.025889 0)
(2.98991 0.0138417 0)
(2.9886 0.0159188 0)
(2.98714 0.0176378 0)
(2.98474 0.0219263 0)
(2.98302 0.0232309 0)
(2.97992 0.0299708 0)
(3.01191 0.0414362 0)
(1.82501 0.681499 0)
(1.42757 0.733034 0)
(1.49121 0.71759 0)
(2.99267 0.00620336 0)
(2.99166 0.00769654 0)
(2.99072 0.00799273 0)
(2.98881 0.0108721 0)
(2.98742 0.0113357 0)
(2.98392 0.0156122 0)
(2.98501 0.0163521 0)
(2.74877 0.309132 0)
(1.49685 0.734159 0)
(1.44565 0.719203 0)
(2.99381 0.00266853 0)
(2.9931 0.00319116 0)
(2.99222 0.00343956 0)
(2.99095 0.00427339 0)
(2.98951 0.0049869 0)
(2.9873 0.0062945 0)
(2.9855 0.00770027 0)
(3.02058 0.00822086 0)
(1.93369 0.638411 0)
(1.44002 0.731456 0)
(2.99421 0.000669012 0)
(2.99359 0.00080969 0)
(2.99278 0.00092819 0)
(2.99171 0.000849983 0)
(2.99038 0.00135843 0)
(2.98875 0.00112102 0)
(2.98592 0.00286275 0)
(2.98606 0.00144346 0)
(2.84149 0.245045 0)
(1.59669 0.740106 0)
(2.99416 0.000254158 0)
(2.99354 0.000118907 0)
(2.99272 0.000358553 0)
(2.99171 -8.36083e-05 0)
(2.9904 0.000298546 0)
(2.98891 -0.000245382 0)
(2.98662 0.000425994 0)
(2.98455 -4.80495e-05 0)
(3.01811 -0.00243323 0)
(2.03285 0.648494 0)
(2.994 -0.000256907 0)
(2.99338 -0.000185599 0)
(2.9925 -0.000330843 0)
(2.99147 -0.00029022 0)
(2.9902 -0.000687654 0)
(2.98865 -0.000102257 0)
(2.98681 -0.00112938 0)
(2.9838 0.000414689 0)
(2.98357 -0.00256379 0)
(2.8148 0.282741 0)
(2.99394 -0.00053257 0)
(2.99331 -0.000369045 0)
(2.99245 -0.000629991 0)
(2.99138 -0.000482351 0)
(2.99009 -0.00087918 0)
(2.98846 -0.000297926 0)
(2.98656 -0.000983127 0)
(2.98383 -3.29462e-05 0)
(2.98121 -0.00111292 0)
(3.02385 0.00196927 0)
(2.99389 -0.000296127 0)
(2.99324 -0.00034278 0)
(2.99243 -0.000248804 0)
(2.99138 -0.000534351 0)
(2.99012 -0.000272185 0)
(2.98848 -0.000612179 0)
(2.9865 -5.35609e-05 0)
(2.98411 -0.000974742 0)
(2.97953 0.000468399 0)
(2.98481 -0.00331085 0)
(2.99396 0.000131792 0)
(2.99335 -6.03594e-05 0)
(2.99254 0.000316241 0)
(2.99152 -0.000154764 0)
(2.99025 0.000478759 0)
(2.9886 -0.000338421 0)
(2.98654 0.000715238 0)
(2.98417 -0.000874335 0)
(2.97942 0.00109901 0)
(2.98264 -0.002905 0)
(2.99416 0.000314326 0)
(2.99355 0.000105274 0)
(2.99271 0.000580422 0)
(2.99165 4.96019e-05 0)
(2.99032 0.00080872 0)
(2.98864 -0.00012709 0)
(2.98654 0.00114971 0)
(2.98409 -0.000727232 0)
(2.97934 0.0014484 0)
(2.98243 -0.00267932 0)
(2.99428 0.000126387 0)
(2.99366 -8.246e-05 0)
(2.99279 0.000370259 0)
(2.99172 -0.000148507 0)
(2.99035 0.000652392 0)
(2.98865 -0.00032229 0)
(2.98649 0.00108196 0)
(2.98395 -0.00093484 0)
(2.97951 0.00187952 0)
(2.98012 -0.0033445 0)
(2.99425 -3.70302e-05 0)
(2.99363 -0.000161908 0)
(2.99275 2.49884e-05 0)
(2.9917 -0.000282063 0)
(2.9903 0.000127983 0)
(2.98865 -0.000502548 0)
(2.98638 0.000549372 0)
(2.98374 -0.00101768 0)
(2.9797 0.00162481 0)
(2.97703 -0.00242765 0)
(2.99425 -0.000139361 0)
(2.99364 -2.1186e-05 0)
(2.99279 -0.000345359 0)
(2.99175 -4.60561e-05 0)
(2.99039 -0.000571727 0)
(2.98874 -0.000138887 0)
(2.98647 -0.000803867 0)
(2.98377 -0.000313742 0)
(2.97968 -0.000590002 0)
(2.97593 -0.000711203 0)
(2.9943 -0.000191337 0)
(2.99369 -2.03612e-05 0)
(2.99284 -0.000479576 0)
(2.99181 -5.53322e-05 0)
(2.99046 -0.000854159 0)
(2.98885 -6.43398e-05 0)
(2.98672 -0.00141481 0)
(2.98411 0.000124245 0)
(2.98052 -0.00256844 0)
(2.97626 0.00156307 0)
(2.99423 -0.000130235 0)
(2.99363 5.93162e-05 0)
(2.99278 -0.000425785 0)
(2.99176 1.18999e-05 0)
(2.99043 -0.000835299 0)
(2.98884 -1.71786e-05 0)
(2.98674 -0.0014961 0)
(2.98419 9.87833e-05 0)
(2.98069 -0.0026689 0)
(2.97746 0.0017766 0)
(2.99412 -6.12569e-05 0)
(2.99351 0.00014161 0)
(2.99265 -0.000350022 0)
(2.99163 9.12257e-05 0)
(2.99031 -0.000744707 0)
(2.98872 4.76442e-05 0)
(2.98665 -0.0013801 0)
(2.98411 0.000164172 0)
(2.98068 -0.0023856 0)
(2.97766 0.0016847 0)
(2.99402 -3.52251e-05 0)
(2.9934 0.000172785 0)
(2.99255 -0.00028829 0)
(2.99151 0.000135887 0)
(2.9902 -0.000602657 0)
(2.98856 0.000105163 0)
(2.98653 -0.00104951 0)
(2.98393 0.000139157 0)
(2.98058 -0.00168536 0)
(2.97655 0.000823448 0)
(2.99394 -4.71134e-05 0)
(2.99331 0.000124014 0)
(2.99247 -0.000190143 0)
(2.99141 2.30116e-05 0)
(2.99013 -0.000286285 0)
(2.98847 -0.000150937 0)
(2.98645 -0.000292248 0)
(2.98374 -0.000629879 0)
(2.98037 -7.84506e-05 0)
(2.97602 -0.00162216 0)
(2.99391 3.9023e-05 0)
(2.99327 8.51287e-06 0)
(2.99244 3.44215e-05 0)
(2.99139 -0.000213372 0)
(2.99012 8.48051e-05 0)
(2.98849 -0.000427161 0)
(2.98649 0.000256177 0)
(2.98388 -0.000914788 0)
(2.98042 0.000758062 0)
(2.97623 -0.00193025 0)
(2.99391 0.000143495 0)
(2.99328 1.56391e-05 0)
(2.99245 0.000204449 0)
(2.99143 -0.000182098 0)
(2.99015 0.000289373 0)
(2.98858 -0.000402956 0)
(2.98654 0.00046603 0)
(2.984 -0.000811634 0)
(2.98035 0.00106702 0)
(2.97638 -0.00153186 0)
(3 -6.18597e-14 0)
(3 -4.0334e-14 0)
(3 1.47166e-13 0)
(3 2.60981e-13 0)
(3 -1.60098e-11 0)
(3 2.21372e-09 0)
(3 4.52081e-09 0)
(3 1.22311e-06 0)
(3 -0.000107335 0)
(2.99423 0.00785506 0)
(3 -2.46416e-15 0)
(3 4.23637e-14 0)
(3 4.67069e-14 0)
(3 1.51206e-13 0)
(3 -1.48804e-11 0)
(3 3.08198e-09 0)
(3 -2.41401e-08 0)
(3 2.79574e-07 0)
(2.99999 -8.40794e-05 0)
(2.99563 0.00404441 0)
(3 2.23072e-15 0)
(3 3.0028e-14 0)
(3 -5.6971e-14 0)
(3 4.75451e-14 0)
(3 -1.40581e-11 0)
(3 3.33631e-09 0)
(3 -2.46345e-08 0)
(3 -7.23804e-07 0)
(2.99998 -6.32019e-05 0)
(2.99633 0.00182725 0)
(3 -3.94935e-14 0)
(3 -1.07685e-14 0)
(3 -1.41493e-14 0)
(3 -4.76641e-15 0)
(3 -1.35876e-11 0)
(3 3.36524e-09 0)
(3 -1.09139e-07 0)
(3 -4.28645e-07 0)
(2.99997 -3.83398e-05 0)
(2.99656 0.000542613 0)
(3 5.57536e-14 0)
(3 5.08049e-14 0)
(3 2.09929e-14 0)
(3 4.86383e-14 0)
(3 -1.28843e-11 0)
(3 3.31983e-09 0)
(3 -1.52056e-07 0)
(3 1.10742e-06 0)
(2.99997 -1.46029e-05 0)
(2.99658 -7.39379e-05 0)
(3 1.53476e-14 0)
(3 2.19148e-14 0)
(3 6.41212e-14 0)
(3 1.19015e-13 0)
(3 -1.24198e-11 0)
(3 3.25965e-09 0)
(3 -1.66973e-07 0)
(3 6.15129e-07 0)
(2.99997 7.13684e-06 0)
(2.99649 -0.000166122 0)
(3 1.67763e-14 0)
(3 3.48457e-14 0)
(3 7.58488e-14 0)
(3 1.26267e-13 0)
(3 -1.14022e-11 0)
(3 3.1576e-09 0)
(3 -1.65704e-07 0)
(3 3.47979e-07 0)
(2.99997 2.08651e-05 0)
(2.99643 -0.000210317 0)
(3 6.84532e-14 0)
(3 -4.48916e-15 0)
(3 -6.80371e-14 0)
(3 1.53402e-14 0)
(3 -1.01472e-11 0)
(3 3.07012e-09 0)
(3 -1.54738e-07 0)
(3 -2.70762e-07 0)
(2.99997 2.89048e-05 0)
(2.99639 -0.000379428 0)
(3 2.09222e-14 0)
(3 -1.33619e-13 0)
(3 -2.10036e-13 0)
(3 1.26594e-13 0)
(3 -8.70951e-12 0)
(3 2.93162e-09 0)
(3 -1.38285e-07 0)
(3 -6.8491e-07 0)
(2.99997 3.2324e-05 0)
(2.99648 -0.000546045 0)
(3 -6.64472e-14 0)
(3 -4.94526e-14 0)
(3 -1.6511e-13 0)
(3 -1.96855e-14 0)
(3 -6.85822e-12 0)
(3 2.80112e-09 0)
(3 -1.20302e-07 0)
(3 -9.3084e-07 0)
(2.99996 3.14301e-05 0)
(2.99664 -0.00033747 0)
(3 -3.15998e-14 0)
(3 9.80298e-14 0)
(3 4.23303e-14 0)
(3 1.23642e-13 0)
(3 -5.79216e-12 0)
(3 2.62667e-09 0)
(3 -1.04124e-07 0)
(3 -9.08022e-07 0)
(2.99996 3.00321e-05 0)
(2.99669 -0.000317293 0)
(3 1.0651e-14 0)
(3 5.13311e-14 0)
(3 1.05716e-13 0)
(3 1.82952e-13 0)
(3 -4.76837e-12 0)
(3 2.45985e-09 0)
(3 -8.94146e-08 0)
(3 -7.84003e-07 0)
(2.99996 2.61738e-05 0)
(2.99665 -8.69837e-05 0)
(3 -1.70853e-14 0)
(3 -7.20859e-15 0)
(3 3.89267e-14 0)
(3 9.36626e-14 0)
(3 -3.73494e-12 0)
(3 2.23147e-09 0)
(3 -7.60442e-08 0)
(3 -6.71823e-07 0)
(2.99996 1.92221e-05 0)
(2.99666 0.000262403 0)
(3 -1.81034e-14 0)
(3 -3.47257e-14 0)
(3 -4.6367e-14 0)
(3 2.04188e-13 0)
(3 -3.35689e-12 0)
(3 2.05082e-09 0)
(3 -6.3505e-08 0)
(3 -5.49779e-07 0)
(2.99996 1.40055e-05 0)
(2.99672 0.000408438 0)
(3 -2.44511e-14 0)
(3 -1.71502e-13 0)
(3 -1.94812e-13 0)
(3 1.02496e-13 0)
(3 -3.25751e-12 0)
(3 1.68894e-09 0)
(3 -5.13129e-08 0)
(3 -4.29917e-07 0)
(2.99996 9.76053e-06 0)
(2.99669 0.000544073 0)
(3 -2.48467e-14 0)
(3 -1.61443e-13 0)
(3 -1.65179e-13 0)
(3 -2.79153e-14 0)
(3 -3.69894e-12 0)
(3 1.32485e-09 0)
(3 -3.97315e-08 0)
(3 -3.19456e-07 0)
(2.99996 5.9695e-06 0)
(2.99662 0.000635553 0)
(3 1.56215e-14 0)
(3 -2.75674e-14 0)
(3 9.49744e-15 0)
(3 7.71251e-14 0)
(3 -3.80308e-12 0)
(3 7.7458e-10 0)
(3 -2.92404e-08 0)
(3 -2.26789e-07 0)
(2.99996 3.34226e-06 0)
(2.99655 0.00066114 0)
(3 2.29611e-17 0)
(3 7.75543e-14 0)
(3 1.16581e-13 0)
(3 2.12187e-13 0)
(3 -1.46224e-12 0)
(3 1.26756e-10 0)
(3 -1.95006e-08 0)
(3 -1.43597e-07 0)
(2.99997 1.59899e-06 0)
(2.99649 0.000602998 0)
(3 -3.99657e-14 0)
(3 -4.70311e-14 0)
(3 -7.29913e-14 0)
(3 1.20002e-13 0)
(3 -1.74182e-12 0)
(3 -3.00039e-10 0)
(3 -1.05588e-08 0)
(3 -8.28758e-08 0)
(2.99997 6.56806e-07 0)
(2.99642 0.000414261 0)
(3 8.28794e-15 0)
(3 -3.88849e-14 0)
(3 -5.93807e-14 0)
(3 1.01577e-13 0)
(3 -1.06226e-12 0)
(3 1.32971e-09 0)
(3 -2.97323e-09 0)
(3 -5.17676e-09 0)
(2.99997 4.87165e-08 0)
(2.99641 0.000146371 0)
(3 -8.064e-14 0)
(3 -8.76015e-14 0)
(3 -3.60941e-14 0)
(3 -1.45884e-13 0)
(3 1.01784e-12 0)
(3 -1.33435e-09 0)
(3 2.9841e-09 0)
(3 4.90536e-09 0)
(2.99997 -4.81219e-08 0)
(2.99641 -0.000146445 0)
(3 -5.42787e-14 0)
(3 -2.26204e-14 0)
(3 2.01802e-14 0)
(3 -2.09444e-14 0)
(3 2.01908e-12 0)
(3 3.04802e-10 0)
(3 1.05743e-08 0)
(3 8.26427e-08 0)
(2.99997 -6.56612e-07 0)
(2.99642 -0.000414334 0)
(3 4.21663e-14 0)
(3 -3.75654e-15 0)
(3 2.12675e-15 0)
(3 -1.02327e-13 0)
(3 1.70092e-12 0)
(3 -1.26816e-10 0)
(3 1.95139e-08 0)
(3 1.42924e-07 0)
(2.99997 -1.59551e-06 0)
(2.99649 -0.000602914 0)
(3 -3.67784e-15 0)
(3 -8.95656e-14 0)
(3 -1.45329e-14 0)
(3 -1.2963e-13 0)
(3 3.62577e-12 0)
(3 -7.77807e-10 0)
(3 2.92452e-08 0)
(3 2.26015e-07 0)
(2.99996 -3.33631e-06 0)
(2.99655 -0.000661014 0)
(3 -8.11415e-14 0)
(3 -7.92089e-14 0)
(3 -4.68686e-14 0)
(3 -1.31077e-13 0)
(3 3.74002e-12 0)
(3 -1.32868e-09 0)
(3 3.97323e-08 0)
(3 3.18409e-07 0)
(2.99996 -5.96195e-06 0)
(2.99662 -0.000635394 0)
(3 -1.00243e-14 0)
(3 -9.08992e-14 0)
(3 -1.41744e-13 0)
(3 -2.83332e-13 0)
(3 3.38431e-12 0)
(3 -1.69258e-09 0)
(3 5.13097e-08 0)
(3 4.28613e-07 0)
(2.99996 -9.74967e-06 0)
(2.99669 -0.000543982 0)
(3 -2.82301e-14 0)
(3 -1.36626e-13 0)
(3 -1.4399e-13 0)
(3 -3.40342e-13 0)
(3 3.12617e-12 0)
(3 -2.05438e-09 0)
(3 6.35034e-08 0)
(3 5.48246e-07 0)
(2.99996 -1.39906e-05 0)
(2.99672 -0.000408424 0)
(3 -5.16361e-14 0)
(3 -9.00589e-14 0)
(3 -4.77761e-14 0)
(3 -2.84058e-13 0)
(3 3.63523e-12 0)
(3 -2.23401e-09 0)
(3 7.60673e-08 0)
(3 6.70062e-07 0)
(2.99996 -1.92001e-05 0)
(2.99666 -0.000262456 0)
(3 -2.15837e-14 0)
(3 5.52878e-14 0)
(3 -1.13297e-15 0)
(3 -2.27467e-13 0)
(3 4.42964e-12 0)
(3 -2.46154e-09 0)
(3 8.94393e-08 0)
(3 7.82014e-07 0)
(2.99996 -2.61541e-05 0)
(2.99665 8.68829e-05 0)
(3 2.75982e-14 0)
(3 3.33864e-14 0)
(3 -9.15108e-14 0)
(3 -1.9739e-13 0)
(3 5.54295e-12 0)
(3 -2.62795e-09 0)
(3 1.04136e-07 0)
(3 9.05809e-07 0)
(2.99996 -3.00126e-05 0)
(2.99669 0.000317167 0)
(3 1.02253e-13 0)
(3 4.9531e-14 0)
(3 -3.89291e-14 0)
(3 -1.68751e-13 0)
(3 7.20814e-12 0)
(3 -2.80197e-09 0)
(3 1.20316e-07 0)
(3 9.28612e-07 0)
(2.99996 -3.14094e-05 0)
(2.99664 0.000337348 0)
(3 5.73773e-14 0)
(3 5.77811e-14 0)
(3 1.06015e-13 0)
(3 -5.8875e-14 0)
(3 8.48926e-12 0)
(3 -2.93232e-09 0)
(3 1.383e-07 0)
(3 6.82311e-07 0)
(2.99997 -3.23054e-05 0)
(2.99648 0.000545924 0)
(3 -1.85078e-14 0)
(3 -4.38468e-14 0)
(3 1.34724e-13 0)
(3 4.70065e-14 0)
(3 1.0668e-11 0)
(3 -3.06974e-09 0)
(3 1.54753e-07 0)
(3 2.67905e-07 0)
(2.99997 -2.889e-05 0)
(2.99639 0.00037933 0)
(3 -6.96976e-14 0)
(3 -1.2276e-14 0)
(3 1.07497e-13 0)
(3 -3.52738e-14 0)
(3 1.12459e-11 0)
(3 -3.15781e-09 0)
(3 1.65718e-07 0)
(3 -3.50824e-07 0)
(2.99997 -2.08565e-05 0)
(2.99643 0.000210229 0)
(3 -1.01145e-14 0)
(3 -5.36687e-14 0)
(3 -1.77356e-15 0)
(3 -1.1837e-13 0)
(3 1.22567e-11 0)
(3 -3.25984e-09 0)
(3 1.66989e-07 0)
(3 -6.18413e-07 0)
(2.99997 -7.13402e-06 0)
(2.99649 0.000166097 0)
(3 6.04872e-14 0)
(3 -1.60569e-15 0)
(3 1.83189e-14 0)
(3 -8.66612e-14 0)
(3 1.29063e-11 0)
(3 -3.31995e-09 0)
(3 1.52066e-07 0)
(3 -1.10957e-06 0)
(2.99997 1.46217e-05 0)
(2.99658 7.39125e-05 0)
(3 9.36272e-14 0)
(3 1.38365e-13 0)
(3 1.36895e-13 0)
(3 -5.01034e-15 0)
(3 1.35312e-11 0)
(3 -3.36531e-09 0)
(3 1.0916e-07 0)
(3 4.26174e-07 0)
(2.99997 3.84146e-05 0)
(2.99656 -0.000542488 0)
(3 3.43698e-14 0)
(3 1.11851e-13 0)
(3 -3.82204e-15 0)
(3 -1.01935e-13 0)
(3 1.39379e-11 0)
(3 -3.33617e-09 0)
(3 2.47557e-08 0)
(3 7.22269e-07 0)
(2.99998 6.33221e-05 0)
(2.99633 -0.00182839 0)
(3 -2.17237e-14 0)
(3 1.05336e-13 0)
(3 -3.90189e-15 0)
(3 -1.88537e-13 0)
(3 1.48155e-11 0)
(3 -3.0824e-09 0)
(3 2.42939e-08 0)
(3 -2.80521e-07 0)
(2.99999 8.41067e-05 0)
(2.99563 -0.00404825 0)
(3 3.146e-14 0)
(3 -2.13912e-14 0)
(3 3.79101e-14 0)
(3 -2.19771e-13 0)
(3 1.59205e-11 0)
(3 -2.21347e-09 0)
(3 -4.51657e-09 0)
(3 -1.22165e-06 0)
(3 0.000107032 0)
(2.99422 -0.00786112 0)
(2.99391 -0.000142626 0)
(2.99328 -1.46058e-05 0)
(2.99245 -0.00020422 0)
(2.99143 0.000182245 0)
(2.99015 -0.000289423 0)
(2.98858 0.000402535 0)
(2.98654 -0.000466173 0)
(2.984 0.000811735 0)
(2.98035 -0.00106672 0)
(2.97638 0.00153193 0)
(2.99391 -3.81922e-05 0)
(2.99327 -7.42159e-06 0)
(2.99244 -3.43132e-05 0)
(2.99139 0.000213501 0)
(2.99012 -8.45652e-05 0)
(2.98849 0.000426716 0)
(2.98648 -0.000256144 0)
(2.98388 0.000914978 0)
(2.98042 -0.000757275 0)
(2.97622 0.00193052 0)
(2.99394 4.75113e-05 0)
(2.99331 -0.000123406 0)
(2.99247 0.000190344 0)
(2.99141 -2.29163e-05 0)
(2.99013 0.000286877 0)
(2.98847 0.000150481 0)
(2.98645 0.000292817 0)
(2.98374 0.000630035 0)
(2.98037 8.00518e-05 0)
(2.97602 0.00162191 0)
(2.99402 3.55471e-05 0)
(2.9934 -0.000172358 0)
(2.99255 0.000288549 0)
(2.99151 -0.000135709 0)
(2.9902 0.000603092 0)
(2.98856 -0.000105074 0)
(2.98653 0.00105005 0)
(2.98393 -0.000138545 0)
(2.98058 0.0016869 0)
(2.97655 -0.000823894 0)
(2.99412 6.15179e-05 0)
(2.99351 -0.000141285 0)
(2.99265 0.00035024 0)
(2.99163 -9.10161e-05 0)
(2.99031 0.000745124 0)
(2.98872 -4.73338e-05 0)
(2.98665 0.00138051 0)
(2.98411 -0.0001634 0)
(2.98069 0.00238659 0)
(2.97766 -0.00168417 0)
(2.99423 0.00013035 0)
(2.99363 -5.91524e-05 0)
(2.99278 0.000425835 0)
(2.99176 -1.18783e-05 0)
(2.99043 0.000835484 0)
(2.98884 1.72742e-05 0)
(2.98674 0.00149621 0)
(2.98419 -9.84223e-05 0)
(2.98069 0.0026692 0)
(2.97746 -0.00177635 0)
(2.9943 0.000191349 0)
(2.99369 2.03931e-05 0)
(2.99284 0.000479448 0)
(2.99181 5.51778e-05 0)
(2.99046 0.000854067 0)
(2.98885 6.41954e-05 0)
(2.98672 0.00141465 0)
(2.98411 -0.000124176 0)
(2.98052 0.00256825 0)
(2.97626 -0.00156305 0)
(2.99425 0.000139373 0)
(2.99364 2.12284e-05 0)
(2.99279 0.000345132 0)
(2.99175 4.57635e-05 0)
(2.99039 0.000571517 0)
(2.98874 0.000138459 0)
(2.98647 0.000803358 0)
(2.98377 0.000313761 0)
(2.97968 0.000589389 0)
(2.97594 0.000711198 0)
(2.99425 3.71975e-05 0)
(2.99363 0.000162028 0)
(2.99275 -2.51658e-05 0)
(2.9917 0.000281722 0)
(2.9903 -0.000128196 0)
(2.98865 0.000501984 0)
(2.98638 -0.000549853 0)
(2.98374 0.00101727 0)
(2.9797 -0.00162546 0)
(2.97703 0.00242724 0)
(2.99428 -0.000126458 0)
(2.99366 8.2364e-05 0)
(2.99279 -0.000370494 0)
(2.99172 0.000148177 0)
(2.99035 -0.000652654 0)
(2.98865 0.000321783 0)
(2.98649 -0.00108243 0)
(2.98395 0.000934333 0)
(2.97951 -0.00187998 0)
(2.98012 0.00334341 0)
(2.99416 -0.000314468 0)
(2.99355 -0.000105453 0)
(2.99271 -0.000580672 0)
(2.99165 -4.99846e-05 0)
(2.99032 -0.000809075 0)
(2.98864 0.000126579 0)
(2.98654 -0.00115013 0)
(2.98409 0.00072657 0)
(2.97934 -0.00144884 0)
(2.98243 0.00267766 0)
(2.99396 -0.000131984 0)
(2.99335 6.00543e-05 0)
(2.99254 -0.000316507 0)
(2.99152 0.000154354 0)
(2.99025 -0.000479098 0)
(2.9886 0.000337833 0)
(2.98654 -0.000715636 0)
(2.98417 0.000873625 0)
(2.97942 -0.00109946 0)
(2.98264 0.00290359 0)
(2.99389 0.000296188 0)
(2.99324 0.000342513 0)
(2.99243 0.000248796 0)
(2.99138 0.000533865 0)
(2.99012 0.000272119 0)
(2.98848 0.000611469 0)
(2.9865 5.35477e-05 0)
(2.98411 0.000974052 0)
(2.97953 -0.000468775 0)
(2.98482 0.00331063 0)
(2.99394 0.000532468 0)
(2.99331 0.000368704 0)
(2.99245 0.000629892 0)
(2.99138 0.00048187 0)
(2.99009 0.00087916 0)
(2.98846 0.000297391 0)
(2.98656 0.000983409 0)
(2.98383 3.20822e-05 0)
(2.98121 0.00111285 0)
(3.02387 -0.00196062 0)
(2.994 0.00025663 0)
(2.99338 0.000185452 0)
(2.9925 0.000330716 0)
(2.99147 0.000289798 0)
(2.9902 0.000687577 0)
(2.98865 0.000102296 0)
(2.98681 0.0011301 0)
(2.9838 -0.000415211 0)
(2.98357 0.00256457 0)
(2.81473 -0.282671 0)
(2.99416 -0.000254441 0)
(2.99354 -0.000118808 0)
(2.99272 -0.000358911 0)
(2.99172 8.43381e-05 0)
(2.9904 -0.000298444 0)
(2.98891 0.000245888 0)
(2.98662 -0.000425276 0)
(2.98455 4.69308e-05 0)
(3.01809 0.00247085 0)
(2.03305 -0.648137 0)
(2.99421 -0.000669679 0)
(2.99359 -0.000809128 0)
(2.99278 -0.000929166 0)
(2.99171 -0.000848399 0)
(2.99038 -0.00135993 0)
(2.98875 -0.00111884 0)
(2.98592 -0.00286701 0)
(2.98605 -0.00144241 0)
(2.84199 -0.244548 0)
(1.59688 -0.739775 0)
(2.99381 -0.00267092 0)
(2.9931 -0.00319354 0)
(2.99222 -0.00344245 0)
(2.99095 -0.00427668 0)
(2.98951 -0.00499084 0)
(2.9873 -0.00629852 0)
(2.9855 -0.00770926 0)
(3.02055 -0.00810629 0)
(1.93442 -0.637897 0)
(1.44009 -0.731143 0)
(2.99267 -0.00620838 0)
(2.99165 -0.00770259 0)
(2.99072 -0.00799989 0)
(2.98881 -0.01088 0)
(2.98742 -0.0113475 0)
(2.98391 -0.0156239 0)
(2.98499 -0.0163714 0)
(2.75042 -0.307999 0)
(1.49728 -0.733859 0)
(1.44572 -0.718887 0)
(2.98991 -0.0138519 0)
(2.98859 -0.0159338 0)
(2.98714 -0.0176463 0)
(2.98473 -0.0219528 0)
(2.98302 -0.0232417 0)
(2.97991 -0.0300058 0)
(3.01203 -0.0411386 0)
(1.82603 -0.681003 0)
(1.42765 -0.732763 0)
(1.49126 -0.717323 0)
)
;

boundaryField
{
    inlet
    {
        type            fixedValue;
        value           uniform (3 0 0);
    }
    outlet
    {
        type            inletOutlet;
        inletValue      uniform (3 0 0);
        value           nonuniform List<vector> 
100
(
(2.05509 -0.130978 0)
(2.06938 -0.163654 0)
(2.09771 -0.214978 0)
(2.12927 -0.265341 0)
(2.15597 -0.307436 0)
(2.17739 -0.345751 0)
(2.18501 -0.35067 0)
(2.19394 -0.352698 0)
(2.20332 -0.366447 0)
(2.21057 -0.376625 0)
(2.21434 -0.371207 0)
(2.21734 -0.351736 0)
(2.22318 -0.322224 0)
(2.22623 -0.279735 0)
(2.23812 -0.236511 0)
(2.22673 -0.191623 0)
(2.2424 -0.149951 0)
(2.2292 -0.105687 0)
(2.24899 -0.0610462 0)
(2.23065 -0.025889 0)
(1.9369 -0.0421407 0)
(1.94334 -0.0438232 0)
(1.95288 -0.0433116 0)
(1.96215 -0.0434576 0)
(1.97074 -0.0462831 0)
(1.97982 -0.0499074 0)
(1.9886 -0.0541983 0)
(1.99631 -0.0552727 0)
(2.0005 -0.0575692 0)
(2.00128 -0.063071 0)
(2.00111 -0.0686191 0)
(1.99995 -0.0730995 0)
(2.00125 -0.0746705 0)
(2.00654 -0.0754208 0)
(2.01366 -0.0748643 0)
(2.01753 -0.0797741 0)
(2.0195 -0.084014 0)
(2.02514 -0.0900304 0)
(2.03222 -0.0973462 0)
(2.04021 -0.107428 0)
(1.93577 0.0380506 0)
(1.93881 0.0401553 0)
(1.94562 0.0474523 0)
(1.93973 0.0490833 0)
(1.89182 0.0515485 0)
(1.7773 0.0504742 0)
(1.61553 0.0473658 0)
(1.46127 0.035902 0)
(1.35748 0.0237194 0)
(1.31441 0.0123259 0)
(1.31418 -0.00878405 0)
(1.35622 -0.0273871 0)
(1.46127 -0.0354313 0)
(1.61608 -0.0471179 0)
(1.77733 -0.0511037 0)
(1.89163 -0.0517048 0)
(1.93958 -0.0480654 0)
(1.94542 -0.0476325 0)
(1.93886 -0.0414136 0)
(1.9357 -0.037716 0)
(2.04021 0.107442 0)
(2.03221 0.0973676 0)
(2.02514 0.0900522 0)
(2.01948 0.0840187 0)
(2.01753 0.0797745 0)
(2.01368 0.0748183 0)
(2.00655 0.07535 0)
(2.00125 0.0746028 0)
(1.99995 0.073132 0)
(2.0011 0.0687035 0)
(2.00126 0.0631304 0)
(2.00051 0.0575278 0)
(1.9963 0.0551956 0)
(1.98859 0.0543236 0)
(1.97982 0.0501522 0)
(1.97075 0.0463598 0)
(1.96222 0.0432449 0)
(1.95289 0.042848 0)
(1.9432 0.0438662 0)
(1.9369 0.0428116 0)
(2.23065 0.0258881 0)
(2.24899 0.0610449 0)
(2.2292 0.105686 0)
(2.2424 0.14995 0)
(2.22673 0.191622 0)
(2.23813 0.23651 0)
(2.22623 0.279734 0)
(2.22318 0.322223 0)
(2.21734 0.351735 0)
(2.21434 0.371208 0)
(2.21057 0.376627 0)
(2.20333 0.36645 0)
(2.19395 0.352701 0)
(2.18501 0.350671 0)
(2.17739 0.345751 0)
(2.15597 0.307436 0)
(2.12927 0.265341 0)
(2.09771 0.214977 0)
(2.06938 0.163651 0)
(2.05509 0.130974 0)
)
;
    }
    triangle
    {
        type            slip;
    }
    top
    {
        type            symmetryPlane;
    }
    bottom
    {
        type            symmetryPlane;
    }
    defaultFaces
    {
        type            empty;
    }
}


// ************************************************************************* //
