/*--------------------------------*- C++ -*----------------------------------*\
  =========                 |
  \\      /  F ield         | OpenFOAM: The Open Source CFD Toolbox
   \\    /   O peration     | Website:  https://openfoam.org
    \\  /    A nd           | Version:  7
     \\/     M anipulation  |
\*---------------------------------------------------------------------------*/
FoamFile
{
    version     2.0;
    format      ascii;
    class       labelList;
    location    "constant/polyMesh";
    object      faceProcAddressing;
}
// * * * * * * * * * * * * * * * * * * * * * * * * * * * * * * * * * * * * * //


13047
(
153231
153232
153233
153234
153235
153236
153237
153238
153239
153240
153241
153242
153243
153244
153245
153246
153247
153248
153249
153250
153251
153252
153254
153360
153361
153362
153363
153364
153365
153366
153367
153368
153369
153370
153371
153372
153373
153374
153375
153376
153377
153378
153379
153380
153381
153382
153383
153384
153385
153386
153387
153388
153389
153390
153391
153392
153393
153394
153395
153396
153397
153398
153399
153400
153401
153402
153403
153404
153405
153406
153407
153408
153409
153410
153411
153413
153519
153520
153521
153522
153523
153524
153525
153526
153527
153528
153529
153530
153531
153532
153533
153534
153535
153536
153537
153538
153539
153540
153541
153542
153543
153544
153545
153546
153547
153548
153549
153550
153551
153552
153553
153554
153555
153556
153557
153558
153559
153560
153561
153562
153563
153564
153565
153566
153567
153568
153569
153570
153572
153678
153679
153680
153681
153682
153683
153684
153685
153686
153687
153688
153689
153690
153691
153692
153693
153694
153695
153696
153697
153698
153699
153700
153701
153702
153703
153704
153705
153706
153707
153708
153709
153710
153711
153712
153713
153714
153715
153716
153717
153718
153719
153720
153721
153722
153723
153724
153725
153726
153727
153728
153729
153731
153837
153838
153839
153840
153841
153842
153843
153844
153845
153846
153847
153848
153849
153850
153851
153852
153853
153854
153855
153856
153857
153858
153859
153860
153861
153862
153863
153864
153865
153866
153867
153868
153869
153870
153871
153872
153873
153874
153875
153876
153877
153878
153879
153880
153881
153882
153883
153884
153885
153886
153887
153888
153890
153996
153997
153998
153999
154000
154001
154002
154003
154004
154005
154006
154007
154008
154009
154010
154011
154012
154013
154014
154015
154016
154017
154018
154019
154020
154021
154022
154023
154024
154025
154026
154027
154028
154029
154030
154031
154032
154033
154034
154035
154036
154037
154038
154039
154040
154041
154042
154043
154044
154045
154046
154047
154049
154155
154156
154157
154158
154159
154160
154161
154162
154163
154164
154165
154166
154167
154168
154169
154170
154171
154172
154173
154174
154175
154176
154177
154178
154179
154180
154181
154182
154183
154184
154185
154186
154187
154188
154189
154190
154191
154192
154193
154194
154195
154196
154197
154198
154199
154200
154201
154202
154203
154204
154205
154206
154208
154314
154315
154316
154317
154318
154319
154320
154321
154322
154323
154324
154325
154326
154327
154328
154329
154330
154331
154332
154333
154334
154335
154336
154337
154338
154339
154340
154341
154342
154343
154344
154345
154346
154347
154348
154349
154350
154351
154352
154353
154354
154355
154356
154357
154358
154359
154360
154361
154362
154363
154364
154365
154367
154473
154474
154475
154476
154477
154478
154479
154480
154481
154482
154483
154484
154485
154486
154487
154488
154489
154490
154491
154492
154493
154494
154495
154496
154497
154498
154499
154500
154501
154502
154503
154504
154505
154506
154507
154508
154509
154510
154511
154512
154513
154514
154515
154516
154517
154518
154519
154520
154521
154522
154523
154524
154526
154632
154633
154634
154635
154636
154637
154638
154639
154640
154641
154642
154643
154644
154645
154646
154647
154648
154649
154650
154651
154652
154653
154654
154655
154656
154657
154658
154659
154660
154661
154662
154663
154664
154665
154666
154667
154668
154669
154670
154671
154672
154673
154674
154675
154676
154677
154678
154679
154680
154681
154682
154683
154685
154791
154792
154793
154794
154795
154796
154797
154798
154799
154800
154801
154802
154803
154804
154805
154806
154807
154808
154809
154810
154811
154812
154813
154814
154815
154816
154817
154818
154819
154820
154821
154822
154823
154824
154825
154826
154827
154828
154829
154830
154831
154832
154833
154834
154835
154836
154837
154838
154839
154840
154841
154842
154844
154950
154951
154952
154953
154954
154955
154956
154957
154958
154959
154960
154961
154962
154963
154964
154965
154966
154967
154968
154969
154970
154971
154972
154973
154974
154975
154976
154977
154978
154979
154980
154981
154982
154983
154984
154985
154986
154987
154988
154989
154990
154991
154992
154993
154994
154995
154996
154997
154998
154999
155000
155001
155003
155109
155110
155111
155112
155113
155114
155115
155116
155117
155118
155119
155120
155121
155122
155123
155124
155125
155126
155127
155128
155129
155130
155131
155132
155133
155134
155135
155136
155137
155138
155139
155140
155141
155142
155143
155144
155145
155146
155147
155148
155149
155150
155151
155152
155153
155154
155155
155156
155157
155158
155159
155160
155162
155268
155269
155270
155271
155272
155273
155274
155275
155276
155277
155278
155279
155280
155281
155282
155283
155284
155285
155286
155287
155288
155289
155290
155291
155292
155293
155294
155295
155296
155297
155298
155299
155300
155301
155302
155303
155304
155305
155306
155307
155308
155309
155310
155311
155312
155313
155314
155315
155316
155317
155318
155319
155321
155427
155428
155429
155430
155431
155432
155433
155434
155435
155436
155437
155438
155439
155440
155441
155442
155443
155444
155445
155446
155447
155448
155449
155450
155451
155452
155453
155454
155455
155456
155457
155458
155459
155460
155461
155462
155463
155464
155465
155466
155467
155468
155469
155470
155471
155472
155473
155474
155475
155476
155477
155478
155480
155586
155587
155588
155589
155590
155591
155592
155593
155594
155595
155596
155597
155598
155599
155600
155601
155602
155603
155604
155605
155606
155607
155608
155609
155610
155611
155612
155613
155614
155615
155616
155617
155618
155619
155620
155621
155622
155623
155624
155625
155626
155627
155628
155629
155630
155631
155632
155633
155634
155635
155636
155637
155639
155745
155746
155747
155748
155749
155750
155751
155752
155753
155754
155755
155756
155757
155758
155759
155760
155761
155762
155763
155764
155765
155766
155767
155768
155769
155770
155771
155772
155773
155774
155775
155776
155777
155778
155779
155780
155781
155782
155783
155784
155785
155786
155787
155788
155789
155790
155791
155792
155793
155794
155795
155796
155798
155904
155905
155906
155907
155908
155909
155910
155911
155912
155913
155914
155915
155916
155917
155918
155919
155920
155921
155922
155923
155924
155925
155926
155927
155928
155929
155930
155931
155932
155933
155934
155935
155936
155937
155938
155939
155940
155941
155942
155943
155944
155945
155946
155947
155948
155949
155950
155951
155952
155953
155954
155955
155957
156063
156064
156065
156066
156067
156068
156069
156070
156071
156072
156073
156074
156075
156076
156077
156078
156079
156080
156081
156082
156083
156084
156085
156086
156087
156088
156089
156090
156091
156092
156093
156094
156095
156096
156097
156098
156099
156100
156101
156102
156103
156104
156105
156106
156107
156108
156109
156110
156111
156112
156113
156114
156116
156222
156223
156224
156225
156226
156227
156228
156229
156230
156231
156232
156233
156234
156235
156236
156237
156238
156239
156240
156241
156242
156243
156244
156245
156246
156247
156248
156249
156250
156251
156252
156253
156254
156255
156256
156257
156258
156259
156260
156261
156262
156263
156264
156265
156266
156267
156268
156269
156270
156271
156272
156273
156275
156381
156382
156383
156384
156385
156386
156387
156388
156389
156390
156391
156392
156393
156394
156395
156396
156397
156398
156399
156400
156401
156402
156403
156404
156405
156406
156407
156408
156409
156410
156411
156412
156413
156414
156415
156416
156417
156418
156419
156420
156421
156422
156423
156424
156425
156426
156427
156428
156429
156430
156431
156432
156434
156540
156541
156542
156543
156544
156545
156546
156547
156548
156549
156550
156551
156552
156553
156554
156555
156556
156557
156558
156559
156560
156561
156562
156563
156564
156565
156566
156567
156568
156569
156570
156571
156572
156573
156574
156575
156576
156577
156578
156579
156580
156581
156582
156583
156584
156585
156586
156587
156588
156589
156590
156591
156593
156699
156700
156701
156702
156703
156704
156705
156706
156707
156708
156709
156710
156711
156712
156713
156714
156715
156716
156717
156718
156719
156720
156721
156722
156723
156724
156725
156726
156727
156728
156729
156730
156731
156732
156733
156734
156735
156736
156737
156738
156739
156740
156741
156742
156743
156744
156745
156746
156747
156748
156749
156750
156752
156858
156859
156860
156861
156862
156863
156864
156865
156866
156867
156868
156869
156870
156871
156872
156873
156874
156875
156876
156877
156878
156879
156880
156881
156882
156883
156884
156885
156886
156887
156888
156889
156890
156891
156892
156893
156894
156895
156896
156897
156898
156899
156900
156901
156902
156903
156904
156905
156906
156907
156908
156909
156911
157017
157018
157019
157020
157021
157022
157023
157024
157025
157026
157027
157028
157029
157030
157031
157032
157033
157034
157035
157036
157037
157038
157039
157040
157041
157042
157043
157044
157045
157046
157047
157048
157049
157050
157051
157052
157053
157054
157055
157056
157057
157058
157059
157060
157061
157062
157063
157064
157065
157066
157067
157068
157070
157176
157177
157178
157179
157180
157181
157182
157183
157184
157185
157186
157187
157188
157189
157190
157191
157192
157193
157194
157195
157196
157197
157198
157199
157200
157201
157202
157203
157204
157205
157206
157207
157208
157209
157210
157211
157212
157213
157214
157215
157216
157217
157218
157219
157220
157221
157222
157223
157224
157225
157226
157227
157229
157335
157336
157337
157338
157339
157340
157341
157342
157343
157344
157345
157346
157347
157348
157349
157350
157351
157352
157353
157354
157355
157356
157357
157358
157359
157360
157361
157362
157363
157364
157365
157366
157367
157368
157369
157370
157371
157372
157373
157374
157375
157376
157377
157378
157379
157380
157381
157382
157383
157384
157385
157386
157388
157494
157495
157496
157497
157498
157499
157500
157501
157502
157503
157504
157505
157506
157507
157508
157509
157510
157511
157512
157513
157514
157515
157516
157517
157518
157519
157520
157521
157522
157523
157524
157525
157526
157527
157528
157529
157530
157531
157532
157533
157534
157535
157536
157537
157538
157539
157540
157541
157542
157543
157544
157545
157547
157653
157654
157655
157656
157657
157658
157659
157660
157661
157662
157663
157664
157665
157666
157667
157668
157669
157670
157671
157672
157673
157674
157675
157676
157677
157678
157679
157680
157681
157682
157683
157684
157685
157686
157687
157688
157689
157690
157691
157692
157693
157694
157695
157696
157697
157698
157699
157700
157701
157702
157703
157704
157706
157812
157813
157814
157815
157816
157817
157818
157819
157820
157821
157822
157823
157824
157825
157826
157827
157828
157829
157830
157831
157832
157833
157834
157835
157836
157837
157838
157839
157840
157841
157842
157843
157844
157845
157846
157847
157848
157849
157850
157851
157852
157853
157854
157855
157856
157857
157858
157859
157860
157861
157862
157863
157865
157971
157972
157973
157974
157975
157976
157977
157978
157979
157980
157981
157982
157983
157984
157985
157986
157987
157988
157989
157990
157991
157992
157993
157994
157995
157996
157997
157998
157999
158000
158001
158002
158003
158004
158005
158006
158007
158008
158009
158010
158011
158012
158013
158014
158015
158016
158017
158018
158019
158020
158021
158022
158024
158130
158131
158132
158133
158134
158135
158136
158137
158138
158139
158140
158141
158142
158143
158144
158145
158146
158147
158148
158149
158150
158151
158152
158153
158154
158155
158156
158157
158158
158159
158160
158161
158162
158163
158164
158165
158166
158167
158168
158169
158170
158171
158172
158173
158174
158175
158176
158177
158178
158179
158180
158181
158183
158289
158290
158291
158292
158293
158294
158295
158296
158297
158298
158299
158300
158301
158302
158303
158304
158305
158306
158307
158308
158309
158310
158311
158312
158313
158314
158315
158316
158317
158318
158319
158320
158321
158322
158323
158324
158325
158326
158327
158328
158329
158330
158331
158332
158333
158334
158335
158336
158337
158338
158339
158340
158342
158448
158449
158450
158451
158452
158453
158454
158455
158456
158457
158458
158459
158460
158461
158462
158463
158464
158465
158466
158467
158468
158469
158470
158471
158472
158473
158474
158475
158476
158477
158478
158479
158480
158481
158482
158483
158484
158485
158486
158487
158488
158489
158490
158491
158492
158493
158494
158495
158496
158497
158498
158499
158501
158607
158608
158609
158610
158611
158612
158613
158614
158615
158616
158617
158618
158619
158620
158621
158622
158623
158624
158625
158626
158627
158628
158629
158630
158631
158632
158633
158634
158635
158636
158637
158638
158639
158640
158641
158642
158643
158644
158645
158646
158647
158648
158649
158650
158651
158652
158653
158654
158655
158656
158657
158658
158660
158766
158767
158768
158769
158770
158771
158772
158773
158774
158775
158776
158777
158778
158779
158780
158781
158782
158783
158784
158785
158786
158787
158788
158789
158790
158791
158792
158793
158794
158795
158796
158797
158798
158799
158800
158801
158802
158803
158804
158805
158806
158807
158808
158809
158810
158811
158812
158813
158814
158815
158816
158817
158819
158925
158926
158927
158928
158929
158930
158931
158932
158933
158934
158935
158936
158937
158938
158939
158940
158941
158942
158943
158944
158945
158946
158947
158948
158949
158950
158951
158952
158953
158954
158955
158956
158957
158958
158959
158960
158961
158962
158963
158964
158965
158966
158967
158968
158969
158970
158971
158972
158973
158974
158975
158976
158978
159084
159085
159086
159087
159088
159089
159090
159091
159092
159093
159094
159095
159096
159097
159098
159099
159100
159101
159102
159103
159104
159105
159106
159107
159108
159109
159110
159111
159112
159113
159114
159115
159116
159117
159118
159119
159120
159121
159122
159123
159124
159125
159126
159127
159128
159129
159130
159131
159132
159133
159134
159135
159137
159243
159244
159245
159246
159247
159248
159249
159250
159251
159252
159253
159254
159255
159256
159257
159258
159259
159260
159261
159262
159263
159264
159265
159266
159267
159268
159269
159270
159271
159272
159273
159274
159275
159276
159277
159278
159279
159280
159281
159282
159283
159284
159285
159286
159287
159288
159289
159290
159291
159292
159293
159294
159296
159402
159403
159404
159405
159406
159407
159408
159409
159410
159411
159412
159413
159414
159415
159416
159417
159418
159419
159420
159421
159422
159423
159424
159425
159426
159427
159428
159429
159430
159431
159432
159433
159434
159435
159436
159437
159438
159439
159440
159441
159442
159443
159444
159445
159446
159447
159448
159449
159450
159451
159452
159453
159455
159561
159562
159563
159564
159565
159566
159567
159568
159569
159570
159571
159572
159573
159574
159575
159576
159577
159578
159579
159580
159581
159582
159583
159584
159585
159586
159587
159588
159589
159590
159591
159592
159593
159594
159595
159596
159597
159598
159599
159600
159601
159602
159603
159604
159605
159606
159607
159608
159609
159610
159611
159612
159614
159720
159721
159722
159723
159724
159725
159726
159727
159728
159729
159730
159731
159732
159733
159734
159735
159736
159737
159738
159739
159740
159741
159742
159743
159744
159745
159746
159747
159748
159749
159750
159751
159752
159753
159754
159755
159756
159757
159758
159759
159760
159761
159762
159763
159764
159765
159766
159767
159768
159769
159770
159771
159773
159879
159880
159881
159882
159883
159884
159885
159886
159887
159888
159889
159890
159891
159892
159893
159894
159895
159896
159897
159898
159899
159900
159901
159902
159903
159904
159905
159906
159907
159908
159909
159910
159911
159912
159913
159914
159915
159916
159917
159918
159919
159920
159921
159922
159923
159924
159925
159926
159927
159928
159929
159930
159932
160038
160039
160040
160041
160042
160043
160044
160045
160046
160047
160048
160049
160050
160051
160052
160053
160054
160055
160056
160057
160058
160059
160060
160061
160062
160063
160064
160065
160066
160067
160068
160069
160070
160071
160072
160073
160074
160075
160076
160077
160078
160079
160080
160081
160082
160083
160084
160085
160086
160087
160088
160089
160091
160197
160198
160199
160200
160201
160202
160203
160204
160205
160206
160207
160208
160209
160210
160211
160212
160213
160214
160215
160216
160217
160218
160219
160220
160221
160222
160223
160224
160225
160226
160227
160228
160229
160230
160231
160232
160233
160234
160235
160236
160237
160238
160239
160240
160241
160242
160243
160244
160245
160246
160247
160248
160250
160356
160357
160358
160359
160360
160361
160362
160363
160364
160365
160366
160367
160368
160369
160370
160371
160372
160373
160374
160375
160376
160377
160378
160379
160380
160381
160382
160383
160384
160385
160386
160387
160388
160389
160390
160391
160392
160393
160394
160395
160396
160397
160398
160399
160400
160401
160402
160403
160404
160405
160406
160407
160409
160515
160516
160517
160518
160519
160520
160521
160522
160523
160524
160525
160526
160527
160528
160529
160530
160531
160532
160533
160534
160535
160536
160537
160538
160539
160540
160541
160542
160543
160544
160545
160546
160547
160548
160549
160550
160551
160552
160553
160554
160555
160556
160557
160558
160559
160560
160561
160562
160563
160564
160565
160566
160568
160674
160675
160676
160677
160678
160679
160680
160681
160682
160683
160684
160685
160686
160687
160688
160689
160690
160691
160692
160693
160694
160695
160696
160697
160698
160699
160700
160701
160702
160703
160704
160705
160706
160707
160708
160709
160710
160711
160712
160713
160714
160715
160716
160717
160718
160719
160720
160721
160722
160723
160724
160725
160727
160833
160834
160835
160836
160837
160838
160839
160840
160841
160842
160843
160844
160845
160846
160847
160848
160849
160850
160851
160852
160853
160854
160855
160856
160857
160858
160859
160860
160861
160862
160863
160864
160865
160866
160867
160868
160869
160870
160871
160872
160873
160874
160875
160876
160877
160878
160879
160880
160881
160882
160883
160884
160886
160992
160993
160994
160995
160996
160997
160998
160999
161000
161001
161002
161003
161004
161005
161006
161007
161008
161009
161010
161011
161012
161013
161014
161015
161016
161017
161018
161019
161020
161021
161022
161023
161024
161025
161026
161027
161028
161029
161030
161031
161032
161033
161034
161035
161036
161037
161038
161039
161040
161041
161042
161043
161045
161151
161152
161153
161154
161155
161156
161157
161158
161159
161160
161161
161162
161163
161164
161165
161166
161167
161168
161169
161170
161171
161172
161173
161174
161175
161176
161177
161178
161179
161180
161181
161182
161183
161184
161185
161186
161187
161188
161189
161190
161191
161192
161193
161194
161195
161196
161197
161198
161199
161200
161201
161202
161204
161310
161311
161312
161313
161314
161315
161316
161317
161318
161319
161320
161321
161322
161323
161324
161325
161326
161327
161328
161329
161330
161331
161332
161333
161334
161335
161336
161337
161338
161339
161340
161341
161342
161343
161344
161345
161346
161347
161348
161349
161350
161351
161352
161353
161354
161355
161356
161357
161358
161359
161360
161361
161363
161469
161470
161471
161472
161473
161474
161475
161476
161477
161478
161479
161480
161481
161482
161483
161484
161485
161486
161487
161488
161489
161490
161491
161492
161493
161494
161495
161496
161497
161498
161499
161500
161501
161502
161503
161504
161505
161506
161507
161508
161509
161510
161511
161512
161513
161514
161515
161516
161517
161518
161519
161520
161522
161628
161629
161630
161631
161632
161633
161634
161635
161636
161637
161638
161639
161640
161641
161642
161643
161644
161645
161646
161647
161648
161649
161650
161651
161652
161653
161654
161655
161656
161657
161658
161659
161660
161661
161662
161663
161664
161665
161666
161667
161668
161669
161670
161671
161672
161673
161674
161675
161676
161677
161678
161679
161681
161787
161788
161789
161790
161791
161792
161793
161794
161795
161796
161797
161798
161799
161800
161801
161802
161803
161804
161805
161806
161807
161808
161809
161810
161811
161812
161813
161814
161815
161816
161817
161818
161819
161820
161821
161822
161823
161824
161825
161826
161827
161828
161829
161830
161831
161832
161833
161834
161835
161836
161837
161838
161840
161946
161947
161948
161949
161950
161951
161952
161953
161954
161955
161956
161957
161958
161959
161960
161961
161962
161963
161964
161965
161966
161967
161968
161969
161970
161971
161972
161973
161974
161975
161976
161977
161978
161979
161980
161981
161982
161983
161984
161985
161986
161987
161988
161989
161990
161991
161992
161993
161994
161995
161996
161997
161999
162105
162106
162107
162108
162109
162110
162111
162112
162113
162114
162115
162116
162117
162118
162119
162120
162121
162122
162123
162124
162125
162126
162127
162128
162129
162130
162131
162132
162133
162134
162135
162136
162137
162138
162139
162140
162141
162142
162143
162144
162145
162146
162147
162148
162149
162150
162151
162152
162153
162154
162155
162156
162158
162264
162265
162266
162267
162268
162269
162270
162271
162272
162273
162274
162275
162276
162277
162278
162279
162280
162281
162282
162283
162284
162285
162286
162287
162288
162289
162290
162291
162292
162293
162294
162295
162296
162297
162298
162299
162300
162301
162302
162303
162304
162305
162306
162307
162308
162309
162310
162311
162312
162313
162314
162315
162317
162423
162424
162425
162426
162427
162428
162429
162430
162431
162432
162433
162434
162435
162436
162437
162438
162439
162440
162441
162442
162443
162444
162445
162446
162447
162448
162449
162450
162451
162452
162453
162454
162455
162456
162457
162458
162459
162460
162461
162462
162463
162464
162465
162466
162467
162468
162469
162470
162471
162472
162473
162474
162476
162582
162583
162584
162585
162586
162587
162588
162589
162590
162591
162592
162593
162594
162595
162596
162597
162598
162599
162600
162601
162602
162603
162604
162605
162606
162607
162608
162609
162610
162611
162612
162613
162614
162615
162616
162617
162618
162619
162620
162621
162622
162623
162624
162625
162626
162627
162628
162629
162630
162631
162632
162633
162635
162741
162742
162743
162744
162745
162746
162747
162748
162749
162750
162751
162752
162753
162754
162755
162756
162757
162758
162759
162760
162761
162762
162763
162764
162765
162766
162767
162768
162769
162770
162771
162772
162773
162774
162775
162776
162777
162778
162779
162780
162781
162782
162783
162784
162785
162786
162787
162788
162789
162790
162791
162792
162794
162900
162901
162902
162903
162904
162905
162906
162907
162908
162909
162910
162911
162912
162913
162914
162915
162916
162917
162918
162919
162920
162921
162922
162923
162924
162925
162926
162927
162928
162929
162930
162931
162932
162933
162934
162935
162936
162937
162938
162939
162940
162941
162942
162943
162944
162945
162946
162947
162948
162949
162950
162951
162953
163059
163060
163061
163062
163063
163064
163065
163066
163067
163068
163069
163070
163071
163072
163073
163074
163075
163076
163077
163078
163079
163080
163081
163082
163083
163084
163085
163086
163087
163088
163089
163090
163091
163092
163093
163094
163095
163096
163097
163098
163099
163100
163101
163102
163103
163104
163105
163106
163107
163108
163109
163110
163112
163218
163219
163220
163221
163222
163223
163224
163225
163226
163227
163228
163229
163230
163231
163232
163233
163234
163235
163236
163237
163238
163239
163240
163241
163242
163243
163244
163245
163246
163247
163248
163249
163250
163251
163252
163253
163254
163255
163256
163257
163258
163259
163260
163261
163262
163263
163264
163265
163266
163267
163268
163269
163271
163377
163378
163379
163380
163381
163382
163383
163384
163385
163386
163387
163388
163389
163390
163391
163392
163393
163394
163395
163396
163397
163398
163399
163400
163401
163402
163403
163404
163405
163406
163407
163408
163409
163410
163411
163412
163413
163414
163415
163416
163417
163418
163419
163420
163421
163422
163423
163424
163425
163426
163427
163428
163430
163536
163537
163538
163539
163540
163541
163542
163543
163544
163545
163546
163547
163548
163549
163550
163551
163552
163553
163554
163555
163556
163557
163558
163559
163560
163561
163562
163563
163564
163565
163566
163567
163568
163569
163570
163571
163572
163573
163574
163575
163576
163577
163578
163579
163580
163581
163582
163583
163584
163585
163586
163587
163589
163695
163696
163697
163698
163699
163700
163701
163702
163703
163704
163705
163706
163707
163708
163709
163710
163711
163712
163713
163714
163715
163716
163717
163718
163719
163720
163721
163722
163723
163724
163725
163726
163727
163728
163729
163730
163731
163732
163733
163734
163735
163736
163737
163738
163739
163740
163741
163742
163743
163744
163745
163746
163748
163854
163855
163856
163857
163858
163859
163860
163861
163862
163863
163864
163865
163866
163867
163868
163869
163870
163871
163872
163873
163874
163875
163876
163877
163878
163879
163880
163881
163882
163883
163884
163885
163886
163887
163888
163889
163890
163891
163892
163893
163894
163895
163896
163897
163898
163899
163900
163901
163902
163903
163904
163905
163907
164013
164014
164015
164016
164017
164018
164019
164020
164021
164022
164023
164024
164025
164026
164027
164028
164029
164030
164031
164032
164033
164034
164035
164036
164037
164038
164039
164040
164041
164042
164043
164044
164045
164046
164047
164048
164049
164050
164051
164052
164053
164054
164055
164056
164057
164058
164059
164060
164061
164062
164063
164064
164066
164172
164173
164174
164175
164176
164177
164178
164179
164180
164181
164182
164183
164184
164185
164186
164187
164188
164189
164190
164191
164192
164193
164194
164195
164196
164197
164198
164199
164200
164201
164202
164203
164204
164205
164206
164207
164208
164209
164210
164211
164212
164213
164214
164215
164216
164217
164218
164219
164220
164221
164222
164223
164225
164331
164332
164333
164334
164335
164336
164337
164338
164339
164340
164341
164342
164343
164344
164345
164346
164347
164348
164349
164350
164351
164352
164353
164354
164355
164356
164357
164358
164359
164360
164361
164362
164363
164364
164365
164366
164367
164368
164369
164370
164371
164372
164373
164374
164375
164376
164377
164378
164379
164380
164381
164382
164384
164490
164491
164492
164493
164494
164495
164496
164497
164498
164499
164500
164501
164502
164503
164504
164505
164506
164507
164508
164509
164510
164511
164512
164513
164514
164515
164516
164517
164518
164519
164520
164521
164522
164523
164524
164525
164526
164527
164528
164529
164530
164531
164532
164533
164534
164535
164536
164537
164538
164539
164540
164541
164543
164649
164650
164651
164652
164653
164654
164655
164656
164657
164658
164659
164660
164661
164662
164663
164664
164665
164666
164667
164668
164669
164670
164671
164672
164673
164674
164675
164676
164677
164678
164679
164680
164681
164682
164683
164684
164685
164686
164687
164688
164689
164690
164691
164692
164693
164694
164695
164696
164697
164698
164699
164700
164702
164808
164809
164810
164811
164812
164813
164814
164815
164816
164817
164818
164819
164820
164821
164822
164823
164824
164825
164826
164827
164828
164829
164830
164831
164832
164833
164834
164835
164836
164837
164838
164839
164840
164841
164842
164843
164844
164845
164846
164847
164848
164849
164850
164851
164852
164853
164854
164855
164856
164857
164858
164859
164861
164967
164968
164969
164970
164971
164972
164973
164974
164975
164976
164977
164978
164979
164980
164981
164982
164983
164984
164985
164986
164987
164988
164989
164990
164991
164992
164993
164994
164995
164996
164997
164998
164999
165000
165001
165002
165003
165004
165005
165006
165007
165008
165009
165010
165011
165012
165013
165014
165015
165016
165017
165018
165020
165126
165127
165128
165129
165130
165131
165132
165133
165134
165135
165136
165137
165138
165139
165140
165141
165142
165143
165144
165145
165146
165147
165148
165149
165150
165151
165152
165153
165154
165155
165156
165157
165158
165159
165160
165161
165162
165163
165164
165165
165166
165167
165168
165169
165170
165171
165172
165173
165174
165175
165176
165177
165179
165285
165286
165287
165288
165289
165290
165291
165292
165293
165294
165295
165296
165297
165298
165299
165300
165301
165302
165303
165304
165305
165306
165307
165308
165309
165310
165311
165312
165313
165314
165315
165316
165317
165318
165319
165320
165321
165322
165323
165324
165325
165326
165327
165328
165329
165330
165331
165332
165333
165334
165335
165336
165338
165444
165445
165446
165447
165448
165449
165450
165451
165452
165453
165454
165455
165456
165457
165458
165459
165460
165461
165462
165463
165464
165465
165466
165467
165468
165469
165470
165471
165472
165473
165474
165475
165476
165477
165478
165479
165480
165481
165482
165483
165484
165485
165486
165487
165488
165489
165490
165491
165492
165493
165494
165495
165497
165603
165604
165605
165606
165607
165608
165609
165610
165611
165612
165613
165614
165615
165616
165617
165618
165619
165620
165621
165622
165623
165624
165625
165626
165627
165628
165629
165630
165631
165632
165633
165634
165635
165636
165637
165638
165639
165640
165641
165642
165643
165644
165645
165646
165647
165648
165649
165650
165651
165652
165653
165654
165656
165762
165763
165764
165765
165766
165767
165768
165769
165770
165771
165772
165773
165774
165775
165776
165777
165778
165779
165780
165781
165782
165783
165784
165785
165786
165787
165788
165789
165790
165791
165792
165793
165794
165795
165796
165797
165798
165799
165800
165801
165802
165803
165804
165805
165806
165807
165808
165809
165810
165811
165812
165813
165815
165921
165922
165923
165924
165925
165926
165927
165928
165929
165930
165931
165932
165933
165934
165935
165936
165937
165938
165939
165940
165941
165942
165943
165944
165945
165946
165947
165948
165949
165950
165951
165952
165953
165954
165955
165956
165957
165958
165959
165960
165961
165962
165963
165964
165965
165966
165967
165968
165969
165970
165971
165972
165974
166080
166081
166082
166083
166084
166085
166086
166087
166088
166089
166090
166091
166092
166093
166094
166095
166096
166097
166098
166099
166100
166101
166102
166103
166104
166105
166106
166107
166108
166109
166110
166111
166112
166113
166114
166115
166116
166117
166118
166119
166120
166121
166122
166123
166124
166125
166126
166127
166128
166129
166130
166131
166133
166239
166240
166241
166242
166243
166244
166245
166246
166247
166248
166249
166250
166251
166252
166253
166254
166255
166256
166257
166258
166259
166260
166261
166262
166263
166264
166265
166266
166267
166268
166269
166270
166271
166272
166273
166274
166275
166276
166277
166278
166279
166280
166281
166282
166283
166284
166285
166286
166287
166288
166289
166290
166292
166398
166399
166400
166401
166402
166403
166404
166405
166406
166407
166408
166409
166410
166411
166412
166413
166414
166415
166416
166417
166418
166419
166420
166421
166422
166423
166424
166425
166426
166427
166428
166429
166430
166431
166432
166433
166434
166435
166436
166437
166438
166439
166440
166441
166442
166443
166444
166445
166446
166447
166448
166449
166451
166557
166558
166559
166560
166561
166562
166563
166564
166565
166566
166567
166568
166569
166570
166571
166572
166573
166574
166575
166576
166577
166578
166579
166580
166581
166582
166583
166584
166585
166586
166587
166588
166589
166590
166591
166592
166593
166594
166595
166596
166597
166598
166599
166600
166601
166602
166603
166604
166605
166606
166607
166608
166610
166716
166717
166718
166719
166720
166721
166722
166723
166724
166725
166726
166727
166728
166729
166730
166731
166732
166733
166734
166735
166736
166737
166738
166739
166740
166741
166742
166743
166744
166745
166746
166747
166748
166749
166750
166751
166752
166753
166754
166755
166756
166757
166758
166759
166760
166761
166762
166763
166764
166765
166766
166767
166769
166875
166876
166877
166878
166879
166880
166881
166882
166883
166884
166885
166886
166887
166888
166889
166890
166891
166892
166893
166894
166895
166896
166897
166898
166899
166900
166901
166902
166903
166904
166905
166906
166907
166908
166909
166910
166911
166912
166913
166914
166915
166916
166917
166918
166919
166920
166921
166922
166923
166924
166925
166926
166928
167034
167035
167036
167037
167038
167039
167040
167041
167042
167043
167044
167045
167046
167047
167048
167049
167050
167051
167052
167053
167054
167055
167056
167057
167058
167059
167060
167061
167062
167063
167064
167065
167066
167067
167068
167069
167070
167071
167072
167073
167074
167075
167076
167077
167078
167079
167080
167081
167082
167083
167084
167085
167087
167193
167194
167195
167196
167197
167198
167199
167200
167201
167202
167203
167204
167205
167206
167207
167208
167209
167210
167211
167212
167213
167214
167215
167216
167217
167218
167219
167220
167221
167222
167223
167224
167225
167226
167227
167228
167229
167230
167231
167232
167233
167234
167235
167236
167237
167238
167239
167240
167241
167242
167243
167244
167246
167352
167353
167354
167355
167356
167357
167358
167359
167360
167361
167362
167363
167364
167365
167366
167367
167368
167369
167370
167371
167372
167373
167374
167375
167376
167377
167378
167379
167380
167381
167382
167383
167384
167385
167386
167387
167388
167389
167390
167391
167392
167393
167394
167395
167396
167397
167398
167399
167400
167401
167402
167403
167405
167511
167512
167513
167514
167515
167516
167517
167518
167519
167520
167521
167522
167523
167524
167525
167526
167527
167528
167529
167530
167531
167532
167533
167534
167535
167536
167537
167538
167539
167540
167541
167542
167543
167544
167545
167546
167547
167548
167549
167550
167551
167552
167553
167554
167555
167556
167557
167558
167559
167560
167561
167562
167564
167670
167671
167672
167673
167674
167675
167676
167677
167678
167679
167680
167681
167682
167683
167684
167685
167686
167687
167688
167689
167690
167691
167692
167693
167694
167695
167696
167697
167698
167699
167700
167701
167702
167703
167704
167705
167706
167707
167708
167709
167710
167711
167712
167713
167714
167715
167716
167717
167718
167719
167720
167721
167723
167829
167830
167831
167832
167833
167834
167835
167836
167837
167838
167839
167840
167841
167842
167843
167844
167845
167846
167847
167848
167849
167850
167851
167852
167853
167854
167855
167856
167857
167858
167859
167860
167861
167862
167863
167864
167865
167866
167867
167868
167869
167870
167871
167872
167873
167874
167875
167876
167877
167878
167879
167880
167882
167988
167989
167990
167991
167992
167993
167994
167995
167996
167997
167998
167999
168000
168001
168002
168003
168004
168005
168006
168007
168008
168009
168010
168011
168012
168013
168014
168015
168016
168017
168018
168019
168020
168021
168022
168023
168024
168025
168026
168027
168028
168029
168030
168031
168032
168033
168034
168035
168036
168037
168038
168039
168041
168147
168148
168149
168150
168151
168152
168153
168154
168155
168156
168157
168158
168159
168160
168161
168162
168163
168164
168165
168166
168167
168168
168169
168170
168171
168172
168173
168174
168175
168176
168177
168178
168179
168180
168181
168182
168183
168184
168185
168186
168187
168188
168189
168190
168191
168192
168193
168194
168195
168196
168197
168198
168200
168306
168307
168308
168309
168310
168311
168312
168313
168314
168315
168316
168317
168318
168319
168320
168321
168322
168323
168324
168325
168326
168327
168328
168329
168330
168331
168332
168333
168334
168335
168336
168337
168338
168339
168340
168341
168342
168343
168344
168345
168346
168347
168348
168349
168350
168351
168352
168353
168354
168355
168356
168357
168359
168465
168466
168467
168468
168469
168470
168471
168472
168473
168474
168475
168476
168477
168478
168479
168480
168481
168482
168483
168484
168485
168486
168487
168488
168489
168490
168491
168492
168493
168494
168495
168496
168497
168498
168499
168500
168501
168502
168503
168504
168505
168506
168507
168508
168509
168510
168511
168512
168513
168514
168515
168516
168518
168624
168625
168626
168627
168628
168629
168630
168631
168632
168633
168634
168635
168636
168637
168638
168639
168640
168641
168642
168643
168644
168645
168646
168647
168648
168649
168650
168651
168652
168653
168654
168655
168656
168657
168658
168659
168660
168661
168662
168663
168664
168665
168666
168667
168668
168669
168670
168671
168672
168673
168674
168675
168677
168783
168784
168785
168786
168787
168788
168789
168790
168791
168792
168793
168794
168795
168796
168797
168798
168799
168800
168801
168802
168803
168804
168805
168806
168807
168808
168809
168810
168811
168812
168813
168814
168815
168816
168817
168818
168819
168820
168821
168822
168823
168824
168825
168826
168827
168828
168829
168830
168831
168832
168833
168834
168836
168942
168943
168944
168945
168946
168947
168948
168949
168950
168951
168952
168953
168954
168955
168956
168957
168958
168959
168960
168961
168962
168963
168964
168965
168966
168967
168968
168969
168970
168971
168972
168973
168974
168975
168976
168977
168978
168979
168980
168981
168982
168983
168984
168985
168986
168987
168988
168989
168990
168991
168992
168993
168995
169101
169102
169103
169104
169105
169106
169107
169108
169109
169110
169111
169112
169113
169114
169115
169116
169117
169118
169119
169120
169121
169122
169123
169124
169125
169126
169127
169128
169129
169130
169131
169132
169133
169134
169135
169136
169137
169138
169139
169140
169141
169142
169143
169144
169145
169146
169147
169148
169149
169150
169151
169152
169154
169260
169261
169262
169263
169264
169265
169266
169267
169268
169269
169270
169271
169272
169273
169274
169275
169276
169277
169278
169279
169280
169281
169282
169283
169284
169285
169286
169287
169288
169289
169290
169291
169292
169293
169294
169295
169296
169297
169298
169299
169300
169301
169302
169303
169304
169305
169306
169307
169308
169309
169310
169311
169313
169419
169420
169421
169422
169423
169424
169425
169426
169427
169428
169429
169430
169431
169432
169433
169434
169435
169436
169437
169438
169439
169440
169441
169442
169443
169444
169445
169446
169447
169448
169449
169450
169451
169452
169453
169454
169455
169456
169457
169458
169459
169460
169461
169462
169463
169464
169465
169466
169467
169468
169469
169470
169472
169578
169579
169580
169581
169582
169583
169584
169585
169586
169587
169588
169589
169590
169591
169592
169593
169594
169595
169596
169597
169598
169599
169600
169601
169602
169603
169604
169605
169606
169607
169608
169609
169610
169611
169612
169613
169614
169615
169616
169617
169618
169619
169620
169621
169622
169623
169624
169625
169626
169627
169628
169629
169631
169737
169738
169739
169740
169741
169742
169743
169744
169745
169746
169747
169748
169749
169750
169751
169752
169753
169754
169755
169756
169757
169758
169759
169760
169761
169762
169763
169764
169765
169766
169767
169768
169769
169770
169771
169772
169773
169774
169775
169776
169777
169778
169779
169780
169781
169782
169783
169784
169785
169786
169787
169788
169790
169896
169897
169898
169899
169900
169901
169902
169903
169904
169905
169906
169907
169908
169909
169910
169911
169912
169913
169914
169915
169916
169917
169918
169919
169920
169921
169922
169923
169924
169925
169926
169927
169928
169929
169930
169931
169932
169933
169934
169935
169936
169937
169938
169939
169940
169941
169942
169943
169944
169945
169946
169947
169949
170055
170056
170057
170058
170059
170060
170061
170062
170063
170064
170065
170066
170067
170068
170069
170070
170071
170072
170073
170074
170075
170076
170077
170078
170079
170080
170081
170082
170083
170084
170085
170086
170087
170088
170089
170090
170091
170092
170093
170094
170095
170096
170097
170098
170099
170100
170101
170102
170103
170104
170105
170106
170108
170214
170215
170216
170217
170218
170219
170220
170221
170222
170223
170224
170225
170226
170227
170228
170229
170230
170231
170232
170233
170234
170235
170236
170237
170238
170239
170240
170241
170242
170243
170244
170245
170246
170247
170248
170249
170250
170251
170252
170253
170254
170255
170256
170257
170258
170259
170260
170261
170262
170263
170264
170265
170267
170373
170374
170375
170376
170377
170378
170379
170380
170381
170382
170383
170384
170385
170386
170387
170388
170389
170390
170391
170392
170393
170394
170395
170396
170397
170398
170399
170400
170401
170402
170403
170404
170405
170406
170407
170408
170409
170410
170411
170412
170413
170414
170415
170416
170417
170418
170419
170420
170421
170422
170423
170424
170426
170532
170533
170534
170535
170536
170537
170538
170539
170540
170541
170542
170543
170544
170545
170546
170547
170548
170549
170550
170551
170552
170553
170554
170555
170556
170557
170558
170559
170560
170561
170562
170563
170564
170565
170566
170567
170568
170569
170570
170571
170572
170573
170574
170575
170576
170577
170578
170579
170580
170581
170582
170583
170585
170691
170692
170693
170694
170695
170696
170697
170698
170699
170700
170701
170702
170703
170704
170705
170706
170707
170708
170709
170710
170711
170712
170713
170714
170715
170716
170717
170718
170719
170720
170721
170722
170723
170724
170725
170726
170727
170728
170729
170730
170731
170732
170733
170734
170735
170736
170737
170738
170739
170740
170741
170742
170744
170850
170851
170852
170853
170854
170855
170856
170857
170858
170859
170860
170861
170862
170863
170864
170865
170866
170867
170868
170869
170870
170871
170872
170873
170874
170875
170876
170877
170878
170879
170880
170881
170882
170883
170884
170885
170886
170887
170888
170889
170890
170891
170892
170893
170894
170895
170896
170897
170898
170899
170900
170901
170903
171009
171010
171011
171012
171013
171014
171015
171016
171017
171018
171019
171020
171021
171022
171023
171024
171025
171026
171027
171028
171029
171030
171031
171032
171033
171034
171035
171036
171037
171038
171039
171040
171041
171042
171043
171044
171045
171046
171047
171048
171049
171050
171051
171052
171053
171054
171055
171056
171057
171058
171059
171060
171062
171168
171169
171170
171171
171172
171173
171174
171175
171176
171177
171178
171179
171180
171181
171182
171183
171184
171185
171186
171187
171188
171189
171190
171191
171192
171193
171194
171195
171196
171197
171198
171199
171200
171201
171202
171203
171204
171205
171206
171207
171208
171209
171210
171211
171212
171213
171214
171215
171216
171217
171218
171219
171221
171327
171328
171329
171330
171331
171332
171333
171334
171335
171336
171337
171338
171339
171340
171341
171342
171343
171344
171345
171346
171347
171348
171349
171350
171351
171352
171353
171354
171355
171356
171357
171358
171359
171360
171361
171362
171363
171364
171365
171366
171367
171368
171369
171370
171371
171372
171373
171374
171375
171376
171377
171378
171380
171486
171487
171488
171489
171490
171491
171492
171493
171494
171495
171496
171497
171498
171499
171500
171501
171502
171503
171504
171505
171506
171507
171508
171509
171510
171511
171512
171513
171514
171515
171516
171517
171518
171519
171520
171521
171522
171523
171524
171525
171526
171527
171528
171529
171530
171531
171532
171533
171534
171535
171536
171537
171539
171645
171646
171647
171648
171649
171650
171651
171652
171653
171654
171655
171656
171657
171658
171659
171660
171661
171662
171663
171664
171665
171666
171667
171668
171669
171670
171671
171672
171673
171674
171675
171676
171677
171678
171679
171680
171681
171682
171683
171684
171685
171686
171687
171688
171689
171690
171691
171692
171693
171694
171695
171696
171698
171804
171805
171806
171807
171808
171809
171810
171811
171812
171813
171814
171815
171816
171817
171818
171819
171820
171821
171822
171823
171824
171825
171826
171827
171828
171829
171830
171831
171832
171833
171834
171835
171836
171837
171838
171839
171840
171841
171842
171843
171844
171845
171846
171847
171848
171849
171850
171851
171852
171853
171854
171855
171857
171963
171964
171965
171966
171967
171968
171969
171970
171971
171972
171973
171974
171975
171976
171977
171978
171979
171980
171981
171982
171983
171984
171985
171986
171987
171988
171989
171990
171991
171992
171993
171994
171995
171996
171997
171998
171999
172000
172001
172002
172003
172004
172005
172006
172007
172008
172009
172010
172011
172012
172013
172014
172016
172122
172123
172124
172125
172126
172127
172128
172129
172130
172131
172132
172133
172134
172135
172136
172137
172138
172139
172140
172141
172142
172143
172144
172145
172146
172147
205542
205543
205544
205545
205546
205547
205548
205549
205550
205551
205552
205553
205554
205555
205556
205557
205558
205559
205560
205561
205562
205563
205564
205565
205566
205567
205568
205569
205570
205571
205572
205573
205574
205575
205576
205577
205578
205579
205580
205581
205582
205583
205584
205585
205586
205587
205588
205589
205590
205591
205592
205593
205594
205595
205596
205597
205598
205599
205600
205601
205602
205603
205604
205605
205606
205607
205608
205609
205610
205611
205612
205613
205614
205615
205616
205617
205618
205619
205620
205621
205622
205623
205624
205625
205626
205627
205628
205629
205630
205631
205632
205633
205634
205635
205636
205637
205638
205639
205640
205641
205642
205643
205644
205645
205646
205647
205648
205649
205650
205651
205652
205653
205654
205655
205656
205657
205658
205659
205660
206861
206862
206863
206864
206865
206866
206867
206868
206869
206870
206871
206872
206873
206874
206875
206876
206877
206878
206879
206880
206881
206882
206883
206884
206885
206886
206887
360862
360863
360864
360865
360866
360867
360868
360869
360870
360871
360872
360873
360874
360875
360876
360877
360878
360879
360880
360881
360882
360883
360884
360885
360886
360887
360888
360889
360890
360891
360892
360893
360894
360895
360896
360897
360898
360899
360900
360901
360902
360903
360904
360905
360906
360907
360908
360909
360910
360911
360912
360913
360914
360915
360916
360917
360918
360919
360920
360921
360922
360923
360924
360925
360926
360927
360928
360929
360930
360931
360932
360933
360934
360935
360936
360937
360938
360939
360940
360941
360942
360943
360944
360945
360946
360947
360948
360949
360950
360951
360952
360953
360954
360955
360956
360957
360958
360959
360960
360961
360962
360963
360964
360965
360966
360967
360968
360969
360970
360971
360972
360973
360974
360975
360976
360977
360978
360979
360980
360982
360983
360984
360985
360986
360987
360988
360989
360990
360991
360992
360993
360994
360995
360996
360997
360998
360999
361000
361001
361002
361003
361004
361005
361006
361007
361008
361009
361010
361011
361012
361013
361014
361015
361016
361017
361018
361019
361020
361021
361022
361023
361024
361025
361026
361027
361028
361029
361030
361031
361032
361033
361034
361035
361036
361037
361038
361039
361040
361041
361042
361043
361044
361045
361046
361047
361048
361049
361050
361051
361052
361053
361054
361055
361056
361057
361058
361059
361060
361061
361062
361063
361064
361065
361066
361067
361068
361069
361070
361071
361072
361073
361074
361075
361076
361077
361078
361079
361080
361081
361082
361083
361084
361085
361086
361087
361088
361089
361090
361091
361092
361093
361094
361095
361096
361097
361098
361099
361100
361102
361103
361104
361105
361106
361107
361108
361109
361110
361111
361112
361113
361114
361115
361116
361117
361118
361119
361120
361121
361122
361123
361124
361125
361126
361127
361128
361129
361130
361131
361132
361133
361134
361135
361136
361137
361138
361139
361140
361141
361142
361143
361144
361145
361146
361147
361148
361149
361150
361151
361152
361153
361154
361155
361156
361157
361158
361159
361160
361161
361162
361163
361164
361165
361166
361167
361168
361169
361170
361171
361172
361173
361174
361175
361176
361177
361178
361179
361180
361181
361182
361183
361184
361185
361186
361187
361188
361189
361190
361191
361192
361193
361194
361195
361196
361197
361198
361199
361200
361201
361202
361203
361204
361205
361206
361207
361208
361209
361210
361211
361212
361213
361214
361215
361216
361217
361218
361219
361220
361222
361223
361224
361225
361226
361227
361228
361229
361230
361231
361232
361233
361234
361235
361236
361237
361238
361239
361240
361241
361242
361243
361244
361245
361246
361247
361248
361249
361250
361251
361252
361253
361254
361255
361256
361257
361258
361259
361260
361261
361262
361263
361264
361265
361266
361267
361268
361269
361270
361271
361272
361273
361274
361275
361276
361277
361278
361279
361280
361281
361282
361283
361284
361285
361286
361287
361288
361289
361290
361291
361292
361293
361294
361295
361296
361297
361298
361299
361300
361301
361302
361303
361304
361305
361306
361307
361308
361309
361310
361311
361312
361313
361314
361315
361316
361317
361318
361319
361320
361321
361322
361323
361324
361325
361326
361327
361328
361329
361330
361331
361332
361333
361334
361335
361336
361337
361338
361339
361340
361342
361343
361344
361345
361346
361347
361348
361349
361350
361351
361352
361353
361354
361355
361356
361357
361358
361359
361360
361361
361362
361363
361364
361365
361366
361367
361368
361369
361370
361371
361372
361373
361374
361375
361376
361377
361378
361379
361380
361381
361382
361383
361384
361385
361386
361387
361388
361389
361390
361391
361392
361393
361394
361395
361396
361397
361398
361399
361400
361401
361402
361403
361404
361405
361406
361407
361408
361409
361410
361411
361412
361413
361414
361415
361416
361417
361418
361419
361420
361421
361422
361423
361424
361425
361426
361427
361428
361429
361430
361431
361432
361433
361434
361435
361436
361437
361438
361439
361440
361441
361442
361443
361444
361445
361446
361447
361448
361449
361450
361451
361452
361453
361454
361455
361456
361457
361458
361459
361460
361462
361463
361464
361465
361466
361467
361468
361469
361470
361471
361472
361473
361474
361475
361476
361477
361478
361479
361480
361481
361482
361483
361484
361485
361486
361487
361488
361489
361490
361491
361492
361493
361494
361495
361496
361497
361498
361499
361500
361501
361502
361503
361504
361505
361506
361507
361508
361509
361510
361511
361512
361513
361514
361515
361516
361517
361518
361519
361520
361521
361522
361523
361524
361525
361526
361527
361528
361529
361530
361531
361532
361533
361534
361535
361536
361537
361538
361539
361540
361541
361542
361543
361544
361545
361546
361547
361548
361549
361550
361551
361552
361553
361554
361555
361556
361557
361558
361559
361560
361561
361562
361563
361564
361565
361566
361567
361568
361569
361570
361571
361572
361573
361574
361575
361576
361577
361578
361579
361580
361582
361583
361584
361585
361586
361587
361588
361589
361590
361591
361592
361593
361594
361595
361596
361597
361598
361599
361600
361601
361602
361603
361604
361605
361606
361607
361608
361609
361610
361611
361612
361613
361614
361615
361616
361617
361618
361619
361620
361621
361622
361623
361624
361625
361626
361627
361628
361629
361630
361631
361632
361633
361634
361635
361636
361637
361638
361639
361640
361641
361642
361643
361644
361645
361646
361647
361648
361649
361650
361651
361652
361653
361654
361655
361656
361657
361658
361659
361660
361661
361662
361663
361664
361665
361666
361667
361668
361669
361670
361671
361672
361673
361674
361675
361676
361677
361678
361679
361680
361681
361682
361683
361684
361685
361686
361687
361688
361689
361690
361691
361692
361693
361694
361695
361696
361697
361698
361699
361700
361702
361703
361704
361705
361706
361707
361708
361709
361710
361711
361712
361713
361714
361715
361716
361717
361718
361719
361720
361721
361722
361723
361724
361725
361726
361727
361728
361729
361730
361731
361732
361733
361734
361735
361736
361737
361738
361739
361740
361741
361742
361743
361744
361745
361746
361747
361748
361749
361750
361751
361752
361753
361754
361755
361756
361757
361758
361759
361760
361761
361762
361763
361764
361765
361766
361767
361768
361769
361770
361771
361772
361773
361774
361775
361776
361777
361778
361779
361780
361781
361782
361783
361784
361785
361786
361787
361788
361789
361790
361791
361792
361793
361794
361795
361796
361797
361798
361799
361800
361801
361802
361803
361804
361805
361806
361807
361808
361809
361810
361811
361812
361813
361814
361815
361816
361817
361818
361819
361820
361822
361823
361824
361825
361826
361827
361828
361829
361830
361831
361832
361833
361834
361835
361836
361837
361838
361839
361840
361841
361842
361843
361844
361845
361846
361847
361848
361849
361850
361851
361852
361853
361854
361855
361856
361857
361858
361859
361860
361861
361862
361863
361864
361865
361866
361867
361868
361869
361870
361871
361872
361873
361874
361875
361876
361877
361878
361879
361880
361881
361882
361883
361884
361885
361886
361887
361888
361889
361890
361891
361892
361893
361894
361895
361896
361897
361898
361899
361900
361901
361902
361903
361904
361905
361906
361907
361908
361909
361910
361911
361912
361913
361914
361915
361916
361917
361918
361919
361920
361921
361922
361923
361924
361925
361926
361927
361928
361929
361930
361931
361932
361933
361934
361935
361936
361937
361938
361939
361940
361942
361943
361944
361945
361946
361947
361948
361949
361950
361951
361952
361953
361954
361955
361956
361957
361958
361959
361960
361961
361962
361963
361964
361965
361966
361967
361968
361969
361970
361971
361972
361973
361974
361975
361976
361977
361978
361979
361980
361981
361982
361983
361984
361985
361986
361987
361988
361989
361990
361991
361992
361993
361994
361995
361996
361997
361998
361999
362000
362001
362002
362003
362004
362005
362006
362007
362008
362009
362010
362011
362012
362013
362014
362015
362016
362017
362018
362019
362020
362021
362022
362023
362024
362025
362026
362027
362028
362029
362030
362031
362032
362033
362034
362035
362036
362037
362038
362039
362040
362041
362042
362043
362044
362045
362046
362047
362048
362049
362050
362051
362052
362053
362054
362055
362056
362057
362058
362059
362060
362062
362063
362064
362065
362066
362067
362068
362069
362070
362071
362072
362073
362074
362075
362076
362077
362078
362079
362080
362081
362082
362083
362084
362085
362086
362087
362088
362089
362090
362091
362092
362093
362094
362095
362096
362097
362098
362099
362100
362101
362102
362103
362104
362105
362106
362107
362108
362109
362110
362111
362112
362113
362114
362115
362116
362117
362118
362119
362120
362121
362122
362123
362124
362125
362126
362127
362128
362129
362130
362131
362132
362133
362134
362135
362136
362137
362138
362139
362140
362141
362142
362143
362144
362145
362146
362147
362148
362149
362150
362151
362152
362153
362154
362155
362156
362157
362158
362159
362160
362161
362162
362163
362164
362165
362166
362167
362168
362169
362170
362171
362172
362173
362174
362175
362176
362177
362178
362179
362180
362182
362183
362184
362185
362186
362187
362188
362189
362190
362191
362192
362193
362194
362195
362196
362197
362198
362199
362200
362201
362202
362203
362204
362205
362206
362207
362208
362209
362210
362211
362212
362213
362214
362215
362216
362217
362218
362219
362220
362221
362222
362223
362224
362225
362226
362227
362228
362229
362230
362231
362232
362233
362234
362235
362236
362237
362238
362239
362240
362241
362242
362243
362244
362245
362246
362247
362248
362249
362250
362251
362252
362253
362254
362255
362256
362257
362258
362259
362260
362261
362262
362263
362264
362265
362266
362267
362268
362269
362270
362271
362272
362273
362274
362275
362276
362277
362278
362279
362280
362281
362282
362283
362284
362285
362286
362287
362288
362289
362290
362291
362292
362293
362294
362295
362296
362297
362298
362299
362300
362302
362303
362304
362305
362306
362307
362308
362309
362310
362311
362312
362313
362314
362315
362316
362317
362318
362319
362320
362321
362322
362323
362324
362325
362326
362327
362328
362329
362330
362331
362332
362333
362334
362335
362336
362337
362338
362339
362340
362341
362342
362343
362344
362345
362346
362347
362348
362349
362350
362351
362352
362353
362354
362355
362356
362357
362358
362359
362360
362361
362362
362363
362364
362365
362366
362367
362368
362369
362370
362371
362372
362373
362374
362375
362376
362377
362378
362379
362380
362381
362382
362383
362384
362385
362386
362387
362388
362389
362390
362391
362392
362393
362394
362395
362396
362397
362398
362399
362400
362401
362402
362403
362404
362405
362406
362407
362408
362409
362410
362411
362412
362413
362414
362415
362416
362417
362418
362419
362420
362422
362423
362424
362425
362426
362427
362428
362429
362430
362431
362432
362433
362434
362435
362436
362437
362438
362439
362440
362441
362442
362443
362444
362445
362446
362447
362448
362449
362450
362451
362452
362453
362454
362455
362456
362457
362458
362459
362460
362461
362462
362463
362464
362465
362466
362467
362468
362469
362470
362471
362472
362473
362474
362475
362476
362477
362478
362479
362480
362481
362482
362483
362484
362485
362486
362487
362488
362489
362490
362491
362492
362493
362494
362495
362496
362497
362498
362499
362500
362501
362502
362503
362504
362505
362506
362507
362508
362509
362510
362511
362512
362513
362514
362515
362516
362517
362518
362519
362520
362521
362522
362523
362524
362525
362526
362527
362528
362529
362530
362531
362532
362533
362534
362535
362536
362537
362538
362539
362540
362542
362543
362544
362545
362546
362547
362548
362549
362550
362551
362552
362553
362554
362555
362556
362557
362558
362559
362560
362561
362562
362563
362564
362565
362566
362567
362568
362569
362570
362571
362572
362573
362574
362575
362576
362577
362578
362579
362580
362581
362582
362583
362584
362585
362586
362587
362588
362589
362590
362591
362592
362593
362594
362595
362596
362597
362598
362599
362600
362601
362602
362603
362604
362605
362606
362607
362608
362609
362610
362611
362612
362613
362614
362615
362616
362617
362618
362619
362620
362621
362622
362623
362624
362625
362626
362627
362628
362629
362630
362631
362632
362633
362634
362635
362636
362637
362638
362639
362640
362641
362642
362643
362644
362645
362646
362647
362648
362649
362650
362651
362652
362653
362654
362655
362656
362657
362658
362659
362660
362661
362662
362663
362664
362665
362666
362667
362668
362669
362670
362671
362672
362673
362674
362675
362676
362677
362678
362679
362680
362681
362682
362683
362684
362685
362686
362687
362688
362689
362690
362691
362692
362693
362694
362695
362696
362697
362698
362699
362700
362701
362702
362703
362704
362705
362706
362707
362708
362709
362710
362711
362712
362713
362714
362715
362716
362717
362718
362719
362720
362721
362722
362723
362724
362725
362726
362727
362728
362729
362730
362731
362732
362733
362734
362735
362736
362737
362738
362739
362740
362741
362742
362743
362744
362745
362746
362747
362748
362749
362750
362751
362752
362753
362754
362755
362756
362757
362758
362759
362760
362761
362762
362763
362764
362765
362766
362767
362768
362769
362770
362771
362772
362773
362774
362775
362776
362777
362778
362779
362780
362781
362782
362783
362784
362785
362786
362787
362788
362789
362790
362791
362792
362793
362794
362795
362796
362797
362798
362799
362800
362801
362802
362803
362804
362805
362806
362807
362808
362809
362810
362811
362812
362813
362814
362815
362816
362817
362818
362819
362820
362821
362822
362823
362824
362825
362826
362827
362828
362829
362830
362831
362832
362833
362834
362835
362836
362837
362838
362839
362840
362841
362842
362843
362844
362845
362846
362847
362848
362849
362850
362851
362852
362853
362854
362855
362856
362857
362858
362859
362860
362861
362862
362863
362864
362865
362866
362867
362868
362869
362870
362871
362872
362873
362874
362875
362876
362877
362878
362879
362880
362881
362882
362883
362884
362885
362886
362887
362888
362889
362890
362891
362892
362893
362894
362895
362896
362897
362898
362899
362900
362901
362902
362903
362904
362905
362906
362907
362908
362909
362910
362911
362912
362913
362914
362915
362916
362917
362918
362919
362920
362921
362922
362923
362924
362925
362926
362927
362928
362929
362930
362931
362932
362933
362934
362935
362936
362937
362938
362939
362940
362941
362942
362943
362944
362945
362946
362947
362948
362949
362950
362951
362952
362953
362954
362955
362956
362957
362958
362959
362960
362961
362962
362963
362964
362965
362966
362967
362968
362969
362970
362971
362972
362973
362974
362975
362976
362977
362978
362979
362980
362981
362982
362983
362984
362985
362986
362987
362988
362989
362990
362991
362992
362993
362994
362995
362996
362997
362998
362999
363000
363001
363002
363003
363004
363005
363006
363007
363008
363009
363010
363011
363012
363013
363014
363015
363016
363017
363018
363019
363020
363021
363022
363023
363024
363025
363026
363027
363028
363029
363030
363031
363032
363033
363034
363035
363036
363037
363038
363039
363040
363041
363042
363043
363044
363045
363046
363047
363048
363049
363050
363051
363052
363053
363054
363055
363056
363057
363058
363059
363060
363061
363062
363063
363064
363065
363066
363067
363068
363069
363070
363071
363072
363073
363074
363075
363076
363077
363078
363079
363080
363081
363082
363083
363084
363085
363086
363087
363088
363089
363090
363091
363092
363093
363094
363095
363096
363097
363098
363099
363100
363101
363102
363103
363104
363105
363106
363107
363108
363109
363110
363111
363112
363113
363114
363115
363116
363117
363118
363119
363120
363121
363122
363123
363124
363125
363126
363127
363128
363129
363130
363131
363132
363133
363134
363135
363136
363137
363138
363139
363140
363141
363142
363143
363144
363145
363146
363147
363148
363149
363150
363151
363152
363153
363154
363155
363156
363157
363158
363159
363160
363161
363162
363163
363164
363165
363166
363167
363168
363169
363170
363171
363172
363173
363174
363175
363176
363177
363178
363179
363180
363181
363182
363183
363184
363185
363186
363187
363188
363189
363190
363191
363192
363193
363194
363195
363196
363197
363198
363199
363200
363201
363202
363203
363204
363205
363206
363207
363208
363209
363210
363211
363212
363213
363214
363215
363216
363217
363218
363219
363220
363221
363222
363223
363224
363225
363226
363227
363228
363229
363230
363231
363232
363233
363234
363235
363236
363237
363238
363239
363240
363241
363242
363243
363244
363245
363246
363247
363248
363249
363250
363251
363252
363253
363254
363255
363256
363257
363258
363259
363260
363261
363262
363263
363264
363265
363266
363267
363268
363269
363270
363271
363272
363273
363274
363275
363276
363277
363278
363279
363280
363281
363282
363283
363284
363285
363286
363287
363288
363289
363290
363291
363292
363293
363294
363295
363296
363297
363298
363299
363300
363301
363302
363303
363304
363305
363306
363307
363308
363309
363310
363311
363312
363313
363314
363315
363316
363317
363318
363319
363320
363321
363322
363323
363324
363325
363326
363327
363328
363329
363330
363331
363332
363333
363334
363335
363336
363337
363338
363339
363340
363341
363342
363343
363344
363345
363346
363347
363348
363349
363350
363351
363352
363353
363354
363355
363356
363357
363358
363359
363360
363361
363362
363363
363364
363365
363366
363367
363368
363369
363370
363371
363372
363373
363374
363375
363376
363377
363378
363379
363380
363381
363382
363383
363384
363385
363386
363387
363388
363389
363390
363391
363392
363393
363394
363395
363396
363397
363398
363399
363400
363401
363402
363403
363404
363405
363406
363407
363408
363409
363410
363411
363412
363413
363414
363415
363416
363417
363418
363419
363420
363421
363422
363423
363424
363425
363426
363427
363428
363429
363430
363431
363432
363433
363434
363435
363436
363437
363438
363439
363440
363441
363442
363443
363444
363445
363446
363447
363448
363449
363450
363451
363452
363453
363454
363455
363456
363457
363458
363459
363460
363461
363462
363463
363464
363465
363466
363467
363468
363469
363470
363471
363472
363473
363474
363475
363476
363477
363478
363479
363480
363481
363482
363483
363484
363485
363486
363487
363488
363489
363490
363491
363492
363493
363494
363495
363496
363497
363498
363499
363500
363501
363502
363503
363504
363505
363506
363507
363508
363509
363510
363511
363512
363513
363514
363515
363516
363517
363518
363519
363520
363521
363522
363523
363524
363525
363526
363527
363528
363529
363530
363531
363532
363533
363534
363535
363536
363537
363538
363539
363540
363541
363542
363543
363544
363545
363546
363547
363548
363549
363550
363551
363552
363553
363554
363555
363556
363557
363558
363559
363560
363561
363562
363563
363564
363565
363566
363567
363568
363569
363570
363571
363572
363573
363574
363575
363576
363577
363578
363579
363580
363581
363582
363583
363584
363585
363586
363587
363588
363589
363590
363591
363592
363593
363594
363595
363596
363597
363598
363599
363600
363601
363602
363603
363604
363605
363606
363607
363608
363609
363610
363611
363612
363613
363614
363615
363616
363617
363618
363619
363620
363621
363622
363623
363624
363625
363626
363627
363628
363629
363630
363631
363632
363633
363634
363635
363636
363637
363638
363639
363640
363641
363642
363643
363644
363645
363646
363647
363648
363649
363650
363651
363652
363653
363654
363655
363656
363657
363658
363659
363660
363661
363662
363663
363664
363665
363666
363667
363668
363669
363670
363671
363672
363673
363674
363675
363676
363677
363678
363679
363680
363681
363682
363683
363684
363685
363686
363687
363688
363689
363690
363691
363692
363693
363694
363695
363696
363697
363698
363699
363700
363701
363702
363703
363704
363705
363706
363707
363708
363709
363710
363711
363712
363713
363714
363715
363716
363717
363718
363719
363720
363721
363722
363723
363724
363725
363726
363727
363728
363729
363730
363731
363732
363733
363734
363735
363736
363737
363738
363739
363740
363741
363742
363743
363744
363745
363746
363747
363748
363749
363750
363751
363752
363753
363754
363755
363756
363757
363758
363759
363760
363761
363762
363763
363764
363765
363766
363767
363768
363769
363770
363771
363772
363773
363774
363775
363776
363777
363778
363779
363780
363781
363782
363783
363784
363785
363786
363787
363788
363789
363790
363791
363792
363793
363794
363795
363796
363797
363798
363799
363800
363801
363802
363803
363804
363805
363806
363807
363808
363809
363810
363811
363812
363813
363814
363815
363816
363817
363818
363819
363820
363821
363822
363823
363824
363825
363826
363827
363828
363829
363830
363831
363832
363833
363834
363835
363836
363837
363838
363839
363840
363841
363842
363843
363844
363845
363846
363847
363848
363849
363850
363851
363852
363853
363854
363855
363856
363857
363858
363859
363860
363861
363862
363863
363864
363865
363866
363867
363868
363869
363870
363871
363872
363873
363874
363875
363876
363877
363878
363879
363880
363881
363882
363883
363884
363885
363886
363887
363888
363889
363890
363891
363892
363893
363894
363895
363896
363897
363898
363899
363900
363901
363902
363903
363904
363905
363906
363907
363908
363909
363910
363911
363912
363913
363914
363915
363916
363917
363918
363919
363920
363921
363922
363923
363924
363925
363926
363927
363928
363929
363930
363931
363932
363933
363934
363935
363936
363937
363938
363939
363940
363941
363942
363943
363944
363945
363946
363947
363948
363949
363950
363951
363952
363953
363954
363955
363956
363957
363958
363959
363960
363961
363962
363963
363964
363965
363966
363967
363968
363969
363970
363971
363972
363973
363974
363975
363976
363977
363978
363979
363980
363981
363982
363983
363984
363985
363986
363987
363988
363989
363990
363991
363992
363993
363994
363995
363996
363997
363998
363999
364000
364001
364002
364003
364004
364005
364006
364007
364008
364009
364010
364011
364012
364013
364014
364015
364016
364017
364018
364019
364020
364021
364022
364023
364024
364025
364026
364027
364028
364029
364030
364031
364032
364033
364034
364035
364036
364037
364038
364039
364040
364041
364042
364043
364044
364045
364046
364047
364048
364049
364050
364051
364052
364053
364054
364055
364056
364057
364058
364059
364060
364061
364062
364063
364064
364065
364066
364067
364068
364069
364070
364071
364072
364073
364074
364075
364076
364077
364078
364079
364080
364081
364082
364083
364084
364085
364086
364087
364088
364089
364090
364091
364092
364093
364094
364095
364096
364097
364098
364099
364100
370462
370463
370464
370465
370466
370467
370468
370469
370470
370471
370472
370473
370474
370475
370476
370477
370478
370479
370480
370481
370482
370483
370484
370485
370486
370487
370488
370489
370490
370491
370492
370493
370494
370495
370496
370497
370498
370499
370500
370501
370502
370503
370504
370505
370506
370507
370508
370509
370510
370511
370512
370513
370514
370515
370516
370517
370518
370519
370520
370521
370522
370523
370524
370525
370526
370527
370528
370529
370530
370531
370532
370533
370534
370535
370536
370537
370538
370539
370540
370541
370542
370543
370544
370545
370546
370547
370548
370549
370550
370551
370552
370553
370554
370555
370556
370557
370558
370559
370560
370561
370562
370563
370564
370565
370566
370567
370568
370569
370570
370571
370572
370573
370574
370575
370576
370577
370578
370579
370580
370582
370583
370584
370585
370586
370587
370588
370589
370590
370591
370592
370593
370594
370595
370596
370597
370598
370599
370600
370601
370602
370603
370604
370605
370606
370607
370608
370609
370610
370611
370612
370613
370614
370615
370616
370617
370618
370619
370620
370621
370622
370623
370624
370625
370626
370627
370628
370629
370630
370631
370632
370633
370634
370635
370636
370637
370638
370639
370640
370641
370642
370643
370644
370645
370646
370647
370648
370649
370650
370651
370652
370653
370654
370655
370656
370657
370658
370659
370660
370661
370662
370663
370664
370665
370666
370667
370668
370669
370670
370671
370672
370673
370674
370675
370676
370677
370678
370679
370680
370681
370682
370683
370684
370685
370686
370687
370688
370689
370690
370691
370692
370693
370694
370695
370696
370697
370698
370699
370700
370702
370703
370704
370705
370706
370707
370708
370709
370710
370711
370712
370713
370714
370715
370716
370717
370718
370719
370720
370721
370722
370723
370724
370725
370726
370727
370728
370729
370730
370731
370732
370733
370734
370735
370736
370737
370738
370739
370740
370741
370742
370743
370744
370745
370746
370747
370748
370749
370750
370751
370752
370753
370754
370755
370756
370757
370758
370759
370760
370761
370762
370763
370764
370765
370766
370767
370768
370769
370770
370771
370772
370773
370774
370775
370776
370777
370778
370779
370780
370781
370782
370783
370784
370785
370786
370787
370788
370789
370790
370791
370792
370793
370794
370795
370796
370797
370798
370799
370800
370801
370802
370803
370804
370805
370806
370807
370808
370809
370810
370811
370812
370813
370814
370815
370816
370817
370818
370819
370820
370822
370823
370824
370825
370826
370827
370828
370829
370830
370831
370832
370833
370834
370835
370836
370837
370838
370839
370840
370841
370842
370843
370844
370845
370846
370847
370848
370849
370850
370851
370852
370853
370854
370855
370856
370857
370858
370859
370860
370861
370862
370863
370864
370865
370866
370867
370868
370869
370870
370871
370872
370873
370874
370875
370876
370877
370878
370879
370880
370881
370882
370883
370884
370885
370886
370887
370888
370889
370890
370891
370892
370893
370894
370895
370896
370897
370898
370899
370900
370901
370902
370903
370904
370905
370906
370907
370908
370909
370910
370911
370912
370913
370914
370915
370916
370917
370918
370919
370920
370921
370922
370923
370924
370925
370926
370927
370928
370929
370930
370931
370932
370933
370934
370935
370936
370937
370938
370939
370940
370942
370943
370944
370945
370946
370947
370948
370949
370950
370951
370952
370953
370954
370955
370956
370957
370958
370959
370960
370961
370962
370963
370964
370965
370966
370967
370968
370969
370970
370971
370972
370973
370974
370975
370976
370977
370978
370979
370980
370981
370982
370983
370984
370985
370986
370987
370988
370989
370990
370991
370992
370993
370994
370995
370996
370997
370998
370999
371000
371001
371002
371003
371004
371005
371006
371007
371008
371009
371010
371011
371012
371013
371014
371015
371016
371017
371018
371019
371020
371021
371022
371023
371024
371025
371026
371027
371028
371029
371030
371031
371032
371033
371034
371035
371036
371037
371038
371039
371040
371041
371042
371043
371044
371045
371046
371047
371048
371049
371050
371051
371052
371053
371054
371055
371056
371057
371058
371059
371060
371062
371063
371064
371065
371066
371067
371068
371069
371070
371071
371072
371073
371074
371075
371076
371077
371078
371079
371080
371081
371082
371083
371084
371085
371086
371087
371088
371089
371090
371091
371092
371093
371094
371095
371096
371097
371098
371099
371100
371101
371102
371103
371104
371105
371106
371107
371108
371109
371110
371111
371112
371113
371114
371115
371116
371117
371118
371119
371120
371121
371122
371123
371124
371125
371126
371127
371128
371129
371130
371131
371132
371133
371134
371135
371136
371137
371138
371139
371140
371141
371142
371143
371144
371145
371146
371147
371148
371149
371150
371151
371152
371153
371154
371155
371156
371157
371158
371159
371160
371161
371162
371163
371164
371165
371166
371167
371168
371169
371170
371171
371172
371173
371174
371175
371176
371177
371178
371179
371180
371182
371183
371184
371185
371186
371187
371188
371189
371190
371191
371192
371193
371194
371195
371196
371197
371198
371199
371200
371201
371202
371203
371204
371205
371206
371207
371208
371209
371210
371211
371212
371213
371214
371215
371216
371217
371218
371219
371220
371221
371222
371223
371224
371225
371226
371227
371228
371229
371230
371231
371232
371233
371234
371235
371236
371237
371238
371239
371240
371241
371242
371243
371244
371245
371246
371247
371248
371249
371250
371251
371252
371253
371254
371255
371256
371257
371258
371259
371260
371261
371262
371263
371264
371265
371266
371267
371268
371269
371270
371271
371272
371273
371274
371275
371276
371277
371278
371279
371280
371281
371282
371283
371284
371285
371286
371287
371288
371289
371290
371291
371292
371293
371294
371295
371296
371297
371298
371299
371300
371302
371303
371304
371305
371306
371307
371308
371309
371310
371311
371312
371313
371314
371315
371316
371317
371318
371319
371320
371321
371322
371323
371324
371325
371326
371327
371328
371329
371330
371331
371332
371333
371334
371335
371336
371337
371338
371339
371340
371341
371342
371343
371344
371345
371346
371347
371348
371349
371350
371351
371352
371353
371354
371355
371356
371357
371358
371359
371360
371361
371362
371363
371364
371365
371366
371367
371368
371369
371370
371371
371372
371373
371374
371375
371376
371377
371378
371379
371380
371381
371382
371383
371384
371385
371386
371387
371388
371389
371390
371391
371392
371393
371394
371395
371396
371397
371398
371399
371400
371401
371402
371403
371404
371405
371406
371407
371408
371409
371410
371411
371412
371413
371414
371415
371416
371417
371418
371419
371420
371422
371423
371424
371425
371426
371427
371428
371429
371430
371431
371432
371433
371434
371435
371436
371437
371438
371439
371440
371441
371442
371443
371444
371445
371446
371447
371448
371449
371450
371451
371452
371453
371454
371455
371456
371457
371458
371459
371460
371461
371462
371463
371464
371465
371466
371467
371468
371469
371470
371471
371472
371473
371474
371475
371476
371477
371478
371479
371480
371481
371482
371483
371484
371485
371486
371487
371488
371489
371490
371491
371492
371493
371494
371495
371496
371497
371498
371499
371500
371501
371502
371503
371504
371505
371506
371507
371508
371509
371510
371511
371512
371513
371514
371515
371516
371517
371518
371519
371520
371521
371522
371523
371524
371525
371526
371527
371528
371529
371530
371531
371532
371533
371534
371535
371536
371537
371538
371539
371540
371542
371543
371544
371545
371546
371547
371548
371549
371550
371551
371552
371553
371554
371555
371556
371557
371558
371559
371560
371561
371562
371563
371564
371565
371566
371567
371568
371569
371570
371571
371572
371573
371574
371575
371576
371577
371578
371579
371580
371581
371582
371583
371584
371585
371586
371587
371588
371589
371590
371591
371592
371593
371594
371595
371596
371597
371598
371599
371600
371601
371602
371603
371604
371605
371606
371607
371608
371609
371610
371611
371612
371613
371614
371615
371616
371617
371618
371619
371620
371621
371622
371623
371624
371625
371626
371627
371628
371629
371630
371631
371632
371633
371634
371635
371636
371637
371638
371639
371640
371641
371642
371643
371644
371645
371646
371647
371648
371649
371650
371651
371652
371653
371654
371655
371656
371657
371658
371659
371660
371662
371663
371664
371665
371666
371667
371668
371669
371670
371671
371672
371673
371674
371675
371676
371677
371678
371679
371680
371681
371682
371683
371684
371685
371686
371687
371688
371689
371690
371691
371692
371693
371694
371695
371696
371697
371698
371699
371700
371701
371702
371703
371704
371705
371706
371707
371708
371709
371710
371711
371712
371713
371714
371715
371716
371717
371718
371719
371720
371721
371722
371723
371724
371725
371726
371727
371728
371729
371730
371731
371732
371733
371734
371735
371736
371737
371738
371739
371740
371741
371742
371743
371744
371745
371746
371747
371748
371749
371750
371751
371752
371753
371754
371755
371756
371757
371758
371759
371760
371761
371762
371763
371764
371765
371766
371767
371768
371769
371770
371771
371772
371773
371774
371775
371776
371777
371778
371779
371780
371782
371783
371784
371785
371786
371787
371788
371789
371790
371791
371792
371793
371794
371795
371796
371797
371798
371799
371800
371801
371802
371803
371804
371805
371806
371807
371808
371809
371810
371811
371812
371813
371814
371815
371816
371817
371818
371819
371820
371821
371822
371823
371824
371825
371826
371827
371828
371829
371830
371831
371832
371833
371834
371835
371836
371837
371838
371839
371840
371841
371842
371843
371844
371845
371846
371847
371848
371849
371850
371851
371852
371853
371854
371855
371856
371857
371858
371859
371860
371861
371862
371863
371864
371865
371866
371867
371868
371869
371870
371871
371872
371873
371874
371875
371876
371877
371878
371879
371880
371881
371882
371883
371884
371885
371886
371887
371888
371889
371890
371891
371892
371893
371894
371895
371896
371897
371898
371899
371900
371902
371903
371904
371905
371906
371907
371908
371909
371910
371911
371912
371913
371914
371915
371916
371917
371918
371919
371920
371921
371922
371923
371924
371925
371926
371927
371928
371929
371930
371931
371932
371933
371934
371935
371936
371937
371938
371939
371940
371941
371942
371943
371944
371945
371946
371947
371948
371949
371950
371951
371952
371953
371954
371955
371956
371957
371958
371959
371960
371961
371962
371963
371964
371965
371966
371967
371968
371969
371970
371971
371972
371973
371974
371975
371976
371977
371978
371979
371980
371981
371982
371983
371984
371985
371986
371987
371988
371989
371990
371991
371992
371993
371994
371995
371996
371997
371998
371999
372000
372001
372002
372003
372004
372005
372006
372007
372008
372009
372010
372011
372012
372013
372014
372015
372016
372017
372018
372019
372020
372022
372023
372024
372025
372026
372027
372028
372029
372030
372031
372032
372033
372034
372035
372036
372037
372038
372039
372040
372041
372042
372043
372044
372045
372046
372047
372048
372049
372050
372051
372052
372053
372054
372055
372056
372057
372058
372059
372060
372061
372062
372063
372064
372065
372066
372067
372068
372069
372070
372071
372072
372073
372074
372075
372076
372077
372078
372079
372080
372081
372082
372083
372084
372085
372086
372087
372088
372089
372090
372091
372092
372093
372094
372095
372096
372097
372098
372099
372100
372101
372102
372103
372104
372105
372106
372107
372108
372109
372110
372111
372112
372113
372114
372115
372116
372117
372118
372119
372120
372121
372122
372123
372124
372125
372126
372127
372128
372129
372130
372131
372132
372133
372134
372135
372136
372137
372138
372139
372140
372142
372143
372144
372145
372146
372147
372148
372149
372150
372151
372152
372153
372154
372155
372156
372157
372158
372159
372160
372161
372162
372163
372164
372165
372166
372167
372168
372169
372170
372171
372172
372173
372174
372175
372176
372177
372178
372179
372180
372181
372182
372183
372184
372185
372186
372187
372188
372189
372190
372191
372192
372193
372194
372195
372196
372197
372198
372199
372200
372201
372202
372203
372204
372205
372206
372207
372208
372209
372210
372211
372212
372213
372214
372215
372216
372217
372218
372219
372220
372221
372222
372223
372224
372225
372226
372227
372228
372229
372230
372231
372232
372233
372234
372235
372236
372237
372238
372239
372240
372241
372242
372243
372244
372245
372246
372247
372248
372249
372250
372251
372252
372253
372254
372255
372256
372257
372258
372259
372260
372261
372262
372263
372264
372265
372266
372267
372268
372269
372270
372271
372272
372273
372274
372275
372276
372277
372278
372279
372280
372281
372282
372283
372284
372285
372286
372287
372288
372289
372290
372291
372292
372293
372294
372295
372296
372297
372298
372299
372300
372301
372302
372303
372304
372305
372306
372307
372308
372309
372310
372311
372312
372313
372314
372315
372316
372317
372318
372319
372320
372321
372322
372323
372324
372325
372326
372327
372328
372329
372330
372331
372332
372333
372334
372335
372336
372337
372338
372339
372340
372341
372342
372343
372344
372345
372346
372347
372348
372349
372350
372351
372352
372353
372354
372355
372356
372357
372358
372359
372360
372361
372362
372363
372364
372365
372366
372367
372368
372369
372370
372371
372372
372373
372374
372375
372376
372377
372378
372379
372380
372381
372382
372383
372384
372385
372386
372387
372388
372389
372390
372391
372392
372393
372394
372395
372396
372397
372398
372399
372400
372401
372402
372403
372404
372405
372406
372407
372408
372409
372410
372411
372412
372413
372414
372415
372416
372417
372418
372419
372420
372421
372422
372423
372424
372425
372426
372427
372428
372429
372430
372431
372432
372433
372434
372435
372436
372437
372438
372439
372440
372441
372442
372443
372444
372445
372446
372447
372448
372449
372450
372451
372452
372453
372454
372455
372456
372457
372458
372459
372460
372461
372462
372463
372464
372465
372466
372467
372468
372469
372470
372471
372472
372473
372474
372475
372476
372477
372478
372479
372480
372481
372482
372483
372484
372485
372486
372487
372488
372489
372490
372491
372492
372493
372494
372495
372496
372497
372498
372499
372500
372501
372502
372503
372504
372505
372506
372507
372508
372509
372510
372511
372512
372513
372514
372515
372516
372517
372518
372519
372520
372521
372522
372523
372524
372525
372526
372527
372528
372529
372530
372531
372532
372533
372534
372535
372536
372537
372538
372539
372540
372541
372542
372543
372544
372545
372546
372547
372548
372549
372550
372551
372552
372553
372554
372555
372556
372557
372558
372559
372560
372561
372562
372563
372564
372565
372566
372567
372568
372569
372570
372571
372572
372573
372574
372575
372576
372577
372578
372579
372580
372581
372582
372583
372584
372585
372586
372587
372588
372589
372590
372591
372592
372593
372594
372595
372596
372597
372598
372599
372600
372601
372602
372603
372604
372605
372606
372607
372608
372609
372610
372611
372612
372613
372614
372615
372616
372617
372618
372619
372620
372621
372622
372623
372624
372625
372626
372627
372628
372629
372630
372631
372632
372633
372634
372635
372636
372637
372638
372639
372640
372641
372642
372643
372644
372645
372646
372647
372648
372649
372650
372651
372652
372653
372654
372655
372656
372657
372658
372659
372660
372661
372662
372663
372664
372665
372666
372667
372668
372669
372670
372671
372672
372673
372674
372675
372676
372677
372678
372679
372680
372681
372682
372683
372684
372685
372686
372687
372688
372689
372690
372691
372692
372693
372694
372695
372696
372697
372698
372699
372700
372701
372702
372703
372704
372705
372706
372707
372708
372709
372710
372711
372712
372713
372714
372715
372716
372717
372718
372719
372720
372721
372722
372723
372724
372725
372726
372727
372728
372729
372730
372731
372732
372733
372734
372735
372736
372737
372738
372739
372740
372741
372742
372743
372744
372745
372746
372747
372748
372749
372750
372751
372752
372753
372754
372755
372756
372757
372758
372759
372760
372761
372762
372763
372764
372765
372766
372767
372768
372769
372770
372771
372772
372773
372774
372775
372776
372777
372778
372779
372780
372781
372782
372783
372784
372785
372786
372787
372788
372789
372790
372791
372792
372793
372794
372795
372796
372797
372798
372799
372800
372801
372802
372803
372804
372805
372806
372807
372808
372809
372810
372811
372812
372813
372814
372815
372816
372817
372818
372819
372820
372821
372822
372823
372824
372825
372826
372827
372828
372829
372830
372831
372832
372833
372834
372835
372836
372837
372838
372839
372840
372841
372842
372843
372844
372845
372846
372847
372848
372849
372850
372851
372852
372853
372854
372855
372856
372857
372858
372859
372860
372861
372862
372863
372864
372865
372866
372867
372868
372869
372870
372871
372872
372873
372874
372875
372876
372877
372878
372879
372880
372881
372882
372883
372884
372885
372886
372887
372888
372889
372890
372891
372892
372893
372894
372895
372896
372897
372898
372899
372900
372901
372902
372903
372904
372905
372906
372907
372908
372909
372910
372911
372912
372913
372914
372915
372916
372917
372918
372919
372920
372921
372922
372923
372924
372925
372926
372927
372928
372929
372930
372931
372932
372933
372934
372935
372936
372937
372938
372939
372940
372941
372942
372943
372944
372945
372946
372947
372948
372949
372950
372951
372952
372953
372954
372955
372956
372957
372958
372959
372960
372961
372962
372963
372964
372965
372966
372967
372968
372969
372970
372971
372972
372973
372974
372975
372976
372977
372978
372979
372980
372981
372982
372983
372984
372985
372986
372987
372988
372989
372990
372991
372992
372993
372994
372995
372996
372997
372998
372999
373000
373001
373002
373003
373004
373005
373006
373007
373008
373009
373010
373011
373012
373013
373014
373015
373016
373017
373018
373019
373020
373021
373022
373023
373024
373025
373026
373027
373028
373029
373030
373031
373032
373033
373034
373035
373036
373037
373038
373039
373040
373041
373042
373043
373044
373045
373046
373047
373048
373049
373050
373051
373052
373053
373054
373055
373056
373057
373058
373059
373060
373061
373062
373063
373064
373065
373066
373067
373068
373069
373070
373071
373072
373073
373074
373075
373076
373077
373078
373079
373080
373081
373082
373083
373084
373085
373086
373087
373088
373089
373090
373091
373092
373093
373094
373095
373096
373097
373098
373099
373100
373101
373102
373103
373104
373105
373106
373107
373108
373109
373110
373111
373112
373113
373114
373115
373116
373117
373118
373119
373120
373121
373122
373123
373124
373125
373126
373127
373128
373129
373130
373131
373132
373133
373134
373135
373136
373137
373138
373139
373140
373141
373142
373143
373144
373145
373146
373147
373148
373149
373150
373151
373152
373153
373154
373155
373156
373157
373158
373159
373160
373161
373162
373163
373164
373165
373166
373167
373168
373169
373170
373171
373172
373173
373174
373175
373176
373177
373178
373179
373180
373181
373182
373183
373184
373185
373186
373187
373188
373189
373190
373191
373192
373193
373194
373195
373196
373197
373198
373199
373200
373201
373202
373203
373204
373205
373206
373207
373208
373209
373210
373211
373212
373213
373214
373215
373216
373217
373218
373219
373220
373221
373222
373223
373224
373225
373226
373227
373228
373229
373230
373231
373232
373233
373234
373235
373236
373237
373238
373239
373240
373241
373242
373243
373244
373245
373246
373247
373248
373249
373250
373251
373252
373253
373254
373255
373256
373257
373258
373259
373260
373261
373262
373263
373264
373265
373266
373267
373268
373269
373270
373271
373272
373273
373274
373275
373276
373277
373278
373279
373280
373281
373282
373283
373284
373285
373286
373287
373288
373289
373290
373291
373292
373293
373294
373295
373296
373297
373298
373299
373300
373301
373302
373303
373304
373305
373306
373307
373308
373309
373310
373311
373312
373313
373314
373315
373316
373317
373318
373319
373320
373321
373322
373323
373324
373325
373326
373327
373328
373329
373330
373331
373332
373333
373334
373335
373336
373337
373338
373339
373340
373341
373342
373343
373344
373345
373346
373347
373348
373349
373350
373351
373352
373353
373354
373355
373356
373357
373358
373359
373360
373361
373362
373363
373364
373365
373366
373367
373368
373369
373370
373371
373372
373373
373374
373375
373376
373377
373378
373379
373380
373381
373382
373383
373384
373385
373386
373387
373388
373389
373390
373391
373392
373393
373394
373395
373396
373397
373398
373399
373400
373401
373402
373403
373404
373405
373406
373407
373408
373409
373410
373411
373412
373413
373414
373415
373416
373417
373418
373419
373420
373421
373422
373423
373424
373425
373426
373427
373428
373429
373430
373431
373432
373433
373434
373435
373436
373437
373438
373439
373440
373441
373442
373443
373444
373445
373446
373447
373448
373449
373450
373451
373452
373453
373454
373455
373456
373457
373458
373459
373460
373461
373462
373463
373464
373465
373466
373467
373468
373469
373470
373471
373472
373473
373474
373475
373476
373477
373478
373479
373480
373481
373482
373483
373484
373485
373486
373487
373488
373489
373490
373491
373492
373493
373494
373495
373496
373497
373498
373499
373500
373501
373502
373503
373504
373505
373506
373507
373508
373509
373510
373511
373512
373513
373514
373515
373516
373517
373518
373519
373520
373521
373522
373523
373524
373525
373526
373527
373528
373529
373530
373531
373532
373533
373534
373535
373536
373537
373538
373539
373540
373541
373542
373543
373544
373545
373546
373547
373548
373549
373550
373551
373552
373553
373554
373555
373556
373557
373558
373559
373560
373561
373562
373563
373564
373565
373566
373567
373568
373569
373570
373571
373572
373573
373574
373575
373576
373577
373578
373579
373580
373581
373582
373583
373584
373585
373586
373587
373588
373589
373590
373591
373592
373593
373594
373595
373596
373597
373598
373599
373600
373601
373602
373603
373604
373605
373606
373607
373608
373609
373610
373611
373612
373613
373614
373615
373616
373617
373618
373619
373620
373621
373622
373623
373624
373625
373626
373627
373628
373629
373630
373631
373632
373633
373634
373635
373636
373637
373638
373639
373640
373641
373642
373643
373644
373645
373646
373647
373648
373649
373650
373651
373652
373653
373654
373655
373656
373657
373658
373659
373660
373661
373662
373663
373664
373665
373666
373667
373668
373669
373670
373671
373672
373673
373674
373675
373676
373677
373678
373679
373680
373681
373682
373683
373684
373685
373686
373687
373688
373689
373690
373691
373692
373693
373694
373695
373696
373697
373698
373699
373700
-62173
-62175
-62177
-62179
-62181
-62183
-62185
-62187
-62189
-62191
-62193
-62195
-153202
-153204
-153206
-153208
-153210
-153212
-153214
-153216
-153218
-153220
-153222
-153224
-153226
-153228
-153229
-153230
153253
153412
153571
153730
153889
154048
154207
154366
154525
154684
154843
155002
155161
155320
155479
155638
155797
155956
156115
156274
156433
156592
156751
156910
157069
157228
157387
157546
157705
157864
158023
158182
158341
158500
158659
158818
158977
159136
159295
159454
159613
159772
159931
160090
160249
160408
160567
160726
160885
161044
161203
161362
161521
161680
161839
161998
162157
162316
162475
162634
162793
162952
163111
163270
163429
163588
163747
163906
164065
164224
164383
164542
164701
164860
165019
165178
165337
165496
165655
165814
165973
166132
166291
166450
166609
166768
166927
167086
167245
167404
167563
167722
167881
168040
168199
168358
168517
168676
168835
168994
169153
169312
169471
169630
169789
169948
170107
170266
170425
170584
170743
170902
171061
171220
171379
171538
171697
171856
172015
172148
)


// ************************************************************************* //
