/*--------------------------------*- C++ -*----------------------------------*\
  =========                 |
  \\      /  F ield         | OpenFOAM: The Open Source CFD Toolbox
   \\    /   O peration     | Website:  https://openfoam.org
    \\  /    A nd           | Version:  7
     \\/     M anipulation  |
\*---------------------------------------------------------------------------*/
FoamFile
{
    version     2.0;
    format      ascii;
    class       labelList;
    location    "constant/polyMesh";
    object      pointProcAddressing;
}
// * * * * * * * * * * * * * * * * * * * * * * * * * * * * * * * * * * * * * //


6746
(
53537
53538
53539
53540
53541
53542
53543
53544
53545
53546
53547
53548
53549
63217
63218
63219
63220
63221
63222
63223
63224
63225
63226
63227
63228
63229
155320
155321
155322
155323
155324
155325
155326
155327
155328
155329
155330
155331
155332
155333
155334
155335
155336
155337
155338
155339
155340
155341
155342
155343
155344
155345
155346
155347
155400
155401
155402
155403
155404
155405
155406
155407
155408
155409
155410
155411
155412
155413
155414
155415
155416
155417
155418
155419
155420
155421
155422
155423
155424
155425
155426
155427
155480
155481
155482
155483
155484
155485
155486
155487
155488
155489
155490
155491
155492
155493
155494
155495
155496
155497
155498
155499
155500
155501
155502
155503
155504
155505
155506
155507
155560
155561
155562
155563
155564
155565
155566
155567
155568
155569
155570
155571
155572
155573
155574
155575
155576
155577
155578
155579
155580
155581
155582
155583
155584
155585
155586
155587
155640
155641
155642
155643
155644
155645
155646
155647
155648
155649
155650
155651
155652
155653
155654
155655
155656
155657
155658
155659
155660
155661
155662
155663
155664
155665
155666
155667
155720
155721
155722
155723
155724
155725
155726
155727
155728
155729
155730
155731
155732
155733
155734
155735
155736
155737
155738
155739
155740
155741
155742
155743
155744
155745
155746
155747
155800
155801
155802
155803
155804
155805
155806
155807
155808
155809
155810
155811
155812
155813
155814
155815
155816
155817
155818
155819
155820
155821
155822
155823
155824
155825
155826
155827
155880
155881
155882
155883
155884
155885
155886
155887
155888
155889
155890
155891
155892
155893
155894
155895
155896
155897
155898
155899
155900
155901
155902
155903
155904
155905
155906
155907
155960
155961
155962
155963
155964
155965
155966
155967
155968
155969
155970
155971
155972
155973
155974
155975
155976
155977
155978
155979
155980
155981
155982
155983
155984
155985
155986
155987
156040
156041
156042
156043
156044
156045
156046
156047
156048
156049
156050
156051
156052
156053
156054
156055
156056
156057
156058
156059
156060
156061
156062
156063
156064
156065
156066
156067
156120
156121
156122
156123
156124
156125
156126
156127
156128
156129
156130
156131
156132
156133
156134
156135
156136
156137
156138
156139
156140
156141
156142
156143
156144
156145
156146
156147
156200
156201
156202
156203
156204
156205
156206
156207
156208
156209
156210
156211
156212
156213
156214
156215
156216
156217
156218
156219
156220
156221
156222
156223
156224
156225
156226
156227
156280
156281
156282
156283
156284
156285
156286
156287
156288
156289
156290
156291
156292
156293
156294
156295
156296
156297
156298
156299
156300
156301
156302
156303
156304
156305
156306
156307
156360
156361
156362
156363
156364
156365
156366
156367
156368
156369
156370
156371
156372
156373
156374
156375
156376
156377
156378
156379
156380
156381
156382
156383
156384
156385
156386
156387
156440
156441
156442
156443
156444
156445
156446
156447
156448
156449
156450
156451
156452
156453
156454
156455
156456
156457
156458
156459
156460
156461
156462
156463
156464
156465
156466
156467
156520
156521
156522
156523
156524
156525
156526
156527
156528
156529
156530
156531
156532
156533
156534
156535
156536
156537
156538
156539
156540
156541
156542
156543
156544
156545
156546
156547
156600
156601
156602
156603
156604
156605
156606
156607
156608
156609
156610
156611
156612
156613
156614
156615
156616
156617
156618
156619
156620
156621
156622
156623
156624
156625
156626
156627
156680
156681
156682
156683
156684
156685
156686
156687
156688
156689
156690
156691
156692
156693
156694
156695
156696
156697
156698
156699
156700
156701
156702
156703
156704
156705
156706
156707
156760
156761
156762
156763
156764
156765
156766
156767
156768
156769
156770
156771
156772
156773
156774
156775
156776
156777
156778
156779
156780
156781
156782
156783
156784
156785
156786
156787
156840
156841
156842
156843
156844
156845
156846
156847
156848
156849
156850
156851
156852
156853
156854
156855
156856
156857
156858
156859
156860
156861
156862
156863
156864
156865
156866
156867
156920
156921
156922
156923
156924
156925
156926
156927
156928
156929
156930
156931
156932
156933
156934
156935
156936
156937
156938
156939
156940
156941
156942
156943
156944
156945
156946
156947
157000
157001
157002
157003
157004
157005
157006
157007
157008
157009
157010
157011
157012
157013
157014
157015
157016
157017
157018
157019
157020
157021
157022
157023
157024
157025
157026
157027
157080
157081
157082
157083
157084
157085
157086
157087
157088
157089
157090
157091
157092
157093
157094
157095
157096
157097
157098
157099
157100
157101
157102
157103
157104
157105
157106
157107
157160
157161
157162
157163
157164
157165
157166
157167
157168
157169
157170
157171
157172
157173
157174
157175
157176
157177
157178
157179
157180
157181
157182
157183
157184
157185
157186
157187
157240
157241
157242
157243
157244
157245
157246
157247
157248
157249
157250
157251
157252
157253
157254
157255
157256
157257
157258
157259
157260
157261
157262
157263
157264
157265
157266
157267
157320
157321
157322
157323
157324
157325
157326
157327
157328
157329
157330
157331
157332
157333
157334
157335
157336
157337
157338
157339
157340
157341
157342
157343
157344
157345
157346
157347
157400
157401
157402
157403
157404
157405
157406
157407
157408
157409
157410
157411
157412
157413
157414
157415
157416
157417
157418
157419
157420
157421
157422
157423
157424
157425
157426
157427
157480
157481
157482
157483
157484
157485
157486
157487
157488
157489
157490
157491
157492
157493
157494
157495
157496
157497
157498
157499
157500
157501
157502
157503
157504
157505
157506
157507
157560
157561
157562
157563
157564
157565
157566
157567
157568
157569
157570
157571
157572
157573
157574
157575
157576
157577
157578
157579
157580
157581
157582
157583
157584
157585
157586
157587
157640
157641
157642
157643
157644
157645
157646
157647
157648
157649
157650
157651
157652
157653
157654
157655
157656
157657
157658
157659
157660
157661
157662
157663
157664
157665
157666
157667
157720
157721
157722
157723
157724
157725
157726
157727
157728
157729
157730
157731
157732
157733
157734
157735
157736
157737
157738
157739
157740
157741
157742
157743
157744
157745
157746
157747
157800
157801
157802
157803
157804
157805
157806
157807
157808
157809
157810
157811
157812
157813
157814
157815
157816
157817
157818
157819
157820
157821
157822
157823
157824
157825
157826
157827
157880
157881
157882
157883
157884
157885
157886
157887
157888
157889
157890
157891
157892
157893
157894
157895
157896
157897
157898
157899
157900
157901
157902
157903
157904
157905
157906
157907
157960
157961
157962
157963
157964
157965
157966
157967
157968
157969
157970
157971
157972
157973
157974
157975
157976
157977
157978
157979
157980
157981
157982
157983
157984
157985
157986
157987
158040
158041
158042
158043
158044
158045
158046
158047
158048
158049
158050
158051
158052
158053
158054
158055
158056
158057
158058
158059
158060
158061
158062
158063
158064
158065
158066
158067
158120
158121
158122
158123
158124
158125
158126
158127
158128
158129
158130
158131
158132
158133
158134
158135
158136
158137
158138
158139
158140
158141
158142
158143
158144
158145
158146
158147
158200
158201
158202
158203
158204
158205
158206
158207
158208
158209
158210
158211
158212
158213
158214
158215
158216
158217
158218
158219
158220
158221
158222
158223
158224
158225
158226
158227
158280
158281
158282
158283
158284
158285
158286
158287
158288
158289
158290
158291
158292
158293
158294
158295
158296
158297
158298
158299
158300
158301
158302
158303
158304
158305
158306
158307
158360
158361
158362
158363
158364
158365
158366
158367
158368
158369
158370
158371
158372
158373
158374
158375
158376
158377
158378
158379
158380
158381
158382
158383
158384
158385
158386
158387
158440
158441
158442
158443
158444
158445
158446
158447
158448
158449
158450
158451
158452
158453
158454
158455
158456
158457
158458
158459
158460
158461
158462
158463
158464
158465
158466
158467
158520
158521
158522
158523
158524
158525
158526
158527
158528
158529
158530
158531
158532
158533
158534
158535
158536
158537
158538
158539
158540
158541
158542
158543
158544
158545
158546
158547
158600
158601
158602
158603
158604
158605
158606
158607
158608
158609
158610
158611
158612
158613
158614
158615
158616
158617
158618
158619
158620
158621
158622
158623
158624
158625
158626
158627
158680
158681
158682
158683
158684
158685
158686
158687
158688
158689
158690
158691
158692
158693
158694
158695
158696
158697
158698
158699
158700
158701
158702
158703
158704
158705
158706
158707
158760
158761
158762
158763
158764
158765
158766
158767
158768
158769
158770
158771
158772
158773
158774
158775
158776
158777
158778
158779
158780
158781
158782
158783
158784
158785
158786
158787
158840
158841
158842
158843
158844
158845
158846
158847
158848
158849
158850
158851
158852
158853
158854
158855
158856
158857
158858
158859
158860
158861
158862
158863
158864
158865
158866
158867
158920
158921
158922
158923
158924
158925
158926
158927
158928
158929
158930
158931
158932
158933
158934
158935
158936
158937
158938
158939
158940
158941
158942
158943
158944
158945
158946
158947
159000
159001
159002
159003
159004
159005
159006
159007
159008
159009
159010
159011
159012
159013
159014
159015
159016
159017
159018
159019
159020
159021
159022
159023
159024
159025
159026
159027
159080
159081
159082
159083
159084
159085
159086
159087
159088
159089
159090
159091
159092
159093
159094
159095
159096
159097
159098
159099
159100
159101
159102
159103
159104
159105
159106
159107
159160
159161
159162
159163
159164
159165
159166
159167
159168
159169
159170
159171
159172
159173
159174
159175
159176
159177
159178
159179
159180
159181
159182
159183
159184
159185
159186
159187
159240
159241
159242
159243
159244
159245
159246
159247
159248
159249
159250
159251
159252
159253
159254
159255
159256
159257
159258
159259
159260
159261
159262
159263
159264
159265
159266
159267
159320
159321
159322
159323
159324
159325
159326
159327
159328
159329
159330
159331
159332
159333
159334
159335
159336
159337
159338
159339
159340
159341
159342
159343
159344
159345
159346
159347
159400
159401
159402
159403
159404
159405
159406
159407
159408
159409
159410
159411
159412
159413
159414
159415
159416
159417
159418
159419
159420
159421
159422
159423
159424
159425
159426
159427
159480
159481
159482
159483
159484
159485
159486
159487
159488
159489
159490
159491
159492
159493
159494
159495
159496
159497
159498
159499
159500
159501
159502
159503
159504
159505
159506
159507
159560
159561
159562
159563
159564
159565
159566
159567
159568
159569
159570
159571
159572
159573
159574
159575
159576
159577
159578
159579
159580
159581
159582
159583
159584
159585
159586
159587
159640
159641
159642
159643
159644
159645
159646
159647
159648
159649
159650
159651
159652
159653
159654
159655
159656
159657
159658
159659
159660
159661
159662
159663
159664
159665
159666
159667
159720
159721
159722
159723
159724
159725
159726
159727
159728
159729
159730
159731
159732
159733
159734
159735
159736
159737
159738
159739
159740
159741
159742
159743
159744
159745
159746
159747
159800
159801
159802
159803
159804
159805
159806
159807
159808
159809
159810
159811
159812
159813
159814
159815
159816
159817
159818
159819
159820
159821
159822
159823
159824
159825
159826
159827
159880
159881
159882
159883
159884
159885
159886
159887
159888
159889
159890
159891
159892
159893
159894
159895
159896
159897
159898
159899
159900
159901
159902
159903
159904
159905
159906
159907
159960
159961
159962
159963
159964
159965
159966
159967
159968
159969
159970
159971
159972
159973
159974
159975
159976
159977
159978
159979
159980
159981
159982
159983
159984
159985
159986
159987
160040
160041
160042
160043
160044
160045
160046
160047
160048
160049
160050
160051
160052
160053
160054
160055
160056
160057
160058
160059
160060
160061
160062
160063
160064
160065
160066
160067
160120
160121
160122
160123
160124
160125
160126
160127
160128
160129
160130
160131
160132
160133
160134
160135
160136
160137
160138
160139
160140
160141
160142
160143
160144
160145
160146
160147
160200
160201
160202
160203
160204
160205
160206
160207
160208
160209
160210
160211
160212
160213
160214
160215
160216
160217
160218
160219
160220
160221
160222
160223
160224
160225
160226
160227
160280
160281
160282
160283
160284
160285
160286
160287
160288
160289
160290
160291
160292
160293
160294
160295
160296
160297
160298
160299
160300
160301
160302
160303
160304
160305
160306
160307
160360
160361
160362
160363
160364
160365
160366
160367
160368
160369
160370
160371
160372
160373
160374
160375
160376
160377
160378
160379
160380
160381
160382
160383
160384
160385
160386
160387
160440
160441
160442
160443
160444
160445
160446
160447
160448
160449
160450
160451
160452
160453
160454
160455
160456
160457
160458
160459
160460
160461
160462
160463
160464
160465
160466
160467
160520
160521
160522
160523
160524
160525
160526
160527
160528
160529
160530
160531
160532
160533
160534
160535
160536
160537
160538
160539
160540
160541
160542
160543
160544
160545
160546
160547
160600
160601
160602
160603
160604
160605
160606
160607
160608
160609
160610
160611
160612
160613
160614
160615
160616
160617
160618
160619
160620
160621
160622
160623
160624
160625
160626
160627
160680
160681
160682
160683
160684
160685
160686
160687
160688
160689
160690
160691
160692
160693
160694
160695
160696
160697
160698
160699
160700
160701
160702
160703
160704
160705
160706
160707
160760
160761
160762
160763
160764
160765
160766
160767
160768
160769
160770
160771
160772
160773
160774
160775
160776
160777
160778
160779
160780
160781
160782
160783
160784
160785
160786
160787
160840
160841
160842
160843
160844
160845
160846
160847
160848
160849
160850
160851
160852
160853
160854
160855
160856
160857
160858
160859
160860
160861
160862
160863
160864
160865
160866
160867
160920
160921
160922
160923
160924
160925
160926
160927
160928
160929
160930
160931
160932
160933
160934
160935
160936
160937
160938
160939
160940
160941
160942
160943
160944
160945
160946
160947
161000
161001
161002
161003
161004
161005
161006
161007
161008
161009
161010
161011
161012
161013
161014
161015
161016
161017
161018
161019
161020
161021
161022
161023
161024
161025
161026
161027
161080
161081
161082
161083
161084
161085
161086
161087
161088
161089
161090
161091
161092
161093
161094
161095
161096
161097
161098
161099
161100
161101
161102
161103
161104
161105
161106
161107
161160
161161
161162
161163
161164
161165
161166
161167
161168
161169
161170
161171
161172
161173
161174
161175
161176
161177
161178
161179
161180
161181
161182
161183
161184
161185
161186
161187
161240
161241
161242
161243
161244
161245
161246
161247
161248
161249
161250
161251
161252
161253
161254
161255
161256
161257
161258
161259
161260
161261
161262
161263
161264
161265
161266
161267
161320
161321
161322
161323
161324
161325
161326
161327
161328
161329
161330
161331
161332
161333
161334
161335
161336
161337
161338
161339
161340
161341
161342
161343
161344
161345
161346
161347
161400
161401
161402
161403
161404
161405
161406
161407
161408
161409
161410
161411
161412
161413
161414
161415
161416
161417
161418
161419
161420
161421
161422
161423
161424
161425
161426
161427
161480
161481
161482
161483
161484
161485
161486
161487
161488
161489
161490
161491
161492
161493
161494
161495
161496
161497
161498
161499
161500
161501
161502
161503
161504
161505
161506
161507
161560
161561
161562
161563
161564
161565
161566
161567
161568
161569
161570
161571
161572
161573
161574
161575
161576
161577
161578
161579
161580
161581
161582
161583
161584
161585
161586
161587
161640
161641
161642
161643
161644
161645
161646
161647
161648
161649
161650
161651
161652
161653
161654
161655
161656
161657
161658
161659
161660
161661
161662
161663
161664
161665
161666
161667
161720
161721
161722
161723
161724
161725
161726
161727
161728
161729
161730
161731
161732
161733
161734
161735
161736
161737
161738
161739
161740
161741
161742
161743
161744
161745
161746
161747
161800
161801
161802
161803
161804
161805
161806
161807
161808
161809
161810
161811
161812
161813
161814
161815
161816
161817
161818
161819
161820
161821
161822
161823
161824
161825
161826
161827
161880
161881
161882
161883
161884
161885
161886
161887
161888
161889
161890
161891
161892
161893
161894
161895
161896
161897
161898
161899
161900
161901
161902
161903
161904
161905
161906
161907
161960
161961
161962
161963
161964
161965
161966
161967
161968
161969
161970
161971
161972
161973
161974
161975
161976
161977
161978
161979
161980
161981
161982
161983
161984
161985
161986
161987
162040
162041
162042
162043
162044
162045
162046
162047
162048
162049
162050
162051
162052
162053
162054
162055
162056
162057
162058
162059
162060
162061
162062
162063
162064
162065
162066
162067
162120
162121
162122
162123
162124
162125
162126
162127
162128
162129
162130
162131
162132
162133
162134
162135
162136
162137
162138
162139
162140
162141
162142
162143
162144
162145
162146
162147
162200
162201
162202
162203
162204
162205
162206
162207
162208
162209
162210
162211
162212
162213
162214
162215
162216
162217
162218
162219
162220
162221
162222
162223
162224
162225
162226
162227
162280
162281
162282
162283
162284
162285
162286
162287
162288
162289
162290
162291
162292
162293
162294
162295
162296
162297
162298
162299
162300
162301
162302
162303
162304
162305
162306
162307
162360
162361
162362
162363
162364
162365
162366
162367
162368
162369
162370
162371
162372
162373
162374
162375
162376
162377
162378
162379
162380
162381
162382
162383
162384
162385
162386
162387
162440
162441
162442
162443
162444
162445
162446
162447
162448
162449
162450
162451
162452
162453
162454
162455
162456
162457
162458
162459
162460
162461
162462
162463
162464
162465
162466
162467
162520
162521
162522
162523
162524
162525
162526
162527
162528
162529
162530
162531
162532
162533
162534
162535
162536
162537
162538
162539
162540
162541
162542
162543
162544
162545
162546
162547
162600
162601
162602
162603
162604
162605
162606
162607
162608
162609
162610
162611
162612
162613
162614
162615
162616
162617
162618
162619
162620
162621
162622
162623
162624
162625
162626
162627
162680
162681
162682
162683
162684
162685
162686
162687
162688
162689
162690
162691
162692
162693
162694
162695
162696
162697
162698
162699
162700
162701
162702
162703
162704
162705
162706
162707
162760
162761
162762
162763
162764
162765
162766
162767
162768
162769
162770
162771
162772
162773
162774
162775
162776
162777
162778
162779
162780
162781
162782
162783
162784
162785
162786
162787
162840
162841
162842
162843
162844
162845
162846
162847
162848
162849
162850
162851
162852
162853
162854
162855
162856
162857
162858
162859
162860
162861
162862
162863
162864
162865
162866
162867
162920
162921
162922
162923
162924
162925
162926
162927
162928
162929
162930
162931
162932
162933
162934
162935
162936
162937
162938
162939
162940
162941
162942
162943
162944
162945
162946
162947
163000
163001
163002
163003
163004
163005
163006
163007
163008
163009
163010
163011
163012
163013
163014
163015
163016
163017
163018
163019
163020
163021
163022
163023
163024
163025
163026
163027
163080
163081
163082
163083
163084
163085
163086
163087
163088
163089
163090
163091
163092
163093
163094
163095
163096
163097
163098
163099
163100
163101
163102
163103
163104
163105
163106
163107
163160
163161
163162
163163
163164
163165
163166
163167
163168
163169
163170
163171
163172
163173
163174
163175
163176
163177
163178
163179
163180
163181
163182
163183
163184
163185
163186
163187
163240
163241
163242
163243
163244
163245
163246
163247
163248
163249
163250
163251
163252
163253
163254
163255
163256
163257
163258
163259
163260
163261
163262
163263
163264
163265
163266
163267
163320
163321
163322
163323
163324
163325
163326
163327
163328
163329
163330
163331
163332
163333
163334
163335
163336
163337
163338
163339
163340
163341
163342
163343
163344
163345
163346
163347
163400
163401
163402
163403
163404
163405
163406
163407
163408
163409
163410
163411
163412
163413
163414
163415
163416
163417
163418
163419
163420
163421
163422
163423
163424
163425
163426
163427
163480
163481
163482
163483
163484
163485
163486
163487
163488
163489
163490
163491
163492
163493
163494
163495
163496
163497
163498
163499
163500
163501
163502
163503
163504
163505
163506
163507
163560
163561
163562
163563
163564
163565
163566
163567
163568
163569
163570
163571
163572
163573
163574
163575
163576
163577
163578
163579
163580
163581
163582
163583
163584
163585
163586
163587
163640
163641
163642
163643
163644
163645
163646
163647
163648
163649
163650
163651
163652
163653
163654
163655
163656
163657
163658
163659
163660
163661
163662
163663
163664
163665
163666
163667
163720
163721
163722
163723
163724
163725
163726
163727
163728
163729
163730
163731
163732
163733
163734
163735
163736
163737
163738
163739
163740
163741
163742
163743
163744
163745
163746
163747
163800
163801
163802
163803
163804
163805
163806
163807
163808
163809
163810
163811
163812
163813
163814
163815
163816
163817
163818
163819
163820
163821
163822
163823
163824
163825
163826
163827
163880
163881
163882
163883
163884
163885
163886
163887
163888
163889
163890
163891
163892
163893
163894
163895
163896
163897
163898
163899
163900
163901
163902
163903
163904
163905
163906
163907
163960
163961
163962
163963
163964
163965
163966
163967
163968
163969
163970
163971
163972
163973
163974
163975
163976
163977
163978
163979
163980
163981
163982
163983
163984
163985
163986
163987
164040
164041
164042
164043
164044
164045
164046
164047
164048
164049
164050
164051
164052
164053
164054
164055
164056
164057
164058
164059
164060
164061
164062
164063
164064
164065
164066
164067
164120
164121
164122
164123
164124
164125
164126
164127
164128
164129
164130
164131
164132
164133
164134
164135
164136
164137
164138
164139
164140
164141
164142
164143
164144
164145
164146
164147
164200
164201
164202
164203
164204
164205
164206
164207
164208
164209
164210
164211
164212
164213
164214
164215
164216
164217
164218
164219
164220
164221
164222
164223
164224
164225
164226
164227
164280
164281
164282
164283
164284
164285
164286
164287
164288
164289
164290
164291
164292
164293
164294
164295
164296
164297
164298
164299
164300
164301
164302
164303
164304
164305
164306
164307
164360
164361
164362
164363
164364
164365
164366
164367
164368
164369
164370
164371
164372
164373
164374
164375
164376
164377
164378
164379
164380
164381
164382
164383
164384
164385
164386
164387
164440
164441
164442
164443
164444
164445
164446
164447
164448
164449
164450
164451
164452
164453
164454
164455
164456
164457
164458
164459
164460
164461
164462
164463
164464
164465
164466
164467
164520
164521
164522
164523
164524
164525
164526
164527
164528
164529
164530
164531
164532
164533
164534
164535
164536
164537
164538
164539
164540
164541
164542
164543
164544
164545
164546
164547
164600
164601
164602
164603
164604
164605
164606
164607
164608
164609
164610
164611
164612
164613
164614
164615
164616
164617
164618
164619
164620
164621
164622
164623
164624
164625
164626
164627
164680
164681
164682
164683
164684
164685
164686
164687
164688
164689
164690
164691
164692
164693
164694
164695
164696
164697
164698
164699
164700
164701
164702
164703
164704
164705
164706
164707
164760
164761
164762
164763
164764
164765
164766
164767
164768
164769
164770
164771
164772
164773
164774
164775
164776
164777
164778
164779
164780
164781
164782
164783
164784
164785
164786
164787
164840
164841
164842
164843
164844
164845
164846
164847
164848
164849
164850
164851
164852
164853
164854
164855
164856
164857
164858
164859
164860
164861
164862
164863
164864
164865
164866
164867
164920
164921
164922
164923
164924
164925
164926
164927
164928
164929
164930
164931
164932
164933
164934
164935
164936
164937
164938
164939
164940
164941
164942
164943
164944
164945
164946
164947
165000
165001
165002
165003
165004
165005
165006
165007
165008
165009
165010
165011
165012
165013
165014
165015
165016
165017
165018
165019
165020
165021
165022
165023
165024
165025
165026
165027
165080
165081
165082
165083
165084
165085
165086
165087
165088
165089
165090
165091
165092
165093
165094
165095
165096
165097
165098
165099
165100
165101
165102
165103
165104
165105
165106
165107
165160
165161
165162
165163
165164
165165
165166
165167
165168
165169
165170
165171
165172
165173
165174
165175
165176
165177
165178
165179
165180
165181
165182
165183
165184
165185
165186
165187
165240
165241
165242
165243
165244
165245
165246
165247
165248
165249
165250
165251
165252
165253
165254
165255
165256
165257
165258
165259
165260
165261
165262
165263
165264
165265
165266
165267
165320
165321
165322
165323
165324
165325
165326
165327
165328
165329
165330
165331
165332
165333
165334
165335
165336
165337
165338
165339
165340
165341
165342
165343
165344
165345
165346
165347
165400
165401
165402
165403
165404
165405
165406
165407
165408
165409
165410
165411
165412
165413
165414
165415
165416
165417
165418
165419
165420
165421
165422
165423
165424
165425
165426
165427
165480
165481
165482
165483
165484
165485
165486
165487
165488
165489
165490
165491
165492
165493
165494
165495
165496
165497
165498
165499
165500
165501
165502
165503
165504
165505
165506
165507
165560
165561
165562
165563
165564
165565
165566
165567
165568
165569
165570
165571
165572
165573
165574
165575
165576
165577
165578
165579
165580
165581
165582
165583
165584
165585
165586
165587
165640
165641
165642
165643
165644
165645
165646
165647
165648
165649
165650
165651
165652
165653
165654
165655
165656
165657
165658
165659
165660
165661
165662
165663
165664
165665
165666
165667
165720
165721
165722
165723
165724
165725
165726
165727
165728
165729
165730
165731
165732
165733
165734
165735
165736
165737
165738
165739
165740
165741
165742
165743
165744
165745
165746
165747
165800
165801
165802
165803
165804
165805
165806
165807
165808
165809
165810
165811
165812
165813
165814
165815
165816
165817
165818
165819
165820
165821
165822
165823
165824
165825
165826
165827
165880
165881
165882
165883
165884
165885
165886
165887
165888
165889
165890
165891
165892
165893
165894
165895
165896
165897
165898
165899
165900
165901
165902
165903
165904
165905
165906
165907
165960
165961
165962
165963
165964
165965
165966
165967
165968
165969
165970
165971
165972
165973
165974
165975
165976
165977
165978
165979
165980
165981
165982
165983
165984
165985
165986
165987
166040
166041
166042
166043
166044
166045
166046
166047
166048
166049
166050
166051
166052
166053
166054
166055
166056
166057
166058
166059
166060
166061
166062
166063
166064
166065
166066
166067
166120
166121
166122
166123
166124
166125
166126
166127
166128
166129
166130
166131
166132
166133
166134
166135
166136
166137
166138
166139
166140
166141
166142
166143
166144
166145
166146
166147
166200
166201
166202
166203
166204
166205
166206
166207
166208
166209
166210
166211
166212
166213
166214
166215
166216
166217
166218
166219
166220
166221
166222
166223
166224
166225
166226
166227
166280
166281
166282
166283
166284
166285
166286
166287
166288
166289
166290
166291
166292
166293
166294
166295
166296
166297
166298
166299
166300
166301
166302
166303
166304
166305
166306
166307
166360
166361
166362
166363
166364
166365
166366
166367
166368
166369
166370
166371
166372
166373
166374
166375
166376
166377
166378
166379
166380
166381
166382
166383
166384
166385
166386
166387
166440
166441
166442
166443
166444
166445
166446
166447
166448
166449
166450
166451
166452
166453
166454
166455
166456
166457
166458
166459
166460
166461
166462
166463
166464
166465
166466
166467
166520
166521
166522
166523
166524
166525
166526
166527
166528
166529
166530
166531
166532
166533
166534
166535
166536
166537
166538
166539
166540
166541
166542
166543
166544
166545
166546
166547
166600
166601
166602
166603
166604
166605
166606
166607
166608
166609
166610
166611
166612
166613
166614
166615
166616
166617
166618
166619
166620
166621
166622
166623
166624
166625
166626
166627
166680
166681
166682
166683
166684
166685
166686
166687
166688
166689
166690
166691
166692
166693
166694
166695
166696
166697
166698
166699
166700
166701
166702
166703
166704
166705
166706
166707
166760
166761
166762
166763
166764
166765
166766
166767
166768
166769
166770
166771
166772
166773
166774
166775
166776
166777
166778
166779
166780
166781
166782
166783
166784
166785
166786
166787
166840
166841
166842
166843
166844
166845
166846
166847
166848
166849
166850
166851
166852
166853
166854
166855
166856
166857
166858
166859
166860
166861
166862
166863
166864
166865
166866
166867
166920
166921
166922
166923
166924
166925
166926
166927
166928
166929
166930
166931
166932
166933
166934
166935
166936
166937
166938
166939
166940
166941
166942
166943
166944
166945
166946
166947
167000
167001
167002
167003
167004
167005
167006
167007
167008
167009
167010
167011
167012
167013
167014
167015
167016
167017
167018
167019
167020
167021
167022
167023
167024
167025
167026
167027
167080
167081
167082
167083
167084
167085
167086
167087
167088
167089
167090
167091
167092
167093
167094
167095
167096
167097
167098
167099
167100
167101
167102
167103
167104
167105
167106
167107
167160
167161
167162
167163
167164
167165
167166
167167
167168
167169
167170
167171
167172
167173
167174
167175
167176
167177
167178
167179
167180
167181
167182
167183
167184
167185
167186
167187
167240
167241
167242
167243
167244
167245
167246
167247
167248
167249
167250
167251
167252
167253
167254
167255
167256
167257
167258
167259
167260
167261
167262
167263
167264
167265
167266
167267
167320
167321
167322
167323
167324
167325
167326
167327
167328
167329
167330
167331
167332
167333
167334
167335
167336
167337
167338
167339
167340
167341
167342
167343
167344
167345
167346
167347
167400
167401
167402
167403
167404
167405
167406
167407
167408
167409
167410
167411
167412
167413
167414
167415
167416
167417
167418
167419
167420
167421
167422
167423
167424
167425
167426
167427
167480
167481
167482
167483
167484
167485
167486
167487
167488
167489
167490
167491
167492
167493
167494
167495
167496
167497
167498
167499
167500
167501
167502
167503
167504
167505
167506
167507
167560
167561
167562
167563
167564
167565
167566
167567
167568
167569
167570
167571
167572
167573
167574
167575
167576
167577
167578
167579
167580
167581
167582
167583
167584
167585
167586
167587
167640
167641
167642
167643
167644
167645
167646
167647
167648
167649
167650
167651
167652
167653
167654
167655
167656
167657
167658
167659
167660
167661
167662
167663
167664
167665
167666
167667
167720
167721
167722
167723
167724
167725
167726
167727
167728
167729
167730
167731
167732
167733
167734
167735
167736
167737
167738
167739
167740
167741
167742
167743
167744
167745
167746
167747
167800
167801
167802
167803
167804
167805
167806
167807
167808
167809
167810
167811
167812
167813
167814
167815
167816
167817
167818
167819
167820
167821
167822
167823
167824
167825
167826
167827
167880
167881
167882
167883
167884
167885
167886
167887
167888
167889
167890
167891
167892
167893
167894
167895
167896
167897
167898
167899
167900
167901
167902
167903
167904
167905
167906
167907
167960
167961
167962
167963
167964
167965
167966
167967
167968
167969
167970
167971
167972
167973
167974
167975
167976
167977
167978
167979
167980
167981
167982
167983
167984
167985
167986
167987
168040
168041
168042
168043
168044
168045
168046
168047
168048
168049
168050
168051
168052
168053
168054
168055
168056
168057
168058
168059
168060
168061
168062
168063
168064
168065
168066
168067
168120
168121
168122
168123
168124
168125
168126
168127
168128
168129
168130
168131
168132
168133
168134
168135
168136
168137
168138
168139
168140
168141
168142
168143
168144
168145
168146
168147
168200
168201
168202
168203
168204
168205
168206
168207
168208
168209
168210
168211
168212
168213
168214
168215
168216
168217
168218
168219
168220
168221
168222
168223
168224
168225
168226
168227
168280
168281
168282
168283
168284
168285
168286
168287
168288
168289
168290
168291
168292
168293
168294
168295
168296
168297
168298
168299
168300
168301
168302
168303
168304
168305
168306
168307
168360
168361
168362
168363
168364
168365
168366
168367
168368
168369
168370
168371
168372
168373
168374
168375
168376
168377
168378
168379
168380
168381
168382
168383
168384
168385
168386
168387
168440
168441
168442
168443
168444
168445
168446
168447
168448
168449
168450
168451
168452
168453
168454
168455
168456
168457
168458
168459
168460
168461
168462
168463
168464
168465
168466
168467
168520
168521
168522
168523
168524
168525
168526
168527
168528
168529
168530
168531
168532
168533
168534
168535
168536
168537
168538
168539
168540
168541
168542
168543
168544
168545
168546
168547
168600
168601
168602
168603
168604
168605
168606
168607
168608
168609
168610
168611
168612
168613
168614
168615
168616
168617
168618
168619
168620
168621
168622
168623
168624
168625
168626
168627
168680
168681
168682
168683
168684
168685
168686
168687
168688
168689
168690
168691
168692
168693
168694
168695
168696
168697
168698
168699
168700
168701
168702
168703
168704
168705
168706
168707
168760
168761
168762
168763
168764
168765
168766
168767
168768
168769
168770
168771
168772
168773
168774
168775
168776
168777
168778
168779
168780
168781
168782
168783
168784
168785
168786
168787
168840
168841
168842
168843
168844
168845
168846
168847
168848
168849
168850
168851
168852
168853
168854
168855
168856
168857
168858
168859
168860
168861
168862
168863
168864
168865
168866
168867
168920
168921
168922
168923
168924
168925
168926
168927
168928
168929
168930
168931
168932
168933
168934
168935
168936
168937
168938
168939
168940
168941
168942
168943
168944
168945
168946
168947
169000
169001
169002
169003
169004
169005
169006
169007
169008
169009
169010
169011
169012
169013
169014
169015
169016
169017
169018
169019
169020
169021
169022
169023
169024
169025
169026
169027
169080
169081
169082
169083
169084
169085
169086
169087
169088
169089
169090
169091
169092
169093
169094
169095
169096
169097
169098
169099
169100
169101
169102
169103
169104
169105
169106
169107
169160
169161
169162
169163
169164
169165
169166
169167
169168
169169
169170
169171
169172
169173
169174
169175
169176
169177
169178
169179
169180
169181
169182
169183
169184
169185
169186
169187
169240
169241
169242
169243
169244
169245
169246
169247
169248
169249
169250
169251
169252
169253
169254
169255
169256
169257
169258
169259
169260
169261
169262
169263
169264
169265
169266
169267
169320
169321
169322
169323
169324
169325
169326
169327
169328
169329
169330
169331
169332
169333
169334
169335
169336
169337
169338
169339
169340
169341
169342
169343
169344
169345
169346
169347
169400
169401
169402
169403
169404
169405
169406
169407
169408
169409
169410
169411
169412
169413
169414
169415
169416
169417
169418
169419
169420
169421
169422
169423
169424
169425
169426
169427
169480
169481
169482
169483
169484
169485
169486
169487
169488
169489
169490
169491
169492
169493
169494
169495
169496
169497
169498
169499
169500
169501
169502
169503
169504
169505
169506
169507
169560
169561
169562
169563
169564
169565
169566
169567
169568
169569
169570
169571
169572
169573
169574
169575
169576
169577
169578
169579
169580
169581
169582
169583
169584
169585
169586
169587
169640
169641
169642
169643
169644
169645
169646
169647
169648
169649
169650
169651
169652
169653
169654
169655
169656
169657
169658
169659
169660
169661
169662
169663
169664
169665
169666
169667
169720
169721
169722
169723
169724
169725
169726
169727
169728
169729
169730
169731
169732
169733
169734
169735
169736
169737
169738
169739
169740
169741
169742
169743
169744
169745
169746
169747
169800
169801
169802
169803
169804
169805
169806
169807
169808
169809
169810
169811
169812
169813
169814
169815
169816
169817
169818
169819
169820
169821
169822
169823
169824
169825
169826
169827
169880
169881
169882
169883
169884
169885
169886
169887
169888
169889
169890
169891
169892
169893
169894
169895
169896
169897
169898
169899
169900
169901
169902
169903
169904
169905
169906
169907
169960
169961
169962
169963
169964
169965
169966
169967
169968
169969
169970
169971
169972
169973
169974
169975
169976
169977
169978
169979
169980
169981
169982
169983
169984
169985
169986
169987
170040
170041
170042
170043
170044
170045
170046
170047
170048
170049
170050
170051
170052
170053
170054
170055
170056
170057
170058
170059
170060
170061
170062
170063
170064
170065
170066
170067
170120
170121
170122
170123
170124
170125
170126
170127
170128
170129
170130
170131
170132
170133
170134
170135
170136
170137
170138
170139
170140
170141
170142
170143
170144
170145
170146
170147
170200
170201
170202
170203
170204
170205
170206
170207
170208
170209
170210
170211
170212
170213
170214
170215
170216
170217
170218
170219
170220
170221
170222
170223
170224
170225
170226
170227
170280
170281
170282
170283
170284
170285
170286
170287
170288
170289
170290
170291
170292
170293
170294
170295
170296
170297
170298
170299
170300
170301
170302
170303
170304
170305
170306
170307
170360
170361
170362
170363
170364
170365
170366
170367
170368
170369
170370
170371
170372
170373
170374
170375
170376
170377
170378
170379
170380
170381
170382
170383
170384
170385
170386
170387
170440
170441
170442
170443
170444
170445
170446
170447
170448
170449
170450
170451
170452
170453
170454
170455
170456
170457
170458
170459
170460
170461
170462
170463
170464
170465
170466
170467
170520
170521
170522
170523
170524
170525
170526
170527
170528
170529
170530
170531
170532
170533
170534
170535
170536
170537
170538
170539
170540
170541
170542
170543
170544
170545
170546
170547
170600
170601
170602
170603
170604
170605
170606
170607
170608
170609
170610
170611
170612
170613
170614
170615
170616
170617
170618
170619
170620
170621
170622
170623
170624
170625
170626
170627
170680
170681
170682
170683
170684
170685
170686
170687
170688
170689
170690
170691
170692
170693
170694
170695
170696
170697
170698
170699
170700
170701
170702
170703
170704
170705
170706
170707
170760
170761
170762
170763
170764
170765
170766
170767
170768
170769
170770
170771
170772
170773
170774
170775
170776
170777
170778
170779
170780
170781
170782
170783
170784
170785
170786
170787
170840
170841
170842
170843
170844
170845
170846
170847
170848
170849
170850
170851
170852
170853
170854
170855
170856
170857
170858
170859
170860
170861
170862
170863
170864
170865
170866
170867
170920
170921
170922
170923
170924
170925
170926
170927
170928
170929
170930
170931
170932
170933
170934
170935
170936
170937
170938
170939
170940
170941
170942
170943
170944
170945
170946
170947
171000
171001
171002
171003
171004
171005
171006
171007
171008
171009
171010
171011
171012
171013
171014
171015
171016
171017
171018
171019
171020
171021
171022
171023
171024
171025
171026
171027
171080
171081
171082
171083
171084
171085
171086
171087
171088
171089
171090
171091
171092
171093
171094
171095
171096
171097
171098
171099
171100
171101
171102
171103
171104
171105
171106
171107
171160
171161
171162
171163
171164
171165
171166
171167
171168
171169
171170
171171
171172
171173
171174
171175
171176
171177
171178
171179
171180
171181
171182
171183
171184
171185
171186
171187
171240
171241
171242
171243
171244
171245
171246
171247
171248
171249
171250
171251
171252
171253
171254
171255
171256
171257
171258
171259
171260
171261
171262
171263
171264
171265
171266
171267
171320
171321
171322
171323
171324
171325
171326
171327
171328
171329
171330
171331
171332
171333
171334
171335
171336
171337
171338
171339
171340
171341
171342
171343
171344
171345
171346
171347
171400
171401
171402
171403
171404
171405
171406
171407
171408
171409
171410
171411
171412
171413
171414
171415
171416
171417
171418
171419
171420
171421
171422
171423
171424
171425
171426
171427
171480
171481
171482
171483
171484
171485
171486
171487
171488
171489
171490
171491
171492
171493
171494
171495
171496
171497
171498
171499
171500
171501
171502
171503
171504
171505
171506
171507
171560
171561
171562
171563
171564
171565
171566
171567
171568
171569
171570
171571
171572
171573
171574
171575
171576
171577
171578
171579
171580
171581
171582
171583
171584
171585
171586
171587
171640
171641
171642
171643
171644
171645
171646
171647
171648
171649
171650
171651
171652
171653
171654
171655
171656
171657
171658
171659
171660
171661
171662
171663
171664
171665
171666
171667
171720
171721
171722
171723
171724
171725
171726
171727
171728
171729
171730
171731
171732
171733
171734
171735
171736
171737
171738
171739
171740
171741
171742
171743
171744
171745
171746
171747
171800
171801
171802
171803
171804
171805
171806
171807
171808
171809
171810
171811
171812
171813
171814
171815
171816
171817
171818
171819
171820
171821
171822
171823
171824
171825
171826
171827
171880
171881
171882
171883
171884
171885
171886
171887
171888
171889
171890
171891
171892
171893
171894
171895
171896
171897
171898
171899
171900
171901
171902
171903
171904
171905
171906
171907
171960
171961
171962
171963
171964
171965
171966
171967
171968
171969
171970
171971
171972
171973
171974
171975
171976
171977
171978
171979
171980
171981
171982
171983
171984
171985
171986
171987
172040
172041
172042
172043
172044
172045
172046
172047
172048
172049
172050
172051
172052
172053
172054
172055
172056
172057
172058
172059
172060
172061
172062
172063
172064
172065
172066
172067
172120
172121
172122
172123
172124
172125
172126
172127
172128
172129
172130
172131
172132
172133
172134
172135
172136
172137
172138
172139
172140
172141
172142
172143
172144
172145
172146
172147
172200
172201
172202
172203
172204
172205
172206
172207
172208
172209
172210
172211
172212
172213
172214
172215
172216
172217
172218
172219
172220
172221
172222
172223
172224
172225
172226
172227
172280
172281
172282
172283
172284
172285
172286
172287
172288
172289
172290
172291
172292
172293
172294
172295
172296
172297
172298
172299
172300
172301
172302
172303
172304
172305
172306
172307
172360
172361
172362
172363
172364
172365
172366
172367
172368
172369
172370
172371
172372
172373
172374
172375
172376
172377
172378
172379
172380
172381
172382
172383
172384
172385
172386
172387
172440
172441
172442
172443
172444
172445
172446
172447
172448
172449
172450
172451
172452
172453
172454
172455
172456
172457
172458
172459
172460
172461
172462
172463
172464
172465
172466
172467
172520
172521
172522
172523
172524
172525
172526
172527
172528
172529
172530
172531
172532
172533
172534
172535
172536
172537
172538
172539
172540
172541
172542
172543
172544
172545
172546
172547
172600
172601
172602
172603
172604
172605
172606
172607
172608
172609
172610
172611
172612
172613
172614
172615
172616
172617
172618
172619
172620
172621
172622
172623
172624
172625
172626
172627
172680
172681
172682
172683
172684
172685
172686
172687
172688
172689
172690
172691
172692
172693
172694
172695
172696
172697
172698
172699
172700
172701
172702
172703
172704
172705
172706
172707
172760
172761
172762
172763
172764
172765
172766
172767
172768
172769
172770
172771
172772
172773
172774
172775
172776
172777
172778
172779
172780
172781
172782
172783
172784
172785
172786
172787
172840
172841
172842
172843
172844
172845
172846
172847
172848
172849
172850
172851
172852
172853
172854
172855
172856
172857
172858
172859
172860
172861
172862
172863
172864
172865
172866
172867
172920
172921
172922
172923
172924
172925
172926
172927
172928
172929
172930
172931
172932
172933
172934
172935
172936
172937
172938
172939
172940
172941
172942
172943
172944
172945
172946
172947
173000
173001
173002
173003
173004
173005
173006
173007
173008
173009
173010
173011
173012
173013
173014
173015
173016
173017
173018
173019
173020
173021
173022
173023
173024
173025
173026
173027
173080
173081
173082
173083
173084
173085
173086
173087
173088
173089
173090
173091
173092
173093
173094
173095
173096
173097
173098
173099
173100
173101
173102
173103
173104
173105
173106
173107
173160
173161
173162
173163
173164
173165
173166
173167
173168
173169
173170
173171
173172
173173
173174
173175
173176
173177
173178
173179
173180
173181
173182
173183
173184
173185
173186
173187
173240
173241
173242
173243
173244
173245
173246
173247
173248
173249
173250
173251
173252
173253
173254
173255
173256
173257
173258
173259
173260
173261
173262
173263
173264
173265
173266
173267
173320
173321
173322
173323
173324
173325
173326
173327
173328
173329
173330
173331
173332
173333
173334
173335
173336
173337
173338
173339
173340
173341
173342
173343
173344
173345
173346
173347
173400
173401
173402
173403
173404
173405
173406
173407
173408
173409
173410
173411
173412
173413
173414
173415
173416
173417
173418
173419
173420
173421
173422
173423
173424
173425
173426
173427
173480
173481
173482
173483
173484
173485
173486
173487
173488
173489
173490
173491
173492
173493
173494
173495
173496
173497
173498
173499
173500
173501
173502
173503
173504
173505
173506
173507
173560
173561
173562
173563
173564
173565
173566
173567
173568
173569
173570
173571
173572
173573
173574
173575
173576
173577
173578
173579
173580
173581
173582
173583
173584
173585
173586
173587
173640
173641
173642
173643
173644
173645
173646
173647
173648
173649
173650
173651
173652
173653
173654
173655
173656
173657
173658
173659
173660
173661
173662
173663
173664
173665
173666
173667
173720
173721
173722
173723
173724
173725
173726
173727
173728
173729
173730
173731
173732
173733
173734
173735
173736
173737
173738
173739
173740
173741
173742
173743
173744
173745
173746
173747
173800
173801
173802
173803
173804
173805
173806
173807
173808
173809
173810
173811
173812
173813
173814
173815
173816
173817
173818
173819
173820
173821
173822
173823
173824
173825
173826
173827
173880
173881
173882
173883
173884
173885
173886
173887
173888
173889
173890
173891
173892
173893
173894
173895
173896
173897
173898
173899
173900
173901
173902
173903
173904
173905
173906
173907
173960
173961
173962
173963
173964
173965
173966
173967
173968
173969
173970
173971
173972
173973
173974
173975
173976
173977
173978
173979
173980
173981
173982
173983
173984
173985
173986
173987
174040
174041
174042
174043
174044
174045
174046
174047
174048
174049
174050
174051
174052
174053
174054
174055
174056
174057
174058
174059
174060
174061
174062
174063
174064
174065
174066
174067
174120
174121
174122
174123
174124
174125
174126
174127
174128
174129
174130
174131
174132
174133
174134
174135
174136
174137
174138
174139
174140
174141
174142
174143
174144
174145
174146
174147
174200
174201
174202
174203
174204
174205
174206
174207
174208
174209
174210
174211
174212
174213
174214
174215
174216
174217
174218
174219
174220
174221
174222
174223
174224
174225
174226
174227
174280
174281
174282
174283
174284
174285
174286
174287
174288
174289
174290
174291
174292
174293
174294
174295
174296
174297
174298
174299
174300
174301
174302
174303
174304
174305
174306
174307
174360
174361
174362
174363
174364
174365
174366
174367
174368
174369
174370
174371
174372
174373
174374
174375
174376
174377
174378
174379
174380
174381
174382
174383
174384
174385
174386
174387
174440
174441
174442
174443
174444
174445
174446
174447
174448
174449
174450
174451
174452
174453
174454
174455
174456
174457
174458
174459
174460
174461
174462
174463
174464
174465
174466
174467
)


// ************************************************************************* //
