/*--------------------------------*- C++ -*----------------------------------*\
  =========                 |
  \\      /  F ield         | OpenFOAM: The Open Source CFD Toolbox
   \\    /   O peration     | Website:  https://openfoam.org
    \\  /    A nd           | Version:  8
     \\/     M anipulation  |
\*---------------------------------------------------------------------------*/
FoamFile
{
    version     2.0;
    format      ascii;
    class       labelList;
    location    "constant/polyMesh";
    object      pointProcAddressing;
}
// * * * * * * * * * * * * * * * * * * * * * * * * * * * * * * * * * * * * * //


774
(
72
73
74
75
76
80
81
82
83
84
85
86
87
91
92
93
94
95
96
97
98
102
103
104
105
106
107
108
109
113
114
115
116
117
118
119
120
125
126
127
128
129
130
131
136
137
138
139
140
141
142
147
148
149
150
151
152
153
158
159
160
161
162
163
164
169
170
171
172
173
174
175
180
181
182
183
184
185
186
191
192
193
194
195
196
197
202
203
204
205
206
207
208
213
214
215
216
217
218
219
224
225
226
227
228
229
230
303
304
305
306
307
311
312
313
314
315
316
317
318
322
323
324
325
326
327
328
329
333
334
335
336
337
338
339
340
344
345
346
347
348
349
350
351
356
357
358
359
360
361
362
367
368
369
370
371
372
373
378
379
380
381
382
383
384
389
390
391
392
393
394
395
400
401
402
403
404
405
406
411
412
413
414
415
416
417
422
423
424
425
426
427
428
433
434
435
436
437
438
439
444
445
446
447
448
449
450
455
456
457
458
459
460
461
466
467
468
469
470
471
472
477
478
479
480
481
482
483
488
489
490
491
492
493
494
499
500
501
502
503
504
505
510
511
512
513
514
515
516
521
522
523
524
525
526
527
532
533
534
535
536
537
538
543
544
545
546
547
548
549
554
555
556
557
558
559
560
565
566
567
568
569
570
571
576
577
578
579
580
581
582
587
588
589
590
591
592
593
598
599
600
601
602
603
604
609
610
611
612
613
614
615
620
621
622
623
624
625
626
631
632
633
634
635
636
637
642
643
644
645
646
647
648
653
654
655
656
657
658
659
664
665
666
667
668
669
670
675
676
677
678
679
680
681
686
687
688
689
690
691
692
697
698
699
700
701
702
703
708
709
710
711
712
713
714
719
720
721
722
723
724
725
730
731
732
733
734
735
736
741
742
743
744
745
746
747
752
753
754
755
756
757
758
763
764
765
766
767
768
769
774
775
776
777
778
779
780
785
786
787
788
789
790
791
796
797
798
799
800
801
802
807
808
809
810
811
812
813
818
819
820
821
822
823
824
829
830
831
832
833
834
835
840
841
842
843
844
845
846
851
852
853
854
855
856
857
862
863
864
865
866
867
868
873
874
875
876
877
878
879
884
885
886
887
888
889
890
895
896
897
898
899
900
901
3444
3445
3446
3447
3448
3449
3450
3455
3456
3457
3458
3459
3460
3461
3466
3467
3468
3469
3470
3471
3472
3477
3478
3479
3480
3481
3482
3483
3488
3489
3490
3491
3492
3493
3494
3499
3500
3501
3502
3503
3504
3505
3510
3511
3512
3513
3514
3515
3516
3521
3522
3523
3524
3525
3526
3527
3532
3533
3534
3535
3536
3537
3538
3543
3544
3545
3546
3547
3548
3549
3554
3555
3556
3557
3558
3559
3560
3565
3566
3567
3568
3569
3570
3571
3576
3577
3578
3579
3580
3581
3582
3587
3588
3589
3590
3591
3592
3593
3598
3599
3600
3601
3602
3603
3604
3609
3610
3611
3612
3613
3614
3615
3620
3621
3622
3623
3624
3625
3626
3631
3632
3633
3634
3635
3636
3637
3642
3643
3644
3645
3646
3647
3648
3653
3654
3655
3656
3657
3658
3659
3664
3665
3666
3667
3668
3669
3670
3675
3676
3677
3678
3679
3680
3681
3686
3687
3688
3689
3690
3691
3692
3697
3698
3699
3700
3701
3702
3703
3708
3709
3710
3711
3712
3713
3714
3719
3720
3721
3722
3723
3724
3725
3730
3731
3732
3733
3734
3735
3736
3741
3742
3743
3744
3745
3746
3747
3752
3753
3754
3755
3756
3757
3758
3763
3764
3765
3766
3767
3768
3769
3774
3775
3776
3777
3778
3779
3780
3785
3786
3787
3788
3789
3790
3791
3796
3797
3798
3799
3800
3801
3802
3807
3808
3809
3810
3811
3812
3813
3818
3819
3820
3821
3822
3823
3824
3829
3830
3831
3832
3833
3834
3835
3840
3841
3842
3843
3844
3845
3846
3851
3852
3853
3854
3855
3856
3857
3862
3863
3864
3865
3866
3867
3868
3873
3874
3875
3876
3877
3878
3879
)


// ************************************************************************* //
