/*--------------------------------*- C++ -*----------------------------------*\
  =========                 |
  \\      /  F ield         | OpenFOAM: The Open Source CFD Toolbox
   \\    /   O peration     | Website:  https://openfoam.org
    \\  /    A nd           | Version:  8
     \\/     M anipulation  |
\*---------------------------------------------------------------------------*/
FoamFile
{
    version     2.0;
    format      ascii;
    class       faceList;
    location    "constant/polyMesh";
    object      faces;
}
// * * * * * * * * * * * * * * * * * * * * * * * * * * * * * * * * * * * * * //


1349
(
4(1 10 25 16)
4(0 1 16 15)
4(2 11 26 17)
4(1 2 17 16)
4(3 12 27 18)
4(2 3 18 17)
4(4 13 28 19)
4(3 4 19 18)
4(4 5 20 19)
4(31 40 220 211)
4(39 219 220 40)
4(30 31 211 210)
4(32 41 221 212)
4(40 220 221 41)
4(31 32 212 211)
4(33 42 222 213)
4(41 221 222 42)
4(32 33 213 212)
4(34 43 223 214)
4(42 222 223 43)
4(33 34 214 213)
4(35 44 224 215)
4(43 223 224 44)
4(34 35 215 214)
4(36 45 225 216)
4(44 224 225 45)
4(35 36 216 215)
4(37 46 226 217)
4(45 225 226 46)
4(36 37 217 216)
4(46 226 227 47)
4(37 38 218 217)
4(40 49 229 220)
4(48 228 229 49)
4(41 50 230 221)
4(49 229 230 50)
4(42 51 231 222)
4(50 230 231 51)
4(43 52 232 223)
4(51 231 232 52)
4(44 53 233 224)
4(52 232 233 53)
4(45 54 234 225)
4(53 233 234 54)
4(46 55 235 226)
4(54 234 235 55)
4(55 235 236 56)
4(49 58 238 229)
4(57 237 238 58)
4(50 59 239 230)
4(58 238 239 59)
4(51 60 240 231)
4(59 239 240 60)
4(52 61 241 232)
4(60 240 241 61)
4(53 62 242 233)
4(61 241 242 62)
4(54 63 243 234)
4(62 242 243 63)
4(55 64 244 235)
4(63 243 244 64)
4(64 244 245 65)
4(58 67 247 238)
4(66 246 247 67)
4(59 68 248 239)
4(67 247 248 68)
4(60 69 249 240)
4(68 248 249 69)
4(61 70 250 241)
4(69 249 250 70)
4(62 71 251 242)
4(70 250 251 71)
4(63 72 252 243)
4(71 251 252 72)
4(64 73 253 244)
4(72 252 253 73)
4(73 253 254 74)
4(67 76 256 247)
4(75 255 256 76)
4(68 77 257 248)
4(76 256 257 77)
4(69 78 258 249)
4(77 257 258 78)
4(70 79 259 250)
4(78 258 259 79)
4(71 80 260 251)
4(79 259 260 80)
4(72 81 261 252)
4(80 260 261 81)
4(73 82 262 253)
4(81 261 262 82)
4(82 262 263 83)
4(76 85 265 256)
4(84 264 265 85)
4(77 86 266 257)
4(85 265 266 86)
4(78 87 267 258)
4(86 266 267 87)
4(79 88 268 259)
4(87 267 268 88)
4(80 89 269 260)
4(88 268 269 89)
4(81 90 270 261)
4(89 269 270 90)
4(82 91 271 262)
4(90 270 271 91)
4(91 271 272 92)
4(85 94 274 265)
4(93 273 274 94)
4(86 95 275 266)
4(94 274 275 95)
4(87 96 276 267)
4(95 275 276 96)
4(88 97 277 268)
4(96 276 277 97)
4(89 98 278 269)
4(97 277 278 98)
4(90 99 279 270)
4(98 278 279 99)
4(91 100 280 271)
4(99 279 280 100)
4(100 280 281 101)
4(94 103 283 274)
4(102 282 283 103)
4(95 104 284 275)
4(103 283 284 104)
4(96 105 285 276)
4(104 284 285 105)
4(97 106 286 277)
4(105 285 286 106)
4(98 107 287 278)
4(106 286 287 107)
4(99 108 288 279)
4(107 287 288 108)
4(100 109 289 280)
4(108 288 289 109)
4(109 289 290 110)
4(103 112 292 283)
4(111 291 292 112)
4(104 113 293 284)
4(112 292 293 113)
4(105 114 294 285)
4(113 293 294 114)
4(106 115 295 286)
4(114 294 295 115)
4(107 116 296 287)
4(115 295 296 116)
4(108 117 297 288)
4(116 296 297 117)
4(109 118 298 289)
4(117 297 298 118)
4(118 298 299 119)
4(112 121 301 292)
4(120 300 301 121)
4(113 122 302 293)
4(121 301 302 122)
4(114 123 303 294)
4(122 302 303 123)
4(115 124 304 295)
4(123 303 304 124)
4(116 125 305 296)
4(124 304 305 125)
4(117 126 306 297)
4(125 305 306 126)
4(118 127 307 298)
4(126 306 307 127)
4(127 307 308 128)
4(121 130 310 301)
4(129 309 310 130)
4(122 131 311 302)
4(130 310 311 131)
4(123 132 312 303)
4(131 311 312 132)
4(124 133 313 304)
4(132 312 313 133)
4(125 134 314 305)
4(133 313 314 134)
4(126 135 315 306)
4(134 314 315 135)
4(127 136 316 307)
4(135 315 316 136)
4(136 316 317 137)
4(130 139 319 310)
4(138 318 319 139)
4(131 140 320 311)
4(139 319 320 140)
4(132 141 321 312)
4(140 320 321 141)
4(133 142 322 313)
4(141 321 322 142)
4(134 143 323 314)
4(142 322 323 143)
4(135 144 324 315)
4(143 323 324 144)
4(136 145 325 316)
4(144 324 325 145)
4(145 325 326 146)
4(139 148 328 319)
4(147 327 328 148)
4(140 149 329 320)
4(148 328 329 149)
4(141 150 330 321)
4(149 329 330 150)
4(142 151 331 322)
4(150 330 331 151)
4(143 152 332 323)
4(151 331 332 152)
4(144 153 333 324)
4(152 332 333 153)
4(145 154 334 325)
4(153 333 334 154)
4(154 334 335 155)
4(148 157 337 328)
4(156 336 337 157)
4(149 158 338 329)
4(157 337 338 158)
4(150 159 339 330)
4(158 338 339 159)
4(151 160 340 331)
4(159 339 340 160)
4(152 161 341 332)
4(160 340 341 161)
4(153 162 342 333)
4(161 341 342 162)
4(154 163 343 334)
4(162 342 343 163)
4(163 343 344 164)
4(157 166 346 337)
4(165 345 346 166)
4(158 167 347 338)
4(166 346 347 167)
4(159 168 348 339)
4(167 347 348 168)
4(160 169 349 340)
4(168 348 349 169)
4(161 170 350 341)
4(169 349 350 170)
4(162 171 351 342)
4(170 350 351 171)
4(163 172 352 343)
4(171 351 352 172)
4(172 352 353 173)
4(166 175 355 346)
4(174 354 355 175)
4(167 176 356 347)
4(175 355 356 176)
4(168 177 357 348)
4(176 356 357 177)
4(169 178 358 349)
4(177 357 358 178)
4(170 179 359 350)
4(178 358 359 179)
4(171 180 360 351)
4(179 359 360 180)
4(172 181 361 352)
4(180 360 361 181)
4(181 361 362 182)
4(175 184 364 355)
4(183 363 364 184)
4(176 185 365 356)
4(184 364 365 185)
4(177 186 366 357)
4(185 365 366 186)
4(178 187 367 358)
4(186 366 367 187)
4(179 188 368 359)
4(187 367 368 188)
4(180 189 369 360)
4(188 368 369 189)
4(181 190 370 361)
4(189 369 370 190)
4(190 370 371 191)
4(184 193 373 364)
4(192 372 373 193)
4(185 194 374 365)
4(193 373 374 194)
4(186 195 375 366)
4(194 374 375 195)
4(187 196 376 367)
4(195 375 376 196)
4(188 197 377 368)
4(196 376 377 197)
4(189 198 378 369)
4(197 377 378 198)
4(190 199 379 370)
4(198 378 379 199)
4(199 379 380 200)
4(193 202 382 373)
4(201 381 382 202)
4(194 203 383 374)
4(202 382 383 203)
4(195 204 384 375)
4(203 383 384 204)
4(196 205 385 376)
4(204 384 385 205)
4(197 206 386 377)
4(205 385 386 206)
4(198 207 387 378)
4(206 386 387 207)
4(199 208 388 379)
4(207 387 388 208)
4(208 388 389 209)
4(202 1 16 382)
4(203 2 17 383)
4(204 3 18 384)
4(205 4 19 385)
4(206 5 20 386)
4(207 6 21 387)
4(208 7 22 388)
4(391 400 580 571)
4(399 579 580 400)
4(392 401 581 572)
4(400 580 581 401)
4(393 402 582 573)
4(401 581 582 402)
4(394 403 583 574)
4(402 582 583 403)
4(395 404 584 575)
4(403 583 584 404)
4(396 405 585 576)
4(404 584 585 405)
4(397 406 586 577)
4(405 585 586 406)
4(406 586 587 407)
4(400 409 589 580)
4(408 588 589 409)
4(401 410 590 581)
4(409 589 590 410)
4(402 411 591 582)
4(410 590 591 411)
4(403 412 592 583)
4(411 591 592 412)
4(404 413 593 584)
4(412 592 593 413)
4(405 414 594 585)
4(413 593 594 414)
4(406 415 595 586)
4(414 594 595 415)
4(415 595 596 416)
4(409 418 598 589)
4(417 597 598 418)
4(410 419 599 590)
4(418 598 599 419)
4(411 420 600 591)
4(419 599 600 420)
4(412 421 601 592)
4(420 600 601 421)
4(413 422 602 593)
4(421 601 602 422)
4(414 423 603 594)
4(422 602 603 423)
4(415 424 604 595)
4(423 603 604 424)
4(424 604 605 425)
4(418 427 607 598)
4(426 606 607 427)
4(419 428 608 599)
4(427 607 608 428)
4(420 429 609 600)
4(428 608 609 429)
4(421 430 610 601)
4(429 609 610 430)
4(422 431 611 602)
4(430 610 611 431)
4(423 432 612 603)
4(431 611 612 432)
4(424 433 613 604)
4(432 612 613 433)
4(433 613 614 434)
4(427 436 616 607)
4(435 615 616 436)
4(428 437 617 608)
4(436 616 617 437)
4(429 438 618 609)
4(437 617 618 438)
4(430 439 619 610)
4(438 618 619 439)
4(431 440 620 611)
4(439 619 620 440)
4(432 441 621 612)
4(440 620 621 441)
4(433 442 622 613)
4(441 621 622 442)
4(442 622 623 443)
4(436 445 625 616)
4(444 624 625 445)
4(437 446 626 617)
4(445 625 626 446)
4(438 447 627 618)
4(446 626 627 447)
4(439 448 628 619)
4(447 627 628 448)
4(440 449 629 620)
4(448 628 629 449)
4(441 450 630 621)
4(449 629 630 450)
4(442 451 631 622)
4(450 630 631 451)
4(451 631 632 452)
4(445 454 634 625)
4(453 633 634 454)
4(446 455 635 626)
4(454 634 635 455)
4(447 456 636 627)
4(455 635 636 456)
4(448 457 637 628)
4(456 636 637 457)
4(449 458 638 629)
4(457 637 638 458)
4(450 459 639 630)
4(458 638 639 459)
4(451 460 640 631)
4(459 639 640 460)
4(460 640 641 461)
4(454 463 643 634)
4(462 642 643 463)
4(455 464 644 635)
4(463 643 644 464)
4(456 465 645 636)
4(464 644 645 465)
4(457 466 646 637)
4(465 645 646 466)
4(458 467 647 638)
4(466 646 647 467)
4(459 468 648 639)
4(467 647 648 468)
4(460 469 649 640)
4(468 648 649 469)
4(469 649 650 470)
4(463 472 652 643)
4(471 651 652 472)
4(464 473 653 644)
4(472 652 653 473)
4(465 474 654 645)
4(473 653 654 474)
4(466 475 655 646)
4(474 654 655 475)
4(467 476 656 647)
4(475 655 656 476)
4(468 477 657 648)
4(476 656 657 477)
4(469 478 658 649)
4(477 657 658 478)
4(478 658 659 479)
4(472 481 661 652)
4(480 660 661 481)
4(473 482 662 653)
4(481 661 662 482)
4(474 483 663 654)
4(482 662 663 483)
4(475 484 664 655)
4(483 663 664 484)
4(476 485 665 656)
4(484 664 665 485)
4(477 486 666 657)
4(485 665 666 486)
4(478 487 667 658)
4(486 666 667 487)
4(487 667 668 488)
4(481 490 670 661)
4(489 669 670 490)
4(482 491 671 662)
4(490 670 671 491)
4(483 492 672 663)
4(491 671 672 492)
4(484 493 673 664)
4(492 672 673 493)
4(485 494 674 665)
4(493 673 674 494)
4(486 495 675 666)
4(494 674 675 495)
4(487 496 676 667)
4(495 675 676 496)
4(496 676 677 497)
4(490 499 679 670)
4(498 678 679 499)
4(491 500 680 671)
4(499 679 680 500)
4(492 501 681 672)
4(500 680 681 501)
4(493 502 682 673)
4(501 681 682 502)
4(494 503 683 674)
4(502 682 683 503)
4(495 504 684 675)
4(503 683 684 504)
4(496 505 685 676)
4(504 684 685 505)
4(505 685 686 506)
4(499 508 688 679)
4(507 687 688 508)
4(500 509 689 680)
4(508 688 689 509)
4(501 510 690 681)
4(509 689 690 510)
4(502 511 691 682)
4(510 690 691 511)
4(503 512 692 683)
4(511 691 692 512)
4(504 513 693 684)
4(512 692 693 513)
4(505 514 694 685)
4(513 693 694 514)
4(514 694 695 515)
4(508 517 697 688)
4(516 696 697 517)
4(509 518 698 689)
4(517 697 698 518)
4(510 519 699 690)
4(518 698 699 519)
4(511 520 700 691)
4(519 699 700 520)
4(512 521 701 692)
4(520 700 701 521)
4(513 522 702 693)
4(521 701 702 522)
4(514 523 703 694)
4(522 702 703 523)
4(523 703 704 524)
4(517 526 706 697)
4(525 705 706 526)
4(518 527 707 698)
4(526 706 707 527)
4(519 528 708 699)
4(527 707 708 528)
4(520 529 709 700)
4(528 708 709 529)
4(521 530 710 701)
4(529 709 710 530)
4(522 531 711 702)
4(530 710 711 531)
4(523 532 712 703)
4(531 711 712 532)
4(532 712 713 533)
4(526 535 715 706)
4(534 714 715 535)
4(527 536 716 707)
4(535 715 716 536)
4(528 537 717 708)
4(536 716 717 537)
4(529 538 718 709)
4(537 717 718 538)
4(530 539 719 710)
4(538 718 719 539)
4(531 540 720 711)
4(539 719 720 540)
4(532 541 721 712)
4(540 720 721 541)
4(541 721 722 542)
4(535 544 724 715)
4(543 723 724 544)
4(536 545 725 716)
4(544 724 725 545)
4(537 546 726 717)
4(545 725 726 546)
4(538 547 727 718)
4(546 726 727 547)
4(539 548 728 719)
4(547 727 728 548)
4(540 549 729 720)
4(548 728 729 549)
4(541 550 730 721)
4(549 729 730 550)
4(550 730 731 551)
4(544 553 733 724)
4(552 732 733 553)
4(545 554 734 725)
4(553 733 734 554)
4(546 555 735 726)
4(554 734 735 555)
4(547 556 736 727)
4(555 735 736 556)
4(548 557 737 728)
4(556 736 737 557)
4(549 558 738 729)
4(557 737 738 558)
4(550 559 739 730)
4(558 738 739 559)
4(559 739 740 560)
4(553 562 742 733)
4(561 741 742 562)
4(554 563 743 734)
4(562 742 743 563)
4(555 564 744 735)
4(563 743 744 564)
4(556 565 745 736)
4(564 744 745 565)
4(557 566 746 737)
4(565 745 746 566)
4(558 567 747 738)
4(566 746 747 567)
4(559 568 748 739)
4(567 747 748 568)
4(568 748 749 569)
4(562 31 211 742)
4(563 32 212 743)
4(564 33 213 744)
4(565 34 214 745)
4(566 35 215 746)
4(567 36 216 747)
4(568 37 217 748)
4(0 15 24 9)
4(30 210 219 39)
4(39 219 228 48)
4(48 228 237 57)
4(57 237 246 66)
4(66 246 255 75)
4(75 255 264 84)
4(84 264 273 93)
4(93 273 282 102)
4(102 282 291 111)
4(111 291 300 120)
4(120 300 309 129)
4(129 309 318 138)
4(138 318 327 147)
4(147 327 336 156)
4(156 336 345 165)
4(165 345 354 174)
4(174 354 363 183)
4(183 363 372 192)
4(192 372 381 201)
4(201 381 15 0)
4(390 570 579 399)
4(399 579 588 408)
4(408 588 597 417)
4(417 597 606 426)
4(426 606 615 435)
4(435 615 624 444)
4(444 624 633 453)
4(453 633 642 462)
4(462 642 651 471)
4(471 651 660 480)
4(480 660 669 489)
4(489 669 678 498)
4(498 678 687 507)
4(507 687 696 516)
4(516 696 705 525)
4(525 705 714 534)
4(534 714 723 543)
4(543 723 732 552)
4(552 732 741 561)
4(561 741 210 30)
4(390 391 571 570)
4(391 392 572 571)
4(392 393 573 572)
4(393 394 574 573)
4(394 395 575 574)
4(395 396 576 575)
4(396 397 577 576)
4(397 398 578 577)
4(0 9 10 1)
4(1 10 11 2)
4(2 11 12 3)
4(3 12 13 4)
4(4 13 14 5)
4(15 16 25 24)
4(16 17 26 25)
4(17 18 27 26)
4(18 19 28 27)
4(19 20 29 28)
4(30 39 40 31)
4(39 48 49 40)
4(48 57 58 49)
4(57 66 67 58)
4(66 75 76 67)
4(75 84 85 76)
4(84 93 94 85)
4(93 102 103 94)
4(102 111 112 103)
4(111 120 121 112)
4(120 129 130 121)
4(129 138 139 130)
4(138 147 148 139)
4(147 156 157 148)
4(156 165 166 157)
4(165 174 175 166)
4(174 183 184 175)
4(183 192 193 184)
4(192 201 202 193)
4(201 0 1 202)
4(31 40 41 32)
4(40 49 50 41)
4(49 58 59 50)
4(58 67 68 59)
4(67 76 77 68)
4(76 85 86 77)
4(85 94 95 86)
4(94 103 104 95)
4(103 112 113 104)
4(112 121 122 113)
4(121 130 131 122)
4(130 139 140 131)
4(139 148 149 140)
4(148 157 158 149)
4(157 166 167 158)
4(166 175 176 167)
4(175 184 185 176)
4(184 193 194 185)
4(193 202 203 194)
4(202 1 2 203)
4(32 41 42 33)
4(41 50 51 42)
4(50 59 60 51)
4(59 68 69 60)
4(68 77 78 69)
4(77 86 87 78)
4(86 95 96 87)
4(95 104 105 96)
4(104 113 114 105)
4(113 122 123 114)
4(122 131 132 123)
4(131 140 141 132)
4(140 149 150 141)
4(149 158 159 150)
4(158 167 168 159)
4(167 176 177 168)
4(176 185 186 177)
4(185 194 195 186)
4(194 203 204 195)
4(203 2 3 204)
4(33 42 43 34)
4(42 51 52 43)
4(51 60 61 52)
4(60 69 70 61)
4(69 78 79 70)
4(78 87 88 79)
4(87 96 97 88)
4(96 105 106 97)
4(105 114 115 106)
4(114 123 124 115)
4(123 132 133 124)
4(132 141 142 133)
4(141 150 151 142)
4(150 159 160 151)
4(159 168 169 160)
4(168 177 178 169)
4(177 186 187 178)
4(186 195 196 187)
4(195 204 205 196)
4(204 3 4 205)
4(34 43 44 35)
4(43 52 53 44)
4(52 61 62 53)
4(61 70 71 62)
4(70 79 80 71)
4(79 88 89 80)
4(88 97 98 89)
4(97 106 107 98)
4(106 115 116 107)
4(115 124 125 116)
4(124 133 134 125)
4(133 142 143 134)
4(142 151 152 143)
4(151 160 161 152)
4(160 169 170 161)
4(169 178 179 170)
4(178 187 188 179)
4(187 196 197 188)
4(196 205 206 197)
4(205 4 5 206)
4(35 44 45 36)
4(44 53 54 45)
4(53 62 63 54)
4(62 71 72 63)
4(71 80 81 72)
4(80 89 90 81)
4(89 98 99 90)
4(98 107 108 99)
4(107 116 117 108)
4(116 125 126 117)
4(125 134 135 126)
4(134 143 144 135)
4(143 152 153 144)
4(152 161 162 153)
4(161 170 171 162)
4(170 179 180 171)
4(179 188 189 180)
4(188 197 198 189)
4(197 206 207 198)
4(206 5 6 207)
4(36 45 46 37)
4(45 54 55 46)
4(54 63 64 55)
4(63 72 73 64)
4(72 81 82 73)
4(81 90 91 82)
4(90 99 100 91)
4(99 108 109 100)
4(108 117 118 109)
4(117 126 127 118)
4(126 135 136 127)
4(135 144 145 136)
4(144 153 154 145)
4(153 162 163 154)
4(162 171 172 163)
4(171 180 181 172)
4(180 189 190 181)
4(189 198 199 190)
4(198 207 208 199)
4(207 6 7 208)
4(37 46 47 38)
4(46 55 56 47)
4(55 64 65 56)
4(64 73 74 65)
4(73 82 83 74)
4(82 91 92 83)
4(91 100 101 92)
4(100 109 110 101)
4(109 118 119 110)
4(118 127 128 119)
4(127 136 137 128)
4(136 145 146 137)
4(145 154 155 146)
4(154 163 164 155)
4(163 172 173 164)
4(172 181 182 173)
4(181 190 191 182)
4(190 199 200 191)
4(199 208 209 200)
4(208 7 8 209)
4(210 211 220 219)
4(219 220 229 228)
4(228 229 238 237)
4(237 238 247 246)
4(246 247 256 255)
4(255 256 265 264)
4(264 265 274 273)
4(273 274 283 282)
4(282 283 292 291)
4(291 292 301 300)
4(300 301 310 309)
4(309 310 319 318)
4(318 319 328 327)
4(327 328 337 336)
4(336 337 346 345)
4(345 346 355 354)
4(354 355 364 363)
4(363 364 373 372)
4(372 373 382 381)
4(381 382 16 15)
4(211 212 221 220)
4(220 221 230 229)
4(229 230 239 238)
4(238 239 248 247)
4(247 248 257 256)
4(256 257 266 265)
4(265 266 275 274)
4(274 275 284 283)
4(283 284 293 292)
4(292 293 302 301)
4(301 302 311 310)
4(310 311 320 319)
4(319 320 329 328)
4(328 329 338 337)
4(337 338 347 346)
4(346 347 356 355)
4(355 356 365 364)
4(364 365 374 373)
4(373 374 383 382)
4(382 383 17 16)
4(212 213 222 221)
4(221 222 231 230)
4(230 231 240 239)
4(239 240 249 248)
4(248 249 258 257)
4(257 258 267 266)
4(266 267 276 275)
4(275 276 285 284)
4(284 285 294 293)
4(293 294 303 302)
4(302 303 312 311)
4(311 312 321 320)
4(320 321 330 329)
4(329 330 339 338)
4(338 339 348 347)
4(347 348 357 356)
4(356 357 366 365)
4(365 366 375 374)
4(374 375 384 383)
4(383 384 18 17)
4(213 214 223 222)
4(222 223 232 231)
4(231 232 241 240)
4(240 241 250 249)
4(249 250 259 258)
4(258 259 268 267)
4(267 268 277 276)
4(276 277 286 285)
4(285 286 295 294)
4(294 295 304 303)
4(303 304 313 312)
4(312 313 322 321)
4(321 322 331 330)
4(330 331 340 339)
4(339 340 349 348)
4(348 349 358 357)
4(357 358 367 366)
4(366 367 376 375)
4(375 376 385 384)
4(384 385 19 18)
4(214 215 224 223)
4(223 224 233 232)
4(232 233 242 241)
4(241 242 251 250)
4(250 251 260 259)
4(259 260 269 268)
4(268 269 278 277)
4(277 278 287 286)
4(286 287 296 295)
4(295 296 305 304)
4(304 305 314 313)
4(313 314 323 322)
4(322 323 332 331)
4(331 332 341 340)
4(340 341 350 349)
4(349 350 359 358)
4(358 359 368 367)
4(367 368 377 376)
4(376 377 386 385)
4(385 386 20 19)
4(215 216 225 224)
4(224 225 234 233)
4(233 234 243 242)
4(242 243 252 251)
4(251 252 261 260)
4(260 261 270 269)
4(269 270 279 278)
4(278 279 288 287)
4(287 288 297 296)
4(296 297 306 305)
4(305 306 315 314)
4(314 315 324 323)
4(323 324 333 332)
4(332 333 342 341)
4(341 342 351 350)
4(350 351 360 359)
4(359 360 369 368)
4(368 369 378 377)
4(377 378 387 386)
4(386 387 21 20)
4(216 217 226 225)
4(225 226 235 234)
4(234 235 244 243)
4(243 244 253 252)
4(252 253 262 261)
4(261 262 271 270)
4(270 271 280 279)
4(279 280 289 288)
4(288 289 298 297)
4(297 298 307 306)
4(306 307 316 315)
4(315 316 325 324)
4(324 325 334 333)
4(333 334 343 342)
4(342 343 352 351)
4(351 352 361 360)
4(360 361 370 369)
4(369 370 379 378)
4(378 379 388 387)
4(387 388 22 21)
4(217 218 227 226)
4(226 227 236 235)
4(235 236 245 244)
4(244 245 254 253)
4(253 254 263 262)
4(262 263 272 271)
4(271 272 281 280)
4(280 281 290 289)
4(289 290 299 298)
4(298 299 308 307)
4(307 308 317 316)
4(316 317 326 325)
4(325 326 335 334)
4(334 335 344 343)
4(343 344 353 352)
4(352 353 362 361)
4(361 362 371 370)
4(370 371 380 379)
4(379 380 389 388)
4(388 389 23 22)
4(390 399 400 391)
4(399 408 409 400)
4(408 417 418 409)
4(417 426 427 418)
4(426 435 436 427)
4(435 444 445 436)
4(444 453 454 445)
4(453 462 463 454)
4(462 471 472 463)
4(471 480 481 472)
4(480 489 490 481)
4(489 498 499 490)
4(498 507 508 499)
4(507 516 517 508)
4(516 525 526 517)
4(525 534 535 526)
4(534 543 544 535)
4(543 552 553 544)
4(552 561 562 553)
4(561 30 31 562)
4(391 400 401 392)
4(400 409 410 401)
4(409 418 419 410)
4(418 427 428 419)
4(427 436 437 428)
4(436 445 446 437)
4(445 454 455 446)
4(454 463 464 455)
4(463 472 473 464)
4(472 481 482 473)
4(481 490 491 482)
4(490 499 500 491)
4(499 508 509 500)
4(508 517 518 509)
4(517 526 527 518)
4(526 535 536 527)
4(535 544 545 536)
4(544 553 554 545)
4(553 562 563 554)
4(562 31 32 563)
4(392 401 402 393)
4(401 410 411 402)
4(410 419 420 411)
4(419 428 429 420)
4(428 437 438 429)
4(437 446 447 438)
4(446 455 456 447)
4(455 464 465 456)
4(464 473 474 465)
4(473 482 483 474)
4(482 491 492 483)
4(491 500 501 492)
4(500 509 510 501)
4(509 518 519 510)
4(518 527 528 519)
4(527 536 537 528)
4(536 545 546 537)
4(545 554 555 546)
4(554 563 564 555)
4(563 32 33 564)
4(393 402 403 394)
4(402 411 412 403)
4(411 420 421 412)
4(420 429 430 421)
4(429 438 439 430)
4(438 447 448 439)
4(447 456 457 448)
4(456 465 466 457)
4(465 474 475 466)
4(474 483 484 475)
4(483 492 493 484)
4(492 501 502 493)
4(501 510 511 502)
4(510 519 520 511)
4(519 528 529 520)
4(528 537 538 529)
4(537 546 547 538)
4(546 555 556 547)
4(555 564 565 556)
4(564 33 34 565)
4(394 403 404 395)
4(403 412 413 404)
4(412 421 422 413)
4(421 430 431 422)
4(430 439 440 431)
4(439 448 449 440)
4(448 457 458 449)
4(457 466 467 458)
4(466 475 476 467)
4(475 484 485 476)
4(484 493 494 485)
4(493 502 503 494)
4(502 511 512 503)
4(511 520 521 512)
4(520 529 530 521)
4(529 538 539 530)
4(538 547 548 539)
4(547 556 557 548)
4(556 565 566 557)
4(565 34 35 566)
4(395 404 405 396)
4(404 413 414 405)
4(413 422 423 414)
4(422 431 432 423)
4(431 440 441 432)
4(440 449 450 441)
4(449 458 459 450)
4(458 467 468 459)
4(467 476 477 468)
4(476 485 486 477)
4(485 494 495 486)
4(494 503 504 495)
4(503 512 513 504)
4(512 521 522 513)
4(521 530 531 522)
4(530 539 540 531)
4(539 548 549 540)
4(548 557 558 549)
4(557 566 567 558)
4(566 35 36 567)
4(396 405 406 397)
4(405 414 415 406)
4(414 423 424 415)
4(423 432 433 424)
4(432 441 442 433)
4(441 450 451 442)
4(450 459 460 451)
4(459 468 469 460)
4(468 477 478 469)
4(477 486 487 478)
4(486 495 496 487)
4(495 504 505 496)
4(504 513 514 505)
4(513 522 523 514)
4(522 531 532 523)
4(531 540 541 532)
4(540 549 550 541)
4(549 558 559 550)
4(558 567 568 559)
4(567 36 37 568)
4(397 406 407 398)
4(406 415 416 407)
4(415 424 425 416)
4(424 433 434 425)
4(433 442 443 434)
4(442 451 452 443)
4(451 460 461 452)
4(460 469 470 461)
4(469 478 479 470)
4(478 487 488 479)
4(487 496 497 488)
4(496 505 506 497)
4(505 514 515 506)
4(514 523 524 515)
4(523 532 533 524)
4(532 541 542 533)
4(541 550 551 542)
4(550 559 560 551)
4(559 568 569 560)
4(568 37 38 569)
4(570 571 580 579)
4(579 580 589 588)
4(588 589 598 597)
4(597 598 607 606)
4(606 607 616 615)
4(615 616 625 624)
4(624 625 634 633)
4(633 634 643 642)
4(642 643 652 651)
4(651 652 661 660)
4(660 661 670 669)
4(669 670 679 678)
4(678 679 688 687)
4(687 688 697 696)
4(696 697 706 705)
4(705 706 715 714)
4(714 715 724 723)
4(723 724 733 732)
4(732 733 742 741)
4(741 742 211 210)
4(571 572 581 580)
4(580 581 590 589)
4(589 590 599 598)
4(598 599 608 607)
4(607 608 617 616)
4(616 617 626 625)
4(625 626 635 634)
4(634 635 644 643)
4(643 644 653 652)
4(652 653 662 661)
4(661 662 671 670)
4(670 671 680 679)
4(679 680 689 688)
4(688 689 698 697)
4(697 698 707 706)
4(706 707 716 715)
4(715 716 725 724)
4(724 725 734 733)
4(733 734 743 742)
4(742 743 212 211)
4(572 573 582 581)
4(581 582 591 590)
4(590 591 600 599)
4(599 600 609 608)
4(608 609 618 617)
4(617 618 627 626)
4(626 627 636 635)
4(635 636 645 644)
4(644 645 654 653)
4(653 654 663 662)
4(662 663 672 671)
4(671 672 681 680)
4(680 681 690 689)
4(689 690 699 698)
4(698 699 708 707)
4(707 708 717 716)
4(716 717 726 725)
4(725 726 735 734)
4(734 735 744 743)
4(743 744 213 212)
4(573 574 583 582)
4(582 583 592 591)
4(591 592 601 600)
4(600 601 610 609)
4(609 610 619 618)
4(618 619 628 627)
4(627 628 637 636)
4(636 637 646 645)
4(645 646 655 654)
4(654 655 664 663)
4(663 664 673 672)
4(672 673 682 681)
4(681 682 691 690)
4(690 691 700 699)
4(699 700 709 708)
4(708 709 718 717)
4(717 718 727 726)
4(726 727 736 735)
4(735 736 745 744)
4(744 745 214 213)
4(574 575 584 583)
4(583 584 593 592)
4(592 593 602 601)
4(601 602 611 610)
4(610 611 620 619)
4(619 620 629 628)
4(628 629 638 637)
4(637 638 647 646)
4(646 647 656 655)
4(655 656 665 664)
4(664 665 674 673)
4(673 674 683 682)
4(682 683 692 691)
4(691 692 701 700)
4(700 701 710 709)
4(709 710 719 718)
4(718 719 728 727)
4(727 728 737 736)
4(736 737 746 745)
4(745 746 215 214)
4(575 576 585 584)
4(584 585 594 593)
4(593 594 603 602)
4(602 603 612 611)
4(611 612 621 620)
4(620 621 630 629)
4(629 630 639 638)
4(638 639 648 647)
4(647 648 657 656)
4(656 657 666 665)
4(665 666 675 674)
4(674 675 684 683)
4(683 684 693 692)
4(692 693 702 701)
4(701 702 711 710)
4(710 711 720 719)
4(719 720 729 728)
4(728 729 738 737)
4(737 738 747 746)
4(746 747 216 215)
4(576 577 586 585)
4(585 586 595 594)
4(594 595 604 603)
4(603 604 613 612)
4(612 613 622 621)
4(621 622 631 630)
4(630 631 640 639)
4(639 640 649 648)
4(648 649 658 657)
4(657 658 667 666)
4(666 667 676 675)
4(675 676 685 684)
4(684 685 694 693)
4(693 694 703 702)
4(702 703 712 711)
4(711 712 721 720)
4(720 721 730 729)
4(729 730 739 738)
4(738 739 748 747)
4(747 748 217 216)
4(577 578 587 586)
4(586 587 596 595)
4(595 596 605 604)
4(604 605 614 613)
4(613 614 623 622)
4(622 623 632 631)
4(631 632 641 640)
4(640 641 650 649)
4(649 650 659 658)
4(658 659 668 667)
4(667 668 677 676)
4(676 677 686 685)
4(685 686 695 694)
4(694 695 704 703)
4(703 704 713 712)
4(712 713 722 721)
4(721 722 731 730)
4(730 731 740 739)
4(739 740 749 748)
4(748 749 218 217)
4(38 47 227 218)
4(47 56 236 227)
4(56 65 245 236)
4(65 74 254 245)
4(74 83 263 254)
4(83 92 272 263)
4(92 101 281 272)
4(101 110 290 281)
4(110 119 299 290)
4(119 128 308 299)
4(128 137 317 308)
4(137 146 326 317)
4(146 155 335 326)
4(155 164 344 335)
4(164 173 353 344)
4(173 182 362 353)
4(182 191 371 362)
4(191 200 380 371)
4(200 209 389 380)
4(209 8 23 389)
4(398 407 587 578)
4(407 416 596 587)
4(416 425 605 596)
4(425 434 614 605)
4(434 443 623 614)
4(443 452 632 623)
4(452 461 641 632)
4(461 470 650 641)
4(470 479 659 650)
4(479 488 668 659)
4(488 497 677 668)
4(497 506 686 677)
4(506 515 695 686)
4(515 524 704 695)
4(524 533 713 704)
4(533 542 722 713)
4(542 551 731 722)
4(551 560 740 731)
4(560 569 749 740)
4(569 38 218 749)
4(9 24 25 10)
4(10 25 26 11)
4(11 26 27 12)
4(12 27 28 13)
4(5 14 29 20)
4(13 28 29 14)
4(5 20 21 6)
4(6 21 22 7)
4(7 22 23 8)
)


// ************************************************************************* //
