/*--------------------------------*- C++ -*----------------------------------*\
  =========                 |
  \\      /  F ield         | OpenFOAM: The Open Source CFD Toolbox
   \\    /   O peration     | Website:  https://openfoam.org
    \\  /    A nd           | Version:  8
     \\/     M anipulation  |
\*---------------------------------------------------------------------------*/
FoamFile
{
    version     2.0;
    format      ascii;
    class       volVectorField;
    location    "0.1";
    object      U;
}
// * * * * * * * * * * * * * * * * * * * * * * * * * * * * * * * * * * * * * //

dimensions      [0 1 -1 0 0 0 0];

internalField   nonuniform List<vector> 
2600
(
(1.35022 0.967608 0)
(1.40961 0.758938 0)
(0.972466 0.243209 0)
(1.03935 0.0558952 0)
(1.08916 0.00582157 0)
(1.09952 0.000166838 0)
(1.1 -3.32686e-06 0)
(1.1 -2.27113e-06 0)
(1.1 -5.45691e-07 0)
(1.09682 8.23636e-08 0)
(0.904954 0.972504 0)
(1.28554 0.758893 0)
(0.973537 0.252702 0)
(1.03839 0.0612418 0)
(1.08793 0.00600711 0)
(1.09946 0.000157255 0)
(1.1 -3.30974e-06 0)
(1.1 -2.20955e-06 0)
(1.1 -5.51445e-07 0)
(1.09682 7.88665e-08 0)
(0.707102 0.577416 0)
(1.17106 0.647279 0)
(0.952142 0.260374 0)
(1.02804 0.0655551 0)
(1.08652 0.00635834 0)
(1.09942 0.000158448 0)
(1.1 -3.16437e-06 0)
(1.1 -2.07657e-06 0)
(1.1 -5.44172e-07 0)
(1.09682 7.46692e-08 0)
(0.493549 0.337734 0)
(0.977868 0.602305 0)
(0.900877 0.272056 0)
(1.01216 0.0661835 0)
(1.08535 0.00629121 0)
(1.09939 0.000176543 0)
(1.1 -2.84744e-06 0)
(1.1 -1.92888e-06 0)
(1.1 -5.26858e-07 0)
(1.09682 6.83478e-08 0)
(0.367937 0.294435 0)
(0.750515 0.563665 0)
(0.830403 0.260619 0)
(0.997005 0.061321 0)
(1.0842 0.00627346 0)
(1.09935 0.000194638 0)
(1.1 -2.36293e-06 0)
(1.1 -1.72722e-06 0)
(1.1 -4.96389e-07 0)
(1.09682 6.1853e-08 0)
(0.276736 0.29071 0)
(0.560066 0.53078 0)
(0.763849 0.224805 0)
(0.985205 0.053113 0)
(1.08296 0.00596475 0)
(1.09928 0.000208966 0)
(1.1 -1.66655e-06 0)
(1.1 -1.49628e-06 0)
(1.1 -4.47554e-07 0)
(1.09682 5.19367e-08 0)
(0.187339 0.191343 0)
(0.419838 0.416664 0)
(0.715926 0.17372 0)
(0.976409 0.0416778 0)
(1.08171 0.00524482 0)
(1.0992 0.000203605 0)
(1.1 -9.92475e-07 0)
(1.1 -1.16387e-06 0)
(1.1 -3.7415e-07 0)
(1.09682 4.07169e-08 0)
(0.134807 0.0352845 0)
(0.363756 0.271879 0)
(0.71143 0.1193 0)
(0.972382 0.0294269 0)
(1.08049 0.0041625 0)
(1.09912 0.000172426 0)
(1.1 -2.39932e-07 0)
(1.1 -7.84799e-07 0)
(1.1 -2.6706e-07 0)
(1.09682 2.26e-08 0)
(0.10166 -0.0263405 0)
(0.324665 0.156967 0)
(0.69794 0.0698577 0)
(0.965668 0.0186127 0)
(1.07938 0.0027046 0)
(1.09906 0.000118903 0)
(1.1 3.00515e-07 0)
(1.1 -4.1139e-07 0)
(1.1 -1.49574e-07 0)
(1.09682 6.41973e-09 0)
(0.101251 -0.00149742 0)
(0.339587 0.0575869 0)
(0.710608 0.0234899 0)
(0.967256 0.00615046 0)
(1.0789 0.000865727 0)
(1.09901 4.00173e-05 0)
(1.1 4.81832e-08 0)
(1.1 -1.30532e-07 0)
(1.1 -4.76049e-08 0)
(1.09682 2.71756e-09 0)
(0.101251 0.00149742 0)
(0.339587 -0.0575869 0)
(0.710608 -0.0234899 0)
(0.967256 -0.00615046 0)
(1.0789 -0.000865727 0)
(1.09901 -4.00173e-05 0)
(1.1 -4.81831e-08 0)
(1.1 1.30533e-07 0)
(1.1 4.76034e-08 0)
(1.09682 -2.72096e-09 0)
(0.10166 0.0263405 0)
(0.324665 -0.156967 0)
(0.69794 -0.0698577 0)
(0.965668 -0.0186127 0)
(1.07938 -0.0027046 0)
(1.09906 -0.000118903 0)
(1.1 -3.00515e-07 0)
(1.1 4.11387e-07 0)
(1.1 1.49572e-07 0)
(1.09682 -6.41372e-09 0)
(0.134807 -0.0352845 0)
(0.363756 -0.271879 0)
(0.71143 -0.1193 0)
(0.972382 -0.0294269 0)
(1.08049 -0.0041625 0)
(1.09912 -0.000172426 0)
(1.1 2.39932e-07 0)
(1.1 7.84797e-07 0)
(1.1 2.67058e-07 0)
(1.09682 -2.25972e-08 0)
(0.187339 -0.191343 0)
(0.419838 -0.416664 0)
(0.715926 -0.17372 0)
(0.976409 -0.0416778 0)
(1.08171 -0.00524482 0)
(1.0992 -0.000203605 0)
(1.1 9.92475e-07 0)
(1.1 1.16387e-06 0)
(1.1 3.74152e-07 0)
(1.09682 -4.07194e-08 0)
(0.276736 -0.29071 0)
(0.560066 -0.53078 0)
(0.763849 -0.224805 0)
(0.985205 -0.053113 0)
(1.08296 -0.00596475 0)
(1.09928 -0.000208966 0)
(1.1 1.66655e-06 0)
(1.1 1.49628e-06 0)
(1.1 4.47558e-07 0)
(1.09682 -5.19376e-08 0)
(0.367937 -0.294435 0)
(0.750515 -0.563665 0)
(0.830403 -0.260619 0)
(0.997005 -0.061321 0)
(1.0842 -0.00627346 0)
(1.09935 -0.000194638 0)
(1.1 2.36293e-06 0)
(1.1 1.72722e-06 0)
(1.1 4.9639e-07 0)
(1.09682 -6.18547e-08 0)
(0.493549 -0.337734 0)
(0.977868 -0.602305 0)
(0.900877 -0.272056 0)
(1.01216 -0.0661835 0)
(1.08535 -0.00629121 0)
(1.09939 -0.000176543 0)
(1.1 2.84744e-06 0)
(1.1 1.92889e-06 0)
(1.1 5.2686e-07 0)
(1.09682 -6.83484e-08 0)
(0.707102 -0.577416 0)
(1.17106 -0.647279 0)
(0.952142 -0.260374 0)
(1.02804 -0.0655551 0)
(1.08652 -0.00635834 0)
(1.09942 -0.000158448 0)
(1.1 3.16437e-06 0)
(1.1 2.07657e-06 0)
(1.1 5.44171e-07 0)
(1.09682 -7.4669e-08 0)
(0.904954 -0.972504 0)
(1.28554 -0.758893 0)
(0.973537 -0.252702 0)
(1.03839 -0.0612418 0)
(1.08793 -0.00600711 0)
(1.09946 -0.000157255 0)
(1.1 3.30974e-06 0)
(1.1 2.20955e-06 0)
(1.1 5.51444e-07 0)
(1.09682 -7.88664e-08 0)
(1.35022 -0.967608 0)
(1.40961 -0.758938 0)
(0.972466 -0.243209 0)
(1.03935 -0.0558952 0)
(1.08916 -0.00582157 0)
(1.09952 -0.000166838 0)
(1.1 3.32686e-06 0)
(1.1 2.27113e-06 0)
(1.1 5.4569e-07 0)
(1.09682 -8.23635e-08 0)
(1.50197 -0.258954 0)
(1.24729 -0.568048 0)
(0.952612 -0.227313 0)
(1.03611 -0.0540494 0)
(1.09046 -0.00558445 0)
(1.09962 -0.00016184 0)
(1.1 3.57705e-06 0)
(1.1 2.34643e-06 0)
(1.1 5.24011e-07 0)
(1.09682 -8.46276e-08 0)
(1.48066 -0.0401121 0)
(1.21678 -0.437262 0)
(0.996794 -0.222129 0)
(1.04043 -0.0576184 0)
(1.09152 -0.005332 0)
(1.09968 -0.000125976 0)
(1.1 3.98984e-06 0)
(1.1 2.29724e-06 0)
(1.1 4.77827e-07 0)
(1.09682 -8.68346e-08 0)
(1.43308 0.0574117 0)
(1.23249 -0.318885 0)
(1.06161 -0.189312 0)
(1.05467 -0.0539758 0)
(1.09272 -0.00538934 0)
(1.09973 -0.000119583 0)
(1.1 4.18747e-06 0)
(1.1 2.17468e-06 0)
(1.1 4.20897e-07 0)
(1.09682 -8.55423e-08 0)
(1.36838 0.125474 0)
(1.2545 -0.248393 0)
(1.11249 -0.172084 0)
(1.07075 -0.051433 0)
(1.09424 -0.00519241 0)
(1.09977 -0.000119261 0)
(1.1 3.93756e-06 0)
(1.1 1.93684e-06 0)
(1.1 3.57462e-07 0)
(1.09682 -8.38545e-08 0)
(1.31205 0.157785 0)
(1.25062 -0.158641 0)
(1.13096 -0.129008 0)
(1.08263 -0.0439719 0)
(1.09567 -0.00471144 0)
(1.09981 -0.00011658 0)
(1.1 3.71096e-06 0)
(1.1 1.68383e-06 0)
(1.1 2.93027e-07 0)
(1.09682 -7.74683e-08 0)
(1.25275 0.187094 0)
(1.26282 -0.115203 0)
(1.13972 -0.101503 0)
(1.09355 -0.0386174 0)
(1.09709 -0.00435538 0)
(1.09985 -0.000114319 0)
(1.1 2.8852e-06 0)
(1.1 1.28251e-06 0)
(1.1 2.13531e-07 0)
(1.09682 -6.46985e-08 0)
(1.20533 0.205819 0)
(1.24426 -0.0504618 0)
(1.13682 -0.0688096 0)
(1.10064 -0.0294427 0)
(1.09838 -0.00368759 0)
(1.0999 -0.000100363 0)
(1.1 2.01066e-06 0)
(1.1 8.79473e-07 0)
(1.1 1.36727e-07 0)
(1.09682 -4.8051e-08 0)
(1.16327 0.224675 0)
(1.23891 -0.0165679 0)
(1.14294 -0.0497052 0)
(1.10575 -0.0210214 0)
(1.09957 -0.00280261 0)
(1.09995 -8.08758e-05 0)
(1.1 1.09917e-06 0)
(1.1 3.93412e-07 0)
(1.1 7.29946e-08 0)
(1.09682 -2.41362e-08 0)
(1.13048 0.240594 0)
(1.21148 0.0284051 0)
(1.14757 -0.0272826 0)
(1.10791 -0.0122023 0)
(1.10025 -0.00155534 0)
(1.09999 -5.29112e-05 0)
(1.1 -1.39221e-07 0)
(1.1 1.25176e-07 0)
(1.1 2.19931e-08 0)
(1.09682 -4.85934e-09 0)
(1.10373 0.259142 0)
(1.19404 0.0647315 0)
(1.15095 -0.00222174 0)
(1.10953 -0.00326922 0)
(1.10049 -0.000474713 0)
(1.1 -2.58091e-05 0)
(1.1 -1.93663e-06 0)
(1.1 -3.78783e-08 0)
(1.1 2.77911e-09 0)
(1.09682 -1.95194e-10 0)
(1.08148 0.287351 0)
(1.17348 0.116322 0)
(1.14922 0.0321646 0)
(1.11 0.00527963 0)
(1.10049 0.000159682 0)
(1.10001 -1.0795e-05 0)
(1.1 -2.15673e-06 0)
(1.1 -9.08785e-08 0)
(1.1 9.58515e-11 0)
(1.09682 -2.54992e-10 0)
(1.06658 0.308316 0)
(1.15336 0.167443 0)
(1.14315 0.0597906 0)
(1.10853 0.00796179 0)
(1.10037 0.000267362 0)
(1.1 -3.15518e-06 0)
(1.1 -1.42183e-06 0)
(1.1 -1.11544e-07 0)
(1.1 -1.8422e-10 0)
(1.09682 -4.14504e-10 0)
(1.06091 0.293456 0)
(1.13555 0.188366 0)
(1.13333 0.0649056 0)
(1.10567 0.00808347 0)
(1.10021 0.000245642 0)
(1.1 8.62457e-07 0)
(1.1 -4.17136e-07 0)
(1.1 -5.72987e-08 0)
(1.1 -2.12897e-10 0)
(1.09682 -3.3967e-10 0)
(1.06232 0.261346 0)
(1.11716 0.179161 0)
(1.1186 0.0617788 0)
(1.10291 0.00642771 0)
(1.10009 0.000157349 0)
(1.1 1.06744e-06 0)
(1.1 -2.76879e-08 0)
(1.1 -7.88911e-09 0)
(1.1 -1.16321e-10 0)
(1.09682 -8.38035e-11 0)
(1.08305 0.164469 0)
(1.10271 0.126976 0)
(1.10753 0.0399863 0)
(1.10103 0.00312259 0)
(1.10002 5.53194e-05 0)
(1.1 4.32424e-07 0)
(1.1 6.87069e-10 0)
(1.1 -1.67855e-10 0)
(1.1 -3.29722e-11 0)
(1.09682 -7.68598e-12 0)
(1.09711 0.0422448 0)
(1.09955 0.0383796 0)
(1.10143 0.0110178 0)
(1.10016 0.000607139 0)
(1.1 6.97288e-06 0)
(1.1 5.60806e-08 0)
(1.1 3.76941e-10 0)
(1.1 -2.12758e-14 0)
(1.1 -5.52045e-12 0)
(1.09682 -3.25183e-13 0)
(1.09989 0.00197278 0)
(1.09995 0.00226641 0)
(1.10005 0.000629888 0)
(1.10001 2.48268e-05 0)
(1.1 1.73795e-07 0)
(1.1 1.26426e-09 0)
(1.1 3.12892e-11 0)
(1.1 -1.63899e-15 0)
(1.1 -2.44457e-13 0)
(1.09682 9.23783e-14 0)
(1.1 8.11888e-06 0)
(1.1 1.26551e-05 0)
(1.1 3.57473e-06 0)
(1.1 1.00325e-07 0)
(1.1 -5.80152e-10 0)
(1.1 -9.99236e-11 0)
(1.1 -1.70975e-12 0)
(1.1 5.08751e-14 0)
(1.1 4.54385e-14 0)
(1.09682 1.06595e-13 0)
(1.1 -4.05827e-09 0)
(1.1 -1.06358e-08 0)
(1.1 -1.13905e-08 0)
(1.1 -5.906e-09 0)
(1.1 -1.09611e-09 0)
(1.1 -7.18585e-11 0)
(1.1 -1.36906e-12 0)
(1.1 9.89722e-15 0)
(1.1 -2.18954e-14 0)
(1.09682 -5.13968e-14 0)
(1.1 -5.03145e-09 0)
(1.1 -1.28383e-08 0)
(1.1 -1.15424e-08 0)
(1.1 -5.35887e-09 0)
(1.1 -7.69446e-10 0)
(1.1 -2.1257e-11 0)
(1.1 -2.98151e-13 0)
(1.1 -1.93125e-15 0)
(1.1 -1.60241e-13 0)
(1.09682 -1.03465e-13 0)
(0.41482 0.114965 0)
(0.47147 0.155393 0)
(0.541875 0.216659 0)
(0.59494 0.277258 0)
(0.637434 0.323296 0)
(0.668545 0.357899 0)
(0.694878 0.382032 0)
(0.724973 0.401587 0)
(0.772258 0.426318 0)
(0.892206 0.448767 0)
(0.478218 0.14864 0)
(0.506069 0.181924 0)
(0.551569 0.22902 0)
(0.588171 0.280148 0)
(0.626998 0.319659 0)
(0.659003 0.352236 0)
(0.687059 0.374771 0)
(0.720713 0.393176 0)
(0.774706 0.416142 0)
(0.891804 0.432918 0)
(0.575484 0.129196 0)
(0.567814 0.165756 0)
(0.597813 0.207628 0)
(0.614202 0.253558 0)
(0.641938 0.29216 0)
(0.666219 0.329478 0)
(0.692853 0.357953 0)
(0.728392 0.381554 0)
(0.788529 0.407974 0)
(0.915355 0.414712 0)
(0.657813 0.149193 0)
(0.625568 0.189457 0)
(0.648662 0.223384 0)
(0.655412 0.25857 0)
(0.672413 0.289235 0)
(0.686419 0.321459 0)
(0.707337 0.349956 0)
(0.741316 0.376935 0)
(0.80575 0.404791 0)
(0.93832 0.408339 0)
(0.734756 0.167938 0)
(0.674649 0.204426 0)
(0.694359 0.226824 0)
(0.694408 0.254834 0)
(0.702466 0.285198 0)
(0.710641 0.314845 0)
(0.72794 0.340987 0)
(0.757162 0.368022 0)
(0.821289 0.395022 0)
(0.951132 0.396379 0)
(0.853498 0.171363 0)
(0.726406 0.213888 0)
(0.722665 0.240437 0)
(0.714429 0.268595 0)
(0.722647 0.291889 0)
(0.730385 0.314611 0)
(0.74901 0.333362 0)
(0.774577 0.356803 0)
(0.83307 0.38242 0)
(0.954938 0.385302 0)
(1.00582 0.111874 0)
(0.836468 0.188145 0)
(0.75498 0.243617 0)
(0.732472 0.276326 0)
(0.736332 0.297757 0)
(0.74099 0.322308 0)
(0.762869 0.333299 0)
(0.788734 0.351481 0)
(0.843829 0.372244 0)
(0.954312 0.375763 0)
(1.08775 0.0340085 0)
(1.00899 0.0869389 0)
(0.846065 0.196737 0)
(0.773136 0.266795 0)
(0.754006 0.30005 0)
(0.749969 0.328093 0)
(0.767414 0.34172 0)
(0.794243 0.355575 0)
(0.847993 0.366333 0)
(0.949796 0.366484 0)
(1.09988 0.00569042 0)
(1.09311 0.0110723 0)
(1.02761 0.06601 0)
(0.888138 0.186021 0)
(0.803631 0.277212 0)
(0.768064 0.323251 0)
(0.778498 0.343569 0)
(0.792095 0.369228 0)
(0.844449 0.369064 0)
(0.937813 0.365186 0)
(1.10016 0.000707886 0)
(1.10003 0.000439121 0)
(1.09621 0.00406857 0)
(1.05601 0.043772 0)
(0.941113 0.160984 0)
(0.83417 0.277629 0)
(0.797823 0.335452 0)
(0.793903 0.371916 0)
(0.838671 0.380616 0)
(0.923506 0.375191 0)
(1.1 1.19803e-05 0)
(1.1 -2.60957e-08 0)
(1.09998 1.72787e-05 0)
(1.09857 0.00157953 0)
(1.07768 0.0253899 0)
(0.990897 0.125894 0)
(0.875318 0.26542 0)
(0.822468 0.349056 0)
(0.844234 0.381159 0)
(0.912956 0.381782 0)
(1.1 -2.39776e-06 0)
(1.1 -2.29113e-06 0)
(1.1 -1.79873e-06 0)
(1.1 1.53382e-06 0)
(1.09959 0.000498761 0)
(1.09052 0.0123219 0)
(1.03202 0.0899286 0)
(0.918866 0.240329 0)
(0.865045 0.349226 0)
(0.918709 0.369473 0)
(1.1 -9.12232e-07 0)
(1.1 -7.63132e-07 0)
(1.1 -7.23452e-07 0)
(1.1 -4.14333e-07 0)
(1.1 -2.81823e-07 0)
(1.09991 0.00011548 0)
(1.09647 0.00524927 0)
(1.06166 0.0574516 0)
(0.9704 0.202565 0)
(0.936554 0.320667 0)
(1.1 -6.5253e-08 0)
(1.1 -4.39877e-08 0)
(1.1 -5.96143e-08 0)
(1.1 -9.51332e-08 0)
(1.1 -6.83555e-08 0)
(1.1 -1.12656e-07 0)
(1.09998 1.99244e-05 0)
(1.09885 0.00191287 0)
(1.08145 0.0332885 0)
(1.02696 0.130461 0)
(1.1 3.10543e-10 0)
(1.1 2.06191e-10 0)
(1.1 -3.64477e-10 0)
(1.1 -6.49042e-10 0)
(1.1 -9.65779e-09 0)
(1.1 -9.76825e-09 0)
(1.1 -1.54686e-08 0)
(1.1 2.51429e-06 0)
(1.09975 0.000722909 0)
(1.09346 0.006114 0)
(1.1 1.2812e-09 0)
(1.1 7.99719e-10 0)
(1.1 3.45781e-10 0)
(1.1 1.41319e-10 0)
(1.1 -4.49338e-11 0)
(1.1 -8.36385e-10 0)
(1.1 -4.80971e-09 0)
(1.1 4.4606e-09 0)
(1.1 7.66717e-07 0)
(1.09994 4.00216e-05 0)
(1.1 1.33233e-09 0)
(1.1 8.30088e-10 0)
(1.1 3.86496e-10 0)
(1.1 1.60742e-10 0)
(1.1 4.04384e-11 0)
(1.1 2.0286e-11 0)
(1.1 -2.9278e-10 0)
(1.1 1.55071e-10 0)
(1.1 -2.31928e-09 0)
(1.1 3.06593e-07 0)
(1.1 1.22364e-09 0)
(1.1 7.63253e-10 0)
(1.1 3.58763e-10 0)
(1.1 1.40816e-10 0)
(1.1 4.51884e-11 0)
(1.1 1.61783e-11 0)
(1.1 -3.28581e-12 0)
(1.1 1.4468e-11 0)
(1.1 -7.86386e-10 0)
(1.1 1.86212e-09 0)
(1.1 1.09189e-09 0)
(1.1 6.79089e-10 0)
(1.1 3.19644e-10 0)
(1.1 1.2801e-10 0)
(1.1 4.39539e-11 0)
(1.1 1.5468e-11 0)
(1.1 1.26416e-12 0)
(1.1 3.36731e-12 0)
(1.1 -4.89088e-11 0)
(1.1 -6.3108e-10 0)
(1.1 3.08878e-10 0)
(1.1 1.94415e-10 0)
(1.1 1.13991e-10 0)
(1.1 7.17201e-11 0)
(1.1 3.74671e-11 0)
(1.1 1.48558e-11 0)
(1.1 3.01423e-12 0)
(1.1 1.7089e-12 0)
(1.1 -5.23317e-14 0)
(1.1 -3.53604e-10 0)
(3.00022 -1.3796e-14 0)
(2.92118 -3.74838e-14 0)
(2.378 6.0537e-14 0)
(2.05382 -1.01703e-12 0)
(1.88081 8.36922e-11 0)
(1.48504 -2.77942e-09 0)
(1.14177 3.14777e-08 0)
(1.10065 1.10242e-07 0)
(1.10007 -8.27252e-06 0)
(0.877118 0.0210666 0)
(3.00022 1.26515e-14 0)
(2.92118 -9.55624e-16 0)
(2.378 -3.56006e-14 0)
(2.05382 -2.27881e-12 0)
(1.88081 2.11319e-10 0)
(1.48504 -8.35476e-09 0)
(1.14177 1.43527e-07 0)
(1.10065 -7.15452e-07 0)
(1.10005 -1.42309e-05 0)
(0.918048 0.0573412 0)
(3.00022 1.77104e-15 0)
(2.92118 -4.48795e-14 0)
(2.378 -1.17192e-13 0)
(2.05382 -1.80488e-12 0)
(1.88081 1.45567e-10 0)
(1.48504 -5.30257e-09 0)
(1.14177 8.09529e-08 0)
(1.10065 -2.51607e-07 0)
(1.10001 -1.19278e-05 0)
(0.977827 0.0692963 0)
(3.00022 8.77567e-15 0)
(2.92118 4.6436e-15 0)
(2.378 -4.50467e-16 0)
(2.05382 -8.2235e-13 0)
(1.88081 4.64137e-11 0)
(1.48504 -1.17182e-09 0)
(1.14177 1.24616e-08 0)
(1.10065 -4.05766e-08 0)
(1.1 -3.04112e-07 0)
(1.02741 0.0782475 0)
(3.00022 -2.12417e-15 0)
(2.92118 2.6324e-14 0)
(2.378 4.53702e-14 0)
(2.05382 -2.62625e-13 0)
(1.88081 7.23089e-12 0)
(1.48504 -9.28633e-11 0)
(1.14177 5.20981e-10 0)
(1.10065 -1.47439e-10 0)
(1.1 -3.47604e-08 0)
(1.06311 0.0728262 0)
(3.00022 -4.91606e-14 0)
(2.92118 4.0628e-14 0)
(2.378 3.25259e-14 0)
(2.05382 -3.09089e-14 0)
(1.88081 2.86373e-13 0)
(1.48504 -2.01347e-12 0)
(1.14177 2.97163e-12 0)
(1.10065 1.99786e-11 0)
(1.1 -6.3391e-10 0)
(1.0869 0.0547999 0)
(3.00022 -2.44009e-14 0)
(2.92118 -6.28894e-16 0)
(2.378 2.61755e-14 0)
(2.05382 2.09311e-14 0)
(1.88081 -1.15602e-13 0)
(1.48504 2.30553e-13 0)
(1.14177 -3.15984e-12 0)
(1.10065 1.8787e-11 0)
(1.1 -5.1428e-11 0)
(1.09524 0.0357767 0)
(3.00022 -2.1608e-15 0)
(2.92118 -7.248e-14 0)
(2.378 -4.62724e-14 0)
(2.05382 2.79598e-14 0)
(1.88081 -1.08168e-13 0)
(1.48504 1.48575e-12 0)
(1.14177 -1.77877e-11 0)
(1.10065 7.15082e-11 0)
(1.1 -1.1842e-10 0)
(1.09824 0.01837 0)
(3.00022 5.05466e-14 0)
(2.92118 2.54647e-14 0)
(2.378 -5.02119e-14 0)
(2.05382 7.18347e-14 0)
(1.88081 -2.70109e-13 0)
(1.48504 6.72068e-12 0)
(1.14177 -7.6995e-11 0)
(1.10065 3.53647e-10 0)
(1.1 -7.15082e-10 0)
(1.09957 0.00674686 0)
(3.00022 7.12721e-14 0)
(2.92118 1.83369e-13 0)
(2.378 -4.07916e-14 0)
(2.05382 2.3915e-14 0)
(1.88081 -5.7881e-13 0)
(1.48504 1.72e-11 0)
(1.14177 -2.42965e-10 0)
(1.10065 1.52832e-09 0)
(1.1 -5.05956e-09 0)
(1.09995 0.00134779 0)
(3.00022 2.48478e-14 0)
(2.92118 1.14378e-13 0)
(2.378 -3.23516e-14 0)
(2.05382 -3.20801e-15 0)
(1.88081 -8.12492e-13 0)
(1.48504 3.57006e-11 0)
(1.14177 -7.00605e-10 0)
(1.10065 7.08119e-09 0)
(1.1 -4.94424e-08 0)
(1.1 0.000102594 0)
(3.00022 -2.55884e-14 0)
(2.92118 -4.93579e-14 0)
(2.378 -6.85243e-14 0)
(2.05382 3.55092e-14 0)
(1.88081 -6.81912e-13 0)
(1.48504 3.29562e-11 0)
(1.14177 -7.33327e-10 0)
(1.10065 9.01947e-09 0)
(1.1 -1.1132e-07 0)
(1.1 2.20471e-06 0)
(3.00022 -4.93911e-14 0)
(2.92118 -1.01537e-13 0)
(2.378 -1.43511e-13 0)
(2.05382 3.43764e-14 0)
(1.88081 -3.63602e-13 0)
(1.48504 8.86942e-12 0)
(1.14177 -1.6897e-10 0)
(1.10065 1.64616e-09 0)
(1.1 -1.2802e-08 0)
(1.1 6.21957e-08 0)
(3.00022 -6.96063e-14 0)
(2.92118 -8.81792e-14 0)
(2.378 2.50064e-14 0)
(2.05382 -2.02501e-15 0)
(1.88081 -2.7856e-13 0)
(1.48504 8.99202e-13 0)
(1.14177 -1.19561e-11 0)
(1.10065 8.73245e-11 0)
(1.1 -4.38864e-10 0)
(1.1 2.66199e-09 0)
(3.00022 -3.42978e-14 0)
(2.92118 -7.30372e-14 0)
(2.378 9.32356e-14 0)
(2.05382 8.74306e-14 0)
(1.88081 -2.60655e-13 0)
(1.48504 1.3854e-13 0)
(1.14177 -6.38167e-13 0)
(1.10065 -7.21349e-14 0)
(1.1 6.82358e-12 0)
(1.1 -9.22388e-11 0)
(3.00022 -2.50629e-16 0)
(2.92118 -7.13342e-14 0)
(2.378 4.86287e-14 0)
(2.05382 1.00245e-13 0)
(1.88081 -1.64528e-13 0)
(1.48504 1.17754e-13 0)
(1.14177 9.38584e-14 0)
(1.10065 -1.92197e-12 0)
(1.1 1.96324e-11 0)
(1.1 -2.15231e-10 0)
(3.00022 1.54185e-14 0)
(2.92118 -3.32609e-14 0)
(2.378 1.9085e-14 0)
(2.05382 1.98767e-14 0)
(1.88081 -4.9455e-14 0)
(1.48504 1.4721e-13 0)
(1.14177 1.17942e-13 0)
(1.10065 -2.03085e-12 0)
(1.1 2.15965e-11 0)
(1.1 -2.26853e-10 0)
(3.00022 -3.61575e-14 0)
(2.92118 -1.94134e-14 0)
(2.378 -7.00057e-15 0)
(2.05382 5.42874e-14 0)
(1.88081 -6.47517e-14 0)
(1.48504 2.21735e-13 0)
(1.14177 -2.08607e-13 0)
(1.10065 -1.88405e-12 0)
(1.1 2.06037e-11 0)
(1.1 -2.11098e-10 0)
(3.00022 1.53393e-14 0)
(2.92118 8.25008e-14 0)
(2.378 8.53387e-14 0)
(2.05382 5.40953e-14 0)
(1.88081 -1.42764e-13 0)
(1.48504 3.22432e-13 0)
(1.14177 -3.51044e-13 0)
(1.10065 -1.76265e-12 0)
(1.1 1.98761e-11 0)
(1.1 -1.96171e-10 0)
(3.00022 1.15127e-13 0)
(2.92118 1.16139e-13 0)
(2.378 1.30997e-13 0)
(2.05382 1.91446e-14 0)
(1.88081 -1.36581e-13 0)
(1.48504 2.43219e-13 0)
(1.14177 -2.67936e-13 0)
(1.10065 -1.2567e-12 0)
(1.1 1.31732e-11 0)
(1.1 -8.71967e-11 0)
(3.00022 -2.89747e-14 0)
(2.92118 -2.74551e-14 0)
(2.378 5.19513e-14 0)
(2.05382 6.09896e-14 0)
(1.88081 1.62365e-13 0)
(1.48504 1.37898e-13 0)
(1.14177 -9.75084e-13 0)
(1.10065 5.81011e-12 0)
(1.1 -4.22215e-11 0)
(1.1 3.90282e-10 0)
(3.00022 -4.53372e-14 0)
(2.92118 -1.26082e-13 0)
(2.378 -1.95758e-14 0)
(2.05382 -5.2926e-15 0)
(1.88081 3.43494e-14 0)
(1.48504 1.09683e-13 0)
(1.14177 -8.61422e-13 0)
(1.10065 5.81118e-12 0)
(1.1 -5.13449e-11 0)
(1.1 5.29973e-10 0)
(3.00022 2.29668e-16 0)
(2.92118 -2.30459e-14 0)
(2.378 -1.78265e-14 0)
(2.05382 -4.38678e-14 0)
(1.88081 9.23515e-14 0)
(1.48504 1.23182e-13 0)
(1.14177 -5.58933e-13 0)
(1.10065 3.27736e-12 0)
(1.1 -3.40267e-11 0)
(1.1 3.74118e-10 0)
(3.00022 -4.27399e-14 0)
(2.92118 7.72286e-14 0)
(2.378 9.72432e-14 0)
(2.05382 -1.71773e-14 0)
(1.88081 1.34275e-13 0)
(1.48504 1.017e-13 0)
(1.14177 -1.60342e-13 0)
(1.10065 -2.76058e-13 0)
(1.1 2.28801e-12 0)
(1.1 -6.48293e-12 0)
(3.00022 -4.87663e-14 0)
(2.92118 6.85074e-14 0)
(2.378 7.11573e-14 0)
(2.05382 6.07866e-14 0)
(1.88081 4.78347e-14 0)
(1.48504 3.03859e-14 0)
(1.14177 1.91507e-13 0)
(1.10065 -3.03146e-12 0)
(1.1 3.12438e-11 0)
(1.1 -3.08007e-10 0)
(3.00022 2.29674e-14 0)
(2.92118 8.45207e-14 0)
(2.378 1.79266e-14 0)
(2.05382 -1.79046e-14 0)
(1.88081 -6.14724e-14 0)
(1.48504 -1.10975e-13 0)
(1.14177 4.97562e-13 0)
(1.10065 -3.59541e-12 0)
(1.1 3.57501e-11 0)
(1.1 -3.68835e-10 0)
(3.00022 3.17276e-14 0)
(2.92118 1.28724e-13 0)
(2.378 4.61585e-14 0)
(2.05382 -7.88063e-14 0)
(1.88081 -2.90307e-14 0)
(1.48504 -8.45567e-13 0)
(1.14177 1.15641e-11 0)
(1.10065 -8.91782e-11 0)
(1.1 4.78579e-10 0)
(1.1 -3.10199e-09 0)
(3.00022 3.85982e-14 0)
(2.92118 1.6268e-13 0)
(2.378 7.80853e-14 0)
(2.05382 -6.99955e-14 0)
(1.88081 2.35864e-13 0)
(1.48504 -9.20907e-12 0)
(1.14177 1.6809e-10 0)
(1.10065 -1.64428e-09 0)
(1.1 1.27795e-08 0)
(1.1 -6.20269e-08 0)
(3.00022 3.75851e-14 0)
(2.92118 1.04822e-13 0)
(2.378 -6.93318e-15 0)
(2.05382 -8.7277e-14 0)
(1.88081 7.1921e-13 0)
(1.48504 -3.35831e-11 0)
(1.14177 7.33495e-10 0)
(1.10065 -9.01903e-09 0)
(1.1 1.11314e-07 0)
(1.1 -2.20469e-06 0)
(3.00022 -2.3003e-14 0)
(2.92118 -2.70203e-14 0)
(2.378 -9.10527e-14 0)
(2.05382 -1.51117e-13 0)
(1.88081 1.033e-12 0)
(1.48504 -3.63211e-11 0)
(1.14177 7.00449e-10 0)
(1.10065 -7.08091e-09 0)
(1.1 4.9439e-08 0)
(1.1 -0.000102594 0)
(3.00022 -3.4289e-14 0)
(2.92118 -1.29958e-13 0)
(2.378 -1.06844e-13 0)
(2.05382 -1.06832e-13 0)
(1.88081 8.37474e-13 0)
(1.48504 -1.82228e-11 0)
(1.14177 2.42923e-10 0)
(1.10065 -1.52832e-09 0)
(1.1 5.06112e-09 0)
(1.09995 -0.00134779 0)
(3.00022 -2.04632e-14 0)
(2.92118 -8.50999e-14 0)
(2.378 -3.57582e-14 0)
(2.05382 -7.15301e-14 0)
(1.88081 5.02289e-13 0)
(1.48504 -7.70395e-12 0)
(1.14177 7.82094e-11 0)
(1.10065 -3.5455e-10 0)
(1.1 7.13346e-10 0)
(1.09957 -0.00674686 0)
(3.00022 -3.76102e-14 0)
(2.92118 -4.85935e-14 0)
(2.378 -1.91044e-14 0)
(2.05382 -1.10179e-13 0)
(1.88081 3.00713e-13 0)
(1.48504 -2.4636e-12 0)
(1.14177 1.87986e-11 0)
(1.10065 -7.21199e-11 0)
(1.1 1.18869e-10 0)
(1.09824 -0.01837 0)
(3.00022 -1.95118e-14 0)
(2.92118 4.3128e-16 0)
(2.378 -3.19196e-14 0)
(2.05382 -7.66801e-14 0)
(1.88081 6.44943e-14 0)
(1.48504 -4.90005e-13 0)
(1.14177 3.64054e-12 0)
(1.10065 -1.93839e-11 0)
(1.1 5.19836e-11 0)
(1.09524 -0.0357767 0)
(3.00022 -4.18843e-14 0)
(2.92118 -2.42689e-14 0)
(2.378 -1.99371e-14 0)
(2.05382 -2.68749e-14 0)
(1.88081 -5.38338e-13 0)
(1.48504 1.87154e-12 0)
(1.14177 -2.94367e-12 0)
(1.10065 -2.0372e-11 0)
(1.1 6.34162e-10 0)
(1.0869 -0.0547999 0)
(3.00022 -2.22336e-14 0)
(2.92118 -5.18487e-14 0)
(2.378 -2.72783e-14 0)
(2.05382 2.03597e-13 0)
(1.88081 -7.31235e-12 0)
(1.48504 9.23773e-11 0)
(1.14177 -5.20014e-10 0)
(1.10065 1.46546e-10 0)
(1.1 3.47608e-08 0)
(1.06311 -0.0728262 0)
(3.00022 8.61658e-14 0)
(2.92118 -2.91088e-14 0)
(2.378 -1.09891e-13 0)
(2.05382 8.39782e-13 0)
(1.88081 -4.72526e-11 0)
(1.48504 1.17665e-09 0)
(1.14177 -1.2468e-08 0)
(1.10065 4.05765e-08 0)
(1.1 3.04112e-07 0)
(1.02741 -0.0782475 0)
(3.00022 9.78092e-15 0)
(2.92118 -1.41995e-13 0)
(2.378 -7.69947e-14 0)
(2.05382 1.87879e-12 0)
(1.88081 -1.46594e-10 0)
(1.48504 5.32411e-09 0)
(1.14177 -8.11006e-08 0)
(1.10065 2.51603e-07 0)
(1.10001 1.19278e-05 0)
(0.977827 -0.0692963 0)
(3.00022 8.66112e-15 0)
(2.92118 -5.83615e-14 0)
(2.378 2.50569e-14 0)
(2.05382 2.3548e-12 0)
(1.88081 -2.18581e-10 0)
(1.48504 8.71189e-09 0)
(1.14177 -1.46333e-07 0)
(1.10065 7.15419e-07 0)
(1.10005 1.42309e-05 0)
(0.918048 -0.0573412 0)
(3.00022 1.99575e-14 0)
(2.92118 -5.3716e-14 0)
(2.378 3.20511e-14 0)
(2.05382 9.92072e-13 0)
(1.88081 -7.42365e-11 0)
(1.48504 2.39806e-09 0)
(1.14177 -2.85191e-08 0)
(1.10065 -1.10202e-07 0)
(1.10007 8.27252e-06 0)
(0.877118 -0.0210666 0)
(1.1 -2.06789e-09 0)
(1.1 -1.28802e-09 0)
(1.1 -6.15646e-10 0)
(1.1 -2.60521e-10 0)
(1.1 -9.68813e-11 0)
(1.1 -3.09484e-11 0)
(1.1 -7.09989e-12 0)
(1.1 -1.90641e-12 0)
(1.1 -3.01779e-14 0)
(1.1 3.53363e-10 0)
(1.1 -3.1398e-09 0)
(1.1 -1.94431e-09 0)
(1.1 -8.87844e-10 0)
(1.1 -3.38559e-10 0)
(1.1 -1.11318e-10 0)
(1.1 -3.32921e-11 0)
(1.1 -5.40143e-12 0)
(1.1 -3.36728e-12 0)
(1.1 4.85152e-11 0)
(1.1 6.30968e-10 0)
(1.1 -2.32244e-09 0)
(1.1 -1.4496e-09 0)
(1.1 -6.7457e-10 0)
(1.1 -2.5943e-10 0)
(1.1 -8.55553e-11 0)
(1.1 -2.68952e-11 0)
(1.1 3.95715e-13 0)
(1.1 -1.51924e-11 0)
(1.1 7.86828e-10 0)
(1.1 -1.86219e-09 0)
(1.1 -9.34906e-11 0)
(1.1 -6.61108e-11 0)
(1.1 -4.74466e-11 0)
(1.1 -1.56179e-11 0)
(1.1 -1.2562e-11 0)
(1.1 -1.45124e-11 0)
(1.1 2.882e-10 0)
(1.1 -1.56056e-10 0)
(1.1 2.322e-09 0)
(1.1 -3.06592e-07 0)
(1.1 1.68676e-09 0)
(1.1 1.03267e-09 0)
(1.1 4.7653e-10 0)
(1.1 1.11597e-10 0)
(1.1 1.40169e-10 0)
(1.1 8.71052e-10 0)
(1.1 4.8146e-09 0)
(1.1 -4.45751e-09 0)
(1.1 -7.66716e-07 0)
(1.09994 -4.00216e-05 0)
(1.1 2.38864e-09 0)
(1.1 1.46503e-09 0)
(1.1 1.12775e-09 0)
(1.1 1.04316e-09 0)
(1.1 9.77307e-09 0)
(1.1 9.81335e-09 0)
(1.1 1.54742e-08 0)
(1.1 -2.51429e-06 0)
(1.09975 -0.000722909 0)
(1.09346 -0.006114 0)
(1.1 6.76735e-08 0)
(1.1 4.55689e-08 0)
(1.1 6.02345e-08 0)
(1.1 9.53937e-08 0)
(1.1 6.84399e-08 0)
(1.1 1.12695e-07 0)
(1.09998 -1.99244e-05 0)
(1.09885 -0.00191287 0)
(1.08145 -0.0332885 0)
(1.02696 -0.130461 0)
(1.1 9.12292e-07 0)
(1.1 7.63123e-07 0)
(1.1 7.23489e-07 0)
(1.1 4.14342e-07 0)
(1.1 2.81843e-07 0)
(1.09991 -0.00011548 0)
(1.09647 -0.00524927 0)
(1.06166 -0.0574516 0)
(0.9704 -0.202565 0)
(0.936554 -0.320667 0)
(1.1 2.39757e-06 0)
(1.1 2.29097e-06 0)
(1.1 1.79863e-06 0)
(1.1 -1.53383e-06 0)
(1.09959 -0.000498761 0)
(1.09052 -0.0123219 0)
(1.03202 -0.0899286 0)
(0.918866 -0.240329 0)
(0.865045 -0.349226 0)
(0.918709 -0.369473 0)
(1.1 -1.19805e-05 0)
(1.1 2.59601e-08 0)
(1.09998 -1.72788e-05 0)
(1.09857 -0.00157953 0)
(1.07768 -0.0253899 0)
(0.990897 -0.125894 0)
(0.875318 -0.26542 0)
(0.822468 -0.349056 0)
(0.844234 -0.381159 0)
(0.912956 -0.381782 0)
(1.10016 -0.000707886 0)
(1.10003 -0.000439121 0)
(1.09621 -0.00406857 0)
(1.05601 -0.043772 0)
(0.941113 -0.160984 0)
(0.83417 -0.277629 0)
(0.797823 -0.335452 0)
(0.793903 -0.371916 0)
(0.838671 -0.380616 0)
(0.923506 -0.375191 0)
(1.09988 -0.00569042 0)
(1.09311 -0.0110723 0)
(1.02761 -0.06601 0)
(0.888138 -0.186021 0)
(0.803631 -0.277212 0)
(0.768064 -0.323251 0)
(0.778498 -0.343569 0)
(0.792095 -0.369228 0)
(0.844449 -0.369064 0)
(0.937813 -0.365186 0)
(1.08775 -0.0340085 0)
(1.00899 -0.0869389 0)
(0.846065 -0.196737 0)
(0.773136 -0.266795 0)
(0.754006 -0.30005 0)
(0.749969 -0.328093 0)
(0.767414 -0.34172 0)
(0.794243 -0.355575 0)
(0.847993 -0.366333 0)
(0.949796 -0.366484 0)
(1.00582 -0.111874 0)
(0.836468 -0.188145 0)
(0.75498 -0.243617 0)
(0.732472 -0.276326 0)
(0.736332 -0.297757 0)
(0.74099 -0.322308 0)
(0.762869 -0.333299 0)
(0.788734 -0.351481 0)
(0.843829 -0.372244 0)
(0.954312 -0.375763 0)
(0.853498 -0.171363 0)
(0.726406 -0.213888 0)
(0.722665 -0.240437 0)
(0.714429 -0.268595 0)
(0.722647 -0.291889 0)
(0.730385 -0.314611 0)
(0.74901 -0.333362 0)
(0.774577 -0.356803 0)
(0.83307 -0.38242 0)
(0.954938 -0.385302 0)
(0.734756 -0.167938 0)
(0.674649 -0.204426 0)
(0.694359 -0.226824 0)
(0.694408 -0.254834 0)
(0.702466 -0.285198 0)
(0.710641 -0.314845 0)
(0.72794 -0.340987 0)
(0.757162 -0.368022 0)
(0.821289 -0.395022 0)
(0.951132 -0.396379 0)
(0.657813 -0.149193 0)
(0.625568 -0.189457 0)
(0.648662 -0.223384 0)
(0.655412 -0.25857 0)
(0.672413 -0.289235 0)
(0.686419 -0.321459 0)
(0.707337 -0.349956 0)
(0.741316 -0.376935 0)
(0.80575 -0.404791 0)
(0.93832 -0.408339 0)
(0.575484 -0.129196 0)
(0.567814 -0.165756 0)
(0.597813 -0.207628 0)
(0.614202 -0.253558 0)
(0.641938 -0.29216 0)
(0.666219 -0.329478 0)
(0.692853 -0.357953 0)
(0.728392 -0.381554 0)
(0.788529 -0.407974 0)
(0.915355 -0.414712 0)
(0.478218 -0.14864 0)
(0.506069 -0.181924 0)
(0.551569 -0.22902 0)
(0.588171 -0.280148 0)
(0.626998 -0.319659 0)
(0.659003 -0.352236 0)
(0.687059 -0.374771 0)
(0.720713 -0.393176 0)
(0.774706 -0.416142 0)
(0.891804 -0.432918 0)
(0.41482 -0.114965 0)
(0.47147 -0.155393 0)
(0.541875 -0.216659 0)
(0.59494 -0.277258 0)
(0.637434 -0.323296 0)
(0.668545 -0.357899 0)
(0.694878 -0.382032 0)
(0.724973 -0.401587 0)
(0.772258 -0.426318 0)
(0.892206 -0.448767 0)
(1.1 5.03162e-09 0)
(1.1 1.28381e-08 0)
(1.1 1.15426e-08 0)
(1.1 5.35862e-09 0)
(1.1 7.69298e-10 0)
(1.1 2.11955e-11 0)
(1.1 1.8516e-13 0)
(1.1 -4.64997e-14 0)
(1.1 1.42435e-13 0)
(1.09682 1.5657e-13 0)
(1.1 4.05852e-09 0)
(1.1 1.06357e-08 0)
(1.1 1.13905e-08 0)
(1.1 5.90573e-09 0)
(1.1 1.09626e-09 0)
(1.1 7.20406e-11 0)
(1.1 1.1457e-12 0)
(1.1 -6.99001e-14 0)
(1.1 1.82797e-13 0)
(1.09682 8.42537e-14 0)
(1.1 -8.11888e-06 0)
(1.1 -1.26551e-05 0)
(1.1 -3.57473e-06 0)
(1.1 -1.00326e-07 0)
(1.1 5.80277e-10 0)
(1.1 1.00022e-10 0)
(1.1 1.69875e-12 0)
(1.1 -6.83311e-14 0)
(1.1 1.52769e-13 0)
(1.09682 -5.07629e-14 0)
(1.09989 -0.00197278 0)
(1.09995 -0.00226641 0)
(1.10005 -0.000629888 0)
(1.10001 -2.48268e-05 0)
(1.1 -1.73795e-07 0)
(1.1 -1.2647e-09 0)
(1.1 -3.10314e-11 0)
(1.1 -5.19232e-15 0)
(1.1 2.46865e-13 0)
(1.09682 -1.26724e-13 0)
(1.09711 -0.0422448 0)
(1.09955 -0.0383796 0)
(1.10143 -0.0110178 0)
(1.10016 -0.000607139 0)
(1.1 -6.97288e-06 0)
(1.1 -5.60819e-08 0)
(1.1 -3.76551e-10 0)
(1.1 7.46143e-14 0)
(1.1 4.91814e-12 0)
(1.09682 1.88952e-13 0)
(1.08305 -0.164469 0)
(1.10271 -0.126976 0)
(1.10753 -0.0399863 0)
(1.10103 -0.00312259 0)
(1.10002 -5.53194e-05 0)
(1.1 -4.32426e-07 0)
(1.1 -6.87097e-10 0)
(1.1 1.69209e-10 0)
(1.1 3.26685e-11 0)
(1.09682 7.74532e-12 0)
(1.06232 -0.261346 0)
(1.11716 -0.179161 0)
(1.1186 -0.0617788 0)
(1.10291 -0.00642771 0)
(1.10009 -0.000157349 0)
(1.1 -1.06744e-06 0)
(1.1 2.76878e-08 0)
(1.1 7.88694e-09 0)
(1.1 1.15748e-10 0)
(1.09682 8.37358e-11 0)
(1.06091 -0.293456 0)
(1.13555 -0.188366 0)
(1.13333 -0.0649056 0)
(1.10567 -0.00808347 0)
(1.10021 -0.000245642 0)
(1.1 -8.62457e-07 0)
(1.1 4.17136e-07 0)
(1.1 5.72985e-08 0)
(1.1 2.12813e-10 0)
(1.09682 3.39192e-10 0)
(1.06658 -0.308316 0)
(1.15336 -0.167443 0)
(1.14315 -0.0597906 0)
(1.10853 -0.00796179 0)
(1.10037 -0.000267362 0)
(1.1 3.15518e-06 0)
(1.1 1.42183e-06 0)
(1.1 1.11544e-07 0)
(1.1 1.84164e-10 0)
(1.09682 4.1452e-10 0)
(1.08148 -0.287351 0)
(1.17348 -0.116322 0)
(1.14922 -0.0321646 0)
(1.11 -0.00527963 0)
(1.10049 -0.000159682 0)
(1.10001 1.0795e-05 0)
(1.1 2.15673e-06 0)
(1.1 9.08784e-08 0)
(1.1 -9.53454e-11 0)
(1.09682 2.54898e-10 0)
(1.10373 -0.259142 0)
(1.19404 -0.0647315 0)
(1.15095 0.00222174 0)
(1.10953 0.00326922 0)
(1.10049 0.000474713 0)
(1.1 2.58091e-05 0)
(1.1 1.93663e-06 0)
(1.1 3.78784e-08 0)
(1.1 -2.77868e-09 0)
(1.09682 1.95191e-10 0)
(1.13048 -0.240594 0)
(1.21148 -0.0284051 0)
(1.14757 0.0272826 0)
(1.10791 0.0122023 0)
(1.10025 0.00155534 0)
(1.09999 5.29112e-05 0)
(1.1 1.39221e-07 0)
(1.1 -1.25176e-07 0)
(1.1 -2.19948e-08 0)
(1.09682 4.8593e-09 0)
(1.16327 -0.224675 0)
(1.23891 0.0165679 0)
(1.14294 0.0497052 0)
(1.10575 0.0210214 0)
(1.09957 0.00280261 0)
(1.09995 8.08758e-05 0)
(1.1 -1.09917e-06 0)
(1.1 -3.93412e-07 0)
(1.1 -7.29938e-08 0)
(1.09682 2.41364e-08 0)
(1.20533 -0.205819 0)
(1.24426 0.0504618 0)
(1.13682 0.0688096 0)
(1.10064 0.0294427 0)
(1.09838 0.00368759 0)
(1.0999 0.000100363 0)
(1.1 -2.01066e-06 0)
(1.1 -8.79473e-07 0)
(1.1 -1.36727e-07 0)
(1.09682 4.80516e-08 0)
(1.25275 -0.187094 0)
(1.26282 0.115203 0)
(1.13972 0.101503 0)
(1.09355 0.0386174 0)
(1.09709 0.00435538 0)
(1.09985 0.000114319 0)
(1.1 -2.88519e-06 0)
(1.1 -1.28251e-06 0)
(1.1 -2.13531e-07 0)
(1.09682 6.46984e-08 0)
(1.31205 -0.157785 0)
(1.25062 0.158641 0)
(1.13096 0.129008 0)
(1.08263 0.0439719 0)
(1.09567 0.00471144 0)
(1.09981 0.00011658 0)
(1.1 -3.71096e-06 0)
(1.1 -1.68384e-06 0)
(1.1 -2.93027e-07 0)
(1.09682 7.74679e-08 0)
(1.36838 -0.125474 0)
(1.2545 0.248393 0)
(1.11249 0.172084 0)
(1.07075 0.051433 0)
(1.09424 0.00519241 0)
(1.09977 0.000119261 0)
(1.1 -3.93756e-06 0)
(1.1 -1.93684e-06 0)
(1.1 -3.57462e-07 0)
(1.09682 8.38545e-08 0)
(1.43308 -0.0574117 0)
(1.23249 0.318885 0)
(1.06161 0.189312 0)
(1.05467 0.0539758 0)
(1.09272 0.00538934 0)
(1.09973 0.000119583 0)
(1.1 -4.18747e-06 0)
(1.1 -2.17468e-06 0)
(1.1 -4.20897e-07 0)
(1.09682 8.55423e-08 0)
(1.48066 0.0401121 0)
(1.21678 0.437262 0)
(0.996794 0.222129 0)
(1.04043 0.0576184 0)
(1.09152 0.005332 0)
(1.09968 0.000125976 0)
(1.1 -3.98984e-06 0)
(1.1 -2.29724e-06 0)
(1.1 -4.77827e-07 0)
(1.09682 8.68348e-08 0)
(1.50197 0.258954 0)
(1.24729 0.568048 0)
(0.952612 0.227313 0)
(1.03611 0.0540494 0)
(1.09046 0.00558445 0)
(1.09962 0.00016184 0)
(1.1 -3.57705e-06 0)
(1.1 -2.34643e-06 0)
(1.1 -5.24011e-07 0)
(1.09682 8.46276e-08 0)
(1.1 1.37666e-13 0)
(1.1 1.92756e-13 0)
(1.1 -2.08958e-14 0)
(1.1 8.53912e-14 0)
(1.1 -4.10022e-14 0)
(1.1 -8.47393e-14 0)
(1.1 -1.61946e-13 0)
(1.1 -8.67191e-14 0)
(1.1 -5.60725e-14 0)
(1.09682 -7.51139e-14 0)
(1.1 1.33624e-13 0)
(1.1 2.91898e-13 0)
(1.1 4.77787e-14 0)
(1.1 1.10961e-13 0)
(1.1 -1.33547e-13 0)
(1.1 -1.54654e-13 0)
(1.1 -2.41641e-13 0)
(1.1 -1.71508e-13 0)
(1.1 -1.8193e-13 0)
(1.09682 -2.13376e-13 0)
(1.1 7.21225e-14 0)
(1.1 2.40254e-13 0)
(1.1 1.61113e-13 0)
(1.1 8.69534e-14 0)
(1.1 9.69913e-15 0)
(1.1 -1.00429e-13 0)
(1.1 -7.02342e-14 0)
(1.1 -1.82662e-13 0)
(1.1 3.32777e-14 0)
(1.09682 -1.79854e-13 0)
(1.1 1.21909e-13 0)
(1.1 1.66537e-13 0)
(1.1 1.28405e-13 0)
(1.1 3.09257e-14 0)
(1.1 1.06179e-13 0)
(1.1 -1.22183e-13 0)
(1.1 3.12141e-14 0)
(1.1 -9.49032e-14 0)
(1.1 -8.44046e-14 0)
(1.09682 -8.12398e-14 0)
(1.1 8.58827e-14 0)
(1.1 9.13918e-14 0)
(1.1 2.23523e-14 0)
(1.1 -8.69442e-14 0)
(1.1 -2.51241e-14 0)
(1.1 -7.50823e-14 0)
(1.1 1.24463e-13 0)
(1.1 2.98088e-14 0)
(1.1 -1.719e-13 0)
(1.09682 -6.89331e-14 0)
(1.1 -3.96346e-14 0)
(1.1 -4.89152e-14 0)
(1.1 -3.4276e-14 0)
(1.1 -9.09561e-14 0)
(1.1 5.41776e-14 0)
(1.1 9.35477e-14 0)
(1.1 8.0928e-14 0)
(1.1 1.37143e-13 0)
(1.1 -8.6394e-14 0)
(1.09682 -4.52673e-14 0)
(1.1 -1.77686e-14 0)
(1.1 -8.62149e-14 0)
(1.1 -1.23268e-13 0)
(1.1 -9.94262e-14 0)
(1.1 4.5724e-14 0)
(1.1 9.27214e-15 0)
(1.1 -2.1409e-15 0)
(1.1 1.4398e-13 0)
(1.1 -1.16859e-13 0)
(1.09682 3.79711e-15 0)
(1.1 -1.36777e-14 0)
(1.1 -1.02664e-13 0)
(1.1 -1.22955e-13 0)
(1.1 -2.58367e-13 0)
(1.1 -1.65548e-13 0)
(1.1 -5.29887e-14 0)
(1.1 -5.82051e-14 0)
(1.1 6.81e-14 0)
(1.1 -9.05228e-14 0)
(1.09682 -3.0231e-14 0)
(1.1 -8.71437e-14 0)
(1.1 -1.24849e-13 0)
(1.1 -8.74207e-14 0)
(1.1 -1.14521e-13 0)
(1.1 5.84386e-14 0)
(1.1 7.24776e-14 0)
(1.1 -9.77016e-14 0)
(1.1 -9.82768e-14 0)
(1.1 -1.31051e-13 0)
(1.09682 -6.10849e-14 0)
(1.1 -1.29726e-13 0)
(1.1 -7.18977e-14 0)
(1.1 -5.64273e-14 0)
(1.1 -6.66068e-14 0)
(1.1 2.41591e-13 0)
(1.1 3.86448e-14 0)
(1.1 3.13977e-14 0)
(1.1 -6.54799e-14 0)
(1.1 -1.6215e-13 0)
(1.09682 -1.40006e-14 0)
(1.1 -7.49013e-14 0)
(1.1 -1.73146e-13 0)
(1.1 -7.24421e-14 0)
(1.1 -7.35643e-14 0)
(1.1 2.18418e-14 0)
(1.1 -2.19826e-14 0)
(1.1 1.18188e-13 0)
(1.1 4.83189e-15 0)
(1.1 -5.2657e-14 0)
(1.09682 -5.93418e-14 0)
(1.1 -7.8274e-14 0)
(1.1 -1.86949e-13 0)
(1.1 -1.52908e-13 0)
(1.1 6.29638e-15 0)
(1.1 -1.04994e-13 0)
(1.1 -7.35483e-15 0)
(1.1 1.05476e-13 0)
(1.1 1.22027e-14 0)
(1.1 1.3929e-14 0)
(1.09682 -4.55066e-14 0)
(1.1 -4.39147e-14 0)
(1.1 -3.42501e-14 0)
(1.1 -1.15404e-13 0)
(1.1 4.58699e-14 0)
(1.1 -3.60533e-14 0)
(1.1 1.16379e-13 0)
(1.1 6.59594e-14 0)
(1.1 1.5067e-13 0)
(1.1 -3.24331e-14 0)
(1.09682 2.54855e-14 0)
(1.1 -2.30558e-15 0)
(1.1 3.21226e-14 0)
(1.1 6.53134e-14 0)
(1.1 -7.67345e-14 0)
(1.1 -9.07221e-14 0)
(1.1 8.85728e-14 0)
(1.1 -3.88914e-14 0)
(1.1 2.2918e-13 0)
(1.1 8.70847e-14 0)
(1.09682 8.23688e-14 0)
(1.1 4.29072e-14 0)
(1.1 5.37387e-14 0)
(1.1 2.06738e-13 0)
(1.1 -1.42184e-13 0)
(1.1 -2.41839e-13 0)
(1.1 -1.24044e-13 0)
(1.1 -3.59182e-14 0)
(1.1 1.90932e-13 0)
(1.1 2.89012e-13 0)
(1.09682 7.81907e-14 0)
(1.1 8.86023e-14 0)
(1.1 8.91932e-14 0)
(1.1 -5.09404e-14 0)
(1.1 -4.36277e-14 0)
(1.1 -1.39539e-13 0)
(1.1 -1.08787e-13 0)
(1.1 2.18222e-14 0)
(1.1 8.02476e-14 0)
(1.1 2.15517e-13 0)
(1.09682 1.6877e-13 0)
(1.1 2.87463e-14 0)
(1.1 -8.86648e-15 0)
(1.1 -1.87267e-13 0)
(1.1 1.60706e-15 0)
(1.1 -1.09744e-13 0)
(1.1 -4.1865e-14 0)
(1.1 -3.63283e-14 0)
(1.1 -1.15506e-13 0)
(1.1 3.14947e-14 0)
(1.09682 1.48484e-13 0)
(1.1 1.38767e-12 0)
(1.1 3.08344e-12 0)
(1.1 1.95063e-12 0)
(1.1 4.5534e-13 0)
(1.1 -3.5605e-14 0)
(1.1 -3.77018e-14 0)
(1.1 -2.6476e-14 0)
(1.1 -2.03649e-13 0)
(1.1 -1.98271e-14 0)
(1.09682 2.79194e-15 0)
(1.1 1.73909e-10 0)
(1.1 4.23986e-10 0)
(1.1 3.16085e-10 0)
(1.1 7.84225e-11 0)
(1.1 3.3154e-12 0)
(1.1 7.15268e-14 0)
(1.1 -1.13857e-13 0)
(1.1 -1.17406e-13 0)
(1.1 8.14795e-14 0)
(1.09682 2.46308e-14 0)
(1.1 2.22416e-09 0)
(1.1 5.77988e-09 0)
(1.1 4.81346e-09 0)
(1.1 1.74804e-09 0)
(1.1 1.48025e-10 0)
(1.1 2.1478e-12 0)
(1.1 -7.58019e-14 0)
(1.1 -3.04566e-14 0)
(1.1 1.10014e-13 0)
(1.09682 9.2117e-14 0)
(1.1 -2.22391e-09 0)
(1.1 -5.77967e-09 0)
(1.1 -4.81322e-09 0)
(1.1 -1.74817e-09 0)
(1.1 -1.4818e-10 0)
(1.1 -2.16207e-12 0)
(1.1 -1.22276e-13 0)
(1.1 -9.4751e-14 0)
(1.1 -1.64351e-13 0)
(1.09682 2.59144e-15 0)
(1.1 -1.73957e-10 0)
(1.1 -4.23802e-10 0)
(1.1 -3.16019e-10 0)
(1.1 -7.81908e-11 0)
(1.1 -3.13646e-12 0)
(1.1 1.12921e-14 0)
(1.1 -7.06907e-14 0)
(1.1 -1.00898e-13 0)
(1.1 -9.65771e-14 0)
(1.09682 -8.9135e-14 0)
(1.1 -1.45957e-12 0)
(1.1 -2.98819e-12 0)
(1.1 -1.90978e-12 0)
(1.1 -3.1453e-13 0)
(1.1 -3.75543e-14 0)
(1.1 3.36485e-14 0)
(1.1 -6.63421e-14 0)
(1.1 6.72291e-14 0)
(1.1 -6.63339e-14 0)
(1.09682 -1.28252e-13 0)
(1.1 6.44494e-14 0)
(1.1 9.67216e-14 0)
(1.1 -3.99664e-14 0)
(1.1 8.67074e-15 0)
(1.1 5.66926e-14 0)
(1.1 8.59617e-14 0)
(1.1 -9.35827e-14 0)
(1.1 -5.71889e-14 0)
(1.1 -1.06441e-13 0)
(1.09682 5.05722e-14 0)
(1.1 4.38491e-14 0)
(1.1 4.41564e-14 0)
(1.1 -1.83415e-14 0)
(1.1 3.1349e-14 0)
(1.1 6.57595e-14 0)
(1.1 3.9738e-14 0)
(1.1 4.02825e-14 0)
(1.1 -3.69391e-14 0)
(1.1 -8.43337e-14 0)
(1.09682 1.01457e-13 0)
(1.1 -1.83507e-14 0)
(1.1 -3.84968e-14 0)
(1.1 6.27208e-14 0)
(1.1 -2.82719e-15 0)
(1.1 -6.62297e-15 0)
(1.1 3.64839e-14 0)
(1.1 1.96273e-14 0)
(1.1 4.70611e-14 0)
(1.1 7.77461e-14 0)
(1.09682 -5.07741e-14 0)
(1.1 -4.07523e-14 0)
(1.1 -3.63529e-14 0)
(1.1 1.82676e-13 0)
(1.1 -1.23271e-14 0)
(1.1 -8.47802e-14 0)
(1.1 7.47671e-14 0)
(1.1 6.60073e-14 0)
(1.1 8.30815e-14 0)
(1.1 1.57537e-13 0)
(1.09682 -8.97437e-14 0)
(1.1 3.57003e-14 0)
(1.1 6.8092e-14 0)
(1.1 1.69822e-13 0)
(1.1 3.00874e-14 0)
(1.1 -8.87644e-14 0)
(1.1 -4.58628e-14 0)
(1.1 8.37809e-15 0)
(1.1 5.65401e-14 0)
(1.1 2.3641e-13 0)
(1.09682 8.15768e-14 0)
(1.1 3.95199e-14 0)
(1.1 9.66593e-14 0)
(1.1 7.62354e-14 0)
(1.1 8.54906e-14 0)
(1.1 1.74594e-14 0)
(1.1 -1.12562e-13 0)
(1.1 -1.18764e-13 0)
(1.1 2.38487e-14 0)
(1.1 3.44518e-13 0)
(1.09682 7.85859e-14 0)
(1.1 4.4341e-15 0)
(1.1 -6.05041e-15 0)
(1.1 2.26636e-14 0)
(1.1 1.208e-14 0)
(1.1 -5.3553e-14 0)
(1.1 -1.20181e-13 0)
(1.1 -1.39978e-13 0)
(1.1 6.96527e-14 0)
(1.1 2.59268e-13 0)
(1.09682 -2.00508e-14 0)
(1.1 1.38532e-13 0)
(1.1 -7.69355e-15 0)
(1.1 9.12832e-14 0)
(1.1 -4.00442e-15 0)
(1.1 -1.07284e-13 0)
(1.1 5.02517e-15 0)
(1.1 -5.09772e-15 0)
(1.1 1.05277e-13 0)
(1.1 7.8181e-14 0)
(1.09682 1.03476e-14 0)
(1.1 9.52804e-14 0)
(1.1 -1.62571e-14 0)
(1.1 3.53849e-14 0)
(1.1 -2.16515e-14 0)
(1.1 2.14644e-15 0)
(1.1 1.41214e-13 0)
(1.1 1.54745e-13 0)
(1.1 1.29058e-13 0)
(1.1 1.6467e-14 0)
(1.09682 6.81775e-14 0)
(1.1 2.57776e-14 0)
(1.1 -8.52997e-14 0)
(1.1 -9.7424e-14 0)
(1.1 -6.28144e-14 0)
(1.1 1.85547e-13 0)
(1.1 1.13589e-13 0)
(1.1 1.03519e-13 0)
(1.1 -1.8131e-14 0)
(1.1 1.34747e-13 0)
(1.09682 -8.73538e-15 0)
(1.1 3.25735e-14 0)
(1.1 -1.30447e-13 0)
(1.1 -2.32316e-13 0)
(1.1 -2.17516e-14 0)
(1.1 7.99116e-14 0)
(1.1 3.89142e-14 0)
(1.1 1.39751e-13 0)
(1.1 -9.31736e-14 0)
(1.1 5.18907e-14 0)
(1.09682 5.69955e-14 0)
(1.1 -2.56947e-14 0)
(1.1 -9.86098e-14 0)
(1.1 -1.94896e-13 0)
(1.1 -6.09453e-14 0)
(1.1 -8.97601e-15 0)
(1.1 -6.35995e-14 0)
(1.1 6.45228e-14 0)
(1.1 -1.04195e-13 0)
(1.1 -1.9596e-13 0)
(1.09682 5.04914e-14 0)
(1.1 -2.41262e-14 0)
(1.1 -2.78968e-14 0)
(1.1 -1.3851e-13 0)
(1.1 -1.29514e-13 0)
(1.1 -4.85247e-14 0)
(1.1 -1.17441e-13 0)
(1.1 -6.50682e-14 0)
(1.1 -1.16122e-13 0)
(1.1 -5.87227e-14 0)
(1.09682 -7.0611e-14 0)
(1.1 6.1696e-14 0)
(1.1 6.16514e-14 0)
(1.1 2.34025e-14 0)
(1.1 1.16037e-14 0)
(1.1 -2.04736e-13 0)
(1.1 -1.50754e-13 0)
(1.1 -5.59122e-14 0)
(1.1 -1.57519e-13 0)
(1.1 2.1726e-14 0)
(1.09682 -8.12399e-14 0)
(1.1 6.59795e-14 0)
(1.1 5.22421e-14 0)
(1.1 1.02042e-13 0)
(1.1 1.25648e-13 0)
(1.1 -2.85599e-13 0)
(1.1 -5.45038e-14 0)
(1.1 -1.30368e-13 0)
(1.1 -7.59514e-14 0)
(1.1 4.0226e-14 0)
(1.09682 -8.56407e-14 0)
(1.1 3.12706e-14 0)
(1.1 4.76246e-14 0)
(1.1 6.29489e-14 0)
(1.1 3.36324e-14 0)
(1.1 -2.36569e-13 0)
(1.1 -4.27712e-15 0)
(1.1 -1.48267e-13 0)
(1.1 -3.14852e-14 0)
(1.1 1.2572e-13 0)
(1.09682 6.54514e-14 0)
(1.1 7.35103e-14 0)
(1.1 9.31448e-14 0)
(1.1 5.63976e-14 0)
(1.1 1.75117e-14 0)
(1.1 -9.27201e-14 0)
(1.1 -4.79215e-14 0)
(1.1 -8.94914e-14 0)
(1.1 -4.54725e-14 0)
(1.1 8.07174e-14 0)
(1.09682 1.15429e-14 0)
(1.1 1.48233e-10 0)
(1.1 8.72072e-11 0)
(1.1 4.87754e-11 0)
(1.1 3.88716e-11 0)
(1.1 2.21817e-11 0)
(1.1 9.39811e-12 0)
(1.1 2.59907e-12 0)
(1.1 6.71758e-13 0)
(1.1 1.865e-13 0)
(1.1 -2.85444e-11 0)
(1.1 -7.67764e-11 0)
(1.1 -4.7411e-11 0)
(1.1 -2.05083e-11 0)
(1.1 -8.50805e-12 0)
(1.1 -3.14649e-12 0)
(1.1 -1.38017e-12 0)
(1.1 4.46674e-13 0)
(1.1 3.77058e-14 0)
(1.1 -3.78988e-14 0)
(1.1 -7.21112e-14 0)
(1.1 -2.26225e-09 0)
(1.1 -1.40642e-09 0)
(1.1 -6.49483e-10 0)
(1.1 -2.49583e-10 0)
(1.1 -8.1089e-11 0)
(1.1 -2.36021e-11 0)
(1.1 -4.37427e-12 0)
(1.1 -9.76728e-13 0)
(1.1 -2.9491e-13 0)
(1.1 1.37659e-13 0)
(1.1 -4.03095e-09 0)
(1.1 -2.49744e-09 0)
(1.1 -1.14683e-09 0)
(1.1 -4.3612e-10 0)
(1.1 -1.41816e-10 0)
(1.1 -3.96354e-11 0)
(1.1 -8.65416e-12 0)
(1.1 -1.32667e-12 0)
(1.1 -1.24144e-13 0)
(1.1 1.33677e-13 0)
(1.1 -9.47944e-10 0)
(1.1 -5.81718e-10 0)
(1.1 -2.62342e-10 0)
(1.1 -9.84067e-11 0)
(1.1 -3.11637e-11 0)
(1.1 -8.78896e-12 0)
(1.1 -1.74195e-12 0)
(1.1 -1.80025e-13 0)
(1.1 -1.09021e-13 0)
(1.1 -2.54296e-14 0)
(1.1 7.43526e-10 0)
(1.1 4.56077e-10 0)
(1.1 2.07228e-10 0)
(1.1 7.97246e-11 0)
(1.1 2.64986e-11 0)
(1.1 6.65726e-12 0)
(1.1 1.4884e-12 0)
(1.1 6.43861e-13 0)
(1.1 2.00741e-14 0)
(1.1 -5.60953e-14 0)
(1.1 7.22613e-10 0)
(1.1 4.47676e-10 0)
(1.1 2.04622e-10 0)
(1.1 7.70443e-11 0)
(1.1 2.45412e-11 0)
(1.1 6.96147e-12 0)
(1.1 9.51499e-13 0)
(1.1 3.96197e-13 0)
(1.1 1.59254e-13 0)
(1.1 8.88288e-14 0)
(1.1 9.84038e-10 0)
(1.1 6.10911e-10 0)
(1.1 2.79247e-10 0)
(1.1 1.05286e-10 0)
(1.1 3.35796e-11 0)
(1.1 9.08553e-12 0)
(1.1 1.90295e-12 0)
(1.1 3.98813e-13 0)
(1.1 1.46248e-13 0)
(1.1 2.60122e-13 0)
(1.1 2.61177e-09 0)
(1.1 1.61958e-09 0)
(1.1 7.43902e-10 0)
(1.1 2.83955e-10 0)
(1.1 9.21424e-11 0)
(1.1 2.59648e-11 0)
(1.1 5.75445e-12 0)
(1.1 1.19494e-12 0)
(1.1 1.5551e-14 0)
(1.1 1.26454e-13 0)
(1.1 2.46539e-09 0)
(1.1 1.5312e-09 0)
(1.1 7.05842e-10 0)
(1.1 2.71127e-10 0)
(1.1 8.95867e-11 0)
(1.1 2.51953e-11 0)
(1.1 6.31523e-12 0)
(1.1 9.93978e-13 0)
(1.1 6.0633e-14 0)
(1.1 -2.23363e-14 0)
(1.1 -2.4314e-10 0)
(1.1 -1.51409e-10 0)
(1.1 -6.90952e-11 0)
(1.1 -2.77578e-11 0)
(1.1 -8.34883e-12 0)
(1.1 -2.58835e-12 0)
(1.1 -2.74831e-13 0)
(1.1 -3.16421e-13 0)
(1.1 -5.61942e-14 0)
(1.1 -1.15706e-13 0)
(1.1 -3.30126e-09 0)
(1.1 -2.0508e-09 0)
(1.1 -9.45322e-10 0)
(1.1 -3.6458e-10 0)
(1.1 -1.19796e-10 0)
(1.1 -3.3305e-11 0)
(1.1 -7.95111e-12 0)
(1.1 -1.62142e-12 0)
(1.1 -2.52481e-13 0)
(1.1 -6.78003e-14 0)
(1.1 -2.76862e-09 0)
(1.1 -1.71653e-09 0)
(1.1 -7.87336e-10 0)
(1.1 -3.00855e-10 0)
(1.1 -9.71748e-11 0)
(1.1 -2.75143e-11 0)
(1.1 -5.93344e-12 0)
(1.1 -9.63469e-13 0)
(1.1 -2.87818e-14 0)
(1.1 7.63849e-14 0)
(1.1 4.32228e-10 0)
(1.1 2.66328e-10 0)
(1.1 1.20705e-10 0)
(1.1 4.49465e-11 0)
(1.1 1.4328e-11 0)
(1.1 3.67106e-12 0)
(1.1 1.06312e-12 0)
(1.1 6.76111e-13 0)
(1.1 2.90133e-13 0)
(1.1 7.52213e-14 0)
(1.1 4.17022e-09 0)
(1.1 2.58656e-09 0)
(1.1 1.19005e-09 0)
(1.1 4.54245e-10 0)
(1.1 1.48418e-10 0)
(1.1 4.18417e-11 0)
(1.1 9.19766e-12 0)
(1.1 2.21785e-12 0)
(1.1 2.88034e-13 0)
(1.1 8.45116e-14 0)
(1.1 4.22563e-09 0)
(1.1 2.62966e-09 0)
(1.1 1.21829e-09 0)
(1.1 4.71991e-10 0)
(1.1 1.56374e-10 0)
(1.1 4.45485e-11 0)
(1.1 1.06787e-11 0)
(1.1 2.25279e-12 0)
(1.1 3.39998e-13 0)
(1.1 1.22717e-13 0)
(1.1 8.35279e-10 0)
(1.1 5.19546e-10 0)
(1.1 2.39445e-10 0)
(1.1 9.23017e-11 0)
(1.1 2.97631e-11 0)
(1.1 8.69073e-12 0)
(1.1 1.9921e-12 0)
(1.1 2.91825e-13 0)
(1.1 9.73581e-14 0)
(1.1 1.48282e-13 0)
(1.1 -9.70494e-10 0)
(1.1 -6.04828e-10 0)
(1.1 -2.80891e-10 0)
(1.1 -1.09889e-10 0)
(1.1 -3.76939e-11 0)
(1.1 -1.06928e-11 0)
(1.1 -2.67295e-12 0)
(1.1 -8.19585e-13 0)
(1.1 -5.82461e-14 0)
(1.1 1.86322e-13 0)
(1.1 -1.65625e-09 0)
(1.1 -1.03048e-09 0)
(1.1 -4.77546e-10 0)
(1.1 -1.85022e-10 0)
(1.1 -6.29882e-11 0)
(1.1 -1.76235e-11 0)
(1.1 -4.2442e-12 0)
(1.1 -8.07476e-13 0)
(1.1 -9.39712e-14 0)
(1.1 1.49962e-13 0)
(1.1 -5.52136e-10 0)
(1.1 -3.42081e-10 0)
(1.1 -1.55282e-10 0)
(1.1 -5.89207e-11 0)
(1.1 -1.9256e-11 0)
(1.1 -5.03395e-12 0)
(1.1 -1.51256e-12 0)
(1.1 -2.99289e-13 0)
(1.1 1.33119e-14 0)
(1.1 4.61736e-14 0)
(3.00022 3.7306e-14 0)
(2.92118 6.72042e-14 0)
(2.378 2.65144e-14 0)
(2.05382 4.69472e-14 0)
(1.88081 -1.7357e-13 0)
(1.48504 2.38762e-14 0)
(1.14177 -1.0114e-13 0)
(1.10065 -9.07219e-13 0)
(1.1 7.38724e-12 0)
(1.1 -4.67681e-11 0)
(3.00022 -9.00462e-16 0)
(2.92118 3.06636e-14 0)
(2.378 -6.65901e-14 0)
(2.05382 1.30205e-14 0)
(1.88081 -1.01251e-13 0)
(1.48504 -1.81444e-13 0)
(1.14177 1.15858e-13 0)
(1.10065 3.86806e-14 0)
(1.1 -1.08608e-12 0)
(1.1 1.09159e-11 0)
(3.00022 -6.95884e-14 0)
(2.92118 1.46231e-14 0)
(2.378 -8.53461e-14 0)
(2.05382 -1.72267e-14 0)
(1.88081 4.98746e-14 0)
(1.48504 -2.28356e-13 0)
(1.14177 9.28879e-14 0)
(1.10065 3.51586e-12 0)
(1.1 -3.7796e-11 0)
(1.1 3.90193e-10 0)
(3.00022 -3.40696e-14 0)
(2.92118 -4.2549e-14 0)
(2.378 -7.01749e-14 0)
(2.05382 -4.10086e-15 0)
(1.88081 2.34008e-15 0)
(1.48504 2.76746e-14 0)
(1.14177 -2.2022e-13 0)
(1.10065 6.20048e-12 0)
(1.1 -6.6605e-11 0)
(1.1 6.91303e-10 0)
(3.00022 5.85484e-14 0)
(2.92118 -3.07966e-14 0)
(2.378 -4.21194e-14 0)
(2.05382 -9.30513e-14 0)
(1.88081 -1.78532e-13 0)
(1.48504 7.26222e-14 0)
(1.14177 1.29085e-13 0)
(1.10065 1.05988e-12 0)
(1.1 -1.49121e-11 0)
(1.1 1.59989e-10 0)
(3.00022 4.81565e-14 0)
(2.92118 1.18349e-13 0)
(2.378 -7.58523e-14 0)
(2.05382 -9.91105e-14 0)
(1.88081 -2.5256e-13 0)
(1.48504 1.31835e-13 0)
(1.14177 5.28773e-14 0)
(1.10065 -1.30914e-12 0)
(1.1 1.22309e-11 0)
(1.1 -1.26084e-10 0)
(3.00022 4.53065e-14 0)
(2.92118 1.22333e-13 0)
(2.378 -2.71707e-15 0)
(2.05382 -8.43708e-14 0)
(1.88081 -1.9765e-13 0)
(1.48504 3.63659e-14 0)
(1.14177 -1.26396e-13 0)
(1.10065 -1.04771e-12 0)
(1.1 1.13881e-11 0)
(1.1 -1.23133e-10 0)
(3.00022 -2.50416e-14 0)
(2.92118 2.95159e-14 0)
(2.378 -2.96405e-14 0)
(2.05382 -1.10774e-13 0)
(1.88081 -3.98392e-14 0)
(1.48504 -3.08843e-13 0)
(1.14177 1.69176e-13 0)
(1.10065 -1.21371e-12 0)
(1.1 1.53005e-11 0)
(1.1 -1.68195e-10 0)
(3.00022 -4.83952e-14 0)
(2.92118 -2.41525e-14 0)
(2.378 -1.01489e-13 0)
(2.05382 -3.16133e-14 0)
(1.88081 2.10472e-13 0)
(1.48504 -3.18032e-13 0)
(1.14177 6.82573e-13 0)
(1.10065 -4.44734e-12 0)
(1.1 4.29538e-11 0)
(1.1 -4.48453e-10 0)
(3.00022 -6.92896e-15 0)
(2.92118 -2.45935e-14 0)
(2.378 1.37005e-14 0)
(2.05382 -6.52612e-15 0)
(1.88081 2.51476e-13 0)
(1.48504 -3.01006e-13 0)
(1.14177 9.95798e-13 0)
(1.10065 -4.45044e-12 0)
(1.1 4.13695e-11 0)
(1.1 -4.24629e-10 0)
(3.00022 -3.62158e-14 0)
(2.92118 -5.96784e-14 0)
(2.378 1.28821e-13 0)
(2.05382 -5.31587e-14 0)
(1.88081 2.4236e-13 0)
(1.48504 -3.36973e-13 0)
(1.14177 3.79249e-13 0)
(1.10065 4.16651e-13 0)
(1.1 -4.19799e-12 0)
(1.1 4.22293e-11 0)
(3.00022 2.1459e-14 0)
(2.92118 5.97408e-14 0)
(2.378 1.64738e-13 0)
(2.05382 7.67747e-15 0)
(1.88081 2.54315e-13 0)
(1.48504 -2.24411e-13 0)
(1.14177 1.21151e-13 0)
(1.10065 5.16255e-12 0)
(1.1 -5.55183e-11 0)
(1.1 5.69169e-10 0)
(3.00022 5.9669e-14 0)
(2.92118 1.09324e-13 0)
(2.378 1.04439e-13 0)
(2.05382 4.89885e-14 0)
(1.88081 2.24717e-13 0)
(1.48504 -1.1563e-13 0)
(1.14177 6.86902e-14 0)
(1.10065 4.15654e-12 0)
(1.1 -4.61616e-11 0)
(1.1 4.75366e-10 0)
(3.00022 1.0486e-14 0)
(2.92118 -4.58452e-14 0)
(2.378 -6.11769e-15 0)
(2.05382 7.60061e-14 0)
(1.88081 2.23271e-13 0)
(1.48504 -1.49839e-13 0)
(1.14177 4.985e-13 0)
(1.10065 -1.24558e-12 0)
(1.1 7.13368e-12 0)
(1.1 -7.30569e-11 0)
(3.00022 -2.05947e-14 0)
(2.92118 -5.96493e-14 0)
(2.378 1.16346e-14 0)
(2.05382 8.60584e-14 0)
(1.88081 1.80806e-13 0)
(1.48504 -8.84517e-14 0)
(1.14177 1.00018e-12 0)
(1.10065 -7.42346e-12 0)
(1.1 7.00302e-11 0)
(1.1 -7.16439e-10 0)
(3.00022 -3.04034e-14 0)
(2.92118 -6.99085e-14 0)
(2.378 -3.24496e-15 0)
(2.05382 6.42782e-14 0)
(1.88081 1.99056e-13 0)
(1.48504 8.24745e-14 0)
(1.14177 1.02706e-12 0)
(1.10065 -8.03125e-12 0)
(1.1 7.22761e-11 0)
(1.1 -7.30947e-10 0)
(3.00022 -4.11331e-14 0)
(2.92118 -9.46281e-14 0)
(2.378 4.90712e-16 0)
(2.05382 1.78508e-13 0)
(1.88081 2.0086e-13 0)
(1.48504 4.12017e-14 0)
(1.14177 7.99501e-13 0)
(1.10065 -2.22738e-12 0)
(1.1 1.42396e-11 0)
(1.1 -1.44221e-10 0)
(3.00022 -3.15425e-14 0)
(2.92118 -1.27992e-13 0)
(2.378 4.66412e-14 0)
(2.05382 3.04622e-13 0)
(1.88081 2.21523e-13 0)
(1.48504 -1.33127e-13 0)
(1.14177 4.13585e-13 0)
(1.10065 1.25418e-12 0)
(1.1 -1.6929e-11 0)
(1.1 1.68572e-10 0)
(3.00022 -2.94291e-14 0)
(2.92118 -1.84197e-13 0)
(2.378 2.61082e-14 0)
(2.05382 2.03605e-13 0)
(1.88081 2.30899e-13 0)
(1.48504 -1.59457e-13 0)
(1.14177 1.78974e-13 0)
(1.10065 2.95528e-12 0)
(1.1 -2.8389e-11 0)
(1.1 2.86884e-10 0)
(3.00022 -3.46483e-14 0)
(2.92118 -1.28495e-13 0)
(2.378 -1.71073e-14 0)
(2.05382 4.39599e-14 0)
(1.88081 7.01478e-14 0)
(1.48504 -5.05299e-14 0)
(1.14177 1.89424e-13 0)
(1.10065 8.56605e-13 0)
(1.1 -9.17441e-12 0)
(1.1 9.43219e-11 0)
(3.00022 3.89929e-14 0)
(2.92118 1.12814e-14 0)
(2.378 -1.36141e-13 0)
(2.05382 5.99013e-16 0)
(1.88081 3.39588e-15 0)
(1.48504 1.23067e-13 0)
(1.14177 -1.97875e-13 0)
(1.10065 2.48668e-15 0)
(1.1 3.38298e-12 0)
(1.1 -3.57067e-11 0)
(3.00022 4.19743e-14 0)
(2.92118 3.17404e-14 0)
(2.378 -6.89018e-14 0)
(2.05382 2.89669e-14 0)
(1.88081 9.01308e-15 0)
(1.48504 3.00475e-13 0)
(1.14177 -5.35744e-13 0)
(1.10065 5.79986e-13 0)
(1.1 -8.09616e-14 0)
(1.1 3.75827e-13 0)
(3.00022 -1.11186e-14 0)
(2.92118 -2.67035e-14 0)
(2.378 4.0605e-14 0)
(2.05382 -6.4143e-14 0)
(1.88081 -1.19697e-13 0)
(1.48504 2.48434e-13 0)
(1.14177 -6.73568e-13 0)
(1.10065 2.19909e-12 0)
(1.1 -1.66754e-11 0)
(1.1 1.74929e-10 0)
(3.00022 -1.12018e-14 0)
(2.92118 -4.81005e-14 0)
(2.378 -5.19772e-15 0)
(2.05382 -1.12958e-14 0)
(1.88081 -9.09594e-14 0)
(1.48504 1.67493e-13 0)
(1.14177 -6.21441e-13 0)
(1.10065 2.12777e-12 0)
(1.1 -1.75151e-11 0)
(1.1 1.85629e-10 0)
(3.00022 -3.39973e-14 0)
(2.92118 -9.69707e-14 0)
(2.378 -2.62463e-14 0)
(2.05382 1.29081e-13 0)
(1.88081 6.19487e-14 0)
(1.48504 1.19308e-13 0)
(1.14177 -8.44318e-14 0)
(1.10065 -7.02789e-14 0)
(1.1 1.91137e-12 0)
(1.1 -1.9383e-11 0)
(3.00022 -2.71169e-14 0)
(2.92118 -1.08038e-13 0)
(2.378 8.64124e-15 0)
(2.05382 7.10801e-14 0)
(1.88081 8.87671e-14 0)
(1.48504 -7.01286e-14 0)
(1.14177 2.73537e-13 0)
(1.10065 -3.60249e-12 0)
(1.1 3.3734e-11 0)
(1.1 -3.55139e-10 0)
(3.00022 -9.79376e-15 0)
(2.92118 -3.83319e-14 0)
(2.378 3.80701e-14 0)
(2.05382 -6.8384e-14 0)
(1.88081 7.14166e-14 0)
(1.48504 -2.20462e-13 0)
(1.14177 9.09072e-13 0)
(1.10065 -5.3344e-12 0)
(1.1 4.82591e-11 0)
(1.1 -5.0371e-10 0)
(3.00022 2.03849e-14 0)
(2.92118 2.18656e-14 0)
(2.378 -6.29302e-14 0)
(2.05382 -6.12326e-14 0)
(1.88081 3.18101e-14 0)
(1.48504 -4.0983e-13 0)
(1.14177 9.99947e-13 0)
(1.10065 -4.9508e-12 0)
(1.1 4.20766e-11 0)
(1.1 -4.34028e-10 0)
(3.00022 6.632e-14 0)
(2.92118 1.46002e-13 0)
(2.378 -1.73488e-13 0)
(2.05382 -2.85212e-15 0)
(1.88081 8.82327e-15 0)
(1.48504 -3.48267e-13 0)
(1.14177 8.2352e-13 0)
(1.10065 -6.26513e-13 0)
(1.1 -3.71822e-13 0)
(1.1 5.23666e-12 0)
(3.00022 -1.852e-17 0)
(2.92118 1.79417e-13 0)
(2.378 -1.20024e-13 0)
(2.05382 -8.96129e-15 0)
(1.88081 7.25068e-14 0)
(1.48504 -2.92187e-13 0)
(1.14177 5.24403e-13 0)
(1.10065 2.36039e-12 0)
(1.1 -2.86433e-11 0)
(1.1 2.96775e-10 0)
(3.00022 -9.88938e-15 0)
(2.92118 4.75495e-14 0)
(2.378 -6.84771e-14 0)
(2.05382 -3.67645e-14 0)
(1.88081 9.11798e-14 0)
(1.48504 -3.89686e-13 0)
(1.14177 3.25708e-13 0)
(1.10065 1.40776e-12 0)
(1.1 -1.80268e-11 0)
(1.1 1.86545e-10 0)
(3.00022 -1.00602e-14 0)
(2.92118 -9.41728e-14 0)
(2.378 7.04479e-14 0)
(2.05382 -7.50825e-15 0)
(1.88081 1.59451e-13 0)
(1.48504 -5.62693e-13 0)
(1.14177 3.17782e-13 0)
(1.10065 6.54552e-13 0)
(1.1 -8.41525e-12 0)
(1.1 9.04794e-11 0)
(3.00022 -3.02713e-14 0)
(2.92118 -1.13734e-13 0)
(2.378 1.10905e-13 0)
(2.05382 -9.55137e-15 0)
(1.88081 1.99216e-13 0)
(1.48504 -4.79865e-13 0)
(1.14177 4.06282e-13 0)
(1.10065 4.63136e-13 0)
(1.1 -9.75749e-12 0)
(1.1 1.0774e-10 0)
(3.00022 1.01882e-14 0)
(2.92118 -4.69091e-14 0)
(2.378 1.38447e-14 0)
(2.05382 1.89255e-14 0)
(1.88081 1.37871e-13 0)
(1.48504 -1.92279e-13 0)
(1.14177 2.42217e-13 0)
(1.10065 1.51111e-12 0)
(1.1 -1.92681e-11 0)
(1.1 2.04684e-10 0)
(3.00022 3.83685e-14 0)
(2.92118 5.83187e-14 0)
(2.378 -8.59302e-14 0)
(2.05382 7.01428e-14 0)
(1.88081 4.33946e-14 0)
(1.48504 1.13398e-13 0)
(1.14177 -3.20719e-14 0)
(1.10065 2.06797e-12 0)
(1.1 -2.13494e-11 0)
(1.1 2.21715e-10 0)
(3.00022 9.64953e-15 0)
(2.92118 5.81218e-14 0)
(2.378 1.60011e-14 0)
(2.05382 1.16248e-13 0)
(1.88081 -3.98002e-14 0)
(1.48504 2.92517e-13 0)
(1.14177 1.85299e-13 0)
(1.10065 -8.84733e-13 0)
(1.1 1.00363e-11 0)
(1.1 -1.0758e-10 0)
(3.00022 -1.55813e-14 0)
(2.92118 -1.69939e-14 0)
(2.378 1.32619e-13 0)
(2.05382 9.87069e-14 0)
(1.88081 3.25715e-14 0)
(1.48504 1.33045e-13 0)
(1.14177 2.43673e-13 0)
(1.10065 -5.24725e-12 0)
(1.1 5.35303e-11 0)
(1.1 -5.55893e-10 0)
(3.00022 5.38622e-15 0)
(2.92118 -6.37556e-16 0)
(2.378 8.13421e-14 0)
(2.05382 1.37655e-14 0)
(1.88081 5.29935e-14 0)
(1.48504 1.10333e-13 0)
(1.14177 -6.01283e-14 0)
(1.10065 -3.31485e-12 0)
(1.1 3.58166e-11 0)
(1.1 -3.6759e-10 0)
(3.00022 1.0503e-14 0)
(2.92118 4.7143e-14 0)
(2.378 1.1468e-13 0)
(2.05382 1.72467e-14 0)
(1.88081 1.07236e-13 0)
(1.48504 1.10412e-13 0)
(1.14177 -3.0104e-13 0)
(1.10065 1.22399e-13 0)
(1.1 2.10768e-12 0)
(1.1 -2.15413e-11 0)
(3.00022 2.56223e-15 0)
(2.92118 5.08786e-14 0)
(2.378 1.09955e-13 0)
(2.05382 6.63295e-14 0)
(1.88081 1.74869e-13 0)
(1.48504 1.68024e-13 0)
(1.14177 -6.02328e-13 0)
(1.10065 3.0766e-12 0)
(1.1 -2.09932e-11 0)
(1.1 1.79411e-10 0)
(1.1 2.11967e-10 0)
(1.1 1.30503e-10 0)
(1.1 5.90101e-11 0)
(1.1 2.13012e-11 0)
(1.1 7.78818e-12 0)
(1.1 1.43084e-12 0)
(1.1 8.18389e-13 0)
(1.1 4.73383e-15 0)
(1.1 1.29896e-13 0)
(1.1 -3.25151e-15 0)
(1.1 -2.37086e-12 0)
(1.1 -1.34349e-12 0)
(1.1 3.19869e-13 0)
(1.1 -6.06791e-14 0)
(1.1 1.16486e-12 0)
(1.1 -2.42197e-13 0)
(1.1 8.13119e-13 0)
(1.1 -8.46975e-14 0)
(1.1 -7.44373e-14 0)
(1.1 -5.83797e-14 0)
(1.1 -1.0249e-09 0)
(1.1 -6.33738e-10 0)
(1.1 -2.88146e-10 0)
(1.1 -1.08666e-10 0)
(1.1 -3.394e-11 0)
(1.1 -9.02526e-12 0)
(1.1 -1.34748e-12 0)
(1.1 -1.92785e-13 0)
(1.1 8.97278e-15 0)
(1.1 3.69828e-14 0)
(1.1 -1.08807e-09 0)
(1.1 -6.71992e-10 0)
(1.1 -3.06462e-10 0)
(1.1 -1.14865e-10 0)
(1.1 -3.60869e-11 0)
(1.1 -9.9758e-12 0)
(1.1 -2.08763e-12 0)
(1.1 -3.24552e-13 0)
(1.1 8.297e-14 0)
(1.1 9.26711e-14 0)
(1.1 1.14077e-10 0)
(1.1 7.08489e-11 0)
(1.1 3.14343e-11 0)
(1.1 1.22934e-11 0)
(1.1 3.55695e-12 0)
(1.1 7.27723e-13 0)
(1.1 5.56103e-13 0)
(1.1 -1.92834e-13 0)
(1.1 6.10999e-14 0)
(1.1 -3.53022e-15 0)
(1.1 2.07823e-09 0)
(1.1 1.28604e-09 0)
(1.1 5.86957e-10 0)
(1.1 2.20994e-10 0)
(1.1 6.99054e-11 0)
(1.1 1.87765e-11 0)
(1.1 3.62476e-12 0)
(1.1 5.72722e-13 0)
(1.1 9.84469e-14 0)
(1.1 -1.5661e-14 0)
(1.1 2.93826e-09 0)
(1.1 1.82037e-09 0)
(1.1 8.34785e-10 0)
(1.1 3.17499e-10 0)
(1.1 1.02536e-10 0)
(1.1 2.88458e-11 0)
(1.1 5.87379e-12 0)
(1.1 1.50944e-12 0)
(1.1 1.38782e-13 0)
(1.1 3.97026e-14 0)
(1.1 2.52523e-09 0)
(1.1 1.56768e-09 0)
(1.1 7.21343e-10 0)
(1.1 2.7561e-10 0)
(1.1 8.99907e-11 0)
(1.1 2.54649e-11 0)
(1.1 5.93163e-12 0)
(1.1 1.20634e-12 0)
(1.1 -8.79521e-14 0)
(1.1 -5.16231e-14 0)
(1.1 -3.06675e-11 0)
(1.1 -1.8678e-11 0)
(1.1 -7.81011e-12 0)
(1.1 -3.10339e-12 0)
(1.1 -9.5811e-13 0)
(1.1 -5.29548e-13 0)
(1.1 -1.0144e-14 0)
(1.1 1.30406e-13 0)
(1.1 -1.92695e-13 0)
(1.1 -1.16576e-13 0)
(1.1 -1.72232e-09 0)
(1.1 -1.06946e-09 0)
(1.1 -4.93171e-10 0)
(1.1 -1.89429e-10 0)
(1.1 -6.26476e-11 0)
(1.1 -1.80445e-11 0)
(1.1 -3.86844e-12 0)
(1.1 -7.46001e-13 0)
(1.1 -1.66196e-13 0)
(1.1 -3.71851e-14 0)
(1.1 -1.08283e-09 0)
(1.1 -6.72451e-10 0)
(1.1 -3.09756e-10 0)
(1.1 -1.19845e-10 0)
(1.1 -3.7963e-11 0)
(1.1 -1.14276e-11 0)
(1.1 -2.82476e-12 0)
(1.1 -6.56338e-13 0)
(1.1 -1.59015e-13 0)
(1.1 -7.28104e-14 0)
(1.1 -5.26575e-10 0)
(1.1 -3.26704e-10 0)
(1.1 -1.51854e-10 0)
(1.1 -5.74868e-11 0)
(1.1 -1.79267e-11 0)
(1.1 -5.54576e-12 0)
(1.1 -1.34896e-12 0)
(1.1 -3.81695e-13 0)
(1.1 -2.32223e-14 0)
(1.1 -1.33546e-13 0)
(1.1 -6.3027e-10 0)
(1.1 -3.91059e-10 0)
(1.1 -1.79551e-10 0)
(1.1 -6.84439e-11 0)
(1.1 -2.12922e-11 0)
(1.1 -6.17175e-12 0)
(1.1 -1.54954e-12 0)
(1.1 -2.46125e-13 0)
(1.1 1.10669e-13 0)
(1.1 -9.00525e-14 0)
(1.1 -1.19906e-09 0)
(1.1 -7.42668e-10 0)
(1.1 -3.4048e-10 0)
(1.1 -1.28476e-10 0)
(1.1 -4.17516e-11 0)
(1.1 -1.15998e-11 0)
(1.1 -2.85181e-12 0)
(1.1 -1.05898e-13 0)
(1.1 -5.17038e-14 0)
(1.1 -1.25123e-13 0)
(1.1 -1.29817e-09 0)
(1.1 -8.03299e-10 0)
(1.1 -3.67195e-10 0)
(1.1 -1.39037e-10 0)
(1.1 -4.54067e-11 0)
(1.1 -1.21272e-11 0)
(1.1 -2.74429e-12 0)
(1.1 -6.42227e-14 0)
(1.1 -2.12531e-14 0)
(1.1 -1.94481e-13 0)
(1.1 6.33596e-10 0)
(1.1 3.90695e-10 0)
(1.1 1.76448e-10 0)
(1.1 6.55638e-11 0)
(1.1 1.9985e-11 0)
(1.1 6.16071e-12 0)
(1.1 8.84225e-13 0)
(1.1 2.65842e-13 0)
(1.1 3.80378e-14 0)
(1.1 -6.81316e-14 0)
(1.1 3.24609e-09 0)
(1.1 2.01065e-09 0)
(1.1 9.20749e-10 0)
(1.1 3.50409e-10 0)
(1.1 1.12133e-10 0)
(1.1 3.22145e-11 0)
(1.1 6.55548e-12 0)
(1.1 9.88088e-13 0)
(1.1 4.52278e-14 0)
(1.1 1.3557e-13 0)
(1.1 2.13048e-09 0)
(1.1 1.32413e-09 0)
(1.1 6.11475e-10 0)
(1.1 2.33878e-10 0)
(1.1 7.62583e-11 0)
(1.1 2.16376e-11 0)
(1.1 4.68339e-12 0)
(1.1 5.29242e-13 0)
(1.1 7.74545e-14 0)
(1.1 1.0135e-13 0)
(1.1 8.1068e-11 0)
(1.1 5.59592e-11 0)
(1.1 3.36422e-11 0)
(1.1 1.47155e-11 0)
(1.1 4.31111e-12 0)
(1.1 1.0618e-12 0)
(1.1 2.6403e-14 0)
(1.1 -1.32799e-13 0)
(1.1 1.42158e-13 0)
(1.1 1.96964e-13 0)
(1.1 -8.37652e-10 0)
(1.1 -5.25853e-10 0)
(1.1 -2.73523e-10 0)
(1.1 -1.28646e-10 0)
(1.1 -5.08812e-11 0)
(1.1 -1.69066e-11 0)
(1.1 -4.5519e-12 0)
(1.1 -6.98808e-13 0)
(1.1 -2.41045e-14 0)
(1.1 2.84676e-11 0)
)
;

boundaryField
{
    inlet
    {
        type            fixedValue;
        value           uniform (3 0 0);
    }
    outlet
    {
        type            inletOutlet;
        inletValue      uniform (3 0 0);
        value           nonuniform List<vector> 
100
(
(1.09682 2.59144e-15 0)
(1.09682 -8.9135e-14 0)
(1.09682 -1.28252e-13 0)
(1.09682 5.05722e-14 0)
(1.09682 1.01457e-13 0)
(1.09682 -5.07741e-14 0)
(1.09682 -8.97437e-14 0)
(1.09682 8.15768e-14 0)
(1.09682 7.85859e-14 0)
(1.09682 -2.00508e-14 0)
(1.09682 1.03476e-14 0)
(1.09682 6.81775e-14 0)
(1.09682 -8.73538e-15 0)
(1.09682 5.69955e-14 0)
(1.09682 5.04914e-14 0)
(1.09682 -7.0611e-14 0)
(1.09682 -8.12399e-14 0)
(1.09682 -8.56407e-14 0)
(1.09682 6.54514e-14 0)
(1.09682 1.15429e-14 0)
(1.09682 -8.46276e-08 0)
(1.09682 -8.68346e-08 0)
(1.09682 -8.55423e-08 0)
(1.09682 -8.38545e-08 0)
(1.09682 -7.74683e-08 0)
(1.09682 -6.46985e-08 0)
(1.09682 -4.8051e-08 0)
(1.09682 -2.41362e-08 0)
(1.09682 -4.85934e-09 0)
(1.09682 -1.95194e-10 0)
(1.09682 -2.54992e-10 0)
(1.09682 -4.14504e-10 0)
(1.09682 -3.3967e-10 0)
(1.09682 -8.38035e-11 0)
(1.09682 -7.68598e-12 0)
(1.09682 -3.25183e-13 0)
(1.09682 9.23783e-14 0)
(1.09682 1.06595e-13 0)
(1.09682 -5.13968e-14 0)
(1.09682 -1.03465e-13 0)
(1.09682 8.23636e-08 0)
(1.09682 7.88665e-08 0)
(1.09682 7.46692e-08 0)
(1.09682 6.83478e-08 0)
(1.09682 6.1853e-08 0)
(1.09682 5.19367e-08 0)
(1.09682 4.07169e-08 0)
(1.09682 2.26e-08 0)
(1.09682 6.41973e-09 0)
(1.09682 2.71756e-09 0)
(1.09682 -2.72096e-09 0)
(1.09682 -6.41372e-09 0)
(1.09682 -2.25972e-08 0)
(1.09682 -4.07194e-08 0)
(1.09682 -5.19376e-08 0)
(1.09682 -6.18547e-08 0)
(1.09682 -6.83484e-08 0)
(1.09682 -7.4669e-08 0)
(1.09682 -7.88664e-08 0)
(1.09682 -8.23635e-08 0)
(1.09682 1.5657e-13 0)
(1.09682 8.42537e-14 0)
(1.09682 -5.07629e-14 0)
(1.09682 -1.26724e-13 0)
(1.09682 1.88952e-13 0)
(1.09682 7.74532e-12 0)
(1.09682 8.37358e-11 0)
(1.09682 3.39192e-10 0)
(1.09682 4.1452e-10 0)
(1.09682 2.54898e-10 0)
(1.09682 1.95191e-10 0)
(1.09682 4.8593e-09 0)
(1.09682 2.41364e-08 0)
(1.09682 4.80516e-08 0)
(1.09682 6.46984e-08 0)
(1.09682 7.74679e-08 0)
(1.09682 8.38545e-08 0)
(1.09682 8.55423e-08 0)
(1.09682 8.68348e-08 0)
(1.09682 8.46276e-08 0)
(1.09682 -7.51139e-14 0)
(1.09682 -2.13376e-13 0)
(1.09682 -1.79854e-13 0)
(1.09682 -8.12398e-14 0)
(1.09682 -6.89331e-14 0)
(1.09682 -4.52673e-14 0)
(1.09682 3.79711e-15 0)
(1.09682 -3.0231e-14 0)
(1.09682 -6.10849e-14 0)
(1.09682 -1.40006e-14 0)
(1.09682 -5.93418e-14 0)
(1.09682 -4.55066e-14 0)
(1.09682 2.54855e-14 0)
(1.09682 8.23688e-14 0)
(1.09682 7.81907e-14 0)
(1.09682 1.6877e-13 0)
(1.09682 1.48484e-13 0)
(1.09682 2.79194e-15 0)
(1.09682 2.46308e-14 0)
(1.09682 9.2117e-14 0)
)
;
    }
    triangle
    {
        type            slip;
    }
    top
    {
        type            symmetryPlane;
    }
    bottom
    {
        type            symmetryPlane;
    }
    defaultFaces
    {
        type            empty;
    }
}


// ************************************************************************* //
