/*--------------------------------*- C++ -*----------------------------------*\
  =========                 |
  \\      /  F ield         | OpenFOAM: The Open Source CFD Toolbox
   \\    /   O peration     | Website:  https://openfoam.org
    \\  /    A nd           | Version:  7
     \\/     M anipulation  |
\*---------------------------------------------------------------------------*/
FoamFile
{
    version     2.0;
    format      ascii;
    class       volVectorField;
    location    "0.2";
    object      U;
}
// * * * * * * * * * * * * * * * * * * * * * * * * * * * * * * * * * * * * * //

dimensions      [0 1 -1 0 0 0 0];

internalField   nonuniform List<vector> 
3225
(
(1.18264 -0.0935549 0)
(1.18628 -0.084906 0)
(1.18951 -0.0763506 0)
(1.19244 -0.068043 0)
(1.19492 -0.0599635 0)
(1.19672 -0.0520102 0)
(1.19807 -0.0439775 0)
(1.19907 -0.0360474 0)
(1.19981 -0.0284703 0)
(1.19996 -0.0214759 0)
(1.1998 -0.014708 0)
(1.19893 -0.00832338 0)
(1.19781 -0.00205069 0)
(1.19611 0.00369497 0)
(1.19429 0.00911331 0)
(1.19213 0.0140271 0)
(1.18984 0.0186594 0)
(1.18716 0.0226588 0)
(1.18441 0.0261955 0)
(1.18108 0.0291901 0)
(1.17827 0.0318418 0)
(1.17216 0.034898 0)
(1.18517 -0.0912026 0)
(1.18899 -0.082387 0)
(1.1921 -0.0737127 0)
(1.19486 -0.0652694 0)
(1.19725 -0.0570451 0)
(1.19902 -0.0489985 0)
(1.20034 -0.0409137 0)
(1.20116 -0.0329684 0)
(1.20168 -0.0253404 0)
(1.20167 -0.0182741 0)
(1.20148 -0.0113964 0)
(1.20058 -0.00495729 0)
(1.19932 0.00128922 0)
(1.1974 0.00699879 0)
(1.1954 0.0124268 0)
(1.19315 0.0173785 0)
(1.19083 0.0220359 0)
(1.18809 0.0260096 0)
(1.18526 0.0295315 0)
(1.18181 0.0324968 0)
(1.17897 0.0351712 0)
(1.17283 0.0381642 0)
(1.18793 -0.0886644 0)
(1.19157 -0.0799294 0)
(1.19475 -0.0710705 0)
(1.19745 -0.0624284 0)
(1.1998 -0.0540262 0)
(1.20152 -0.0458886 0)
(1.20267 -0.0378222 0)
(1.20334 -0.0298549 0)
(1.20378 -0.0221058 0)
(1.2037 -0.014894 0)
(1.20338 -0.00796444 0)
(1.20229 -0.00156029 0)
(1.20088 0.00466205 0)
(1.19882 0.010385 0)
(1.19665 0.015842 0)
(1.19422 0.0207997 0)
(1.19176 0.0254363 0)
(1.18889 0.0293632 0)
(1.18599 0.0328815 0)
(1.1824 0.0358065 0)
(1.1795 0.0384828 0)
(1.17328 0.0413911 0)
(1.19075 -0.0859751 0)
(1.19433 -0.0772811 0)
(1.19723 -0.0684952 0)
(1.19992 -0.0596524 0)
(1.2023 -0.0510206 0)
(1.20397 -0.042776 0)
(1.20509 -0.0346406 0)
(1.20562 -0.0266584 0)
(1.20593 -0.0188335 0)
(1.20568 -0.0115571 0)
(1.2053 -0.00453051 0)
(1.20416 0.00192728 0)
(1.2026 0.0081325 0)
(1.20035 0.0138186 0)
(1.19796 0.0192586 0)
(1.19533 0.0242148 0)
(1.19272 0.0288675 0)
(1.18973 0.0327577 0)
(1.18668 0.0362627 0)
(1.18297 0.0391319 0)
(1.17999 0.0418019 0)
(1.17362 0.0446211 0)
(1.19333 -0.0833234 0)
(1.19708 -0.0745395 0)
(1.19997 -0.0656972 0)
(1.20232 -0.0568958 0)
(1.20461 -0.0481257 0)
(1.20639 -0.0396465 0)
(1.20747 -0.0314203 0)
(1.20783 -0.0234329 0)
(1.20798 -0.0155745 0)
(1.20765 -0.00818285 0)
(1.20718 -0.00107336 0)
(1.20597 0.00542909 0)
(1.20433 0.0116412 0)
(1.202 0.0173372 0)
(1.19944 0.0227781 0)
(1.19658 0.0276967 0)
(1.19372 0.0323044 0)
(1.19058 0.0361521 0)
(1.18736 0.0396505 0)
(1.18357 0.0424687 0)
(1.1805 0.0451363 0)
(1.17392 0.0478411 0)
(1.19615 -0.0804432 0)
(1.19974 -0.0717369 0)
(1.2026 -0.0629014 0)
(1.20501 -0.0539651 0)
(1.20711 -0.0451071 0)
(1.20873 -0.0365584 0)
(1.20979 -0.0282061 0)
(1.21007 -0.0201632 0)
(1.21014 -0.0122078 0)
(1.20959 -0.00478986 0)
(1.20895 0.00236283 0)
(1.20762 0.00888181 0)
(1.20594 0.0151263 0)
(1.20358 0.0208657 0)
(1.20091 0.026319 0)
(1.19788 0.0312069 0)
(1.19482 0.0357863 0)
(1.19147 0.039576 0)
(1.18811 0.0430988 0)
(1.18419 0.0458183 0)
(1.18104 0.0484793 0)
(1.17425 0.0510694 0)
(1.19875 -0.0776666 0)
(1.20252 -0.0687759 0)
(1.2054 -0.059906 0)
(1.20758 -0.0510569 0)
(1.20953 -0.042161 0)
(1.21115 -0.0334196 0)
(1.21225 -0.0248878 0)
(1.21243 -0.0167915 0)
(1.21224 -0.00886885 0)
(1.21155 -0.00138295 0)
(1.21075 0.00584127 0)
(1.20933 0.0124361 0)
(1.20755 0.0186786 0)
(1.20511 0.0244219 0)
(1.20234 0.0298787 0)
(1.19917 0.0347524 0)
(1.19591 0.0392749 0)
(1.19234 0.0430044 0)
(1.18885 0.0465451 0)
(1.1848 0.0491611 0)
(1.18158 0.0518269 0)
(1.1746 0.0543021 0)
(1.20162 -0.0746859 0)
(1.2051 -0.0658698 0)
(1.20802 -0.0569424 0)
(1.21033 -0.0479889 0)
(1.21216 -0.039063 0)
(1.2135 -0.0303043 0)
(1.2145 -0.0216611 0)
(1.21468 -0.0134453 0)
(1.21453 -0.00539126 0)
(1.2136 0.00209979 0)
(1.21257 0.00935539 0)
(1.21092 0.0159268 0)
(1.20907 0.0222115 0)
(1.2066 0.028005 0)
(1.20377 0.0334817 0)
(1.20043 0.038332 0)
(1.19702 0.0428001 0)
(1.19323 0.0464865 0)
(1.18959 0.0500106 0)
(1.18541 0.0525254 0)
(1.18209 0.0551689 0)
(1.17493 0.0575275 0)
(1.20435 -0.0717925 0)
(1.20787 -0.0628184 0)
(1.21068 -0.0538868 0)
(1.21299 -0.0449151 0)
(1.21477 -0.0359488 0)
(1.21596 -0.0271051 0)
(1.21689 -0.0183157 0)
(1.21699 -0.0100294 0)
(1.21668 -0.00196975 0)
(1.21566 0.00561014 0)
(1.21441 0.0128885 0)
(1.21264 0.0195422 0)
(1.21063 0.0258335 0)
(1.20807 0.0316173 0)
(1.20513 0.0370829 0)
(1.20166 0.0419109 0)
(1.19812 0.0463567 0)
(1.19412 0.0500212 0)
(1.19032 0.0534754 0)
(1.18596 0.0558987 0)
(1.18256 0.0585175 0)
(1.17526 0.0607633 0)
(1.20725 -0.0687745 0)
(1.21057 -0.0598257 0)
(1.21326 -0.0508748 0)
(1.21559 -0.0418136 0)
(1.21752 -0.0326804 0)
(1.21855 -0.0238007 0)
(1.21918 -0.0150334 0)
(1.21919 -0.00666085 0)
(1.21894 0.00157374 0)
(1.21776 0.00918291 0)
(1.21634 0.0164857 0)
(1.21429 0.0231154 0)
(1.21213 0.0294467 0)
(1.2095 0.0352588 0)
(1.20651 0.0407328 0)
(1.20294 0.0455382 0)
(1.19917 0.0499272 0)
(1.19505 0.0536165 0)
(1.19106 0.056974 0)
(1.18651 0.0592984 0)
(1.183 0.0618663 0)
(1.17553 0.0639929 0)
(1.20996 -0.0658823 0)
(1.2134 -0.0567398 0)
(1.21597 -0.0477508 0)
(1.21821 -0.0386379 0)
(1.22012 -0.029415 0)
(1.22116 -0.0204259 0)
(1.22167 -0.0116206 0)
(1.22147 -0.0032383 0)
(1.22112 0.0051082 0)
(1.2199 0.0128259 0)
(1.21825 0.0200755 0)
(1.21602 0.0267391 0)
(1.21366 0.0331065 0)
(1.2109 0.0389437 0)
(1.20783 0.0444038 0)
(1.20417 0.0491434 0)
(1.20025 0.0535255 0)
(1.19599 0.0572349 0)
(1.19182 0.0605229 0)
(1.18705 0.0627396 0)
(1.18341 0.0652365 0)
(1.17578 0.067242 0)
(1.21277 -0.0629409 0)
(1.21608 -0.0537688 0)
(1.21869 -0.0446142 0)
(1.22084 -0.03538 0)
(1.22278 -0.026009 0)
(1.22375 -0.0170262 0)
(1.22411 -0.00826547 0)
(1.22377 0.000210962 0)
(1.22329 0.00870002 0)
(1.22196 0.0164597 0)
(1.22024 0.0237472 0)
(1.21782 0.0304018 0)
(1.2152 0.0367804 0)
(1.21222 0.0426204 0)
(1.20905 0.0480707 0)
(1.20541 0.0528206 0)
(1.20137 0.0571952 0)
(1.19692 0.0608366 0)
(1.19258 0.0641078 0)
(1.1876 0.0662118 0)
(1.18381 0.0686354 0)
(1.17599 0.0705089 0)
(1.21557 -0.0600403 0)
(1.21887 -0.050677 0)
(1.22145 -0.0413903 0)
(1.22352 -0.0320404 0)
(1.22533 -0.02261 0)
(1.22633 -0.0135824 0)
(1.22671 -0.00477389 0)
(1.22616 0.00374174 0)
(1.22546 0.0123066 0)
(1.22401 0.020137 0)
(1.22215 0.0274192 0)
(1.2196 0.0340729 0)
(1.21682 0.0404969 0)
(1.21359 0.0463463 0)
(1.21025 0.0517727 0)
(1.20646 0.0564629 0)
(1.20243 0.0608651 0)
(1.19788 0.0644438 0)
(1.19339 0.0677588 0)
(1.18818 0.0697356 0)
(1.1842 0.0720689 0)
(1.17616 0.0738006 0)
(1.21849 -0.0570887 0)
(1.22152 -0.0477226 0)
(1.22426 -0.038102 0)
(1.22632 -0.0285307 0)
(1.22794 -0.0191441 0)
(1.22875 -0.0102466 0)
(1.22918 -0.00132793 0)
(1.22863 0.00736651 0)
(1.22767 0.0159509 0)
(1.22599 0.0237793 0)
(1.22403 0.0311183 0)
(1.22147 0.0378585 0)
(1.21854 0.0443087 0)
(1.215 0.0500789 0)
(1.21143 0.0554637 0)
(1.20746 0.060178 0)
(1.20346 0.0645897 0)
(1.19879 0.0680636 0)
(1.19415 0.0713977 0)
(1.18875 0.0732533 0)
(1.18461 0.0755328 0)
(1.17634 0.077122 0)
(1.22154 -0.0540873 0)
(1.22454 -0.0444634 0)
(1.22705 -0.0347526 0)
(1.22894 -0.0251437 0)
(1.2305 -0.0157449 0)
(1.23135 -0.00673549 0)
(1.23178 0.0023411 0)
(1.23109 0.0110618 0)
(1.22991 0.0195968 0)
(1.22803 0.0274684 0)
(1.22593 0.0348845 0)
(1.22322 0.0416576 0)
(1.22018 0.0481207 0)
(1.21648 0.0538297 0)
(1.21273 0.0592541 0)
(1.20845 0.0639082 0)
(1.20436 0.0682933 0)
(1.19963 0.0717137 0)
(1.19489 0.0750614 0)
(1.18934 0.076809 0)
(1.18502 0.0790265 0)
(1.17652 0.0804573 0)
(1.22455 -0.0511 0)
(1.22729 -0.0414205 0)
(1.22995 -0.0313344 0)
(1.23181 -0.0215703 0)
(1.23313 -0.0122906 0)
(1.23376 -0.00330766 0)
(1.23415 0.0059348 0)
(1.2335 0.0147743 0)
(1.23222 0.0233149 0)
(1.23007 0.0311658 0)
(1.22779 0.0386455 0)
(1.22506 0.045592 0)
(1.22186 0.052049 0)
(1.218 0.0576322 0)
(1.21398 0.0630272 0)
(1.20952 0.0676618 0)
(1.2053 0.0720684 0)
(1.20042 0.0754097 0)
(1.19554 0.0786972 0)
(1.18983 0.0803382 0)
(1.18539 0.0825092 0)
(1.17671 0.0837885 0)
(1.22772 -0.0480145 0)
(1.23063 -0.037937 0)
(1.23287 -0.0279127 0)
(1.23439 -0.018318 0)
(1.23571 -0.00889206 0)
(1.23648 0.000441901 0)
(1.23683 0.00985906 0)
(1.23595 0.0185822 0)
(1.23445 0.0270028 0)
(1.23213 0.0348853 0)
(1.22974 0.0425154 0)
(1.22687 0.0495752 0)
(1.22342 0.0559356 0)
(1.2194 0.0614045 0)
(1.21522 0.066847 0)
(1.2107 0.0714663 0)
(1.20623 0.0758758 0)
(1.20116 0.0791163 0)
(1.19617 0.0823568 0)
(1.19032 0.0839256 0)
(1.18575 0.0860201 0)
(1.17688 0.0871149 0)
(1.23078 -0.0449145 0)
(1.23342 -0.0348327 0)
(1.23581 -0.0245805 0)
(1.23741 -0.0147825 0)
(1.2385 -0.00525501 0)
(1.23896 0.00414415 0)
(1.23915 0.0135764 0)
(1.23827 0.0223366 0)
(1.23674 0.0307729 0)
(1.23425 0.0386774 0)
(1.23163 0.0463961 0)
(1.22865 0.0535873 0)
(1.22508 0.0599008 0)
(1.22085 0.0653013 0)
(1.21639 0.0706529 0)
(1.21177 0.0752371 0)
(1.20716 0.0796932 0)
(1.20192 0.0828498 0)
(1.19676 0.0860415 0)
(1.19076 0.0875099 0)
(1.18604 0.0895056 0)
(1.177 0.0904171 0)
(1.23401 -0.041665 0)
(1.23681 -0.0313048 0)
(1.2388 -0.021272 0)
(1.2401 -0.0115383 0)
(1.24121 -0.00164055 0)
(1.24168 0.00809045 0)
(1.24183 0.0176208 0)
(1.24068 0.026215 0)
(1.23898 0.0345409 0)
(1.23639 0.0425291 0)
(1.23355 0.0503549 0)
(1.23037 0.0575878 0)
(1.22669 0.0638046 0)
(1.22223 0.0692109 0)
(1.21758 0.0745112 0)
(1.21283 0.0790945 0)
(1.20804 0.0835101 0)
(1.20263 0.0865641 0)
(1.19734 0.0897469 0)
(1.19121 0.0911451 0)
(1.18635 0.0930524 0)
(1.17712 0.093754 0)
(1.2372 -0.0383336 0)
(1.23968 -0.028219 0)
(1.24176 -0.0180996 0)
(1.24322 -0.00795434 0)
(1.24422 0.00227494 0)
(1.24434 0.0120452 0)
(1.24419 0.0214485 0)
(1.24291 0.0299731 0)
(1.2412 0.0383585 0)
(1.23864 0.0465433 0)
(1.23557 0.0544173 0)
(1.23196 0.0614887 0)
(1.22826 0.0676752 0)
(1.22373 0.0732851 0)
(1.21885 0.0784556 0)
(1.2138 0.082969 0)
(1.20881 0.0873009 0)
(1.2033 0.0902868 0)
(1.1979 0.0934694 0)
(1.19163 0.0947699 0)
(1.18661 0.0966048 0)
(1.17721 0.09712 0)
(1.24032 -0.0350323 0)
(1.24296 -0.0248189 0)
(1.24493 -0.0147113 0)
(1.2461 -0.00445166 0)
(1.247 0.0060658 0)
(1.24705 0.0160295 0)
(1.24678 0.0254594 0)
(1.2453 0.0338765 0)
(1.24346 0.042309 0)
(1.24081 0.0506108 0)
(1.23758 0.058514 0)
(1.23362 0.0653555 0)
(1.22976 0.0715742 0)
(1.22519 0.0773953 0)
(1.22016 0.082458 0)
(1.21486 0.0869944 0)
(1.20957 0.0911638 0)
(1.20388 0.0940011 0)
(1.19839 0.0971469 0)
(1.19202 0.0983903 0)
(1.18688 0.100215 0)
(1.17731 0.10056 0)
(1.24348 -0.0316954 0)
(1.24587 -0.0216904 0)
(1.24795 -0.0113588 0)
(1.24922 -0.00069864 0)
(1.25007 0.0100811 0)
(1.24982 0.0200377 0)
(1.24922 0.0293272 0)
(1.24761 0.0377592 0)
(1.24567 0.046335 0)
(1.24298 0.054784 0)
(1.23962 0.0626479 0)
(1.23538 0.069236 0)
(1.2312 0.0755805 0)
(1.22652 0.0814667 0)
(1.22153 0.0865916 0)
(1.21593 0.0911116 0)
(1.2103 0.0950455 0)
(1.20441 0.0977312 0)
(1.19885 0.100824 0)
(1.19241 0.102026 0)
(1.18712 0.103845 0)
(1.17737 0.104046 0)
(1.24651 -0.0285309 0)
(1.24904 -0.0182745 0)
(1.25127 -0.00759968 0)
(1.25237 0.00319514 0)
(1.25292 0.0139488 0)
(1.25245 0.0238579 0)
(1.25169 0.0331872 0)
(1.25005 0.0418277 0)
(1.24803 0.0505771 0)
(1.24511 0.0590183 0)
(1.2415 0.0666562 0)
(1.23725 0.0732374 0)
(1.23272 0.0798071 0)
(1.22779 0.0854762 0)
(1.2228 0.0908208 0)
(1.21701 0.0952937 0)
(1.21109 0.0989895 0)
(1.20493 0.101502 0)
(1.19925 0.104497 0)
(1.19275 0.10567 0)
(1.18733 0.107482 0)
(1.17739 0.107554 0)
(1.24973 -0.0252317 0)
(1.25217 -0.0147155 0)
(1.25437 -0.00376194 0)
(1.25546 0.00715322 0)
(1.25586 0.0178464 0)
(1.25521 0.0277036 0)
(1.25425 0.0371356 0)
(1.25243 0.0459588 0)
(1.25035 0.0548999 0)
(1.2472 0.0632511 0)
(1.24338 0.070612 0)
(1.23914 0.077465 0)
(1.23419 0.0840188 0)
(1.22912 0.0895707 0)
(1.22394 0.0951308 0)
(1.21799 0.0993983 0)
(1.2119 0.102936 0)
(1.2055 0.105375 0)
(1.19964 0.108262 0)
(1.19306 0.109361 0)
(1.18752 0.111111 0)
(1.17738 0.111058 0)
(1.25291 -0.0218665 0)
(1.25537 -0.0109071 0)
(1.25761 0.000326198 0)
(1.25859 0.0111636 0)
(1.25871 0.0216223 0)
(1.25786 0.0314503 0)
(1.25677 0.0411066 0)
(1.25491 0.0502737 0)
(1.25271 0.0593974 0)
(1.24926 0.0674089 0)
(1.2453 0.0746246 0)
(1.24088 0.0818451 0)
(1.2357 0.088166 0)
(1.23059 0.0939207 0)
(1.22495 0.0993884 0)
(1.21887 0.10337 0)
(1.21273 0.106922 0)
(1.20613 0.109362 0)
(1.20001 0.112111 0)
(1.19329 0.113072 0)
(1.18765 0.114708 0)
(1.17733 0.11453 0)
(1.25629 -0.0182055 0)
(1.25869 -0.00693124 0)
(1.26074 0.00430029 0)
(1.26157 0.0150053 0)
(1.26158 0.0254253 0)
(1.26062 0.0353591 0)
(1.25944 0.045251 0)
(1.25745 0.0547616 0)
(1.25496 0.0638971 0)
(1.2513 0.0714805 0)
(1.24733 0.0788964 0)
(1.24245 0.0861264 0)
(1.23728 0.0923228 0)
(1.23199 0.0984972 0)
(1.22596 0.103533 0)
(1.21971 0.107272 0)
(1.21352 0.110949 0)
(1.20678 0.113414 0)
(1.20041 0.116052 0)
(1.19352 0.116863 0)
(1.18774 0.118328 0)
(1.17724 0.117975 0)
(1.25981 -0.0143198 0)
(1.26193 -0.00313517 0)
(1.26382 0.00801498 0)
(1.26459 0.0188406 0)
(1.26449 0.0293935 0)
(1.2634 0.0394176 0)
(1.2622 0.0495964 0)
(1.26007 0.0594826 0)
(1.25714 0.0682895 0)
(1.2534 0.0756424 0)
(1.24922 0.0833045 0)
(1.24402 0.0902167 0)
(1.23905 0.0968218 0)
(1.1 -3.03514e-16 0)
(1.1 -1.97982e-16 0)
(1.1 -1.21185e-16 0)
(1.1 1.80583e-16 0)
(1.1 9.47937e-16 0)
(1.1 1.5428e-16 0)
(1.1 -1.7052e-16 0)
(1.1 1.57486e-16 0)
(1.1 8.42889e-16 0)
(1.1 6.08532e-16 0)
(1.1 -7.90507e-16 0)
(1.1 -5.64243e-16 0)
(1.1 2.58885e-16 0)
(1.1 -3.05039e-16 0)
(1.1 -7.76991e-16 0)
(1.1 7.11371e-17 0)
(1.1 -1.29865e-17 0)
(1.1 -9.10021e-16 0)
(1.1 -6.01547e-16 0)
(1.1 -3.8814e-16 0)
(1.1 -4.47406e-16 0)
(1.09922 -1.124e-16 0)
(1.1 -1.34152e-15 0)
(1.1 -6.2773e-17 0)
(1.1 -1.41134e-16 0)
(1.1 2.43135e-16 0)
(1.1 5.36954e-16 0)
(1.1 1.92042e-16 0)
(1.1 -1.55147e-17 0)
(1.1 8.83262e-16 0)
(1.1 1.15131e-15 0)
(1.1 -2.65801e-16 0)
(1.1 -1.06346e-15 0)
(1.1 -3.86861e-16 0)
(1.1 -4.36833e-16 0)
(1.1 -1.32263e-15 0)
(1.1 -1.57351e-15 0)
(1.1 -2.1178e-16 0)
(1.1 -1.71713e-16 0)
(1.1 -1.14634e-15 0)
(1.1 -7.97049e-16 0)
(1.1 -4.83957e-16 0)
(1.1 -6.10635e-16 0)
(1.09922 -2.2725e-16 0)
(1.1 -1.86183e-15 0)
(1.1 -7.77147e-16 0)
(1.1 -7.17216e-16 0)
(1.1 -3.96101e-16 0)
(1.1 -9.79893e-16 0)
(1.1 -4.91256e-16 0)
(1.1 1.40418e-16 0)
(1.1 6.52383e-16 0)
(1.1 4.3215e-16 0)
(1.1 -3.71428e-16 0)
(1.1 -3.62363e-16 0)
(1.1 -4.33149e-16 0)
(1.1 -3.31619e-16 0)
(1.1 -4.47929e-16 0)
(1.1 -5.43772e-16 0)
(1.1 1.60843e-16 0)
(1.1 4.5804e-16 0)
(1.1 -1.29819e-16 0)
(1.1 -5.22983e-16 0)
(1.1 -1.95869e-16 0)
(1.1 -1.3816e-16 0)
(1.09922 -4.15627e-16 0)
(1.1 -1.57501e-15 0)
(1.1 -1.25247e-15 0)
(1.1 -1.15817e-15 0)
(1.1 -1.10859e-15 0)
(1.1 -1.1184e-15 0)
(1.1 -7.88155e-16 0)
(1.1 5.77718e-16 0)
(1.1 8.73211e-16 0)
(1.1 -2.02732e-17 0)
(1.1 8.53711e-16 0)
(1.1 1.79076e-16 0)
(1.1 -5.28496e-16 0)
(1.1 1.39389e-16 0)
(1.1 9.40374e-16 0)
(1.1 2.35872e-16 0)
(1.1 5.32761e-16 0)
(1.1 8.02668e-16 0)
(1.1 6.02581e-16 0)
(1.1 4.11015e-16 0)
(1.1 5.24958e-16 0)
(1.1 4.17575e-16 0)
(1.09922 -2.78921e-16 0)
(1.1 -1.4118e-15 0)
(1.1 -1.31328e-15 0)
(1.1 -1.66165e-15 0)
(1.1 -1.3941e-15 0)
(1.1 -1.28449e-15 0)
(1.1 -6.29753e-16 0)
(1.1 -5.30039e-16 0)
(1.1 7.91283e-16 0)
(1.1 -9.94781e-17 0)
(1.1 4.3579e-16 0)
(1.1 6.10474e-16 0)
(1.1 -6.25062e-16 0)
(1.1 -1.21604e-16 0)
(1.1 7.92506e-16 0)
(1.1 5.64077e-16 0)
(1.1 2.54105e-16 0)
(1.1 5.06057e-16 0)
(1.1 2.76801e-16 0)
(1.1 7.89121e-17 0)
(1.1 1.26004e-15 0)
(1.1 5.82141e-16 0)
(1.09922 -1.57918e-16 0)
(1.1 -1.60835e-15 0)
(1.1 -1.69684e-15 0)
(1.1 -2.64768e-15 0)
(1.1 -2.31383e-15 0)
(1.1 -1.97119e-15 0)
(1.1 -1.08408e-15 0)
(1.1 -9.38572e-16 0)
(1.1 -1.28354e-16 0)
(1.1 -7.10213e-16 0)
(1.1 -4.26678e-16 0)
(1.1 -3.71833e-17 0)
(1.1 -1.19558e-16 0)
(1.1 4.89676e-16 0)
(1.1 2.35261e-16 0)
(1.1 5.61303e-16 0)
(1.1 9.12106e-17 0)
(1.1 6.35901e-16 0)
(1.1 6.3376e-16 0)
(1.1 -3.54902e-16 0)
(1.1 5.97614e-16 0)
(1.1 9.94107e-16 0)
(1.09922 4.10265e-16 0)
(1.1 -2.17321e-15 0)
(1.1 -2.46013e-15 0)
(1.1 -2.54943e-15 0)
(1.1 -2.50234e-15 0)
(1.1 -2.78225e-15 0)
(1.1 -2.39134e-15 0)
(1.1 -9.5826e-16 0)
(1.1 -8.19379e-16 0)
(1.1 -1.53494e-15 0)
(1.1 -4.35564e-16 0)
(1.1 -3.11865e-16 0)
(1.1 3.66482e-16 0)
(1.1 2.31591e-16 0)
(1.1 -1.15752e-16 0)
(1.1 3.40161e-16 0)
(1.1 8.66838e-17 0)
(1.1 -5.86026e-16 0)
(1.1 2.65941e-16 0)
(1.1 -1.14232e-17 0)
(1.1 2.62199e-16 0)
(1.1 1.35742e-15 0)
(1.09922 7.89268e-16 0)
(1.1 -2.46722e-15 0)
(1.1 -2.73261e-15 0)
(1.1 -2.2829e-15 0)
(1.1 -1.95527e-15 0)
(1.1 -3.30942e-15 0)
(1.1 -2.6377e-15 0)
(1.1 -1.64889e-15 0)
(1.1 -1.16392e-15 0)
(1.1 -1.61312e-15 0)
(1.1 -1.13569e-16 0)
(1.1 -4.09713e-17 0)
(1.1 3.41832e-16 0)
(1.1 7.2495e-17 0)
(1.1 4.23333e-16 0)
(1.1 3.12184e-17 0)
(1.1 2.69705e-16 0)
(1.1 -5.71959e-16 0)
(1.1 3.00542e-16 0)
(1.1 5.20709e-16 0)
(1.1 6.2061e-16 0)
(1.1 4.96186e-16 0)
(1.09922 6.13184e-16 0)
(1.1 -2.27505e-15 0)
(1.1 -2.55258e-15 0)
(1.1 -2.48316e-15 0)
(1.1 -1.79104e-15 0)
(1.1 -3.19235e-15 0)
(1.1 -2.46245e-15 0)
(1.1 -1.81799e-15 0)
(1.1 -1.07216e-15 0)
(1.1 -5.08467e-16 0)
(1.1 1.76724e-16 0)
(1.1 2.22878e-16 0)
(1.1 -6.54905e-16 0)
(1.1 -3.99399e-16 0)
(1.1 8.09616e-16 0)
(1.1 3.36073e-16 0)
(1.1 -2.1987e-16 0)
(1.1 -8.04777e-16 0)
(1.1 -3.52457e-16 0)
(1.1 8.37664e-16 0)
(1.1 6.72465e-16 0)
(1.1 3.58441e-16 0)
(1.09922 4.68696e-16 0)
(1.1 -2.09757e-15 0)
(1.1 -2.30065e-15 0)
(1.1 -2.27526e-15 0)
(1.1 -1.92097e-15 0)
(1.1 -2.2671e-15 0)
(1.1 -2.01184e-15 0)
(1.1 -9.51044e-16 0)
(1.1 -5.44148e-16 0)
(1.1 5.54062e-17 0)
(1.1 6.33906e-17 0)
(1.1 2.34141e-16 0)
(1.1 -9.9454e-16 0)
(1.1 -1.02149e-16 0)
(1.1 4.54642e-16 0)
(1.1 4.52682e-16 0)
(1.1 -5.60993e-16 0)
(1.1 -9.62192e-16 0)
(1.1 -8.25121e-16 0)
(1.1 7.46339e-16 0)
(1.1 5.67952e-16 0)
(1.1 4.05349e-16 0)
(1.09922 5.83914e-16 0)
(1.1 -2.27655e-15 0)
(1.1 -2.15168e-15 0)
(1.1 -2.13481e-15 0)
(1.1 -2.01013e-15 0)
(1.1 -6.99572e-16 0)
(1.1 -1.05191e-15 0)
(1.1 -7.7679e-16 0)
(1.1 -3.44811e-16 0)
(1.1 4.55231e-16 0)
(1.1 -3.04729e-16 0)
(1.1 -2.93184e-16 0)
(1.1 -2.83615e-16 0)
(1.1 2.72178e-16 0)
(1.1 -9.81276e-17 0)
(1.1 -4.00755e-16 0)
(1.1 -9.02171e-16 0)
(1.1 -3.90187e-16 0)
(1.1 -6.18133e-16 0)
(1.1 1.10658e-15 0)
(1.1 9.40653e-16 0)
(1.1 5.74453e-16 0)
(1.09922 1.12375e-15 0)
(1.1 -1.83147e-15 0)
(1.1 -2.7776e-15 0)
(1.1 -2.52646e-15 0)
(1.1 -2.17582e-15 0)
(1.1 -3.34551e-16 0)
(1.1 -3.80506e-16 0)
(1.1 -9.61315e-16 0)
(1.1 -2.22035e-16 0)
(1.1 1.31482e-15 0)
(1.1 -4.71825e-16 0)
(1.1 -4.07711e-16 0)
(1.1 3.27876e-16 0)
(1.1 -2.66099e-16 0)
(1.1 -4.28393e-16 0)
(1.1 -4.21975e-16 0)
(1.1 -1.16204e-15 0)
(1.1 -6.83567e-16 0)
(1.1 -9.63946e-16 0)
(1.1 1.42824e-15 0)
(1.1 6.64889e-16 0)
(1.1 7.39484e-16 0)
(1.09922 1.1607e-15 0)
(1.1 -1.10313e-15 0)
(1.1 -1.6288e-15 0)
(1.1 -2.23843e-15 0)
(1.1 -1.79022e-15 0)
(1.1 -1.69408e-15 0)
(1.1 -1.24147e-15 0)
(1.1 1.24215e-16 0)
(1.1 1.5042e-16 0)
(1.1 9.60278e-16 0)
(1.1 2.83462e-16 0)
(1.1 -6.19179e-16 0)
(1.1 3.83961e-16 0)
(1.1 -4.77503e-16 0)
(1.1 -1.00435e-15 0)
(1.1 -8.65903e-16 0)
(1.1 -1.24857e-15 0)
(1.1 -9.57908e-16 0)
(1.1 -1.30385e-16 0)
(1.1 3.41677e-16 0)
(1.1 1.65428e-16 0)
(1.1 5.19646e-16 0)
(1.09922 5.92789e-16 0)
(1.1 -1.35707e-15 0)
(1.1 -1.14319e-15 0)
(1.1 -9.5533e-16 0)
(1.1 -1.04576e-15 0)
(1.1 -1.48298e-15 0)
(1.1 -9.39297e-16 0)
(1.1 5.73837e-16 0)
(1.1 5.56339e-16 0)
(1.1 8.52769e-16 0)
(1.1 1.09784e-15 0)
(1.1 -5.17154e-16 0)
(1.1 -8.83847e-16 0)
(1.1 -1.26515e-15 0)
(1.1 -1.73806e-15 0)
(1.1 -1.65538e-15 0)
(1.1 -1.44237e-15 0)
(1.1 -9.73038e-16 0)
(1.1 2.1546e-16 0)
(1.1 -1.24468e-15 0)
(1.1 6.37446e-17 0)
(1.1 2.67225e-16 0)
(1.09922 4.6658e-17 0)
(1.1 -1.01754e-15 0)
(1.1 -1.03014e-15 0)
(1.1 -8.09444e-16 0)
(1.1 -3.53243e-16 0)
(1.1 -4.72617e-16 0)
(1.1 -3.55153e-16 0)
(1.1 1.10481e-17 0)
(1.1 4.98627e-16 0)
(1.1 1.17713e-15 0)
(1.1 1.56828e-15 0)
(1.1 5.54831e-16 0)
(1.1 -1.31878e-15 0)
(1.1 -1.59488e-15 0)
(1.1 -1.37919e-15 0)
(1.1 -6.20036e-16 0)
(1.1 -5.18457e-16 0)
(1.1 -9.41951e-16 0)
(1.1 -3.37992e-16 0)
(1.1 -8.88104e-16 0)
(1.1 -9.33218e-17 0)
(1.1 1.95785e-16 0)
(1.09922 1.39327e-16 0)
(1.1 -3.98622e-16 0)
(1.1 -6.6115e-16 0)
(1.1 -6.49323e-16 0)
(1.1 2.69601e-16 0)
(1.1 2.56781e-16 0)
(1.1 -4.42484e-16 0)
(1.1 1.35785e-16 0)
(1.1 4.57519e-16 0)
(1.1 1.61326e-15 0)
(1.1 1.80924e-15 0)
(1.1 1.56393e-15 0)
(1.1 -3.63748e-16 0)
(1.1 -5.90689e-16 0)
(1.1 -7.13588e-16 0)
(1.1 4.37474e-16 0)
(1.1 7.88264e-16 0)
(1.1 -9.55883e-16 0)
(1.1 -8.06486e-17 0)
(1.1 2.23686e-16 0)
(1.1 -5.32289e-16 0)
(1.1 1.31542e-16 0)
(1.09922 -1.87539e-16 0)
(1.1 -1.91495e-16 0)
(1.1 1.32569e-16 0)
(1.1 5.67379e-16 0)
(1.1 -1.21598e-16 0)
(1.1 7.03762e-17 0)
(1.1 -8.41637e-17 0)
(1.1 -2.54861e-16 0)
(1.1 2.18322e-16 0)
(1.1 7.46192e-16 0)
(1.1 1.14522e-15 0)
(1.1 1.48837e-15 0)
(1.1 1.04014e-15 0)
(1.1 -1.00476e-16 0)
(1.1 -2.27327e-16 0)
(1.1 1.57593e-15 0)
(1.1 1.59386e-15 0)
(1.1 5.58452e-16 0)
(1.1 6.82668e-16 0)
(1.1 2.01188e-17 0)
(1.1 -8.05891e-16 0)
(1.1 -4.10522e-16 0)
(1.09922 -2.27488e-16 0)
(1.1 4.95336e-16 0)
(1.1 6.07955e-16 0)
(1.1 1.12136e-15 0)
(1.1 -4.03687e-16 0)
(1.1 -1.66625e-16 0)
(1.1 6.44185e-16 0)
(1.1 3.30448e-16 0)
(1.1 -8.07788e-17 0)
(1.1 2.65811e-16 0)
(1.1 3.42189e-16 0)
(1.1 1.15281e-15 0)
(1.1 1.26946e-15 0)
(1.1 -4.24957e-17 0)
(1.1 1.10912e-16 0)
(1.1 1.13883e-15 0)
(1.1 1.18438e-15 0)
(1.1 9.85368e-16 0)
(1.1 7.30566e-16 0)
(1.1 -5.86862e-16 0)
(1.1 -4.21252e-16 0)
(1.1 -3.06177e-16 0)
(1.09922 -1.36104e-17 0)
(1.1 6.72146e-16 0)
(1.1 6.9537e-16 0)
(1.1 7.31642e-16 0)
(1.1 6.22353e-16 0)
(1.1 -2.62171e-16 0)
(1.1 7.76742e-16 0)
(1.1 6.1766e-16 0)
(1.1 5.29014e-17 0)
(1.1 8.2512e-17 0)
(1.1 2.49991e-16 0)
(1.1 1.07845e-15 0)
(1.1 9.64656e-16 0)
(1.1 7.36566e-16 0)
(1.1 -2.11403e-17 0)
(1.1 -3.03165e-16 0)
(1.1 6.20521e-16 0)
(1.1 5.28611e-16 0)
(1.1 -3.30543e-16 0)
(1.1 4.31595e-16 0)
(1.1 9.09124e-17 0)
(1.1 -6.20259e-17 0)
(1.09922 -9.65607e-17 0)
(1.1 3.51813e-16 0)
(1.1 5.42014e-16 0)
(1.1 8.15746e-17 0)
(1.1 6.15508e-16 0)
(1.1 4.92937e-16 0)
(1.1 -5.20552e-17 0)
(1.1 -4.40226e-16 0)
(1.1 -1.71601e-17 0)
(1.1 -3.88201e-17 0)
(1.1 6.13543e-16 0)
(1.1 5.20335e-16 0)
(1.1 6.12773e-16 0)
(1.1 3.30095e-16 0)
(1.1 -7.08265e-16 0)
(1.1 -9.63916e-16 0)
(1.1 6.02599e-16 0)
(1.1 9.02819e-16 0)
(1.1 -5.53523e-16 0)
(1.1 -3.36561e-16 0)
(1.1 -1.06346e-16 0)
(1.1 4.40317e-17 0)
(1.09922 -2.48245e-16 0)
(1.1 4.87746e-17 0)
(1.1 4.14186e-16 0)
(1.1 2.03066e-16 0)
(1.1 1.01935e-16 0)
(1.1 9.5882e-16 0)
(1.1 -2.19377e-16 0)
(1.1 -2.61584e-16 0)
(1.1 -8.80993e-16 0)
(1.1 -7.43939e-16 0)
(1.1 2.11041e-16 0)
(1.1 6.33738e-17 0)
(1.1 -7.4513e-17 0)
(1.1 -1.12619e-16 0)
(1.1 -1.07045e-15 0)
(1.1 -9.60661e-16 0)
(1.1 -1.09125e-17 0)
(1.1 4.56563e-16 0)
(1.1 -1.47428e-15 0)
(1.1 -1.15178e-15 0)
(1.1 -1.05406e-15 0)
(1.1 -8.71159e-16 0)
(1.09922 -4.395e-16 0)
(1.1 8.40727e-16 0)
(1.1 8.154e-16 0)
(1.1 6.55603e-16 0)
(1.1 6.76788e-16 0)
(1.1 3.36839e-16 0)
(1.1 9.34429e-17 0)
(1.1 -6.33356e-17 0)
(1.1 -6.39026e-16 0)
(1.1 -1.17409e-15 0)
(1.1 -1.10696e-16 0)
(1.1 2.18236e-16 0)
(1.1 -1.70825e-16 0)
(1.1 4.70955e-16 0)
(1.1 -5.29819e-16 0)
(1.1 -4.42354e-16 0)
(1.1 -7.31849e-16 0)
(1.1 -8.66023e-16 0)
(1.1 -2.28543e-15 0)
(1.1 -1.51261e-15 0)
(1.1 -1.41479e-15 0)
(1.1 -1.2631e-15 0)
(1.09922 -5.08239e-16 0)
(1.1 1.14995e-15 0)
(1.1 6.59033e-16 0)
(1.1 4.97449e-16 0)
(1.1 9.71328e-16 0)
(1.1 3.74209e-16 0)
(1.1 2.91379e-16 0)
(1.1 1.91485e-16 0)
(1.1 -1.32548e-17 0)
(1.1 -3.10982e-16 0)
(1.1 -3.50288e-17 0)
(1.1 3.62266e-16 0)
(1.1 -4.2189e-17 0)
(1.1 1.81787e-16 0)
(1.1 8.62032e-16 0)
(1.1 -8.45504e-17 0)
(1.1 -3.68296e-16 0)
(1.1 -1.51308e-15 0)
(1.1 -1.53197e-15 0)
(1.1 -1.14021e-15 0)
(1.1 -1.32938e-15 0)
(1.1 -5.29946e-16 0)
(1.09922 -2.2324e-16 0)
(1.1 1.63937e-16 0)
(1.1 3.45129e-16 0)
(1.1 4.17397e-16 0)
(1.1 8.38408e-17 0)
(1.1 -1.80306e-16 0)
(1.1 -2.65119e-17 0)
(1.1 -3.9456e-17 0)
(1.1 -4.29604e-16 0)
(1.1 -1.82476e-16 0)
(1.1 -4.41906e-16 0)
(1.1 2.07626e-16 0)
(1.1 -9.19053e-17 0)
(1.1 2.4516e-16 0)
(1.1 1.98267e-15 0)
(1.1 8.35358e-16 0)
(1.1 3.61748e-16 0)
(1.1 -9.638e-16 0)
(1.1 -6.33386e-17 0)
(1.1 2.06446e-16 0)
(1.1 1.16615e-16 0)
(1.1 2.7598e-16 0)
(1.09922 -2.94125e-16 0)
(1.1 -1.38988e-15 0)
(1.1 2.18878e-16 0)
(1.1 1.81097e-16 0)
(1.1 -2.93988e-16 0)
(1.1 1.9121e-16 0)
(1.1 1.01345e-15 0)
(1.1 6.74364e-16 0)
(1.1 -4.45958e-16 0)
(1.1 -2.34149e-16 0)
(1.1 -1.06902e-15 0)
(1.1 -2.31464e-16 0)
(1.1 3.15606e-16 0)
(1.1 1.08148e-15 0)
(1.1 1.01133e-15 0)
(1.1 1.20806e-15 0)
(1.1 6.90248e-16 0)
(1.1 9.15963e-17 0)
(1.1 5.84597e-16 0)
(1.1 -1.74481e-16 0)
(1.1 7.97403e-16 0)
(1.1 2.90592e-16 0)
(1.09922 -5.15228e-16 0)
(1.1 -1.05447e-15 0)
(1.1 -1.09495e-17 0)
(1.1 -2.77341e-17 0)
(1.1 5.85752e-16 0)
(1.1 6.96218e-16 0)
(1.1 8.97872e-16 0)
(1.1 3.40781e-16 0)
(1.1 -2.71121e-16 0)
(1.1 3.65122e-16 0)
(1.1 -4.61423e-16 0)
(1.1 -5.02016e-16 0)
(1.1 4.48042e-17 0)
(1.1 7.38598e-16 0)
(1.1 1.1617e-15 0)
(1.1 1.10432e-15 0)
(1.1 5.74167e-16 0)
(1.1 7.85433e-16 0)
(1.1 8.58507e-16 0)
(1.1 4.43922e-16 0)
(1.1 7.00551e-16 0)
(1.1 2.74972e-16 0)
(1.09922 3.37628e-17 0)
(1.1 -4.14162e-16 0)
(1.1 -1.32601e-15 0)
(1.1 -8.1499e-16 0)
(1.1 1.5263e-16 0)
(1.1 3.00577e-16 0)
(1.1 7.90575e-16 0)
(1.1 -3.30511e-17 0)
(1.1 -4.09935e-16 0)
(1.1 -2.8234e-17 0)
(1.1 -5.90126e-16 0)
(1.1 -7.00111e-16 0)
(1.1 -2.32776e-16 0)
(1.1 1.8421e-15 0)
(1.1 1.51359e-15 0)
(1.1 1.1763e-15 0)
(1.1 3.23635e-16 0)
(1.1 9.73042e-16 0)
(1.1 9.58475e-16 0)
(1.1 6.53783e-16 0)
(1.1 6.39103e-16 0)
(1.1 -4.59213e-17 0)
(1.09922 2.12369e-16 0)
(1.1 -5.17955e-16 0)
(1.1 -4.70352e-17 0)
(1.1 -8.09122e-16 0)
(1.1 -7.06548e-16 0)
(1.1 -6.88623e-17 0)
(1.1 -9.93322e-16 0)
(1.1 -1.04183e-15 0)
(1.1 -5.44583e-16 0)
(1.1 1.23548e-16 0)
(1.1 1.94661e-17 0)
(1.1 -4.41429e-16 0)
(1.1 5.93562e-16 0)
(1.1 1.14941e-15 0)
(1.1 8.49653e-16 0)
(1.1 2.63281e-16 0)
(1.1 4.68543e-16 0)
(1.1 8.11342e-16 0)
(1.1 1.05049e-15 0)
(1.1 5.20301e-16 0)
(1.1 -4.6886e-16 0)
(1.1 -5.04473e-16 0)
(1.09922 -8.31986e-17 0)
(1.1 8.87784e-17 0)
(1.1 6.90816e-16 0)
(1.1 -1.99027e-16 0)
(1.1 -6.19079e-16 0)
(1.1 -5.38626e-16 0)
(1.1 -2.05644e-15 0)
(1.1 -1.45212e-15 0)
(1.1 -6.6551e-16 0)
(1.1 -8.88372e-17 0)
(1.1 -4.30065e-16 0)
(1.1 -7.90173e-16 0)
(1.1 -8.72236e-17 0)
(1.1 -2.20965e-16 0)
(1.1 -9.71762e-16 0)
(1.1 -4.43922e-16 0)
(1.1 2.05973e-16 0)
(1.1 2.55886e-17 0)
(1.1 6.99737e-16 0)
(1.1 5.43361e-16 0)
(1.1 -8.70011e-16 0)
(1.1 -8.72532e-16 0)
(1.09922 -2.96209e-16 0)
(1.1 1.95399e-16 0)
(1.1 -2.12158e-16 0)
(1.1 1.13527e-16 0)
(1.1 3.56278e-16 0)
(1.1 -7.85293e-16 0)
(1.1 -1.15666e-15 0)
(1.1 -7.83678e-16 0)
(1.1 -6.09008e-16 0)
(1.1 -3.75947e-16 0)
(1.1 -7.95681e-16 0)
(1.1 -6.0842e-16 0)
(1.1 -3.77806e-16 0)
(1.1 -9.1955e-16 0)
(1.1 -2.25966e-15 0)
(1.1 -1.29685e-15 0)
(1.1 6.1578e-16 0)
(1.1 3.50611e-16 0)
(1.1 5.35157e-16 0)
(1.1 -6.12547e-16 0)
(1.1 -8.2402e-16 0)
(1.1 -1.44943e-15 0)
(1.09922 -2.06433e-16 0)
(1.1 4.07501e-16 0)
(1.1 -5.6384e-16 0)
(1.1 2.3981e-16 0)
(1.1 4.70996e-16 0)
(1.1 -7.83729e-16 0)
(1.1 -1.14215e-15 0)
(1.1 -1.15206e-15 0)
(1.1 -7.5458e-16 0)
(1.1 -8.93808e-17 0)
(1.1 -1.90682e-16 0)
(1.1 -7.7262e-16 0)
(1.1 -8.82441e-16 0)
(1.1 -6.40969e-16 0)
(1.1 -1.82828e-15 0)
(1.1 -1.42804e-15 0)
(1.1 -3.03105e-16 0)
(1.1 -2.6277e-16 0)
(1.1 1.58199e-16 0)
(1.1 -6.94673e-16 0)
(1.1 -2.017e-17 0)
(1.1 -5.07251e-16 0)
(1.09922 -2.50577e-16 0)
(1.1 -2.84631e-17 0)
(1.1 -4.87559e-16 0)
(1.1 3.76698e-16 0)
(1.1 -2.20585e-16 0)
(1.1 -9.19512e-16 0)
(1.1 -1.84397e-15 0)
(1.1 -1.02766e-15 0)
(1.1 -9.679e-16 0)
(1.1 -4.4729e-16 0)
(1.1 -4.8843e-16 0)
(1.1 -1.14522e-15 0)
(1.1 -9.933e-16 0)
(1.1 -4.48693e-16 0)
(1.1 -9.52587e-16 0)
(1.1 -1.19611e-15 0)
(1.1 -4.46699e-16 0)
(1.1 -4.86859e-16 0)
(1.1 -2.85649e-16 0)
(1.1 -2.93982e-16 0)
(1.1 5.05578e-16 0)
(1.1 4.60359e-16 0)
(1.09922 -2.00998e-16 0)
(1.1 -6.81295e-16 0)
(1.1 -1.8674e-16 0)
(1.1 8.01279e-17 0)
(1.1 -4.14331e-16 0)
(1.1 -7.71573e-16 0)
(1.1 -1.2618e-15 0)
(1.1 -6.18365e-16 0)
(1.1 -5.98185e-16 0)
(1.1 -7.20569e-16 0)
(1.1 -9.33364e-16 0)
(1.1 -1.30762e-15 0)
(1.1 -6.25533e-16 0)
(1.1 -9.57349e-17 0)
(1.1 7.95304e-16 0)
(1.1 2.47003e-16 0)
(1.1 -4.35041e-16 0)
(1.1 -9.73118e-17 0)
(1.1 -4.71277e-16 0)
(1.1 -1.49078e-16 0)
(1.1 4.98698e-16 0)
(1.1 6.66831e-16 0)
(1.09922 3.6364e-16 0)
(1.1 1.72258e-17 0)
(1.1 6.58555e-16 0)
(1.1 6.29017e-16 0)
(1.1 -6.52312e-16 0)
(1.1 -1.24286e-15 0)
(1.1 -4.8103e-16 0)
(1.1 -5.76126e-16 0)
(1.1 -4.849e-16 0)
(1.1 -5.08274e-16 0)
(1.1 -1.31835e-15 0)
(1.1 -1.43204e-15 0)
(1.1 -1.36092e-15 0)
(1.1 -2.0063e-16 0)
(1.1 5.27457e-16 0)
(1.1 3.67e-16 0)
(1.1 -6.81578e-16 0)
(1.1 -4.35913e-16 0)
(1.1 -3.63471e-16 0)
(1.1 -8.53936e-17 0)
(1.1 -1.14981e-16 0)
(1.1 3.53805e-16 0)
(1.09922 7.48032e-16 0)
(1.1 5.87662e-16 0)
(1.1 8.71314e-16 0)
(1.1 5.73208e-16 0)
(1.1 -5.3382e-16 0)
(1.1 -9.80409e-16 0)
(1.1 -2.60781e-16 0)
(1.1 -3.84186e-16 0)
(1.1 -5.43611e-16 0)
(1.1 -7.61404e-16 0)
(1.1 -1.69916e-15 0)
(1.1 -1.25827e-15 0)
(1.1 -1.01775e-15 0)
(1.1 -4.98584e-16 0)
(1.1 -9.90457e-16 0)
(1.1 -6.63116e-16 0)
(1.1 -1.18499e-15 0)
(1.1 -5.5617e-16 0)
(1.1 -7.82436e-16 0)
(1.1 -8.27613e-16 0)
(1.1 -8.73234e-17 0)
(1.1 3.31755e-16 0)
(1.09922 5.69922e-16 0)
(1.1 8.56021e-16 0)
(1.1 1.1305e-15 0)
(1.1 5.85207e-16 0)
(1.1 -7.38564e-17 0)
(1.1 2.03239e-16 0)
(1.1 -5.52333e-17 0)
(1.1 -4.12786e-16 0)
(1.1 -7.70045e-16 0)
(1.1 -1.02328e-15 0)
(1.1 -6.82078e-16 0)
(1.1 -7.87717e-16 0)
(1.1 -3.6113e-16 0)
(1.1 -1.52282e-15 0)
(1.1 -1.84196e-15 0)
(1.1 -3.21021e-16 0)
(1.1 -8.67575e-16 0)
(1.1 -5.58681e-16 0)
(1.1 -8.9502e-16 0)
(1.1 -6.45448e-16 0)
(1.1 -3.78021e-16 0)
(1.1 4.59009e-17 0)
(1.09922 2.77594e-16 0)
(1.1 1.43509e-15 0)
(1.1 8.8052e-16 0)
(1.1 6.55054e-16 0)
(1.1 -2.06619e-16 0)
(1.1 6.13769e-16 0)
(1.1 -5.31582e-17 0)
(1.1 -1.20147e-15 0)
(1.1 -9.3454e-16 0)
(1.1 -8.32484e-16 0)
(1.1 -1.32289e-16 0)
(1.1 1.22924e-16 0)
(1.1 -4.39622e-16 0)
(1.1 -2.31309e-15 0)
(1.1 -1.87085e-15 0)
(1.1 -5.00607e-16 0)
(1.1 -9.58979e-16 0)
(1.1 -1.31679e-16 0)
(1.1 -4.50098e-16 0)
(1.1 -2.28143e-16 0)
(1.1 -6.04032e-16 0)
(1.1 8.65755e-17 0)
(1.09922 1.06581e-15 0)
(1.1 7.25563e-16 0)
(1.1 5.02325e-16 0)
(1.1 2.58363e-16 0)
(1.1 -5.42568e-16 0)
(1.1 1.09269e-16 0)
(1.1 -2.62031e-16 0)
(1.1 -9.65711e-16 0)
(1.1 -3.2779e-16 0)
(1.1 -6.91894e-16 0)
(1.1 -7.65122e-16 0)
(1.1 7.18402e-17 0)
(1.1 -6.65642e-16 0)
(1.1 -1.42535e-15 0)
(1.1 -1.15576e-15 0)
(1.1 -7.10022e-16 0)
(1.1 -6.61998e-16 0)
(1.1 5.39575e-16 0)
(1.1 -7.288e-17 0)
(1.1 6.11288e-17 0)
(1.1 8.13814e-17 0)
(1.1 1.96703e-16 0)
(1.09922 7.63394e-16 0)
(1.1 1.76872e-16 0)
(1.1 7.05501e-16 0)
(1.1 1.1715e-16 0)
(1.1 -3.83554e-16 0)
(1.1 -8.65002e-16 0)
(1.1 -5.6114e-16 0)
(1.1 -3.64451e-16 0)
(1.1 -5.09632e-16 0)
(1.1 -1.05831e-15 0)
(1.1 -9.24202e-16 0)
(1.1 -5.71761e-16 0)
(1.1 -7.74019e-17 0)
(1.1 -6.9445e-16 0)
(1.1 -2.61533e-16 0)
(1.1 -5.5413e-16 0)
(1.1 -4.88369e-16 0)
(1.1 -2.79401e-16 0)
(1.1 -2.75239e-16 0)
(1.1 -3.28629e-16 0)
(1.1 2.08371e-16 0)
(1.1 3.06261e-16 0)
(1.09922 3.48578e-16 0)
(1.1 2.51136e-16 0)
(1.1 2.07769e-16 0)
(1.1 -2.97639e-16 0)
(1.1 2.58395e-17 0)
(1.1 -3.21993e-16 0)
(1.1 -4.06189e-16 0)
(1.1 7.73565e-16 0)
(1.1 -7.73183e-17 0)
(1.1 -8.1447e-16 0)
(1.1 -8.05574e-16 0)
(1.1 -1.06784e-15 0)
(1.1 -7.42436e-16 0)
(1.1 -8.91902e-16 0)
(1.1 5.91693e-16 0)
(1.1 4.70203e-16 0)
(1.1 2.2112e-16 0)
(1.1 -1.11892e-15 0)
(1.1 -1.10163e-15 0)
(1.1 -8.58276e-16 0)
(1.1 2.66363e-16 0)
(1.1 4.40993e-16 0)
(1.09922 1.84772e-17 0)
(1.1 5.65221e-16 0)
(1.1 1.8706e-16 0)
(1.1 -4.55216e-16 0)
(1.1 -1.78073e-16 0)
(1.1 2.58278e-16 0)
(1.1 5.13463e-16 0)
(1.1 1.01926e-15 0)
(1.1 9.14219e-16 0)
(1.1 3.34216e-16 0)
(1.1 -9.4154e-16 0)
(1.1 -1.36693e-15 0)
(1.1 -9.43128e-16 0)
(1.1 -4.4481e-16 0)
(1.1 -2.63407e-16 0)
(1.1 -5.78867e-16 0)
(1.1 -8.35598e-17 0)
(1.1 -1.01544e-15 0)
(1.1 -1.07451e-15 0)
(1.1 -3.43329e-16 0)
(1.1 -8.90773e-17 0)
(1.1 3.06354e-16 0)
(1.09922 -5.17029e-16 0)
(1.1 2.77671e-16 0)
(1.1 -2.13726e-16 0)
(1.1 -6.12952e-16 0)
(1.1 -3.99815e-16 0)
(1.1 9.65628e-16 0)
(1.1 1.08124e-15 0)
(1.1 1.81813e-16 0)
(1.1 7.82445e-16 0)
(1.1 1.81525e-16 0)
(1.1 -1.11672e-15 0)
(1.1 -8.77435e-16 0)
(1.1 -1.34306e-15 0)
(1.1 -7.11279e-16 0)
(1.1 -6.13985e-16 0)
(1.1 -1.60649e-15 0)
(1.1 -4.78051e-16 0)
(1.1 -1.34209e-15 0)
(1.1 -6.69341e-16 0)
(1.1 -9.69763e-16 0)
(1.1 -8.09838e-16 0)
(1.1 -9.52843e-17 0)
(1.09922 -8.76986e-17 0)
(1.1 -9.16704e-17 0)
(1.1 -7.33251e-16 0)
(1.1 -9.03083e-16 0)
(1.1 -4.13269e-16 0)
(1.1 1.21678e-15 0)
(1.1 1.04871e-15 0)
(1.1 -6.40529e-16 0)
(1.1 3.8415e-16 0)
(1.1 -7.69341e-16 0)
(1.1 -1.41076e-15 0)
(1.1 -1.28828e-15 0)
(1.1 -1.85068e-15 0)
(1.1 -1.68204e-15 0)
(1.1 -4.62354e-16 0)
(1.1 -8.23951e-16 0)
(1.1 -9.44351e-16 0)
(1.1 -1.09839e-15 0)
(1.1 -4.56663e-16 0)
(1.1 -7.07547e-16 0)
(1.1 -8.234e-16 0)
(1.1 -8.53736e-17 0)
(1.09922 3.84824e-16 0)
(1.1 9.3828e-17 0)
(1.1 -9.60623e-16 0)
(1.1 -8.53372e-16 0)
(1.1 -7.67236e-16 0)
(1.1 5.50569e-16 0)
(1.1 1.38084e-15 0)
(1.1 6.06808e-16 0)
(1.1 -2.86624e-18 0)
(1.1 -1.04881e-15 0)
(1.1 -7.76529e-16 0)
(1.1 -1.3923e-15 0)
(1.1 -9.2919e-16 0)
(1.1 -7.96642e-16 0)
(1.1 -7.33736e-16 0)
(1.1 -6.53073e-16 0)
(1.1 -1.40904e-15 0)
(1.1 -5.89337e-16 0)
(1.1 -2.06579e-16 0)
(1.1 -1.01633e-15 0)
(1.1 -1.08839e-15 0)
(1.1 2.23062e-16 0)
(1.09922 1.00301e-15 0)
(1.1 -6.86052e-16 0)
(1.1 -5.20741e-16 0)
(1.1 -7.19227e-16 0)
(1.1 -5.70239e-16 0)
(1.1 -2.08359e-16 0)
(1.1 3.72591e-16 0)
(1.1 1.10458e-15 0)
(1.1 -6.40276e-16 0)
(1.1 5.26741e-16 0)
(1.1 7.17801e-16 0)
(1.1 -5.37413e-16 0)
(1.1 1.7398e-16 0)
(1.1 -1.79379e-16 0)
(1.1 -3.76047e-16 0)
(1.1 -9.65527e-16 0)
(1.1 -1.71226e-15 0)
(1.1 -7.03204e-16 0)
(1.1 -4.00837e-16 0)
(1.1 -1.04582e-15 0)
(1.1 3.67695e-16 0)
(1.1 7.3168e-16 0)
(1.09922 1.11247e-15 0)
(1.1 -1.60092e-15 0)
(1.1 -3.35751e-16 0)
(1.1 -8.59244e-16 0)
(1.1 -6.46022e-16 0)
(1.1 -1.01702e-15 0)
(1.1 1.62164e-16 0)
(1.1 2.50889e-15 0)
(1.1 1.00208e-15 0)
(1.1 1.86199e-15 0)
(1.1 1.67305e-15 0)
(1.1 -2.09777e-16 0)
(1.1 -5.81939e-16 0)
(1.1 -3.46625e-16 0)
(1.1 -6.69926e-16 0)
(1.1 -1.50059e-15 0)
(1.1 -1.29849e-15 0)
(1.1 -4.22134e-16 0)
(1.1 -5.8134e-16 0)
(1.1 -1.43161e-16 0)
(1.1 1.6707e-15 0)
(1.1 8.12501e-16 0)
(1.09922 3.76662e-16 0)
(1.1 -1.12714e-15 0)
(1.1 -6.39894e-16 0)
(1.1 -1.35549e-16 0)
(1.1 -3.24865e-16 0)
(1.1 -6.38907e-17 0)
(1.1 1.81305e-15 0)
(1.1 2.29736e-15 0)
(1.1 1.86798e-15 0)
(1.1 1.75636e-15 0)
(1.1 1.05527e-15 0)
(1.1 -9.67266e-18 0)
(1.1 -7.17073e-16 0)
(1.1 -8.41349e-16 0)
(1.1 -1.78167e-15 0)
(1.1 -1.15088e-15 0)
(1.1 1.35603e-16 0)
(1.1 3.36474e-16 0)
(1.1 -8.25849e-17 0)
(1.1 1.29836e-16 0)
(1.1 1.47386e-15 0)
(1.1 2.92899e-16 0)
(1.09922 -2.93354e-16 0)
(1.1 -4.3547e-16 0)
(1.1 -9.45116e-16 0)
(1.1 6.04649e-16 0)
(1.1 5.60695e-16 0)
(1.1 9.43441e-16 0)
(1.1 1.19213e-15 0)
(1.1 8.94047e-16 0)
(1.1 1.36588e-15 0)
(1.1 1.38398e-15 0)
(1.1 1.02951e-15 0)
(1.1 8.57913e-16 0)
(1.1 4.9052e-16 0)
(1.1 -1.44431e-15 0)
(1.1 -1.43443e-15 0)
(1.1 -3.51471e-16 0)
(1.1 5.66255e-16 0)
(1.1 3.69732e-16 0)
(1.1 2.19403e-16 0)
(1.1 1.31834e-15 0)
(1.1 1.13801e-15 0)
(1.1 4.05837e-16 0)
(1.09922 -1.38972e-16 0)
(1.1 -2.11563e-16 0)
(1.1 -8.0953e-16 0)
(1.1 -4.83652e-17 0)
(1.1 1.211e-15 0)
(1.1 7.12342e-16 0)
(1.1 1.31217e-16 0)
(1.1 -3.01626e-17 0)
(1.1 1.43506e-15 0)
(1.1 1.51993e-15 0)
(1.1 1.51521e-15 0)
(1.1 1.65322e-15 0)
(1.1 7.37295e-16 0)
(1.1 -1.39152e-15 0)
(1.1 -9.83336e-16 0)
(1.1 -2.62593e-16 0)
(1.1 3.57281e-17 0)
(1.1 2.56682e-16 0)
(1.1 1.26155e-16 0)
(1.1 8.81413e-16 0)
(1.1 4.41496e-16 0)
(1.1 -3.68945e-17 0)
(1.09922 -7.29344e-16 0)
(1.1 -2.87445e-16 0)
(1.1 -3.05777e-16 0)
(1.1 5.41094e-16 0)
(1.1 1.57028e-15 0)
(1.1 -2.49972e-17 0)
(1.1 -1.12417e-16 0)
(1.1 2.93356e-16 0)
(1.1 7.93883e-16 0)
(1.1 5.51935e-16 0)
(1.1 1.16224e-15 0)
(1.1 1.40237e-15 0)
(1.1 1.07903e-15 0)
(1.1 -5.62892e-16 0)
(1.1 -1.33702e-15 0)
(1.1 -9.30666e-16 0)
(1.1 -5.85063e-16 0)
(1.1 -8.66691e-17 0)
(1.1 3.1791e-16 0)
(1.1 7.83528e-16 0)
(1.1 -4.30241e-16 0)
(1.1 -5.12696e-16 0)
(1.09922 -1.06637e-15 0)
(1.1 -5.01232e-16 0)
(1.1 -2.493e-17 0)
(1.1 6.74258e-16 0)
(1.1 1.13114e-15 0)
(1.1 4.95663e-16 0)
(1.1 3.07532e-16 0)
(1.1 6.72022e-16 0)
(1.1 3.76184e-16 0)
(1.1 -5.88655e-16 0)
(1.1 5.21845e-16 0)
(1.1 9.52119e-16 0)
(1.1 4.44018e-16 0)
(1.1 4.55753e-16 0)
(1.1 -4.17859e-16 0)
(1.1 -1.18328e-15 0)
(1.1 -1.30218e-15 0)
(1.1 1.46366e-16 0)
(1.1 1.09041e-15 0)
(1.1 6.65765e-16 0)
(1.1 -9.43044e-16 0)
(1.1 -7.74816e-16 0)
(1.09922 -1.00674e-15 0)
(1.1 -6.60072e-16 0)
(1.1 1.58782e-17 0)
(1.1 7.88733e-16 0)
(1.1 6.73377e-16 0)
(1.1 1.48829e-15 0)
(1.1 6.64574e-16 0)
(1.1 -3.24698e-16 0)
(1.1 -6.29146e-16 0)
(1.1 -5.35427e-16 0)
(1.1 9.28096e-17 0)
(1.1 2.77677e-16 0)
(1.1 6.26234e-16 0)
(1.1 1.86376e-15 0)
(1.1 1.30104e-15 0)
(1.1 5.93137e-17 0)
(1.1 -6.11298e-16 0)
(1.1 7.27488e-16 0)
(1.1 1.39061e-15 0)
(1.1 5.58403e-16 0)
(1.1 -9.75353e-16 0)
(1.1 -1.07304e-15 0)
(1.09922 -8.70141e-16 0)
(1.1 -2.67844e-16 0)
(1.1 8.1415e-17 0)
(1.1 4.98451e-16 0)
(1.1 8.13635e-16 0)
(1.1 1.7371e-15 0)
(1.1 9.4314e-16 0)
(1.1 -3.50092e-16 0)
(1.1 -4.37237e-16 0)
(1.1 -3.20427e-16 0)
(1.1 -2.65103e-16 0)
(1.1 -2.29968e-17 0)
(1.1 1.34613e-15 0)
(1.1 2.55657e-15 0)
(1.1 2.89586e-15 0)
(1.1 1.80292e-15 0)
(1.1 3.41249e-16 0)
(1.1 -3.16351e-16 0)
(1.1 2.05053e-16 0)
(1.1 1.58568e-16 0)
(1.1 -8.25316e-16 0)
(1.1 -1.09149e-15 0)
(1.09922 -7.25767e-16 0)
(1.1 -5.95833e-17 0)
(1.1 7.8562e-16 0)
(1.1 3.01611e-17 0)
(1.1 6.89718e-16 0)
(1.1 1.61131e-15 0)
(1.1 7.73342e-16 0)
(1.1 2.7299e-16 0)
(1.1 -6.24315e-16 0)
(1.1 -6.19613e-16 0)
(1.1 -7.07736e-16 0)
(1.1 -3.14519e-16 0)
(1.1 9.19285e-16 0)
(1.1 1.90744e-15 0)
(1.1 3.45371e-15 0)
(1.1 2.1084e-15 0)
(1.1 1.08603e-15 0)
(1.1 -9.5629e-16 0)
(1.1 -6.16348e-16 0)
(1.1 -4.75835e-16 0)
(1.1 -8.26843e-16 0)
(1.1 -9.06571e-16 0)
(1.09922 -6.5051e-16 0)
(1.1 -3.21841e-16 0)
(1.1 -1.98585e-16 0)
(1.1 -3.43975e-16 0)
(1.1 5.70555e-16 0)
(1.1 4.09521e-16 0)
(1.1 -4.33769e-16 0)
(1.1 2.29549e-16 0)
(1.1 -2.8857e-16 0)
(1.1 1.15459e-16 0)
(1.1 8.79784e-17 0)
(1.1 5.93604e-17 0)
(1.1 7.50741e-16 0)
(1.1 1.50624e-15 0)
(1.1 1.6945e-15 0)
(1.1 1.1501e-15 0)
(1.1 2.98502e-16 0)
(1.1 -1.31693e-15 0)
(1.1 -2.29659e-16 0)
(1.1 -1.45679e-16 0)
(1.1 -5.34136e-16 0)
(1.1 -1.13282e-15 0)
(1.09922 -6.46115e-16 0)
(1.1 -6.48633e-16 0)
(1.1 -8.29255e-16 0)
(1.1 -9.03356e-16 0)
(1.1 -2.49675e-16 0)
(1.1 -4.45746e-16 0)
(1.1 -9.98082e-17 0)
(1.1 3.43218e-16 0)
(1.1 7.14318e-16 0)
(1.1 7.60219e-16 0)
(1.1 5.84758e-16 0)
(1.1 3.21556e-16 0)
(1.1 8.77326e-16 0)
(1.1 4.15842e-16 0)
(1.1 -4.77044e-16 0)
(1.1 1.23819e-16 0)
(1.1 -2.73453e-16 0)
(1.1 -1.15024e-15 0)
(1.1 2.16161e-16 0)
(1.1 7.31043e-16 0)
(1.1 -4.88247e-18 0)
(1.1 -6.27253e-16 0)
(1.09922 -5.18078e-16 0)
(1.1 -2.33062e-16 0)
(1.1 -6.17471e-16 0)
(1.1 -3.41191e-16 0)
(1.1 -3.46082e-16 0)
(1.1 -3.18894e-16 0)
(1.1 2.03876e-16 0)
(1.1 2.04509e-17 0)
(1.1 8.4454e-16 0)
(1.1 6.15337e-16 0)
(1.1 4.33681e-16 0)
(1.1 4.63246e-16 0)
(1.1 -3.51177e-17 0)
(1.1 5.83581e-17 0)
(1.1 -6.89215e-16 0)
(1.1 3.89338e-16 0)
(1.1 2.90738e-16 0)
(1.1 -6.03609e-16 0)
(1.1 -3.25449e-16 0)
(1.1 1.26408e-15 0)
(1.1 6.48487e-16 0)
(1.1 1.79346e-16 0)
(1.09922 -4.33779e-16 0)
(1.1 8.37459e-16 0)
(1.1 1.00613e-16 0)
(1.1 9.34562e-17 0)
(1.1 1.3526e-16 0)
(1.1 -1.71425e-16 0)
(1.1 8.1858e-17 0)
(1.1 -3.32208e-16 0)
(1.1 6.23203e-16 0)
(1.1 4.65339e-16 0)
(1.1 4.86265e-16 0)
(1.1 7.26918e-16 0)
(1.1 8.37484e-17 0)
(1.1 -4.10187e-17 0)
(1.1 -3.84885e-16 0)
(1.1 -1.63164e-17 0)
(1.1 7.34052e-16 0)
(1.1 3.07257e-16 0)
(1.1 -4.84299e-16 0)
(1.1 9.38415e-16 0)
(1.1 4.34992e-16 0)
(1.1 2.0222e-16 0)
(1.09922 -1.92481e-16 0)
(1.1 1.67424e-15 0)
(1.1 1.27766e-15 0)
(1.1 9.06838e-16 0)
(1.1 2.53595e-16 0)
(1.1 -4.15206e-17 0)
(1.1 -5.63795e-16 0)
(1.1 -1.49745e-16 0)
(1.1 -1.00098e-16 0)
(1.1 4.01638e-16 0)
(1.1 9.18987e-16 0)
(1.1 8.61593e-16 0)
(1.1 8.46451e-16 0)
(1.1 4.83288e-16 0)
(1.1 1.73234e-16 0)
(1.1 9.44826e-17 0)
(1.1 6.37609e-16 0)
(1.1 7.21539e-16 0)
(1.1 -4.3352e-16 0)
(1.1 -8.03252e-17 0)
(1.1 2.72237e-16 0)
(1.1 -1.09838e-16 0)
(1.09922 -9.15704e-17 0)
(1.1 9.69339e-16 0)
(1.1 1.72898e-15 0)
(1.1 1.43212e-15 0)
(1.1 1.05275e-15 0)
(1.1 -5.61214e-16 0)
(1.1 -1.26687e-15 0)
(1.1 -2.92408e-17 0)
(1.1 -4.09736e-16 0)
(1.1 -6.46244e-17 0)
(1.1 7.88656e-16 0)
(1.1 6.89268e-16 0)
(1.1 1.13893e-15 0)
(1.1 8.84527e-16 0)
(1.1 -1.72713e-16 0)
(1.1 4.44562e-16 0)
(1.1 7.40569e-17 0)
(1.1 6.10102e-16 0)
(1.1 -1.12274e-16 0)
(1.1 2.02301e-16 0)
(1.1 -3.42424e-16 0)
(1.1 -7.70101e-16 0)
(1.09922 -1.68009e-16 0)
(1.1 4.23041e-16 0)
(1.1 9.40157e-16 0)
(1.1 8.69465e-16 0)
(1.1 7.28646e-16 0)
(1.1 -1.52188e-17 0)
(1.1 -6.13542e-16 0)
(1.1 -6.73394e-16 0)
(1.1 2.22031e-16 0)
(1.1 -1.04248e-16 0)
(1.1 3.03584e-18 0)
(1.1 5.81607e-16 0)
(1.1 9.64835e-16 0)
(1.1 5.2446e-16 0)
(1.1 6.52389e-16 0)
(1.1 8.00759e-16 0)
(1.1 4.37992e-17 0)
(1.1 8.3547e-17 0)
(1.1 5.20655e-17 0)
(1.1 4.40215e-16 0)
(1.1 -7.90974e-16 0)
(1.1 -6.6251e-16 0)
(1.09922 9.05721e-17 0)
(1.1 7.86855e-16 0)
(1.1 2.70809e-16 0)
(1.1 8.1847e-16 0)
(1.1 7.34256e-17 0)
(1.1 7.22343e-17 0)
(1.1 -4.97955e-16 0)
(1.1 -2.26319e-16 0)
(1.1 4.65776e-16 0)
(1.1 2.63777e-16 0)
(1.1 -2.67276e-16 0)
(1.1 1.15314e-15 0)
(1.1 7.36622e-16 0)
(1.1 2.94636e-17 0)
(1.1 6.12012e-16 0)
(1.1 7.28016e-16 0)
(1.1 1.22682e-15 0)
(1.1 9.1391e-17 0)
(1.1 3.47242e-16 0)
(1.1 3.65239e-16 0)
(1.1 2.10476e-16 0)
(1.1 3.62237e-16 0)
(1.09922 8.30207e-16 0)
(1.1 9.06691e-16 0)
(1.1 6.77336e-16 0)
(1.1 -1.79097e-17 0)
(1.1 3.64985e-16 0)
(1.1 -2.36434e-16 0)
(1.1 -4.767e-16 0)
(1.1 5.90757e-16 0)
(1.1 7.18301e-16 0)
(1.1 3.90605e-16 0)
(1.1 5.50995e-16 0)
(1.1 7.81408e-16 0)
(1.1 -4.66164e-16 0)
(1.1 -4.36532e-16 0)
(1.1 2.75665e-17 0)
(1.1 3.35932e-16 0)
(1.1 1.26843e-15 0)
(1.1 8.95907e-16 0)
(1.1 3.20588e-16 0)
(1.1 -2.18111e-16 0)
(1.1 6.70452e-16 0)
(1.1 8.31513e-16 0)
(1.09922 1.32842e-15 0)
(1.1 1.12174e-15 0)
(1.1 1.31413e-15 0)
(1.1 1.13295e-15 0)
(1.1 7.25825e-16 0)
(1.1 2.41625e-16 0)
(1.1 9.24007e-16 0)
(1.1 8.80848e-16 0)
(1.1 8.46992e-16 0)
(1.1 4.51092e-17 0)
(1.1 6.66095e-16 0)
(1.1 -3.6965e-16 0)
(1.1 -1.34536e-15 0)
(1.1 -1.25638e-15 0)
(1.1 -2.80532e-16 0)
(1.1 -7.20921e-17 0)
(1.1 4.86621e-16 0)
(1.1 7.27393e-16 0)
(1.1 3.05202e-16 0)
(1.1 1.18625e-16 0)
(1.1 4.42697e-16 0)
(1.1 6.15862e-16 0)
(1.09922 1.13632e-15 0)
(1.1 1.2656e-16 0)
(1.1 8.39062e-16 0)
(1.1 1.27598e-15 0)
(1.1 8.45564e-16 0)
(1.1 1.24062e-15 0)
(1.1 1.70939e-15 0)
(1.1 1.08485e-15 0)
(1.1 -2.94324e-16 0)
(1.1 -4.27905e-16 0)
(1.1 9.63905e-17 0)
(1.1 -1.106e-15 0)
(1.1 -7.95323e-16 0)
(1.1 -1.02348e-15 0)
(1.1 -4.70143e-16 0)
(1.1 1.38187e-16 0)
(1.1 2.24667e-16 0)
(1.1 8.70216e-17 0)
(1.1 8.77265e-16 0)
(1.1 9.14226e-16 0)
(1.1 4.17512e-16 0)
(1.1 5.10922e-16 0)
(1.09922 7.34379e-16 0)
(1.1 -2.54754e-16 0)
(1.1 1.14257e-15 0)
(1.1 4.44545e-16 0)
(1.1 8.62178e-16 0)
(1.1 1.52908e-15 0)
(1.1 1.23708e-15 0)
(1.1 5.52574e-16 0)
(1.1 -6.08486e-16 0)
(1.1 -1.52039e-16 0)
(1.1 -5.01578e-16 0)
(1.1 -1.177e-15 0)
(1.1 -1.40453e-15 0)
(1.1 -2.66e-16 0)
(1.1 -2.31749e-16 0)
(1.1 8.83948e-16 0)
(1.1 7.8092e-16 0)
(1.1 -5.94102e-17 0)
(1.1 6.46188e-16 0)
(1.1 1.9845e-16 0)
(1.1 8.67026e-16 0)
(1.1 1.01081e-15 0)
(1.09922 3.42041e-16 0)
(1.1 -6.82077e-16 0)
(1.1 4.15437e-17 0)
(1.1 -3.07987e-16 0)
(1.1 3.55215e-17 0)
(1.1 4.34997e-16 0)
(1.1 5.78143e-16 0)
(1.1 3.51445e-16 0)
(1.1 3.30133e-16 0)
(1.1 -2.4031e-16 0)
(1.1 -7.90269e-16 0)
(1.1 -5.99896e-16 0)
(1.1 -1.49616e-15 0)
(1.1 6.55257e-17 0)
(1.1 -1.99636e-16 0)
(1.1 2.93856e-16 0)
(1.1 7.23506e-17 0)
(1.1 1.31469e-16 0)
(1.1 6.03271e-17 0)
(1.1 -1.29536e-15 0)
(1.1 -1.00261e-17 0)
(1.1 4.63224e-16 0)
(1.09922 -3.19126e-16 0)
(1.1 -7.80492e-16 0)
(1.1 -8.85153e-16 0)
(1.1 -6.62254e-16 0)
(1.1 -2.97238e-16 0)
(1.1 -1.73552e-16 0)
(1.1 1.98688e-16 0)
(1.1 1.06329e-16 0)
(1.1 4.43874e-16 0)
(1.1 1.70899e-16 0)
(1.1 -2.756e-16 0)
(1.1 -1.71038e-16 0)
(1.1 -6.29913e-16 0)
(1.1 -3.63204e-16 0)
(1.1 -8.18631e-17 0)
(1.1 -4.27874e-16 0)
(1.1 -6.12574e-16 0)
(1.1 8.35215e-16 0)
(1.1 -4.55592e-17 0)
(1.1 -6.65411e-16 0)
(1.1 -1.36417e-16 0)
(1.1 2.08594e-17 0)
(1.09922 -2.24351e-16 0)
(1.1 -2.83708e-16 0)
(1.1 -6.75989e-16 0)
(1.1 -6.21662e-16 0)
(1.1 -2.04572e-16 0)
(1.1 8.05877e-17 0)
(1.1 -2.93567e-16 0)
(1.1 -9.75739e-16 0)
(1.1 -6.62817e-16 0)
(1.1 3.25168e-16 0)
(1.1 3.29178e-19 0)
(1.1 3.17571e-17 0)
(1.1 5.08504e-16 0)
(1.1 -2.62647e-16 0)
(1.1 -6.54915e-16 0)
(1.1 -1.6711e-15 0)
(1.1 -1.41724e-15 0)
(1.1 -8.95851e-17 0)
(1.1 -9.99509e-17 0)
(1.1 1.02302e-16 0)
(1.1 7.95198e-17 0)
(1.1 2.62288e-16 0)
(1.09922 1.22003e-16 0)
(1.1 -3.99383e-16 0)
(1.1 -4.63474e-16 0)
(1.1 -4.61998e-16 0)
(1.1 -2.77488e-16 0)
(1.1 1.29319e-16 0)
(1.1 -2.23773e-16 0)
(1.1 -7.24631e-16 0)
(1.1 -1.42026e-15 0)
(1.1 -2.67317e-16 0)
(1.1 -2.18875e-16 0)
(1.1 1.89475e-16 0)
(1.1 1.37062e-15 0)
(1.1 -1.85419e-16 0)
(1.1 -1.63709e-15 0)
(1.1 -1.85184e-15 0)
(1.1 -1.39761e-15 0)
(1.1 -2.66249e-16 0)
(1.1 2.88597e-16 0)
(1.1 5.93124e-16 0)
(1.1 5.98594e-16 0)
(1.1 5.42657e-16 0)
(1.09922 1.05842e-17 0)
(1.1 -4.92366e-16 0)
(1.1 -5.92356e-16 0)
(1.1 -1.29885e-16 0)
(1.1 1.53308e-16 0)
(1.1 -2.69113e-16 0)
(1.1 -1.99614e-16 0)
(1.1 -3.53503e-16 0)
(1.1 -7.14285e-16 0)
(1.1 -2.74438e-17 0)
(1.1 -7.97685e-17 0)
(1.1 -5.60921e-16 0)
(1.1 1.04131e-16 0)
(1.1 -3.32299e-16 0)
(1.1 -1.39396e-15 0)
(1.1 -1.36075e-15 0)
(1.1 -1.61925e-16 0)
(1.1 8.76002e-16 0)
(1.1 1.33753e-15 0)
(1.1 1.32521e-15 0)
(1.1 1.7493e-15 0)
(1.1 9.54211e-16 0)
(1.09922 2.20647e-16 0)
(1.1 3.84554e-16 0)
(1.1 5.16002e-16 0)
(1.1 7.03551e-16 0)
(1.1 2.293e-16 0)
(1.1 -5.87619e-17 0)
(1.1 -4.07528e-16 0)
(1.1 -1.543e-16 0)
(1.1 3.21264e-17 0)
(1.1 6.7093e-17 0)
(1.1 -2.53806e-16 0)
(1.1 -8.56219e-16 0)
(1.1 -8.40062e-17 0)
(1.1 -8.51284e-17 0)
(1.1 -4.25438e-16 0)
(1.1 -2.37178e-16 0)
(1.1 1.34413e-15 0)
(1.1 8.47787e-16 0)
(1.1 1.501e-15 0)
(1.1 9.92148e-16 0)
(1.1 1.43793e-15 0)
(1.1 1.35292e-15 0)
(1.09922 8.72953e-16 0)
(1.1 1.50188e-15 0)
(1.1 1.2648e-15 0)
(1.1 4.71054e-16 0)
(1.1 -2.59141e-16 0)
(1.1 -3.69626e-16 0)
(1.1 -7.33307e-16 0)
(1.1 -9.23721e-16 0)
(1.1 -4.17298e-16 0)
(1.1 -2.14041e-16 0)
(1.1 3.03198e-16 0)
(1.1 -2.70078e-16 0)
(1.1 -1.13991e-16 0)
(1.1 2.59685e-16 0)
(1.1 7.8559e-16 0)
(1.1 6.16628e-16 0)
(1.1 5.54903e-16 0)
(1.1 8.81158e-16 0)
(1.1 1.00863e-15 0)
(1.1 1.00394e-15 0)
(1.1 1.14515e-15 0)
(1.1 1.23088e-15 0)
(1.09922 8.66217e-16 0)
(1.1 8.98272e-16 0)
(1.1 6.97814e-16 0)
(1.1 2.27065e-16 0)
(1.1 -9.21599e-16 0)
(1.1 -1.02712e-15 0)
(1.1 -9.88789e-16 0)
(1.1 -1.50532e-15 0)
(1.1 -1.35664e-15 0)
(1.1 -1.1312e-15 0)
(1.1 -4.76586e-16 0)
(1.1 -5.25398e-16 0)
(1.1 -6.20379e-16 0)
(1.1 1.39764e-16 0)
(1.1 1.97945e-15 0)
(1.1 7.87809e-16 0)
(1.1 4.38804e-16 0)
(1.1 1.63939e-16 0)
(1.1 6.2091e-16 0)
(1.1 1.05244e-15 0)
(1.1 1.04649e-15 0)
(1.1 9.2243e-16 0)
(1.09922 7.11522e-16 0)
(1.1 4.57036e-16 0)
(1.1 -9.99296e-17 0)
(1.1 -2.67035e-16 0)
(1.1 -1.29082e-15 0)
(1.1 -5.92947e-16 0)
(1.1 -6.58012e-16 0)
(1.1 -9.61797e-16 0)
(1.1 -1.26205e-15 0)
(1.1 -1.5025e-15 0)
(1.1 -1.40389e-15 0)
(1.1 -1.0541e-15 0)
(1.1 -4.35036e-16 0)
(1.1 3.82601e-16 0)
(1.1 1.36125e-15 0)
(1.1 1.09093e-15 0)
(1.1 7.9782e-16 0)
(1.1 -5.93276e-16 0)
(1.1 3.79891e-16 0)
(1.1 1.21367e-15 0)
(1.1 1.34425e-15 0)
(1.1 1.16599e-15 0)
(1.09922 7.1865e-16 0)
(1.1 9.02315e-17 0)
(1.1 -7.3495e-16 0)
(1.1 -6.39651e-16 0)
(1.1 -1.28222e-15 0)
(1.1 -5.375e-16 0)
(1.1 -2.45536e-16 0)
(1.1 -1.14266e-15 0)
(1.1 -9.82795e-16 0)
(1.1 -1.07572e-15 0)
(1.1 -1.14916e-15 0)
(1.1 -6.85897e-16 0)
(1.1 5.43457e-16 0)
(1.1 4.8593e-16 0)
(1.1 5.89831e-16 0)
(1.1 5.83307e-16 0)
(1.1 3.57576e-16 0)
(1.1 -3.79278e-17 0)
(1.1 -1.98368e-16 0)
(1.1 9.60453e-16 0)
(1.1 6.09606e-16 0)
(1.1 1.09544e-15 0)
(1.09922 7.34725e-16 0)
(1.1 -2.29022e-16 0)
(1.1 -1.11478e-15 0)
(1.1 -5.00611e-16 0)
(1.1 -8.90756e-16 0)
(1.1 -8.12746e-16 0)
(1.1 -1.93685e-16 0)
(1.1 -6.15447e-16 0)
(1.1 -1.22427e-15 0)
(1.1 -8.33016e-16 0)
(1.1 -1.12071e-15 0)
(1.1 -6.73174e-16 0)
(1.1 -4.91667e-16 0)
(1.1 -6.29316e-17 0)
(1.1 -7.32123e-17 0)
(1.1 -2.92601e-16 0)
(1.1 -2.49375e-16 0)
(1.1 -8.32077e-17 0)
(1.1 -7.61041e-16 0)
(1.1 -1.43613e-16 0)
(1.1 2.12567e-16 0)
(1.1 7.80507e-16 0)
(1.09922 8.80044e-16 0)
(1.1 -2.51127e-16 0)
(1.1 -5.82219e-16 0)
(1.1 -1.1902e-15 0)
(1.1 -8.21529e-16 0)
(1.1 -1.04756e-15 0)
(1.1 -8.79079e-16 0)
(1.1 -2.6221e-16 0)
(1.1 -7.85599e-16 0)
(1.1 -3.18259e-16 0)
(1.1 -4.20723e-16 0)
(1.1 -8.00929e-16 0)
(1.1 -6.70036e-16 0)
(1.1 6.53362e-17 0)
(1.1 -1.3754e-16 0)
(1.1 7.75473e-17 0)
(1.1 2.80642e-16 0)
(1.1 4.42222e-16 0)
(1.1 8.59472e-18 0)
(1.1 1.23151e-16 0)
(1.1 6.32547e-16 0)
(1.1 1.1555e-15 0)
(1.09922 2.23725e-15 0)
(1.1 -4.0047e-16 0)
(1.1 -7.0239e-16 0)
(1.1 -1.74977e-15 0)
(1.1 -1.3665e-15 0)
(1.1 -9.10645e-16 0)
(1.1 -1.00822e-15 0)
(1.1 -2.70285e-16 0)
(1.1 -1.0583e-16 0)
(1.1 3.16399e-16 0)
(1.1 1.60722e-16 0)
(1.1 -3.87041e-16 0)
(1.1 1.77844e-16 0)
(1.1 3.46869e-16 0)
(1.1 -6.20949e-17 0)
(1.1 8.15437e-16 0)
(1.1 1.11958e-15 0)
(1.1 1.4582e-15 0)
(1.1 1.76363e-15 0)
(1.1 2.0902e-15 0)
(1.1 5.96989e-15 0)
(1.1 7.95832e-15 0)
(1.09922 1.25314e-14 0)
(1.1 -1.37139e-16 0)
(1.1 -6.42446e-16 0)
(1.1 -6.16504e-16 0)
(1.1 -1.37821e-15 0)
(1.1 -1.22033e-15 0)
(1.1 -1.22861e-15 0)
(1.1 -8.12999e-16 0)
(1.1 -4.37777e-16 0)
(1.1 -5.95226e-16 0)
(1.1 -6.29134e-16 0)
(1.1 -4.41297e-16 0)
(1.1 5.92759e-17 0)
(1.1 9.48288e-16 0)
(1.1 3.17021e-16 0)
(1.1 3.22707e-16 0)
(1.1 7.00273e-16 0)
(1.1 2.45103e-15 0)
(1.1 3.62765e-15 0)
(1.1 5.39349e-15 0)
(1.1 1.46926e-14 0)
(1.1 2.41911e-14 0)
(1.09922 2.1832e-14 0)
(1.1 -1.89295e-16 0)
(1.1 -2.54678e-16 0)
(1.1 9.83844e-17 0)
(1.1 -1.094e-15 0)
(1.1 -1.87123e-15 0)
(1.1 -1.60842e-15 0)
(1.1 -1.13329e-15 0)
(1.1 -1.19861e-15 0)
(1.1 -2.5731e-15 0)
(1.1 -2.64712e-15 0)
(1.1 -2.0868e-15 0)
(1.1 -1.17705e-15 0)
(1.1 1.03659e-15 0)
(1.1 6.11852e-16 0)
(1.1 7.11905e-16 0)
(1.1 6.23028e-16 0)
(1.1 2.01205e-15 0)
(1.1 3.64099e-15 0)
(1.1 5.93327e-15 0)
(1.1 2.11984e-14 0)
(1.1 3.94502e-14 0)
(1.09922 -3.17101e-14 0)
(1.1 -4.68411e-16 0)
(1.1 -9.31188e-16 0)
(1.1 -7.04231e-15 0)
(1.1 -3.92216e-14 0)
(1.1 -1.75647e-13 0)
(1.1 -7.32518e-13 0)
(1.1 -2.48159e-12 0)
(1.1 -6.70236e-12 0)
(1.1 -1.50449e-11 0)
(1.1 -2.6524e-11 0)
(1.1 -3.22752e-11 0)
(1.1 -3.19204e-11 0)
(1.1 -2.80192e-11 0)
(1.1 -2.0034e-11 0)
(1.1 -1.13084e-11 0)
(1.1 -5.02934e-12 0)
(1.1 -1.74802e-12 0)
(1.1 -4.63528e-13 0)
(1.1 -9.67197e-14 0)
(1.1 7.43897e-15 0)
(1.1 4.20332e-14 0)
(1.09922 -3.4672e-12 0)
(1.1 -2.7631e-12 0)
(1.1 -2.63865e-11 0)
(1.1 -1.88047e-10 0)
(1.1 -1.01803e-09 0)
(1.1 -4.23291e-09 0)
(1.1 -1.38015e-08 0)
(1.1 -3.5259e-08 0)
(1.1 -7.35286e-08 0)
(1.1 -1.31744e-07 0)
(1.1 -1.98908e-07 0)
(1.1 -2.30997e-07 0)
(1.1 -2.29289e-07 0)
(1.1 -2.07864e-07 0)
(1.1 -1.61683e-07 0)
(1.1 -1.05724e-07 0)
(1.1 -5.77383e-08 0)
(1.1 -2.61665e-08 0)
(1.1 -9.50498e-09 0)
(1.1 -2.65088e-09 0)
(1.1 -5.10491e-10 0)
(1.1 -7.30648e-11 0)
(1.09922 -7.9406e-11 0)
(1.1 -3.50003e-08 0)
(1.1 -1.87333e-07 0)
(1.1 -7.80746e-07 0)
(1.1 -2.62158e-06 0)
(1.1 -7.18966e-06 0)
(1.1 -1.6426e-05 0)
(1.1 -3.14778e-05 0)
(1.1 -5.18175e-05 0)
(1.1 -7.60848e-05 0)
(1.1 -9.96874e-05 0)
(1.1 -0.0001101 0)
(1.1 -0.000109347 0)
(1.1 -0.000101598 0)
(1.1 -8.48058e-05 0)
(1.1 -6.28778e-05 0)
(1.1 -4.10638e-05 0)
(1.1 -2.35097e-05 0)
(1.1 -1.15399e-05 0)
(1.1 -4.72413e-06 0)
(1.1 -1.53585e-06 0)
(1.1 -3.24252e-07 0)
(1.09922 -6.9188e-08 0)
(1.09999 -3.01768e-05 0)
(1.09998 -9.56533e-05 0)
(1.09996 -0.000249117 0)
(1.09992 -0.000551475 0)
(1.09987 -0.00105544 0)
(1.09981 -0.00177573 0)
(1.09977 -0.00265893 0)
(1.09975 -0.00359173 0)
(1.09976 -0.00448163 0)
(1.09983 -0.00521352 0)
(1.09993 -0.0054925 0)
(1.09997 -0.00544558 0)
(1.10005 -0.0051535 0)
(1.10011 -0.00455503 0)
(1.10015 -0.00374098 0)
(1.10015 -0.00283098 0)
(1.10014 -0.00196329 0)
(1.1001 -0.00123208 0)
(1.10007 -0.000688575 0)
(1.10004 -0.000330502 0)
(1.10001 -0.000129152 0)
(1.09923 -3.13741e-05 0)
(1.09952 -0.00260287 0)
(1.09912 -0.00529475 0)
(1.09862 -0.0093447 0)
(1.0981 -0.01471 0)
(1.09766 -0.0210567 0)
(1.09743 -0.0277693 0)
(1.09749 -0.0342004 0)
(1.09777 -0.0396843 0)
(1.09817 -0.0439037 0)
(1.09897 -0.0467223 0)
(1.0997 -0.0474212 0)
(1.10012 -0.0468796 0)
(1.10076 -0.0449902 0)
(1.10131 -0.0415774 0)
(1.10165 -0.0369437 0)
(1.10184 -0.0313432 0)
(1.10184 -0.0251862 0)
(1.10164 -0.0190887 0)
(1.10134 -0.013527 0)
(1.101 -0.00874761 0)
(1.10068 -0.00517675 0)
(1.09956 -0.00189255 0)
(1.09408 -0.0350098 0)
(1.09244 -0.0503356 0)
(1.09134 -0.0662067 0)
(1.09079 -0.0812227 0)
(1.09077 -0.0947025 0)
(1.09146 -0.105848 0)
(1.09275 -0.114382 0)
(1.09442 -0.120316 0)
(1.0962 -0.123809 0)
(1.09837 -0.125116 0)
(1.09993 -0.124043 0)
(1.10143 -0.122146 0)
(1.10316 -0.118388 0)
(1.10462 -0.112727 0)
(1.10579 -0.105373 0)
(1.10679 -0.0964044 0)
(1.10715 -0.0857016 0)
(1.10683 -0.0740906 0)
(1.10638 -0.0617672 0)
(1.10568 -0.0490261 0)
(1.10486 -0.0374471 0)
(1.1029 -0.0210897 0)
(1.08129 -0.121261 0)
(1.08067 -0.139287 0)
(1.08104 -0.153848 0)
(1.08241 -0.164103 0)
(1.08453 -0.171012 0)
(1.08743 -0.175408 0)
(1.08992 -0.178124 0)
(1.09233 -0.179784 0)
(1.09528 -0.179727 0)
(1.09809 -0.177545 0)
(1.10013 -0.175076 0)
(1.10237 -0.172151 0)
(1.10484 -0.167887 0)
(1.10703 -0.16246 0)
(1.10882 -0.156301 0)
(1.11057 -0.148942 0)
(1.11219 -0.138551 0)
(1.1134 -0.126736 0)
(1.11357 -0.115125 0)
(1.11258 -0.103048 0)
(1.11187 -0.0911073 0)
(1.11073 -0.0678648 0)
(1.07043 -0.193403 0)
(1.07295 -0.199179 0)
(1.07732 -0.201962 0)
(1.08043 -0.203643 0)
(1.08212 -0.205747 0)
(1.08538 -0.206003 0)
(1.08909 -0.203855 0)
(1.0944 -0.199864 0)
(1.09884 -0.196213 0)
(1.10184 -0.192938 0)
(1.10531 -0.188416 0)
(1.10862 -0.183482 0)
(1.11153 -0.178831 0)
(1.11443 -0.173591 0)
(1.11748 -0.167074 0)
(1.11977 -0.159797 0)
(1.11959 -0.155141 0)
(1.11785 -0.15191 0)
(1.11776 -0.144309 0)
(1.11919 -0.13254 0)
(1.12029 -0.122548 0)
(1.11956 -0.105688 0)
(1.07062 -0.217211 0)
(1.07199 -0.218725 0)
(1.07519 -0.220122 0)
(1.07881 -0.218399 0)
(1.08466 -0.213379 0)
(1.08889 -0.209015 0)
(1.09222 -0.207447 0)
(1.09539 -0.206879 0)
(1.09884 -0.204365 0)
(1.10257 -0.200412 0)
(1.10594 -0.196404 0)
(1.10883 -0.192239 0)
(1.11181 -0.187813 0)
(1.11489 -0.183215 0)
(1.11757 -0.178157 0)
(1.11876 -0.17247 0)
(1.11977 -0.16571 0)
(1.12411 -0.154433 0)
(1.12477 -0.146747 0)
(1.12372 -0.144222 0)
(1.12321 -0.139562 0)
(1.12288 -0.126286 0)
(1.06812 -0.228158 0)
(1.07279 -0.224479 0)
(1.07752 -0.220096 0)
(1.08207 -0.21769 0)
(1.08598 -0.216743 0)
(1.08916 -0.213263 0)
(1.09278 -0.209729 0)
(1.09706 -0.206029 0)
(1.10093 -0.202363 0)
(1.10495 -0.198397 0)
(1.10829 -0.194192 0)
(1.11122 -0.189863 0)
(1.11441 -0.185598 0)
(1.1179 -0.180924 0)
(1.12102 -0.175555 0)
(1.12281 -0.169259 0)
(1.12553 -0.163418 0)
(1.1265 -0.158982 0)
(1.12616 -0.152632 0)
(1.12872 -0.142929 0)
(1.12916 -0.135624 0)
(1.12886 -0.124657 0)
(1.07039 -0.226691 0)
(1.07502 -0.224789 0)
(1.0789 -0.220943 0)
(1.08301 -0.217597 0)
(1.08726 -0.214348 0)
(1.09182 -0.210369 0)
(1.09565 -0.205314 0)
(1.09915 -0.200586 0)
(1.10328 -0.196894 0)
(1.10743 -0.192969 0)
(1.11104 -0.188346 0)
(1.11385 -0.18339 0)
(1.11682 -0.179923 0)
(1.12033 -0.177519 0)
(1.12346 -0.174249 0)
(1.12556 -0.169013 0)
(1.12841 -0.163369 0)
(1.12956 -0.157357 0)
(1.13092 -0.151383 0)
(1.13202 -0.144456 0)
(1.13157 -0.138038 0)
(1.13045 -0.128007 0)
(1.07269 -0.224203 0)
(1.07671 -0.220192 0)
(1.08129 -0.215674 0)
(1.08585 -0.211134 0)
(1.09058 -0.205961 0)
(1.09502 -0.201278 0)
(1.09837 -0.196595 0)
(1.10134 -0.191767 0)
(1.10534 -0.188384 0)
(1.10973 -0.184986 0)
(1.11346 -0.180804 0)
(1.11577 -0.176032 0)
(1.11828 -0.171738 0)
(1.12145 -0.169872 0)
(1.12474 -0.167883 0)
(1.12801 -0.165371 0)
(1.13075 -0.161451 0)
(1.13236 -0.155848 0)
(1.13454 -0.149657 0)
(1.13529 -0.143741 0)
(1.1348 -0.137939 0)
(1.13399 -0.127768 0)
(1.07568 -0.217992 0)
(1.08043 -0.212459 0)
(1.08473 -0.207026 0)
(1.08879 -0.202444 0)
(1.09339 -0.198238 0)
(1.09752 -0.194193 0)
(1.10114 -0.189603 0)
(1.10418 -0.184142 0)
(1.10789 -0.179843 0)
(1.11228 -0.176745 0)
(1.11609 -0.173225 0)
(1.11873 -0.169044 0)
(1.1206 -0.164266 0)
(1.12279 -0.160462 0)
(1.12557 -0.158528 0)
(1.12969 -0.157237 0)
(1.13337 -0.154227 0)
(1.13562 -0.150222 0)
(1.13727 -0.145617 0)
(1.13811 -0.140892 0)
(1.13806 -0.135131 0)
(1.13733 -0.125176 0)
(1.07917 -0.211143 0)
(1.08387 -0.206234 0)
(1.08747 -0.201179 0)
(1.09154 -0.196351 0)
(1.09611 -0.192424 0)
(1.10041 -0.188521 0)
(1.10421 -0.183936 0)
(1.10714 -0.178591 0)
(1.11014 -0.173305 0)
(1.11413 -0.169724 0)
(1.11794 -0.166486 0)
(1.12114 -0.162689 0)
(1.12351 -0.157887 0)
(1.12503 -0.152213 0)
(1.12761 -0.148189 0)
(1.13087 -0.146587 0)
(1.1343 -0.145247 0)
(1.13758 -0.143481 0)
(1.13989 -0.139923 0)
(1.14075 -0.134982 0)
(1.14097 -0.129487 0)
(1.13945 -0.120309 0)
(1.08201 -0.20558 0)
(1.08674 -0.201762 0)
(1.09064 -0.197279 0)
(1.09457 -0.191791 0)
(1.09881 -0.186807 0)
(1.10309 -0.182882 0)
(1.10703 -0.178925 0)
(1.11019 -0.174322 0)
(1.11288 -0.168729 0)
(1.1161 -0.163763 0)
(1.1199 -0.16031 0)
(1.1233 -0.156942 0)
(1.12581 -0.152981 0)
(1.12722 -0.147515 0)
(1.12884 -0.142142 0)
(1.13152 -0.139426 0)
(1.13525 -0.137197 0)
(1.13912 -0.135776 0)
(1.1414 -0.133735 0)
(1.14265 -0.130084 0)
(1.14408 -0.125872 0)
(1.14283 -0.117128 0)
(1.08462 -0.201197 0)
(1.08972 -0.197094 0)
(1.09421 -0.192941 0)
(1.09791 -0.18775 0)
(1.10143 -0.18213 0)
(1.10558 -0.177471 0)
(1.10987 -0.173604 0)
(1.11357 -0.169476 0)
(1.11635 -0.164248 0)
(1.11865 -0.158287 0)
(1.12196 -0.154105 0)
(1.12578 -0.15086 0)
(1.12886 -0.147324 0)
(1.13101 -0.142506 0)
(1.13223 -0.136748 0)
(1.1338 -0.132163 0)
(1.13627 -0.130255 0)
(1.13968 -0.128789 0)
(1.14282 -0.127088 0)
(1.14496 -0.124152 0)
(1.1465 -0.121108 0)
(1.14542 -0.114025 0)
(1.08787 -0.19673 0)
(1.09246 -0.19222 0)
(1.09708 -0.188298 0)
(1.10129 -0.183636 0)
(1.10478 -0.178007 0)
(1.10845 -0.172372 0)
(1.1125 -0.168004 0)
(1.11631 -0.164163 0)
(1.11936 -0.159499 0)
(1.12159 -0.153349 0)
(1.12428 -0.147685 0)
(1.1277 -0.144266 0)
(1.13085 -0.141215 0)
(1.1334 -0.13725 0)
(1.13462 -0.132377 0)
(1.13549 -0.12665 0)
(1.13778 -0.12347 0)
(1.14039 -0.121729 0)
(1.14358 -0.120141 0)
(1.14601 -0.117942 0)
(1.14815 -0.115207 0)
(1.14807 -0.109797 0)
(1.09094 -0.192696 0)
(1.09549 -0.18755 0)
(1.10016 -0.18319 0)
(1.1046 -0.178833 0)
(1.10829 -0.173749 0)
(1.11154 -0.167966 0)
(1.11521 -0.162771 0)
(1.11921 -0.158524 0)
(1.12257 -0.154115 0)
(1.12485 -0.14866 0)
(1.12686 -0.142308 0)
(1.12978 -0.137585 0)
(1.13312 -0.134478 0)
(1.13607 -0.131081 0)
(1.138 -0.126914 0)
(1.13866 -0.121336 0)
(1.13964 -0.116637 0)
(1.1416 -0.114501 0)
(1.14439 -0.112674 0)
(1.1474 -0.110956 0)
(1.14967 -0.108866 0)
(1.14981 -0.104736 0)
(1.09447 -0.188429 0)
(1.09866 -0.183144 0)
(1.10303 -0.178201 0)
(1.10746 -0.173755 0)
(1.11157 -0.169076 0)
(1.1151 -0.163598 0)
(1.11835 -0.157934 0)
(1.12182 -0.153153 0)
(1.12524 -0.14875 0)
(1.1281 -0.143741 0)
(1.13008 -0.137671 0)
(1.13201 -0.131811 0)
(1.135 -0.128106 0)
(1.13789 -0.125109 0)
(1.13996 -0.121671 0)
(1.14122 -0.116813 0)
(1.14169 -0.111115 0)
(1.14301 -0.107293 0)
(1.14506 -0.105508 0)
(1.14781 -0.104302 0)
(1.15077 -0.102655 0)
(1.15128 -0.0991502 0)
(1.09782 -0.184095 0)
(1.10208 -0.178794 0)
(1.10622 -0.173354 0)
(1.11058 -0.168456 0)
(1.11482 -0.163899 0)
(1.11843 -0.159001 0)
(1.12161 -0.153397 0)
(1.12493 -0.147743 0)
(1.12824 -0.142902 0)
(1.13119 -0.138299 0)
(1.13341 -0.132924 0)
(1.13494 -0.126764 0)
(1.13723 -0.121693 0)
(1.14016 -0.118399 0)
(1.1427 -0.115166 0)
(1.14433 -0.111313 0)
(1.1447 -0.106161 0)
(1.14479 -0.100935 0)
(1.14629 -0.0982901 0)
(1.14852 -0.0968399 0)
(1.15188 -0.0956183 0)
(1.15265 -0.0929983 0)
(1.10121 -0.179628 0)
(1.10562 -0.174435 0)
(1.10959 -0.168802 0)
(1.11358 -0.163471 0)
(1.1178 -0.158674 0)
(1.12179 -0.153866 0)
(1.1251 -0.148574 0)
(1.12792 -0.142779 0)
(1.13092 -0.137346 0)
(1.13402 -0.132563 0)
(1.13649 -0.127716 0)
(1.13813 -0.122083 0)
(1.13967 -0.116082 0)
(1.14191 -0.111932 0)
(1.1444 -0.108845 0)
(1.14627 -0.105609 0)
(1.14716 -0.101352 0)
(1.14699 -0.0958061 0)
(1.14774 -0.0914291 0)
(1.14925 -0.0895525 0)
(1.1523 -0.0884795 0)
(1.15369 -0.0862288 0)
(1.10462 -0.175099 0)
(1.10905 -0.170067 0)
(1.11308 -0.164451 0)
(1.11708 -0.158595 0)
(1.12112 -0.153267 0)
(1.12489 -0.148526 0)
(1.12837 -0.143496 0)
(1.13135 -0.137708 0)
(1.13403 -0.131831 0)
(1.13689 -0.126694 0)
(1.1395 -0.122057 0)
(1.14135 -0.117107 0)
(1.14264 -0.111162 0)
(1.1442 -0.105706 0)
(1.14651 -0.102055 0)
(1.14859 -0.0989717 0)
(1.14989 -0.0954869 0)
(1.14986 -0.0907045 0)
(1.14952 -0.0854527 0)
(1.15034 -0.082658 0)
(1.15243 -0.0816516 0)
(1.15418 -0.0795808 0)
(1.10798 -0.170599 0)
(1.11264 -0.165467 0)
(1.11674 -0.159992 0)
(1.12047 -0.154179 0)
(1.12425 -0.148405 0)
(1.12812 -0.143103 0)
(1.13166 -0.138014 0)
(1.13456 -0.132572 0)
(1.13709 -0.126644 0)
(1.13969 -0.121044 0)
(1.14231 -0.116249 0)
(1.1445 -0.111598 0)
(1.14589 -0.106235 0)
(1.14682 -0.100311 0)
(1.14841 -0.0956743 0)
(1.15031 -0.0924893 0)
(1.15174 -0.0893904 0)
(1.15226 -0.0854016 0)
(1.15184 -0.0802221 0)
(1.15197 -0.0759236 0)
(1.15337 -0.0744974 0)
(1.15501 -0.0724128 0)
(1.11154 -0.166053 0)
(1.11604 -0.160848 0)
(1.12027 -0.155503 0)
(1.12435 -0.149637 0)
(1.12798 -0.14361 0)
(1.13137 -0.13792 0)
(1.13481 -0.132505 0)
(1.13782 -0.127112 0)
(1.14036 -0.121324 0)
(1.14284 -0.115415 0)
(1.14523 -0.110287 0)
(1.14745 -0.105719 0)
(1.14902 -0.100886 0)
(1.14983 -0.0952115 0)
(1.15076 -0.0896437 0)
(1.15237 -0.0857372 0)
(1.15386 -0.0827119 0)
(1.15463 -0.0794192 0)
(1.15437 -0.0750304 0)
(1.15357 -0.0700508 0)
(1.15419 -0.0678324 0)
(1.15509 -0.0660126 0)
(1.11513 -0.1618 0)
(1.11973 -0.156077 0)
(1.124 -0.150663 0)
(1.12792 -0.145121 0)
(1.13154 -0.139167 0)
(1.13489 -0.133022 0)
(1.1381 -0.127077 0)
(1.14106 -0.121479 0)
(1.14356 -0.115897 0)
(1.14587 -0.110089 0)
(1.14813 -0.104577 0)
(1.15035 -0.0997076 0)
(1.15211 -0.0950517 0)
(1.15305 -0.0898677 0)
(1.15349 -0.0841379 0)
(1.15435 -0.0793702 0)
(1.15569 -0.0760807 0)
(1.15661 -0.073082 0)
(1.15678 -0.0694029 0)
(1.15587 -0.0645831 0)
(1.15576 -0.0608912 0)
(1.15597 -0.058989 0)
(1.11915 -0.157581 0)
(1.12326 -0.151635 0)
(1.12755 -0.145905 0)
(1.13179 -0.140213 0)
(1.13542 -0.13442 0)
(1.13863 -0.128221 0)
(1.1415 -0.12193 0)
(1.1442 -0.116 0)
(1.14689 -0.110271 0)
(1.14926 -0.104553 0)
(1.15128 -0.0989634 0)
(1.15319 -0.093818 0)
(1.15492 -0.0890833 0)
(1.15602 -0.0842036 0)
(1.15649 -0.0787127 0)
(1.1567 -0.073428 0)
(1.15753 -0.069528 0)
(1.15839 -0.0665638 0)
(1.15875 -0.0634317 0)
(1.15802 -0.0593539 0)
(1.15708 -0.0548581 0)
(1.15654 -0.0525824 0)
(1.12319 -0.153501 0)
(1.12741 -0.147149 0)
(1.13142 -0.141092 0)
(1.13542 -0.135303 0)
(1.13909 -0.129555 0)
(1.14234 -0.123383 0)
(1.14524 -0.116818 0)
(1.14771 -0.110507 0)
(1.15015 -0.104669 0)
(1.15244 -0.0990696 0)
(1.15447 -0.0934601 0)
(1.15622 -0.0879629 0)
(1.1578 -0.0829168 0)
(1.1589 -0.078175 0)
(1.15943 -0.073129 0)
(1.15944 -0.0677918 0)
(1.15974 -0.0631083 0)
(1.16034 -0.0597718 0)
(1.16073 -0.0568845 0)
(1.16029 -0.0534895 0)
(1.15902 -0.0490911 0)
(1.15773 -0.0457713 0)
(1.12725 -0.149321 0)
(1.13132 -0.14304 0)
(1.13539 -0.136532 0)
(1.13932 -0.130276 0)
(1.14298 -0.124326 0)
(1.14616 -0.118244 0)
(1.14884 -0.111846 0)
(1.15121 -0.105316 0)
(1.15364 -0.0990639 0)
(1.15587 -0.0933336 0)
(1.15775 -0.087832 0)
(1.15924 -0.0822921 0)
(1.16054 -0.076934 0)
(1.16158 -0.0720331 0)
(1.16215 -0.0672694 0)
(1.16205 -0.0623223 0)
(1.16185 -0.0573618 0)
(1.16204 -0.053402 0)
(1.16233 -0.0503934 0)
(1.16201 -0.0474153 0)
(1.16088 -0.0436801 0)
(1.15866 -0.0394935 0)
(1.13152 -0.14483 0)
(1.13572 -0.138578 0)
(1.13958 -0.13201 0)
(1.14323 -0.125459 0)
(1.14668 -0.119188 0)
(1.14998 -0.112902 0)
(1.1528 -0.10649 0)
(1.15508 -0.0999943 0)
(1.15721 -0.093606 0)
(1.15926 -0.0876733 0)
(1.16111 -0.0820346 0)
(1.16255 -0.0764041 0)
(1.16359 -0.0708581 0)
(1.16436 -0.0657927 0)
(1.16494 -0.061071 0)
(1.165 -0.0563639 0)
(1.16465 -0.0514504 0)
(1.16429 -0.0470212 0)
(1.16425 -0.0436889 0)
(1.16389 -0.0408661 0)
(1.16292 -0.0378008 0)
(1.16001 -0.033219 0)
(1.1355 -0.140327 0)
(1.13984 -0.134123 0)
(1.14382 -0.127444 0)
(1.1474 -0.120599 0)
(1.15063 -0.113971 0)
(1.15369 -0.107554 0)
(1.15646 -0.101177 0)
(1.15887 -0.0946792 0)
(1.16097 -0.0881543 0)
(1.16279 -0.0820022 0)
(1.16437 -0.0762341 0)
(1.16556 -0.0706522 0)
(1.16644 -0.065036 0)
(1.16706 -0.0596896 0)
(1.1675 -0.0548626 0)
(1.16746 -0.0504183 0)
(1.167 -0.0458447 0)
(1.1663 -0.0412776 0)
(1.16588 -0.0374753 0)
(1.16541 -0.0344857 0)
(1.16459 -0.0317709 0)
(1.16134 -0.0271975 0)
(1.13987 -0.135576 0)
(1.14424 -0.129272 0)
(1.14812 -0.122668 0)
(1.1515 -0.115803 0)
(1.15467 -0.108817 0)
(1.15775 -0.101993 0)
(1.16046 -0.095516 0)
(1.16278 -0.0891393 0)
(1.16479 -0.0826456 0)
(1.16648 -0.0762729 0)
(1.16794 -0.0701762 0)
(1.169 -0.0644457 0)
(1.16966 -0.0588619 0)
(1.17001 -0.0534395 0)
(1.17031 -0.0484443 0)
(1.17026 -0.0440184 0)
(1.16983 -0.039662 0)
(1.16892 -0.0351927 0)
(1.168 -0.0311164 0)
(1.16717 -0.0279024 0)
(1.16624 -0.0254538 0)
(1.16274 -0.0211052 0)
(1.144 -0.131129 0)
(1.14841 -0.124595 0)
(1.15247 -0.11772 0)
(1.15584 -0.110708 0)
(1.15872 -0.103672 0)
(1.16152 -0.0967476 0)
(1.16421 -0.0900587 0)
(1.1666 -0.0835225 0)
(1.16851 -0.0770279 0)
(1.16992 -0.0706539 0)
(1.17104 -0.0644555 0)
(1.17188 -0.0585707 0)
(1.17245 -0.0528782 0)
(1.17265 -0.0473988 0)
(1.17274 -0.0422987 0)
(1.17253 -0.0378254 0)
(1.17202 -0.0335948 0)
(1.17101 -0.0293193 0)
(1.16983 -0.0251287 0)
(1.16871 -0.0215717 0)
(1.16782 -0.0189874 0)
(1.16409 -0.0149056 0)
(1.14898 -0.126291 0)
(1.15316 -0.119577 0)
(1.15688 -0.112684 0)
(1.16016 -0.105554 0)
(1.16321 -0.0982396 0)
(1.16597 -0.0910968 0)
(1.16838 -0.0843277 0)
(1.17056 -0.0777091 0)
(1.17241 -0.0711231 0)
(1.17375 -0.0646246 0)
(1.17471 -0.0582636 0)
(1.17532 -0.0522005 0)
(1.17569 -0.0464048 0)
(1.1757 -0.0409203 0)
(1.17552 -0.0357901 0)
(1.17506 -0.03125 0)
(1.17444 -0.0270266 0)
(1.17334 -0.022927 0)
(1.17191 -0.0188811 0)
(1.17036 -0.0151761 0)
(1.16916 -0.0126521 0)
(1.16523 -0.00871586 0)
(1.15324 -0.121956 0)
(1.15771 -0.114776 0)
(1.16162 -0.107465 0)
(1.16467 -0.100266 0)
(1.16735 -0.0930394 0)
(1.16994 -0.0858246 0)
(1.17235 -0.0787764 0)
(1.17438 -0.0719303 0)
(1.17594 -0.0653147 0)
(1.177 -0.058847 0)
(1.17776 -0.0524061 0)
(1.17814 -0.0462214 0)
(1.1783 -0.0403411 0)
(1.17811 -0.0348368 0)
(1.17782 -0.0295777 0)
(1.17718 -0.0248641 0)
(1.17636 -0.0205831 0)
(1.17511 -0.0166131 0)
(1.1736 -0.0126925 0)
(1.1718 -0.00892711 0)
(1.17062 -0.00610441 0)
(1.1664 -0.00232018 0)
(1.15882 -0.116772 0)
(1.16269 -0.109642 0)
(1.16642 -0.102258 0)
(1.1698 -0.0947424 0)
(1.17268 -0.0872435 0)
(1.17505 -0.0798825 0)
(1.17706 -0.0727323 0)
(1.1788 -0.0657754 0)
(1.18021 -0.0590139 0)
(1.18117 -0.0523828 0)
(1.18175 -0.0458252 0)
(1.18184 -0.0396216 0)
(1.18169 -0.0337412 0)
(1.18118 -0.0282519 0)
(1.18055 -0.0229821 0)
(1.17955 -0.0182016 0)
(1.17843 -0.0138611 0)
(1.17694 -0.00997923 0)
(1.17518 -0.00629903 0)
(1.1731 -0.00264435 0)
(1.17159 0.000177168 0)
(1.1672 0.00393777 0)
(1.16328 -0.111985 0)
(1.16753 -0.104351 0)
(1.171 -0.0970536 0)
(1.17409 -0.0897021 0)
(1.17695 -0.0820218 0)
(1.17925 -0.0743678 0)
(1.18113 -0.0669932 0)
(1.18272 -0.0598805 0)
(1.18397 -0.0529882 0)
(1.18468 -0.0463012 0)
(1.18503 -0.039713 0)
(1.18491 -0.0334947 0)
(1.18461 -0.0275247 0)
(1.1839 -0.021951 0)
(1.18305 -0.0165997 0)
(1.18178 -0.0117329 0)
(1.18041 -0.00726375 0)
(1.17869 -0.00333006 0)
(1.17679 0.000304185 0)
(1.17445 0.0038194 0)
(1.1727 0.00668618 0)
(1.168 0.0103387 0)
(1.16804 -0.10704 0)
(1.17238 -0.0991279 0)
(1.17661 -0.0912709 0)
(1.17981 -0.0837637 0)
(1.1823 -0.0761298 0)
(1.18448 -0.0682832 0)
(1.18629 -0.060628 0)
(1.18758 -0.0534156 0)
(1.18867 -0.0464038 0)
(1.18941 -0.0395306 0)
(1.18964 -0.0328614 0)
(1.18914 -0.0266946 0)
(1.18842 -0.0207485 0)
(1.18738 -0.0151488 0)
(1.18628 -0.00974957 0)
(1.18466 -0.00488154 0)
(1.18283 -0.000431757 0)
(1.18068 0.0034555 0)
(1.17846 0.00697963 0)
(1.17585 0.0103484 0)
(1.17379 0.0131574 0)
(1.16869 0.0166632 0)
(1.17321 -0.101973 0)
(1.17691 -0.094095 0)
(1.18059 -0.086307 0)
(1.18401 -0.0783734 0)
(1.18675 -0.0703769 0)
(1.1887 -0.0625406 0)
(1.19031 -0.0547731 0)
(1.19162 -0.0472401 0)
(1.19259 -0.0400425 0)
(1.19306 -0.0332058 0)
(1.1932 -0.0264969 0)
(1.1927 -0.0201558 0)
(1.19188 -0.01403 0)
(1.19053 -0.00843352 0)
(1.18911 -0.00309436 0)
(1.18732 0.00181986 0)
(1.1854 0.00644261 0)
(1.18309 0.0104574 0)
(1.18064 0.0139876 0)
(1.17768 0.0171552 0)
(1.17528 0.0198661 0)
(1.16976 0.0232243 0)
(1.17853 -0.0971601 0)
(1.1825 -0.0885992 0)
(1.18582 -0.08043 0)
(1.18864 -0.0725269 0)
(1.19115 -0.0645874 0)
(1.19327 -0.0565421 0)
(1.19492 -0.0484678 0)
(1.19599 -0.0407343 0)
(1.1967 -0.0334313 0)
(1.19695 -0.0265709 0)
(1.19701 -0.0197978 0)
(1.1964 -0.0133463 0)
(1.19545 -0.00709163 0)
(1.1939 -0.00141863 0)
(1.19225 0.00392901 0)
(1.19021 0.00880807 0)
(1.18802 0.0134223 0)
(1.18544 0.017432 0)
(1.18277 0.0209539 0)
(1.17958 0.0240013 0)
(1.17693 0.026667 0)
(1.17103 0.0298607 0)
)
;

boundaryField
{
    inlet
    {
        type            uniformFixedValue;
        uniformValue    table
        
2
(
(0 (1.1 0 0))
(8 (3 0 0))
)
;
        value           nonuniform 0();
    }
    outlet
    {
        type            inletOutlet;
        inletValue      uniform (3 0 0);
        value           nonuniform List<vector> 
146
(
(1.17216 0.034898 0)
(1.17283 0.0381642 0)
(1.17328 0.0413911 0)
(1.17362 0.0446211 0)
(1.17392 0.0478411 0)
(1.17425 0.0510694 0)
(1.1746 0.0543021 0)
(1.17493 0.0575275 0)
(1.17526 0.0607633 0)
(1.17553 0.0639929 0)
(1.17578 0.067242 0)
(1.17599 0.0705089 0)
(1.17616 0.0738006 0)
(1.17634 0.077122 0)
(1.17652 0.0804573 0)
(1.17671 0.0837885 0)
(1.17688 0.0871149 0)
(1.177 0.0904171 0)
(1.17712 0.093754 0)
(1.17721 0.09712 0)
(1.17731 0.10056 0)
(1.17737 0.104046 0)
(1.17739 0.107554 0)
(1.17738 0.111058 0)
(1.17733 0.11453 0)
(1.17724 0.117975 0)
(1.09922 -1.124e-16 0)
(1.09922 -2.2725e-16 0)
(1.09922 -4.15627e-16 0)
(1.09922 -2.78921e-16 0)
(1.09922 -1.57918e-16 0)
(1.09922 4.10265e-16 0)
(1.09922 7.89268e-16 0)
(1.09922 6.13184e-16 0)
(1.09922 4.68696e-16 0)
(1.09922 5.83914e-16 0)
(1.09922 1.12375e-15 0)
(1.09922 1.1607e-15 0)
(1.09922 5.92789e-16 0)
(1.09922 4.6658e-17 0)
(1.09922 1.39327e-16 0)
(1.09922 -1.87539e-16 0)
(1.09922 -2.27488e-16 0)
(1.09922 -1.36104e-17 0)
(1.09922 -9.65607e-17 0)
(1.09922 -2.48245e-16 0)
(1.09922 -4.395e-16 0)
(1.09922 -5.08239e-16 0)
(1.09922 -2.2324e-16 0)
(1.09922 -2.94125e-16 0)
(1.09922 -5.15228e-16 0)
(1.09922 3.37628e-17 0)
(1.09922 2.12369e-16 0)
(1.09922 -8.31986e-17 0)
(1.09922 -2.96209e-16 0)
(1.09922 -2.06433e-16 0)
(1.09922 -2.50577e-16 0)
(1.09922 -2.00998e-16 0)
(1.09922 3.6364e-16 0)
(1.09922 7.48032e-16 0)
(1.09922 5.69922e-16 0)
(1.09922 2.77594e-16 0)
(1.09922 1.06581e-15 0)
(1.09922 7.63394e-16 0)
(1.09922 3.48578e-16 0)
(1.09922 1.84772e-17 0)
(1.09922 -5.17029e-16 0)
(1.09922 -8.76986e-17 0)
(1.09922 3.84824e-16 0)
(1.09922 1.00301e-15 0)
(1.09922 1.11247e-15 0)
(1.09922 3.76662e-16 0)
(1.09922 -2.93354e-16 0)
(1.09922 -1.38972e-16 0)
(1.09922 -7.29344e-16 0)
(1.09922 -1.06637e-15 0)
(1.09922 -1.00674e-15 0)
(1.09922 -8.70141e-16 0)
(1.09922 -7.25767e-16 0)
(1.09922 -6.5051e-16 0)
(1.09922 -6.46115e-16 0)
(1.09922 -5.18078e-16 0)
(1.09922 -4.33779e-16 0)
(1.09922 -1.92481e-16 0)
(1.09922 -9.15704e-17 0)
(1.09922 -1.68009e-16 0)
(1.09922 9.05721e-17 0)
(1.09922 8.30207e-16 0)
(1.09922 1.32842e-15 0)
(1.09922 1.13632e-15 0)
(1.09922 7.34379e-16 0)
(1.09922 3.42041e-16 0)
(1.09922 -3.19126e-16 0)
(1.09922 -2.24351e-16 0)
(1.09922 1.22003e-16 0)
(1.09922 1.05842e-17 0)
(1.09922 2.20647e-16 0)
(1.09922 8.72953e-16 0)
(1.09922 8.66217e-16 0)
(1.09922 7.11522e-16 0)
(1.09922 7.1865e-16 0)
(1.09922 7.34725e-16 0)
(1.09922 8.80044e-16 0)
(1.09922 2.23725e-15 0)
(1.09922 1.25314e-14 0)
(1.09922 2.1832e-14 0)
(1.09922 -3.17101e-14 0)
(1.09922 -3.4672e-12 0)
(1.09922 -7.9406e-11 0)
(1.09922 -6.9188e-08 0)
(1.09923 -3.13741e-05 0)
(1.09956 -0.00189255 0)
(1.1029 -0.0210897 0)
(1.11073 -0.0678648 0)
(1.11956 -0.105688 0)
(1.12288 -0.126286 0)
(1.12886 -0.124657 0)
(1.13045 -0.128007 0)
(1.13399 -0.127768 0)
(1.13733 -0.125176 0)
(1.13945 -0.120309 0)
(1.14283 -0.117128 0)
(1.14542 -0.114025 0)
(1.14807 -0.109797 0)
(1.14981 -0.104736 0)
(1.15128 -0.0991502 0)
(1.15265 -0.0929983 0)
(1.15369 -0.0862288 0)
(1.15418 -0.0795808 0)
(1.15501 -0.0724128 0)
(1.15509 -0.0660126 0)
(1.15597 -0.058989 0)
(1.15654 -0.0525824 0)
(1.15773 -0.0457713 0)
(1.15866 -0.0394935 0)
(1.16001 -0.033219 0)
(1.16134 -0.0271975 0)
(1.16274 -0.0211052 0)
(1.16409 -0.0149056 0)
(1.16523 -0.00871586 0)
(1.1664 -0.00232018 0)
(1.1672 0.00393777 0)
(1.168 0.0103387 0)
(1.16869 0.0166632 0)
(1.16976 0.0232243 0)
(1.17103 0.0298607 0)
)
;
    }
    triangle
    {
        type            slip;
    }
    top
    {
        type            symmetryPlane;
    }
    bottom
    {
        type            symmetryPlane;
    }
    defaultFaces
    {
        type            empty;
    }
    procBoundary7to6
    {
        type            processor;
        value           nonuniform List<vector> 
147
(
(1.17834 -0.102073 0)
(1.18093 -0.0996837 0)
(1.18382 -0.0970379 0)
(1.18645 -0.0944194 0)
(1.18906 -0.0917391 0)
(1.19182 -0.0889766 0)
(1.19448 -0.0862741 0)
(1.19734 -0.0834766 0)
(1.20011 -0.0807322 0)
(1.20297 -0.0779128 0)
(1.20581 -0.0751138 0)
(1.2088 -0.0722389 0)
(1.21177 -0.0694268 0)
(1.21494 -0.0664793 0)
(1.21782 -0.0637576 0)
(1.22109 -0.0607137 0)
(1.22385 -0.0580872 0)
(1.22734 -0.0549105 0)
(1.2302 -0.0521571 0)
(1.23382 -0.0487679 0)
(1.23683 -0.0456698 0)
(1.2403 -0.0421654 0)
(1.24343 -0.0389726 0)
(1.24675 -0.0357672 0)
(1.25004 -0.0327343 0)
(1.25358 -0.0293989 0)
(1.25724 -0.0257734 0)
(1.1 -1.12895e-16 0)
(1.1 -5.90283e-16 0)
(1.1 -1.08337e-15 0)
(1.1 -6.58205e-16 0)
(1.1 -1.18292e-15 0)
(1.1 -2.31837e-15 0)
(1.1 -2.9306e-15 0)
(1.1 -2.56784e-15 0)
(1.1 -2.0498e-15 0)
(1.1 -1.26799e-15 0)
(1.1 -1.0838e-15 0)
(1.1 -1.77828e-15 0)
(1.1 -1.30007e-15 0)
(1.1 -1.06754e-15 0)
(1.1 -1.10408e-15 0)
(1.1 -3.45409e-16 0)
(1.1 1.84739e-17 0)
(1.1 2.90675e-16 0)
(1.1 3.606e-16 0)
(1.1 3.5194e-16 0)
(1.1 5.02343e-16 0)
(1.1 -3.40746e-16 0)
(1.1 -1.64342e-16 0)
(1.1 4.79805e-16 0)
(1.1 -2.68334e-16 0)
(1.1 -1.06716e-15 0)
(1.1 -5.66351e-16 0)
(1.1 -4.71225e-16 0)
(1.1 -4.65017e-16 0)
(1.1 2.98596e-17 0)
(1.1 5.35123e-16 0)
(1.1 7.29189e-16 0)
(1.1 -1.75482e-16 0)
(1.1 6.35716e-17 0)
(1.1 6.0625e-16 0)
(1.1 6.96773e-16 0)
(1.1 1.23294e-15 0)
(1.1 1.09977e-15 0)
(1.1 6.28468e-16 0)
(1.1 6.4195e-16 0)
(1.1 5.36259e-16 0)
(1.1 -3.52817e-16 0)
(1.1 -9.11381e-16 0)
(1.1 -7.78966e-16 0)
(1.1 -9.93792e-16 0)
(1.1 -6.6961e-16 0)
(1.1 -4.72853e-16 0)
(1.1 -6.09608e-16 0)
(1.1 -4.65207e-16 0)
(1.1 2.89503e-18 0)
(1.1 -8.44995e-17 0)
(1.1 -1.5057e-16 0)
(1.1 -5.52917e-16 0)
(1.1 -3.21028e-16 0)
(1.1 2.77819e-16 0)
(1.1 1.31355e-16 0)
(1.1 7.07164e-17 0)
(1.1 7.43249e-16 0)
(1.1 1.33905e-15 0)
(1.1 9.27686e-16 0)
(1.1 1.99391e-16 0)
(1.1 -6.75256e-17 0)
(1.1 -1.1432e-16 0)
(1.1 -2.45662e-16 0)
(1.1 3.33794e-17 0)
(1.1 -1.1822e-16 0)
(1.1 -4.20229e-16 0)
(1.1 -1.37746e-17 0)
(1.1 1.57312e-17 0)
(1.1 -6.8008e-16 0)
(1.1 -9.33577e-17 0)
(1.1 1.39706e-15 0)
(1.1 1.85654e-15 0)
(1.1 1.21155e-15 0)
(1.1 4.43309e-16 0)
(1.1 -2.15179e-16 0)
(1.1 -8.62924e-16 0)
(1.1 -1.09303e-15 0)
(1.1 -1.80634e-15 0)
(1.1 -1.20666e-15 0)
(1.1 -8.57184e-16 0)
(1.1 -5.53302e-16 0)
(1.1 -2.21937e-13 0)
(1.1 -4.89652e-09 0)
(1.1 -7.62275e-06 0)
(1.09978 -0.0010893 0)
(1.09588 -0.0218983 0)
(1.08277 -0.0999379 0)
(1.0695 -0.182081 0)
(1.06554 -0.217429 0)
(1.06484 -0.228756 0)
(1.06562 -0.230166 0)
(1.06807 -0.228864 0)
(1.07086 -0.222452 0)
(1.0741 -0.21516 0)
(1.07686 -0.209592 0)
(1.07979 -0.205865 0)
(1.08341 -0.202092 0)
(1.0866 -0.197933 0)
(1.08988 -0.193464 0)
(1.09304 -0.188974 0)
(1.09636 -0.184445 0)
(1.09973 -0.179975 0)
(1.10308 -0.175772 0)
(1.10684 -0.171644 0)
(1.11062 -0.167744 0)
(1.11476 -0.163692 0)
(1.11858 -0.159678 0)
(1.12271 -0.155284 0)
(1.12663 -0.150906 0)
(1.13083 -0.146328 0)
(1.13503 -0.141976 0)
(1.13955 -0.137609 0)
(1.14433 -0.133256 0)
(1.14888 -0.128933 0)
(1.15457 -0.123941 0)
(1.15866 -0.119753 0)
(1.16421 -0.114722 0)
(1.16915 -0.110105 0)
(1.17421 -0.105622 0)
)
;
    }
    procBoundary7to15
    {
        type            processor;
        value           nonuniform List<vector> 
23
(
(1.23323 0.103087 0)
(1.22698 0.107544 0)
(1.22059 0.111252 0)
(1.21425 0.11503 0)
(1.20738 0.117444 0)
(1.20079 0.120027 0)
(1.19374 0.120721 0)
(1.18779 0.121979 0)
(1.17709 0.121391 0)
(1.26325 -0.0106061 0)
(1.26526 0.000387618 0)
(1.26703 0.0116311 0)
(1.26759 0.0227251 0)
(1.26733 0.0334668 0)
(1.26621 0.0436523 0)
(1.26501 0.0542262 0)
(1.26259 0.0641719 0)
(1.25931 0.0725021 0)
(1.25549 0.0800593 0)
(1.2509 0.0876245 0)
(1.24582 0.0944525 0)
(1.23323 0.103087 0)
(1.24065 0.10165 0)
)
;
    }
}


// ************************************************************************* //
