/*--------------------------------*- C++ -*----------------------------------*\
  =========                 |
  \\      /  F ield         | OpenFOAM: The Open Source CFD Toolbox
   \\    /   O peration     | Website:  https://openfoam.org
    \\  /    A nd           | Version:  7
     \\/     M anipulation  |
\*---------------------------------------------------------------------------*/
FoamFile
{
    version     2.0;
    format      ascii;
    class       labelList;
    location    "constant/polyMesh";
    object      faceProcAddressing;
}
// * * * * * * * * * * * * * * * * * * * * * * * * * * * * * * * * * * * * * //


13049
(
62301
62302
62303
62304
62305
62306
62307
62308
62309
62310
62311
62312
62313
62314
62315
62316
62317
62318
62319
62320
62321
62322
62323
62324
62325
62326
62327
62328
62329
62330
62331
62332
62333
62334
62335
62336
62337
62338
62339
62340
62341
62342
62343
62344
62345
62346
62347
62348
62349
62350
62351
62352
62353
62354
62355
62357
62358
62360
62361
62363
62364
62366
62367
62369
62370
62372
62373
62375
62376
62378
62381
62541
62543
62545
62547
62549
62551
62553
62555
62557
62559
62561
62563
62565
62567
62569
62571
62573
172201
172202
172203
172204
172205
172206
172207
172208
172209
172210
172211
172212
172213
172214
172215
172216
172217
172218
172219
172220
172221
172222
172223
172224
172225
172226
172227
172228
172229
172230
172231
172232
172233
172234
172235
172236
172237
172238
172239
172240
172241
172242
172243
172244
172245
172246
172247
172248
172249
172250
172252
172361
172362
172363
172364
172365
172366
172367
172368
172369
172370
172371
172372
172373
172374
172375
172376
172377
172378
172379
172380
172381
172382
172383
172384
172385
172386
172387
172388
172389
172390
172391
172392
172393
172394
172395
172396
172397
172398
172399
172400
172401
172402
172403
172404
172405
172406
172407
172408
172409
172410
172412
172521
172522
172523
172524
172525
172526
172527
172528
172529
172530
172531
172532
172533
172534
172535
172536
172537
172538
172539
172540
172541
172542
172543
172544
172545
172546
172547
172548
172549
172550
172551
172552
172553
172554
172555
172556
172557
172558
172559
172560
172561
172562
172563
172564
172565
172566
172567
172568
172569
172570
172572
172681
172682
172683
172684
172685
172686
172687
172688
172689
172690
172691
172692
172693
172694
172695
172696
172697
172698
172699
172700
172701
172702
172703
172704
172705
172706
172707
172708
172709
172710
172711
172712
172713
172714
172715
172716
172717
172718
172719
172720
172721
172722
172723
172724
172725
172726
172727
172728
172729
172730
172732
172841
172842
172843
172844
172845
172846
172847
172848
172849
172850
172851
172852
172853
172854
172855
172856
172857
172858
172859
172860
172861
172862
172863
172864
172865
172866
172867
172868
172869
172870
172871
172872
172873
172874
172875
172876
172877
172878
172879
172880
172881
172882
172883
172884
172885
172886
172887
172888
172889
172890
172892
173001
173002
173003
173004
173005
173006
173007
173008
173009
173010
173011
173012
173013
173014
173015
173016
173017
173018
173019
173020
173021
173022
173023
173024
173025
173026
173027
173028
173029
173030
173031
173032
173033
173034
173035
173036
173037
173038
173039
173040
173041
173042
173043
173044
173045
173046
173047
173048
173049
173050
173052
173161
173162
173163
173164
173165
173166
173167
173168
173169
173170
173171
173172
173173
173174
173175
173176
173177
173178
173179
173180
173181
173182
173183
173184
173185
173186
173187
173188
173189
173190
173191
173192
173193
173194
173195
173196
173197
173198
173199
173200
173201
173202
173203
173204
173205
173206
173207
173208
173209
173210
173212
173321
173322
173323
173324
173325
173326
173327
173328
173329
173330
173331
173332
173333
173334
173335
173336
173337
173338
173339
173340
173341
173342
173343
173344
173345
173346
173347
173348
173349
173350
173351
173352
173353
173354
173355
173356
173357
173358
173359
173360
173361
173362
173363
173364
173365
173366
173367
173368
173369
173370
173372
173481
173482
173483
173484
173485
173486
173487
173488
173489
173490
173491
173492
173493
173494
173495
173496
173497
173498
173499
173500
173501
173502
173503
173504
173505
173506
173507
173508
173509
173510
173511
173512
173513
173514
173515
173516
173517
173518
173519
173520
173521
173522
173523
173524
173525
173526
173527
173528
173529
173530
173532
173641
173642
173643
173644
173645
173646
173647
173648
173649
173650
173651
173652
173653
173654
173655
173656
173657
173658
173659
173660
173661
173662
173663
173664
173665
173666
173667
173668
173669
173670
173671
173672
173673
173674
173675
173676
173677
173678
173679
173680
173681
173682
173683
173684
173685
173686
173687
173688
173689
173690
173692
173801
173802
173803
173804
173805
173806
173807
173808
173809
173810
173811
173812
173813
173814
173815
173816
173817
173818
173819
173820
173821
173822
173823
173824
173825
173826
173827
173828
173829
173830
173831
173832
173833
173834
173835
173836
173837
173838
173839
173840
173841
173842
173843
173844
173845
173846
173847
173848
173849
173850
173852
173961
173962
173963
173964
173965
173966
173967
173968
173969
173970
173971
173972
173973
173974
173975
173976
173977
173978
173979
173980
173981
173982
173983
173984
173985
173986
173987
173988
173989
173990
173991
173992
173993
173994
173995
173996
173997
173998
173999
174000
174001
174002
174003
174004
174005
174006
174007
174008
174009
174010
174012
174121
174122
174123
174124
174125
174126
174127
174128
174129
174130
174131
174132
174133
174134
174135
174136
174137
174138
174139
174140
174141
174142
174143
174144
174145
174146
174147
174148
174149
174150
174151
174152
174153
174154
174155
174156
174157
174158
174159
174160
174161
174162
174163
174164
174165
174166
174167
174168
174169
174170
174172
174281
174282
174283
174284
174285
174286
174287
174288
174289
174290
174291
174292
174293
174294
174295
174296
174297
174298
174299
174300
174301
174302
174303
174304
174305
174306
174307
174308
174309
174310
174311
174312
174313
174314
174315
174316
174317
174318
174319
174320
174321
174322
174323
174324
174325
174326
174327
174328
174329
174330
174332
174441
174442
174443
174444
174445
174446
174447
174448
174449
174450
174451
174452
174453
174454
174455
174456
174457
174458
174459
174460
174461
174462
174463
174464
174465
174466
174467
174468
174469
174470
174471
174472
174473
174474
174475
174476
174477
174478
174479
174480
174481
174482
174483
174484
174485
174486
174487
174488
174489
174490
174492
174601
174602
174603
174604
174605
174606
174607
174608
174609
174610
174611
174612
174613
174614
174615
174616
174617
174618
174619
174620
174621
174622
174623
174624
174625
174626
174627
174628
174629
174630
174631
174632
174633
174634
174635
174636
174637
174638
174639
174640
174641
174642
174643
174644
174645
174646
174647
174648
174649
174650
174652
174761
174762
174763
174764
174765
174766
174767
174768
174769
174770
174771
174772
174773
174774
174775
174776
174777
174778
174779
174780
174781
174782
174783
174784
174785
174786
174787
174788
174789
174790
174791
174792
174793
174794
174795
174796
174797
174798
174799
174800
174801
174802
174803
174804
174805
174806
174807
174808
174809
174810
174812
174921
174922
174923
174924
174925
174926
174927
174928
174929
174930
174931
174932
174933
174934
174935
174936
174937
174938
174939
174940
174941
174942
174943
174944
174945
174946
174947
174948
174949
174950
174951
174952
174953
174954
174955
174956
174957
174958
174959
174960
174961
174962
174963
174964
174965
174966
174967
174968
174969
174970
174972
175081
175082
175083
175084
175085
175086
175087
175088
175089
175090
175091
175092
175093
175094
175095
175096
175097
175098
175099
175100
175101
175102
175103
175104
175105
175106
175107
175108
175109
175110
175111
175112
175113
175114
175115
175116
175117
175118
175119
175120
175121
175122
175123
175124
175125
175126
175127
175128
175129
175130
175132
175241
175242
175243
175244
175245
175246
175247
175248
175249
175250
175251
175252
175253
175254
175255
175256
175257
175258
175259
175260
175261
175262
175263
175264
175265
175266
175267
175268
175269
175270
175271
175272
175273
175274
175275
175276
175277
175278
175279
175280
175281
175282
175283
175284
175285
175286
175287
175288
175289
175290
175292
175401
175402
175403
175404
175405
175406
175407
175408
175409
175410
175411
175412
175413
175414
175415
175416
175417
175418
175419
175420
175421
175422
175423
175424
175425
175426
175427
175428
175429
175430
175431
175432
175433
175434
175435
175436
175437
175438
175439
175440
175441
175442
175443
175444
175445
175446
175447
175448
175449
175450
175452
175561
175562
175563
175564
175565
175566
175567
175568
175569
175570
175571
175572
175573
175574
175575
175576
175577
175578
175579
175580
175581
175582
175583
175584
175585
175586
175587
175588
175589
175590
175591
175592
175593
175594
175595
175596
175597
175598
175599
175600
175601
175602
175603
175604
175605
175606
175607
175608
175609
175610
175612
175721
175722
175723
175724
175725
175726
175727
175728
175729
175730
175731
175732
175733
175734
175735
175736
175737
175738
175739
175740
175741
175742
175743
175744
175745
175746
175747
175748
175749
175750
175751
175752
175753
175754
175755
175756
175757
175758
175759
175760
175761
175762
175763
175764
175765
175766
175767
175768
175769
175770
175772
175881
175882
175883
175884
175885
175886
175887
175888
175889
175890
175891
175892
175893
175894
175895
175896
175897
175898
175899
175900
175901
175902
175903
175904
175905
175906
175907
175908
175909
175910
175911
175912
175913
175914
175915
175916
175917
175918
175919
175920
175921
175922
175923
175924
175925
175926
175927
175928
175929
175930
175932
176041
176042
176043
176044
176045
176046
176047
176048
176049
176050
176051
176052
176053
176054
176055
176056
176057
176058
176059
176060
176061
176062
176063
176064
176065
176066
176067
176068
176069
176070
176071
176072
176073
176074
176075
176076
176077
176078
176079
176080
176081
176082
176083
176084
176085
176086
176087
176088
176089
176090
176092
176201
176202
176203
176204
176205
176206
176207
176208
176209
176210
176211
176212
176213
176214
176215
176216
176217
176218
176219
176220
176221
176222
176223
176224
176225
176226
176227
176228
176229
176230
176231
176232
176233
176234
176235
176236
176237
176238
176239
176240
176241
176242
176243
176244
176245
176246
176247
176248
176249
176250
176252
176361
176362
176363
176364
176365
176366
176367
176368
176369
176370
176371
176372
176373
176374
176375
176376
176377
176378
176379
176380
176381
176382
176383
176384
176385
176386
176387
176388
176389
176390
176391
176392
176393
176394
176395
176396
176397
176398
176399
176400
176401
176402
176403
176404
176405
176406
176407
176408
176409
176410
176412
176521
176522
176523
176524
176525
176526
176527
176528
176529
176530
176531
176532
176533
176534
176535
176536
176537
176538
176539
176540
176541
176542
176543
176544
176545
176546
176547
176548
176549
176550
176551
176552
176553
176554
176555
176556
176557
176558
176559
176560
176561
176562
176563
176564
176565
176566
176567
176568
176569
176570
176572
176681
176682
176683
176684
176685
176686
176687
176688
176689
176690
176691
176692
176693
176694
176695
176696
176697
176698
176699
176700
176701
176702
176703
176704
176705
176706
176707
176708
176709
176710
176711
176712
176713
176714
176715
176716
176717
176718
176719
176720
176721
176722
176723
176724
176725
176726
176727
176728
176729
176730
176732
176841
176842
176843
176844
176845
176846
176847
176848
176849
176850
176851
176852
176853
176854
176855
176856
176857
176858
176859
176860
176861
176862
176863
176864
176865
176866
176867
176868
176869
176870
176871
176872
176873
176874
176875
176876
176877
176878
176879
176880
176881
176882
176883
176884
176885
176886
176887
176888
176889
176890
176892
177001
177002
177003
177004
177005
177006
177007
177008
177009
177010
177011
177012
177013
177014
177015
177016
177017
177018
177019
177020
177021
177022
177023
177024
177025
177026
177027
177028
177029
177030
177031
177032
177033
177034
177035
177036
177037
177038
177039
177040
177041
177042
177043
177044
177045
177046
177047
177048
177049
177050
177052
177161
177162
177163
177164
177165
177166
177167
177168
177169
177170
177171
177172
177173
177174
177175
177176
177177
177178
177179
177180
177181
177182
177183
177184
177185
177186
177187
177188
177189
177190
177191
177192
177193
177194
177195
177196
177197
177198
177199
177200
177201
177202
177203
177204
177205
177206
177207
177208
177209
177210
177212
177321
177322
177323
177324
177325
177326
177327
177328
177329
177330
177331
177332
177333
177334
177335
177336
177337
177338
177339
177340
177341
177342
177343
177344
177345
177346
177347
177348
177349
177350
177351
177352
177353
177354
177355
177356
177357
177358
177359
177360
177361
177362
177363
177364
177365
177366
177367
177368
177369
177370
177372
177481
177482
177483
177484
177485
177486
177487
177488
177489
177490
177491
177492
177493
177494
177495
177496
177497
177498
177499
177500
177501
177502
177503
177504
177505
177506
177507
177508
177509
177510
177511
177512
177513
177514
177515
177516
177517
177518
177519
177520
177521
177522
177523
177524
177525
177526
177527
177528
177529
177530
177532
177641
177642
177643
177644
177645
177646
177647
177648
177649
177650
177651
177652
177653
177654
177655
177656
177657
177658
177659
177660
177661
177662
177663
177664
177665
177666
177667
177668
177669
177670
177671
177672
177673
177674
177675
177676
177677
177678
177679
177680
177681
177682
177683
177684
177685
177686
177687
177688
177689
177690
177692
177801
177802
177803
177804
177805
177806
177807
177808
177809
177810
177811
177812
177813
177814
177815
177816
177817
177818
177819
177820
177821
177822
177823
177824
177825
177826
177827
177828
177829
177830
177831
177832
177833
177834
177835
177836
177837
177838
177839
177840
177841
177842
177843
177844
177845
177846
177847
177848
177849
177850
177852
177961
177962
177963
177964
177965
177966
177967
177968
177969
177970
177971
177972
177973
177974
177975
177976
177977
177978
177979
177980
177981
177982
177983
177984
177985
177986
177987
177988
177989
177990
177991
177992
177993
177994
177995
177996
177997
177998
177999
178000
178001
178002
178003
178004
178005
178006
178007
178008
178009
178010
178012
178121
178122
178123
178124
178125
178126
178127
178128
178129
178130
178131
178132
178133
178134
178135
178136
178137
178138
178139
178140
178141
178142
178143
178144
178145
178146
178147
178148
178149
178150
178151
178152
178153
178154
178155
178156
178157
178158
178159
178160
178161
178162
178163
178164
178165
178166
178167
178168
178169
178170
178172
178281
178282
178283
178284
178285
178286
178287
178288
178289
178290
178291
178292
178293
178294
178295
178296
178297
178298
178299
178300
178301
178302
178303
178304
178305
178306
178307
178308
178309
178310
178311
178312
178313
178314
178315
178316
178317
178318
178319
178320
178321
178322
178323
178324
178325
178326
178327
178328
178329
178330
178332
178441
178442
178443
178444
178445
178446
178447
178448
178449
178450
178451
178452
178453
178454
178455
178456
178457
178458
178459
178460
178461
178462
178463
178464
178465
178466
178467
178468
178469
178470
178471
178472
178473
178474
178475
178476
178477
178478
178479
178480
178481
178482
178483
178484
178485
178486
178487
178488
178489
178490
178492
178601
178602
178603
178604
178605
178606
178607
178608
178609
178610
178611
178612
178613
178614
178615
178616
178617
178618
178619
178620
178621
178622
178623
178624
178625
178626
178627
178628
178629
178630
178631
178632
178633
178634
178635
178636
178637
178638
178639
178640
178641
178642
178643
178644
178645
178646
178647
178648
178649
178650
178652
178761
178762
178763
178764
178765
178766
178767
178768
178769
178770
178771
178772
178773
178774
178775
178776
178777
178778
178779
178780
178781
178782
178783
178784
178785
178786
178787
178788
178789
178790
178791
178792
178793
178794
178795
178796
178797
178798
178799
178800
178801
178802
178803
178804
178805
178806
178807
178808
178809
178810
178812
178921
178922
178923
178924
178925
178926
178927
178928
178929
178930
178931
178932
178933
178934
178935
178936
178937
178938
178939
178940
178941
178942
178943
178944
178945
178946
178947
178948
178949
178950
178951
178952
178953
178954
178955
178956
178957
178958
178959
178960
178961
178962
178963
178964
178965
178966
178967
178968
178969
178970
178972
179081
179082
179083
179084
179085
179086
179087
179088
179089
179090
179091
179092
179093
179094
179095
179096
179097
179098
179099
179100
179101
179102
179103
179104
179105
179106
179107
179108
179109
179110
179111
179112
179113
179114
179115
179116
179117
179118
179119
179120
179121
179122
179123
179124
179125
179126
179127
179128
179129
179130
179132
179241
179242
179243
179244
179245
179246
179247
179248
179249
179250
179251
179252
179253
179254
179255
179256
179257
179258
179259
179260
179261
179262
179263
179264
179265
179266
179267
179268
179269
179270
179271
179272
179273
179274
179275
179276
179277
179278
179279
179280
179281
179282
179283
179284
179285
179286
179287
179288
179289
179290
179292
179401
179402
179403
179404
179405
179406
179407
179408
179409
179410
179411
179412
179413
179414
179415
179416
179417
179418
179419
179420
179421
179422
179423
179424
179425
179426
179427
179428
179429
179430
179431
179432
179433
179434
179435
179436
179437
179438
179439
179440
179441
179442
179443
179444
179445
179446
179447
179448
179449
179450
179452
179561
179562
179563
179564
179565
179566
179567
179568
179569
179570
179571
179572
179573
179574
179575
179576
179577
179578
179579
179580
179581
179582
179583
179584
179585
179586
179587
179588
179589
179590
179591
179592
179593
179594
179595
179596
179597
179598
179599
179600
179601
179602
179603
179604
179605
179606
179607
179608
179609
179610
179612
179721
179722
179723
179724
179725
179726
179727
179728
179729
179730
179731
179732
179733
179734
179735
179736
179737
179738
179739
179740
179741
179742
179743
179744
179745
179746
179747
179748
179749
179750
179751
179752
179753
179754
179755
179756
179757
179758
179759
179760
179761
179762
179763
179764
179765
179766
179767
179768
179769
179770
179772
179881
179882
179883
179884
179885
179886
179887
179888
179889
179890
179891
179892
179893
179894
179895
179896
179897
179898
179899
179900
179901
179902
179903
179904
179905
179906
179907
179908
179909
179910
179911
179912
179913
179914
179915
179916
179917
179918
179919
179920
179921
179922
179923
179924
179925
179926
179927
179928
179929
179930
179932
180041
180042
180043
180044
180045
180046
180047
180048
180049
180050
180051
180052
180053
180054
180055
180056
180057
180058
180059
180060
180061
180062
180063
180064
180065
180066
180067
180068
180069
180070
180071
180072
180073
180074
180075
180076
180077
180078
180079
180080
180081
180082
180083
180084
180085
180086
180087
180088
180089
180090
180092
180201
180202
180203
180204
180205
180206
180207
180208
180209
180210
180211
180212
180213
180214
180215
180216
180217
180218
180219
180220
180221
180222
180223
180224
180225
180226
180227
180228
180229
180230
180231
180232
180233
180234
180235
180236
180237
180238
180239
180240
180241
180242
180243
180244
180245
180246
180247
180248
180249
180250
180252
180361
180362
180363
180364
180365
180366
180367
180368
180369
180370
180371
180372
180373
180374
180375
180376
180377
180378
180379
180380
180381
180382
180383
180384
180385
180386
180387
180388
180389
180390
180391
180392
180393
180394
180395
180396
180397
180398
180399
180400
180401
180402
180403
180404
180405
180406
180407
180408
180409
180410
180412
180521
180522
180523
180524
180525
180526
180527
180528
180529
180530
180531
180532
180533
180534
180535
180536
180537
180538
180539
180540
180541
180542
180543
180544
180545
180546
180547
180548
180549
180550
180551
180552
180553
180554
180555
180556
180557
180558
180559
180560
180561
180562
180563
180564
180565
180566
180567
180568
180569
180570
180572
180681
180682
180683
180684
180685
180686
180687
180688
180689
180690
180691
180692
180693
180694
180695
180696
180697
180698
180699
180700
180701
180702
180703
180704
180705
180706
180707
180708
180709
180710
180711
180712
180713
180714
180715
180716
180717
180718
180719
180720
180721
180722
180723
180724
180725
180726
180727
180728
180729
180730
180732
180841
180842
180843
180844
180845
180846
180847
180848
180849
180850
180851
180852
180853
180854
180855
180856
180857
180858
180859
180860
180861
180862
180863
180864
180865
180866
180867
180868
180869
180870
180871
180872
180873
180874
180875
180876
180877
180878
180879
180880
180881
180882
180883
180884
180885
180886
180887
180888
180889
180890
180892
181001
181002
181003
181004
181005
181006
181007
181008
181009
181010
181011
181012
181013
181014
181015
181016
181017
181018
181019
181020
181021
181022
181023
181024
181025
181026
181027
181028
181029
181030
181031
181032
181033
181034
181035
181036
181037
181038
181039
181040
181041
181042
181043
181044
181045
181046
181047
181048
181049
181050
181052
181161
181162
181163
181164
181165
181166
181167
181168
181169
181170
181171
181172
181173
181174
181175
181176
181177
181178
181179
181180
181181
181182
181183
181184
181185
181186
181187
181188
181189
181190
181191
181192
181193
181194
181195
181196
181197
181198
181199
181200
181201
181202
181203
181204
181205
181206
181207
181208
181209
181210
181212
181321
181322
181323
181324
181325
181326
181327
181328
181329
181330
181331
181332
181333
181334
181335
181336
181337
181338
181339
181340
181341
181342
181343
181344
181345
181346
181347
181348
181349
181350
181351
181352
181353
181354
181355
181356
181357
181358
181359
181360
181361
181362
181363
181364
181365
181366
181367
181368
181369
181370
181372
181481
181482
181483
181484
181485
181486
181487
181488
181489
181490
181491
181492
181493
181494
181495
181496
181497
181498
181499
181500
181501
181502
181503
181504
181505
181506
181507
181508
181509
181510
181511
181512
181513
181514
181515
181516
181517
181518
181519
181520
181521
181522
181523
181524
181525
181526
181527
181528
181529
181530
181532
181641
181642
181643
181644
181645
181646
181647
181648
181649
181650
181651
181652
181653
181654
181655
181656
181657
181658
181659
181660
181661
181662
181663
181664
181665
181666
181667
181668
181669
181670
181671
181672
181673
181674
181675
181676
181677
181678
181679
181680
181681
181682
181683
181684
181685
181686
181687
181688
181689
181690
181692
181801
181802
181803
181804
181805
181806
181807
181808
181809
181810
181811
181812
181813
181814
181815
181816
181817
181818
181819
181820
181821
181822
181823
181824
181825
181826
181827
181828
181829
181830
181831
181832
181833
181834
181835
181836
181837
181838
181839
181840
181841
181842
181843
181844
181845
181846
181847
181848
181849
181850
181851
181852
181854
181961
181962
181963
181964
181965
181966
181967
181968
181969
181970
181971
181972
181973
181974
181975
181976
181977
181978
181979
181980
181981
181982
181983
181984
181985
181986
181987
181988
181989
181990
181991
181992
181993
181994
181995
181996
181997
181998
181999
182000
182001
182002
182003
182004
182005
182006
182007
182008
182009
182010
182011
182012
182014
182121
182122
182123
182124
182125
182126
182127
182128
182129
182130
182131
182132
182133
182134
182135
182136
182137
182138
182139
182140
182141
182142
182143
182144
182145
182146
182147
182148
182149
182150
182151
182152
182153
182154
182155
182156
182157
182158
182159
182160
182161
182162
182163
182164
182165
182166
182167
182168
182169
182170
182171
182172
182174
182281
182282
182283
182284
182285
182286
182287
182288
182289
182290
182291
182292
182293
182294
182295
182296
182297
182298
182299
182300
182301
182302
182303
182304
182305
182306
182307
182308
182309
182310
182311
182312
182313
182314
182315
182316
182317
182318
182319
182320
182321
182322
182323
182324
182325
182326
182327
182328
182329
182330
182331
182332
182334
182441
182442
182443
182444
182445
182446
182447
182448
182449
182450
182451
182452
182453
182454
182455
182456
182457
182458
182459
182460
182461
182462
182463
182464
182465
182466
182467
182468
182469
182470
182471
182472
182473
182474
182475
182476
182477
182478
182479
182480
182481
182482
182483
182484
182485
182486
182487
182488
182489
182490
182491
182492
182494
182601
182602
182603
182604
182605
182606
182607
182608
182609
182610
182611
182612
182613
182614
182615
182616
182617
182618
182619
182620
182621
182622
182623
182624
182625
182626
182627
182628
182629
182630
182631
182632
182633
182634
182635
182636
182637
182638
182639
182640
182641
182642
182643
182644
182645
182646
182647
182648
182649
182650
182651
182652
182654
182761
182762
182763
182764
182765
182766
182767
182768
182769
182770
182771
182772
182773
182774
182775
182776
182777
182778
182779
182780
182781
182782
182783
182784
182785
182786
182787
182788
182789
182790
182791
182792
182793
182794
182795
182796
182797
182798
182799
182800
182801
182802
182803
182804
182805
182806
182807
182808
182809
182810
182811
182812
182814
182921
182922
182923
182924
182925
182926
182927
182928
182929
182930
182931
182932
182933
182934
182935
182936
182937
182938
182939
182940
182941
182942
182943
182944
182945
182946
182947
182948
182949
182950
182951
182952
182953
182954
182955
182956
182957
182958
182959
182960
182961
182962
182963
182964
182965
182966
182967
182968
182969
182970
182971
182972
182974
183081
183082
183083
183084
183085
183086
183087
183088
183089
183090
183091
183092
183093
183094
183095
183096
183097
183098
183099
183100
183101
183102
183103
183104
183105
183106
183107
183108
183109
183110
183111
183112
183113
183114
183115
183116
183117
183118
183119
183120
183121
183122
183123
183124
183125
183126
183127
183128
183129
183130
183131
183132
183134
183241
183242
183243
183244
183245
183246
183247
183248
183249
183250
183251
183252
183253
183254
183255
183256
183257
183258
183259
183260
183261
183262
183263
183264
183265
183266
183267
183268
183269
183270
183271
183272
183273
183274
183275
183276
183277
183278
183279
183280
183281
183282
183283
183284
183285
183286
183287
183288
183289
183290
183291
183292
183294
183401
183402
183403
183404
183405
183406
183407
183408
183409
183410
183411
183412
183413
183414
183415
183416
183417
183418
183419
183420
183421
183422
183423
183424
183425
183426
183427
183428
183429
183430
183431
183432
183433
183434
183435
183436
183437
183438
183439
183440
183441
183442
183443
183444
183445
183446
183447
183448
183449
183450
183451
183452
183454
183561
183562
183563
183564
183565
183566
183567
183568
183569
183570
183571
183572
183573
183574
183575
183576
183577
183578
183579
183580
183581
183582
183583
183584
183585
183586
183587
183588
183589
183590
183591
183592
183593
183594
183595
183596
183597
183598
183599
183600
183601
183602
183603
183604
183605
183606
183607
183608
183609
183610
183611
183612
183614
183721
183722
183723
183724
183725
183726
183727
183728
183729
183730
183731
183732
183733
183734
183735
183736
183737
183738
183739
183740
183741
183742
183743
183744
183745
183746
183747
183748
183749
183750
183751
183752
183753
183754
183755
183756
183757
183758
183759
183760
183761
183762
183763
183764
183765
183766
183767
183768
183769
183770
183771
183772
183774
183881
183882
183883
183884
183885
183886
183887
183888
183889
183890
183891
183892
183893
183894
183895
183896
183897
183898
183899
183900
183901
183902
183903
183904
183905
183906
183907
183908
183909
183910
183911
183912
183913
183914
183915
183916
183917
183918
183919
183920
183921
183922
183923
183924
183925
183926
183927
183928
183929
183930
183931
183932
183934
184041
184042
184043
184044
184045
184046
184047
184048
184049
184050
184051
184052
184053
184054
184055
184056
184057
184058
184059
184060
184061
184062
184063
184064
184065
184066
184067
184068
184069
184070
184071
184072
184073
184074
184075
184076
184077
184078
184079
184080
184081
184082
184083
184084
184085
184086
184087
184088
184089
184090
184091
184092
184094
184201
184202
184203
184204
184205
184206
184207
184208
184209
184210
184211
184212
184213
184214
184215
184216
184217
184218
184219
184220
184221
184222
184223
184224
184225
184226
184227
184228
184229
184230
184231
184232
184233
184234
184235
184236
184237
184238
184239
184240
184241
184242
184243
184244
184245
184246
184247
184248
184249
184250
184251
184252
184254
184361
184362
184363
184364
184365
184366
184367
184368
184369
184370
184371
184372
184373
184374
184375
184376
184377
184378
184379
184380
184381
184382
184383
184384
184385
184386
184387
184388
184389
184390
184391
184392
184393
184394
184395
184396
184397
184398
184399
184400
184401
184402
184403
184404
184405
184406
184407
184408
184409
184410
184411
184412
184414
184521
184522
184523
184524
184525
184526
184527
184528
184529
184530
184531
184532
184533
184534
184535
184536
184537
184538
184539
184540
184541
184542
184543
184544
184545
184546
184547
184548
184549
184550
184551
184552
184553
184554
184555
184556
184557
184558
184559
184560
184561
184562
184563
184564
184565
184566
184567
184568
184569
184570
184571
184572
184574
184681
184682
184683
184684
184685
184686
184687
184688
184689
184690
184691
184692
184693
184694
184695
184696
184697
184698
184699
184700
184701
184702
184703
184704
184705
184706
184707
184708
184709
184710
184711
184712
184713
184714
184715
184716
184717
184718
184719
184720
184721
184722
184723
184724
184725
184726
184727
184728
184729
184730
184731
184732
184734
184841
184842
184843
184844
184845
184846
184847
184848
184849
184850
184851
184852
184853
184854
184855
184856
184857
184858
184859
184860
184861
184862
184863
184864
184865
184866
184867
184868
184869
184870
184871
184872
184873
184874
184875
184876
184877
184878
184879
184880
184881
184882
184883
184884
184885
184886
184887
184888
184889
184890
184891
184892
184894
185001
185002
185003
185004
185005
185006
185007
185008
185009
185010
185011
185012
185013
185014
185015
185016
185017
185018
185019
185020
185021
185022
185023
185024
185025
185026
185027
185028
185029
185030
185031
185032
185033
185034
185035
185036
185037
185038
185039
185040
185041
185042
185043
185044
185045
185046
185047
185048
185049
185050
185051
185052
185054
185161
185162
185163
185164
185165
185166
185167
185168
185169
185170
185171
185172
185173
185174
185175
185176
185177
185178
185179
185180
185181
185182
185183
185184
185185
185186
185187
185188
185189
185190
185191
185192
185193
185194
185195
185196
185197
185198
185199
185200
185201
185202
185203
185204
185205
185206
185207
185208
185209
185210
185211
185212
185214
185321
185322
185323
185324
185325
185326
185327
185328
185329
185330
185331
185332
185333
185334
185335
185336
185337
185338
185339
185340
185341
185342
185343
185344
185345
185346
185347
185348
185349
185350
185351
185352
185353
185354
185355
185356
185357
185358
185359
185360
185361
185362
185363
185364
185365
185366
185367
185368
185369
185370
185371
185372
185374
185481
185482
185483
185484
185485
185486
185487
185488
185489
185490
185491
185492
185493
185494
185495
185496
185497
185498
185499
185500
185501
185502
185503
185504
185505
185506
185507
185508
185509
185510
185511
185512
185513
185514
185515
185516
185517
185518
185519
185520
185521
185522
185523
185524
185525
185526
185527
185528
185529
185530
185531
185532
185534
185641
185642
185643
185644
185645
185646
185647
185648
185649
185650
185651
185652
185653
185654
185655
185656
185657
185658
185659
185660
185661
185662
185663
185664
185665
185666
185667
185668
185669
185670
185671
185672
185673
185674
185675
185676
185677
185678
185679
185680
185681
185682
185683
185684
185685
185686
185687
185688
185689
185690
185691
185692
185694
185801
185802
185803
185804
185805
185806
185807
185808
185809
185810
185811
185812
185813
185814
185815
185816
185817
185818
185819
185820
185821
185822
185823
185824
185825
185826
185827
185828
185829
185830
185831
185832
185833
185834
185835
185836
185837
185838
185839
185840
185841
185842
185843
185844
185845
185846
185847
185848
185849
185850
185851
185852
185854
185961
185962
185963
185964
185965
185966
185967
185968
185969
185970
185971
185972
185973
185974
185975
185976
185977
185978
185979
185980
185981
185982
185983
185984
185985
185986
185987
185988
185989
185990
185991
185992
185993
185994
185995
185996
185997
185998
185999
186000
186001
186002
186003
186004
186005
186006
186007
186008
186009
186010
186011
186012
186014
186121
186122
186123
186124
186125
186126
186127
186128
186129
186130
186131
186132
186133
186134
186135
186136
186137
186138
186139
186140
186141
186142
186143
186144
186145
186146
186147
186148
186149
186150
186151
186152
186153
186154
186155
186156
186157
186158
186159
186160
186161
186162
186163
186164
186165
186166
186167
186168
186169
186170
186171
186172
186174
186281
186282
186283
186284
186285
186286
186287
186288
186289
186290
186291
186292
186293
186294
186295
186296
186297
186298
186299
186300
186301
186302
186303
186304
186305
186306
186307
186308
186309
186310
186311
186312
186313
186314
186315
186316
186317
186318
186319
186320
186321
186322
186323
186324
186325
186326
186327
186328
186329
186330
186331
186332
186334
186441
186442
186443
186444
186445
186446
186447
186448
186449
186450
186451
186452
186453
186454
186455
186456
186457
186458
186459
186460
186461
186462
186463
186464
186465
186466
186467
186468
186469
186470
186471
186472
186473
186474
186475
186476
186477
186478
186479
186480
186481
186482
186483
186484
186485
186486
186487
186488
186489
186490
186491
186492
186494
186601
186602
186603
186604
186605
186606
186607
186608
186609
186610
186611
186612
186613
186614
186615
186616
186617
186618
186619
186620
186621
186622
186623
186624
186625
186626
186627
186628
186629
186630
186631
186632
186633
186634
186635
186636
186637
186638
186639
186640
186641
186642
186643
186644
186645
186646
186647
186648
186649
186650
186651
186652
186654
186761
186762
186763
186764
186765
186766
186767
186768
186769
186770
186771
186772
186773
186774
186775
186776
186777
186778
186779
186780
186781
186782
186783
186784
186785
186786
186787
186788
186789
186790
186791
186792
186793
186794
186795
186796
186797
186798
186799
186800
186801
186802
186803
186804
186805
186806
186807
186808
186809
186810
186811
186812
186814
186921
186922
186923
186924
186925
186926
186927
186928
186929
186930
186931
186932
186933
186934
186935
186936
186937
186938
186939
186940
186941
186942
186943
186944
186945
186946
186947
186948
186949
186950
186951
186952
186953
186954
186955
186956
186957
186958
186959
186960
186961
186962
186963
186964
186965
186966
186967
186968
186969
186970
186971
186972
186974
187081
187082
187083
187084
187085
187086
187087
187088
187089
187090
187091
187092
187093
187094
187095
187096
187097
187098
187099
187100
187101
187102
187103
187104
187105
187106
187107
187108
187109
187110
187111
187112
187113
187114
187115
187116
187117
187118
187119
187120
187121
187122
187123
187124
187125
187126
187127
187128
187129
187130
187131
187132
187134
187241
187242
187243
187244
187245
187246
187247
187248
187249
187250
187251
187252
187253
187254
187255
187256
187257
187258
187259
187260
187261
187262
187263
187264
187265
187266
187267
187268
187269
187270
187271
187272
187273
187274
187275
187276
187277
187278
187279
187280
187281
187282
187283
187284
187285
187286
187287
187288
187289
187290
187291
187292
187294
187401
187402
187403
187404
187405
187406
187407
187408
187409
187410
187411
187412
187413
187414
187415
187416
187417
187418
187419
187420
187421
187422
187423
187424
187425
187426
187427
187428
187429
187430
187431
187432
187433
187434
187435
187436
187437
187438
187439
187440
187441
187442
187443
187444
187445
187446
187447
187448
187449
187450
187451
187452
187454
187561
187562
187563
187564
187565
187566
187567
187568
187569
187570
187571
187572
187573
187574
187575
187576
187577
187578
187579
187580
187581
187582
187583
187584
187585
187586
187587
187588
187589
187590
187591
187592
187593
187594
187595
187596
187597
187598
187599
187600
187601
187602
187603
187604
187605
187606
187607
187608
187609
187610
187611
187612
187614
187721
187722
187723
187724
187725
187726
187727
187728
187729
187730
187731
187732
187733
187734
187735
187736
187737
187738
187739
187740
187741
187742
187743
187744
187745
187746
187747
187748
187749
187750
187751
187752
187753
187754
187755
187756
187757
187758
187759
187760
187761
187762
187763
187764
187765
187766
187767
187768
187769
187770
187771
187772
187774
187881
187882
187883
187884
187885
187886
187887
187888
187889
187890
187891
187892
187893
187894
187895
187896
187897
187898
187899
187900
187901
187902
187903
187904
187905
187906
187907
187908
187909
187910
187911
187912
187913
187914
187915
187916
187917
187918
187919
187920
187921
187922
187923
187924
187925
187926
187927
187928
187929
187930
187931
187932
187934
188041
188042
188043
188044
188045
188046
188047
188048
188049
188050
188051
188052
188053
188054
188055
188056
188057
188058
188059
188060
188061
188062
188063
188064
188065
188066
188067
188068
188069
188070
188071
188072
188073
188074
188075
188076
188077
188078
188079
188080
188081
188082
188083
188084
188085
188086
188087
188088
188089
188090
188091
188092
188094
188201
188202
188203
188204
188205
188206
188207
188208
188209
188210
188211
188212
188213
188214
188215
188216
188217
188218
188219
188220
188221
188222
188223
188224
188225
188226
188227
188228
188229
188230
188231
188232
188233
188234
188235
188236
188237
188238
188239
188240
188241
188242
188243
188244
188245
188246
188247
188248
188249
188250
188251
188252
188254
188361
188362
188363
188364
188365
188366
188367
188368
188369
188370
188371
188372
188373
188374
188375
188376
188377
188378
188379
188380
188381
188382
188383
188384
188385
188386
188387
188388
188389
188390
188391
188392
188393
188394
188395
188396
188397
188398
188399
188400
188401
188402
188403
188404
188405
188406
188407
188408
188409
188410
188411
188412
188414
188521
188522
188523
188524
188525
188526
188527
188528
188529
188530
188531
188532
188533
188534
188535
188536
188537
188538
188539
188540
188541
188542
188543
188544
188545
188546
188547
188548
188549
188550
188551
188552
188553
188554
188555
188556
188557
188558
188559
188560
188561
188562
188563
188564
188565
188566
188567
188568
188569
188570
188571
188572
188574
188681
188682
188683
188684
188685
188686
188687
188688
188689
188690
188691
188692
188693
188694
188695
188696
188697
188698
188699
188700
188701
188702
188703
188704
188705
188706
188707
188708
188709
188710
188711
188712
188713
188714
188715
188716
188717
188718
188719
188720
188721
188722
188723
188724
188725
188726
188727
188728
188729
188730
188731
188732
188734
188841
188842
188843
188844
188845
188846
188847
188848
188849
188850
188851
188852
188853
188854
188855
188856
188857
188858
188859
188860
188861
188862
188863
188864
188865
188866
188867
188868
188869
188870
188871
188872
188873
188874
188875
188876
188877
188878
188879
188880
188881
188882
188883
188884
188885
188886
188887
188888
188889
188890
188891
188892
188894
189001
189002
189003
189004
189005
189006
189007
189008
189009
189010
189011
189012
189013
189014
189015
189016
189017
189018
189019
189020
189021
189022
189023
189024
189025
189026
189027
189028
189029
189030
189031
189032
189033
189034
189035
189036
189037
189038
189039
189040
189041
189042
189043
189044
189045
189046
189047
189048
189049
189050
189051
189052
189054
189161
189162
189163
189164
189165
189166
189167
189168
189169
189170
189171
189172
189173
189174
189175
189176
189177
189178
189179
189180
189181
189182
189183
189184
189185
189186
189187
189188
189189
189190
189191
189192
189193
189194
189195
189196
189197
189198
189199
189200
189201
189202
189203
189204
189205
189206
189207
189208
189209
189210
189211
189212
189214
189321
189322
189323
189324
189325
189326
189327
189328
189329
189330
189331
189332
189333
189334
189335
189336
189337
189338
189339
189340
189341
189342
189343
189344
189345
189346
189347
189348
189349
189350
189351
189352
189353
189354
189355
189356
189357
189358
189359
189360
189361
189362
189363
189364
189365
189366
189367
189368
189369
189370
189371
189372
189374
189481
189482
189483
189484
189485
189486
189487
189488
189489
189490
189491
189492
189493
189494
189495
189496
189497
189498
189499
189500
189501
189502
189503
189504
189505
189506
189507
189508
189509
189510
189511
189512
189513
189514
189515
189516
189517
189518
189519
189520
189521
189522
189523
189524
189525
189526
189527
189528
189529
189530
189531
189532
189534
189641
189642
189643
189644
189645
189646
189647
189648
189649
189650
189651
189652
189653
189654
189655
189656
189657
189658
189659
189660
189661
189662
189663
189664
189665
189666
189667
189668
189669
189670
189671
189672
189673
189674
189675
189676
189677
189678
189679
189680
189681
189682
189683
189684
189685
189686
189687
189688
189689
189690
189691
189692
189694
189801
189802
189803
189804
189805
189806
189807
189808
189809
189810
189811
189812
189813
189814
189815
189816
189817
189818
189819
189820
189821
189822
189823
189824
189825
189826
189827
189828
189829
189830
189831
189832
189833
189834
189835
189836
189837
189838
189839
189840
189841
189842
189843
189844
189845
189846
189847
189848
189849
189850
189851
189852
189854
189961
189962
189963
189964
189965
189966
189967
189968
189969
189970
189971
189972
189973
189974
189975
189976
189977
189978
189979
189980
189981
189982
189983
189984
189985
189986
189987
189988
189989
189990
189991
189992
189993
189994
189995
189996
189997
189998
189999
190000
190001
190002
190003
190004
190005
190006
190007
190008
190009
190010
190011
190012
190014
190121
190122
190123
190124
190125
190126
190127
190128
190129
190130
190131
190132
190133
190134
190135
190136
190137
190138
190139
190140
190141
190142
190143
190144
190145
190146
190147
190148
190149
190150
190151
190152
190153
190154
190155
190156
190157
190158
190159
190160
190161
190162
190163
190164
190165
190166
190167
190168
190169
190170
190171
190172
190174
190281
190282
190283
190284
190285
190286
190287
190288
190289
190290
190291
190292
190293
190294
190295
190296
190297
190298
190299
190300
190301
190302
190303
190304
190305
190306
190307
190308
190309
190310
190311
190312
190313
190314
190315
190316
190317
190318
190319
190320
190321
190322
190323
190324
190325
190326
190327
190328
190329
190330
190331
190332
190334
190441
190442
190443
190444
190445
190446
190447
190448
190449
190450
190451
190452
190453
190454
190455
190456
190457
190458
190459
190460
190461
190462
190463
190464
190465
190466
190467
190468
190469
190470
190471
190472
190473
190474
190475
190476
190477
190478
190479
190480
190481
190482
190483
190484
190485
190486
190487
190488
190489
190490
190491
190492
190494
190601
190602
190603
190604
190605
190606
190607
190608
190609
190610
190611
190612
190613
190614
190615
190616
190617
190618
190619
190620
190621
190622
190623
190624
190625
190626
190627
190628
190629
190630
190631
190632
190633
190634
190635
190636
190637
190638
190639
190640
190641
190642
190643
190644
190645
190646
190647
190648
190649
190650
190651
190652
190654
190761
190762
190763
190764
190765
190766
190767
190768
190769
190770
190771
190772
190773
190774
190775
190776
190777
190778
190779
190780
190781
190782
190783
190784
190785
190786
190787
190788
190789
190790
190791
190792
190793
190794
190795
190796
190797
190798
190799
190800
190801
190802
190803
190804
190805
190806
190807
190808
190809
190810
190811
190812
190814
190921
190922
190923
190924
190925
190926
190927
190928
190929
190930
190931
190932
190933
190934
190935
190936
190937
190938
190939
190940
190941
190942
190943
190944
190945
190946
190947
190948
190949
190950
190951
190952
190953
190954
190955
190956
190957
190958
190959
190960
190961
190962
190963
190964
190965
190966
190967
190968
190969
190970
190971
190972
190974
191081
191082
191083
191084
191085
191086
191087
191088
191089
191090
191091
191092
191093
191094
191095
191096
191097
191098
191099
191100
191101
191102
191103
191104
191105
191106
191107
191108
191109
191110
191111
191112
191113
191114
191115
191116
191117
191118
191119
191120
191121
191122
191123
191124
191125
191126
191127
191128
191129
191130
191131
191132
191134
191241
191242
191243
191244
191245
191246
191247
191248
191249
191250
191251
191252
191253
191254
191255
191256
191257
191258
191259
191260
191261
191262
191263
191264
191265
191266
205781
205782
205901
205902
205903
205904
205905
205906
205907
205908
205909
205910
205911
205912
205913
205914
205915
205916
205917
205918
205919
205920
205921
205922
205923
205924
205925
205926
205927
205928
205929
205930
205931
205932
205933
205934
205935
205936
205937
205938
205939
205940
205941
205942
205943
205944
205945
205946
205947
205948
205949
205950
205951
205952
205953
205954
205955
205956
205957
205958
205959
205960
205961
205962
205963
205964
205965
205966
205967
205968
205969
205970
205971
205972
205973
205974
205975
205976
205977
205978
205979
205980
205981
205982
205983
205984
205985
205986
205987
205988
205989
205990
205991
205992
205993
205994
205995
205996
205997
205998
205999
206000
206001
206002
206003
206004
206005
206006
206007
206008
206009
206010
206011
206012
206013
206014
206015
206016
206017
206018
206019
206020
207061
207062
207063
207064
207065
207066
207067
207068
207069
207070
207071
207072
207073
207074
207075
207076
207077
207078
207079
207080
207081
207082
207083
207084
207085
207086
269661
269662
269781
269782
269901
269902
270021
270022
270141
270142
270261
270262
270381
270382
270501
270502
270621
270622
270741
270742
270861
270862
270981
270982
271101
271102
271221
271222
271341
271342
271461
271462
271581
271582
271701
271702
271821
271941
272061
272181
272301
272421
272541
272661
272781
279261
279262
279381
279382
279501
279502
279621
279622
279741
279742
279861
279862
279981
279982
280101
280102
280221
280222
280341
280342
280461
280462
280581
280582
280701
280702
280821
280822
280941
280942
281061
281062
281181
281182
281301
281302
281421
281541
281661
281781
281901
282021
282141
282261
282381
380061
380062
380063
380064
380065
380066
380067
380068
380069
380070
380071
380072
380073
380074
380075
380076
380077
380078
380079
380080
380081
380082
380083
380084
380085
380086
380087
380088
380089
380090
380091
380092
380093
380094
380095
380096
380097
380098
380099
380100
380101
380102
380103
380104
380105
380106
380107
380108
380109
380110
380111
380112
380113
380114
380115
380116
380117
380118
380119
380120
380121
380122
380123
380124
380125
380126
380127
380128
380129
380130
380131
380132
380133
380134
380135
380136
380137
380138
380139
380140
380141
380142
380143
380144
380145
380146
380147
380148
380149
380150
380151
380152
380153
380154
380155
380156
380157
380158
380159
380160
380161
380162
380163
380164
380165
380166
380167
380168
380169
380170
380171
380172
380173
380174
380175
380176
380177
380178
380179
380180
380181
380182
380183
380184
380185
380186
380187
380188
380189
380190
380191
380192
380193
380194
380195
380196
380197
380198
380199
380200
380201
380202
380203
380204
380205
380206
380207
380208
380209
380210
380211
380212
380213
380214
380215
380216
380217
380218
380219
380220
380221
380222
380223
380224
380225
380226
380227
380228
380229
380230
380231
380232
380233
380234
380235
380236
380237
380238
380239
380240
380241
380242
380243
380244
380245
380246
380247
380248
380249
380250
380251
380252
380253
380254
380255
380256
380257
380258
380259
380260
380261
380262
380263
380264
380265
380266
380267
380268
380269
380270
380271
380272
380273
380274
380275
380276
380277
380278
380279
380280
380281
380282
380283
380284
380285
380286
380287
380288
380289
380290
380291
380292
380293
380294
380295
380296
380297
380298
380299
380300
380301
380302
380303
380304
380305
380306
380307
380308
380309
380310
380311
380312
380313
380314
380315
380316
380317
380318
380319
380320
380321
380322
380323
380324
380325
380326
380327
380328
380329
380330
380331
380332
380333
380334
380335
380336
380337
380338
380339
380340
380341
380342
380343
380344
380345
380346
380347
380348
380349
380350
380351
380352
380353
380354
380355
380356
380357
380358
380359
380360
380361
380362
380363
380364
380365
380366
380367
380368
380369
380370
380371
380372
380373
380374
380375
380376
380377
380378
380379
380380
380381
380382
380383
380384
380385
380386
380387
380388
380389
380390
380391
380392
380393
380394
380395
380396
380397
380398
380399
380400
380401
380402
380403
380404
380405
380406
380407
380408
380409
380410
380411
380412
380413
380414
380415
380416
380417
380418
380419
380420
380421
380422
380423
380424
380425
380426
380427
380428
380429
380430
380431
380432
380433
380434
380435
380436
380437
380438
380439
380440
380441
380442
380443
380444
380445
380446
380447
380448
380449
380450
380451
380452
380453
380454
380455
380456
380457
380458
380459
380460
380461
380462
380463
380464
380465
380466
380467
380468
380469
380470
380471
380472
380473
380474
380475
380476
380477
380478
380479
380480
380481
380482
380483
380484
380485
380486
380487
380488
380489
380490
380491
380492
380493
380494
380495
380496
380497
380498
380499
380500
380501
380502
380503
380504
380505
380506
380507
380508
380509
380510
380511
380512
380513
380514
380515
380516
380517
380518
380519
380520
380521
380522
380523
380524
380525
380526
380527
380528
380529
380530
380531
380532
380533
380534
380535
380536
380537
380538
380539
380540
380541
380542
380543
380544
380545
380546
380547
380548
380549
380550
380551
380552
380553
380554
380555
380556
380557
380558
380559
380560
380561
380562
380563
380564
380565
380566
380567
380568
380569
380570
380571
380572
380573
380574
380575
380576
380577
380578
380579
380580
380581
380582
380583
380584
380585
380586
380587
380588
380589
380590
380591
380592
380593
380594
380595
380596
380597
380598
380599
380600
380601
380602
380603
380604
380605
380606
380607
380608
380609
380610
380611
380612
380613
380614
380615
380616
380617
380618
380619
380620
380621
380622
380623
380624
380625
380626
380627
380628
380629
380630
380631
380632
380633
380634
380635
380636
380637
380638
380639
380640
380641
380642
380643
380644
380645
380646
380647
380648
380649
380650
380651
380652
380653
380654
380655
380656
380657
380658
380659
380660
380661
380662
380663
380664
380665
380666
380667
380668
380669
380670
380671
380672
380673
380674
380675
380676
380677
380678
380679
380680
380681
380682
380683
380684
380685
380686
380687
380688
380689
380690
380691
380692
380693
380694
380695
380696
380697
380698
380699
380700
380701
380702
380703
380704
380705
380706
380707
380708
380709
380710
380711
380712
380713
380714
380715
380716
380717
380718
380719
380720
380721
380722
380723
380724
380725
380726
380727
380728
380729
380730
380731
380732
380733
380734
380735
380736
380737
380738
380739
380740
380741
380742
380743
380744
380745
380746
380747
380748
380749
380750
380751
380752
380753
380754
380755
380756
380757
380758
380759
380760
380761
380762
380763
380764
380765
380766
380767
380768
380769
380770
380771
380772
380773
380774
380775
380776
380777
380778
380779
380780
380781
380782
380783
380784
380785
380786
380787
380788
380789
380790
380791
380792
380793
380794
380795
380796
380797
380798
380799
380800
380801
380802
380803
380804
380805
380806
380807
380808
380809
380810
380811
380812
380813
380814
380815
380816
380817
380818
380819
380820
380821
380822
380823
380824
380825
380826
380827
380828
380829
380830
380831
380832
380833
380834
380835
380836
380837
380838
380839
380840
380841
380842
380843
380844
380845
380846
380847
380848
380849
380850
380851
380852
380853
380854
380855
380856
380857
380858
380859
380860
380861
380862
380863
380864
380865
380866
380867
380868
380869
380870
380871
380872
380873
380874
380875
380876
380877
380878
380879
380880
380881
380882
380883
380884
380885
380886
380887
380888
380889
380890
380891
380892
380893
380894
380895
380896
380897
380898
380899
380900
380901
380902
380903
380904
380905
380906
380907
380908
380909
380910
380911
380912
380913
380914
380915
380916
380917
380918
380919
380920
380921
380922
380923
380924
380925
380926
380927
380928
380929
380930
380931
380932
380933
380934
380935
380936
380937
380938
380939
380940
380941
380942
380943
380944
380945
380946
380947
380948
380949
380950
380951
380952
380953
380954
380955
380956
380957
380958
380959
380960
380961
380962
380963
380964
380965
380966
380967
380968
380969
380970
380971
380972
380973
380974
380975
380976
380977
380978
380979
380980
380981
380982
380983
380984
380985
380986
380987
380988
380989
380990
380991
380992
380993
380994
380995
380996
380997
380998
380999
381000
381001
381002
381003
381004
381005
381006
381007
381008
381009
381010
381011
381012
381013
381014
381015
381016
381017
381018
381019
381020
381021
381022
381023
381024
381025
381026
381027
381028
381029
381030
381031
381032
381033
381034
381035
381036
381037
381038
381039
381040
381041
381042
381043
381044
381045
381046
381047
381048
381049
381050
381051
381052
381053
381054
381055
381056
381057
381058
381059
381060
381061
381062
381063
381064
381065
381066
381067
381068
381069
381070
381071
381072
381073
381074
381075
381076
381077
381078
381079
381080
381081
381082
381083
381084
381085
381086
381087
381088
381089
381090
381091
381092
381093
381094
381095
381096
381097
381098
381099
381100
381101
381102
381103
381104
381105
381106
381107
381108
381109
381110
381111
381112
381113
381114
381115
381116
381117
381118
381119
381120
381121
381122
381123
381124
381125
381126
381127
381128
381129
381130
381131
381132
381133
381134
381135
381136
381137
381138
381139
381140
381141
381142
381143
381144
381145
381146
381147
381148
381149
381150
381151
381152
381153
381154
381155
381156
381157
381158
381159
381160
381161
381162
381163
381164
381165
381166
381167
381168
381169
381170
381171
381172
381173
381174
381175
381176
381177
381178
381179
381180
381181
381182
381183
381184
381185
381186
381187
381188
381189
381190
381191
381192
381193
381194
381195
381196
381197
381198
381199
381200
381201
381202
381203
381204
381205
381206
381207
381208
381209
381210
381211
381212
381213
381214
381215
381216
381217
381218
381219
381220
381221
381222
381223
381224
381225
381226
381227
381228
381229
381230
381231
381232
381233
381234
381235
381236
381237
381238
381239
381240
381241
381242
381243
381244
381245
381246
381247
381248
381249
381250
381251
381252
381253
381254
381255
381256
381257
381258
381259
381260
381261
381262
381263
381264
381265
381266
381267
381268
381269
381270
381271
381272
381273
381274
381275
381276
381277
381278
381279
381280
381281
381282
381283
381284
381285
381286
381287
381288
381289
381290
381291
381292
381293
381294
381295
381296
381297
381298
381299
381300
381301
381302
381303
381304
381305
381306
381307
381308
381309
381310
381311
381312
381313
381314
381315
381316
381317
381318
381319
381320
381321
381322
381323
381324
381325
381326
381327
381328
381329
381330
381331
381332
381333
381334
381335
381336
381337
381338
381339
381340
381341
381342
381343
381344
381345
381346
381347
381348
381349
381350
381351
381352
381353
381354
381355
381356
381357
381358
381359
381360
381361
381362
381363
381364
381365
381366
381367
381368
381369
381370
381371
381372
381373
381374
381375
381376
381377
381378
381379
381380
381381
381382
381383
381384
381385
381386
381387
381388
381389
381390
381391
381392
381393
381394
381395
381396
381397
381398
381399
381400
381401
381402
381403
381404
381405
381406
381407
381408
381409
381410
381411
381412
381413
381414
381415
381416
381417
381418
381419
381420
381421
381422
381423
381424
381425
381426
381427
381428
381429
381430
381431
381432
381433
381434
381435
381436
381437
381438
381439
381440
381441
381442
381443
381444
381445
381446
381447
381448
381449
381450
381451
381452
381453
381454
381455
381456
381457
381458
381459
381460
381461
381462
381463
381464
381465
381466
381467
381468
381469
381470
381471
381472
381473
381474
381475
381476
381477
381478
381479
381480
381481
381482
381483
381484
381485
381486
381487
381488
381489
381490
381491
381492
381493
381494
381495
381496
381497
381498
381499
381500
381501
381502
381503
381504
381505
381506
381507
381508
381509
381510
381511
381512
381513
381514
381515
381516
381517
381518
381519
381520
381521
381522
381523
381524
381525
381526
381527
381528
381529
381530
381531
381532
381533
381534
381535
381536
381537
381538
381539
381540
381541
381542
381543
381544
381545
381546
381547
381548
381549
381550
381551
381552
381553
381554
381555
381556
381557
381558
381559
381560
381561
381562
381563
381564
381565
381566
381567
381568
381569
381570
381571
381572
381573
381574
381575
381576
381577
381578
381579
381580
381581
381582
381583
381584
381585
381586
381587
381588
381589
381590
381591
381592
381593
381594
381595
381596
381597
381598
381599
381600
381601
381602
381603
381604
381605
381606
381607
381608
381609
381610
381611
381612
381613
381614
381615
381616
381617
381618
381619
381620
381621
381622
381623
381624
381625
381626
381627
381628
381629
381630
381631
381632
381633
381634
381635
381636
381637
381638
381639
381640
381641
381642
381643
381644
381645
381646
381647
381648
381649
381650
381651
381652
381653
381654
381655
381656
381657
381658
381659
381660
381661
381662
381663
381664
381665
381666
381667
381668
381669
381670
381671
381672
381673
381674
381675
381676
381677
381678
381679
381680
381681
381682
381683
381684
381685
381686
381687
381688
381689
381690
381691
381692
381693
381694
381695
381696
381697
381698
381699
381700
381701
381702
381703
381704
381705
381706
381707
381708
381709
381710
381711
381712
381713
381714
381715
381716
381717
381718
381719
381720
381721
381722
381723
381724
381725
381726
381727
381728
381729
381730
381731
381732
381733
381734
381735
381736
381737
381738
381739
381740
381741
381742
381743
381744
381745
381746
381747
381748
381749
381750
381751
381752
381753
381754
381755
381756
381757
381758
381759
381760
381761
381762
381763
381764
381765
381766
381767
381768
381769
381770
381771
381772
381773
381774
381775
381776
381777
381778
381779
381780
381781
381782
381783
381784
381785
381786
381787
381788
381789
381790
381791
381792
381793
381794
381795
381796
381797
381798
381799
381800
381801
381802
381803
381804
381805
381806
381807
381808
381809
381810
381811
381812
381813
381814
381815
381816
381817
381818
381819
381820
381821
381822
381823
381824
381825
381826
381827
381828
381829
381830
381831
381832
381833
381834
381835
381836
381837
381838
381839
381840
381841
381842
381843
381844
381845
381846
381847
381848
381849
381850
381851
381852
381853
381854
381855
381856
381857
381858
381859
381860
381861
381862
381863
381864
381865
381866
381867
381868
381869
381870
381871
381872
381873
381874
381875
381876
381877
381878
381879
381880
381881
381882
381883
381884
381885
381886
381887
381888
381889
381890
381891
381892
381893
381894
381895
381896
381897
381898
381899
381900
381901
381902
381903
381904
381905
381906
381907
381908
381909
381910
381911
381912
381913
381914
381915
381916
381917
381918
381919
381920
381921
381922
381923
381924
381925
381926
381927
381928
381929
381930
381931
381932
381933
381934
381935
381936
381937
381938
381939
381940
381941
381942
381943
381944
381945
381946
381947
381948
381949
381950
381951
381952
381953
381954
381955
381956
381957
381958
381959
381960
381961
381962
381963
381964
381965
381966
381967
381968
381969
381970
381971
381972
381973
381974
381975
381976
381977
381978
381979
381980
381981
381982
381983
381984
381985
381986
381987
381988
381989
381990
381991
381992
381993
381994
381995
381996
381997
381998
381999
382000
382001
382002
382003
382004
382005
382006
382007
382008
382009
382010
382011
382012
382013
382014
382015
382016
382017
382018
382019
382020
382021
382022
382023
382024
382025
382026
382027
382028
382029
382030
382031
382032
382033
382034
382035
382036
382037
382038
382039
382040
382041
382042
382043
382044
382045
382046
382047
382048
382049
382050
382051
382052
382053
382054
382055
382056
382057
382058
382059
382060
382061
382062
382063
382064
382065
382066
382067
382068
382069
382070
382071
382072
382073
382074
382075
382076
382077
382078
382079
382080
382081
382082
382083
382084
382085
382086
382087
382088
382089
382090
382091
382092
382093
382094
382095
382096
382097
382098
382099
382100
382101
382102
382103
382104
382105
382106
382107
382108
382109
382110
382111
382112
382113
382114
382115
382116
382117
382118
382119
382120
382121
382122
382123
382124
382125
382126
382127
382128
382129
382130
382131
382132
382133
382134
382135
382136
382137
382138
382139
382140
382141
382142
382143
382144
382145
382146
382147
382148
382149
382150
382151
382152
382153
382154
382155
382156
382157
382158
382159
382160
382161
382162
382163
382164
382165
382166
382167
382168
382169
382170
382171
382172
382173
382174
382175
382176
382177
382178
382179
382180
382181
382182
382183
382184
382185
382186
382187
382188
382189
382190
382191
382192
382193
382194
382195
382196
382197
382198
382199
382200
382201
382202
382203
382204
382205
382206
382207
382208
382209
382210
382211
382212
382213
382214
382215
382216
382217
382218
382219
382220
382221
382222
382223
382224
382225
382226
382227
382228
382229
382230
382231
382232
382233
382234
382235
382236
382237
382238
382239
382240
382241
382242
382243
382244
382245
382246
382247
382248
382249
382250
382251
382252
382253
382254
382255
382256
382257
382258
382259
382260
382261
382262
382263
382264
382265
382266
382267
382268
382269
382270
382271
382272
382273
382274
382275
382276
382277
382278
382279
382280
382281
382282
382283
382284
382285
382286
382287
382288
382289
382290
382291
382292
382293
382294
382295
382296
382297
382298
382299
382300
382301
382302
382303
382304
382305
382306
382307
382308
382309
382310
382311
382312
382313
382314
382315
382316
382317
382318
382319
382320
382321
382322
382323
382324
382325
382326
382327
382328
382329
382330
382331
382332
382333
382334
382335
382336
382337
382338
382339
382340
382341
382342
382343
382344
382345
382346
382347
382348
382349
382350
382351
382352
382353
382354
382355
382356
382357
382358
382359
382360
382361
382362
382363
382364
382365
382366
382367
382368
382369
382370
382371
382372
382373
382374
382375
382376
382377
382378
382379
382380
382381
382382
382383
382384
382385
382386
382387
382388
382389
382390
382391
382392
382393
382394
382395
382396
382397
382398
382399
382400
382401
382402
382403
382404
382405
382406
382407
382408
382409
382410
382411
382412
382413
382414
382415
382416
382417
382418
382419
382420
382421
382422
382423
382424
382425
382426
382427
382428
382429
382430
382431
382432
382433
382434
382435
382436
382437
382438
382439
382440
382441
382442
382443
382444
382445
382446
382447
382448
382449
382450
382451
382452
382453
382454
382455
382456
382457
382458
382459
382460
382461
382462
382463
382464
382465
382466
382467
382468
382469
382470
382471
382472
382473
382474
382475
382476
382477
382478
382479
382480
382481
382482
382483
382484
382485
382486
382487
382488
382489
382490
382491
382492
382493
382494
382495
382496
382497
382498
382499
382500
382501
382502
382503
382504
382505
382506
382507
382508
382509
382510
382511
382512
382513
382514
382515
382516
382517
382518
382519
382520
382521
382522
382523
382524
382525
382526
382527
382528
382529
382530
382531
382532
382533
382534
382535
382536
382537
382538
382539
382540
382541
382542
382543
382544
382545
382546
382547
382548
382549
382550
382551
382552
382553
382554
382555
382556
382557
382558
382559
382560
382561
382562
382563
382564
382565
382566
382567
382568
382569
382570
382571
382572
382573
382574
382575
382576
382577
382578
382579
382580
382581
382582
382583
382584
382585
382586
382587
382588
382589
382590
382591
382592
382593
382594
382595
382596
382597
382598
382599
382600
382601
382602
382603
382604
382605
382606
382607
382608
382609
382610
382611
382612
382613
382614
382615
382616
382617
382618
382619
382620
382621
382622
382623
382624
382625
382626
382627
382628
382629
382630
382631
382632
382633
382634
382635
382636
382637
382638
382639
382640
382641
382642
382643
382644
382645
382646
382647
382648
382649
382650
382651
382652
382653
382654
382655
382656
382657
382658
382659
382660
382661
382662
382663
382664
382665
382666
382667
382668
382669
382670
382671
382672
382673
382674
382675
382676
382677
382678
382679
382680
382681
382682
382683
382684
382685
382686
382687
382688
382689
382690
382691
382692
382693
382694
382695
382696
382697
382698
382699
382700
382701
382702
382703
382704
382705
382706
382707
382708
382709
382710
382711
382712
382713
382714
382715
382716
382717
382718
382719
382720
382721
382722
382723
382724
382725
382726
382727
382728
382729
382730
382731
382732
382733
382734
382735
382736
382737
382738
382739
382740
382741
382742
382743
382744
382745
382746
382747
382748
382749
382750
382751
382752
382753
382754
382755
382756
382757
382758
382759
382760
382761
382762
382763
382764
382765
382766
382767
382768
382769
382770
382771
382772
382773
382774
382775
382776
382777
382778
382779
382780
382781
382782
382783
382784
382785
382786
382787
382788
382789
382790
382791
382792
382793
382794
382795
382796
382797
382798
382799
382800
382801
382802
382803
382804
382805
382806
382807
382808
382809
382810
382811
382812
382813
382814
382815
382816
382817
382818
382819
382820
382821
382822
382823
382824
382825
382826
382827
382828
382829
382830
382831
382832
382833
382834
382835
382836
382837
382838
382839
382840
382841
382842
382843
382844
382845
382846
382847
382848
382849
382850
382851
382852
382853
382854
382855
382856
382857
382858
382859
382860
382861
382862
382863
382864
382865
382866
382867
382868
382869
382870
382871
382872
382873
382874
382875
382876
382877
382878
382879
382880
382881
382882
382883
382884
382885
382886
382887
382888
382889
382890
382891
382892
382893
382894
382895
382896
382897
382898
382899
382900
382901
382902
382903
382904
382905
382906
382907
382908
382909
382910
382911
382912
382913
382914
382915
382916
382917
382918
382919
382920
382921
382922
382923
382924
382925
382926
382927
382928
382929
382930
382931
382932
382933
382934
382935
382936
382937
382938
382939
382940
382941
382942
382943
382944
382945
382946
382947
382948
382949
382950
382951
382952
382953
382954
382955
382956
382957
382958
382959
382960
382961
382962
382963
382964
382965
382966
382967
382968
382969
382970
382971
382972
382973
382974
382975
382976
382977
382978
382979
382980
382981
382982
382983
382984
382985
382986
382987
382988
382989
382990
382991
382992
382993
382994
382995
382996
382997
382998
382999
383000
383001
383002
383003
383004
383005
383006
383007
383008
383009
383010
383011
383012
383013
383014
383015
383016
383017
383018
383019
383020
383021
383022
383023
383024
383025
383026
383027
383028
383029
383030
383031
383032
383033
383034
383035
383036
383037
383038
383039
383040
383041
383042
383043
383044
383045
383046
383047
383048
383049
383050
383051
383052
383053
383054
383055
383056
383057
383058
383059
383060
383061
383062
383063
383064
383065
383066
383067
383068
383069
383070
383071
383072
383073
383074
383075
383076
383077
383078
383079
383080
383081
383082
383083
383084
383085
383086
383087
383088
383089
383090
383091
383092
383093
383094
383095
383096
383097
383098
383099
383100
383101
383102
383103
383104
383105
383106
383107
383108
383109
383110
383111
383112
383113
383114
383115
383116
383117
383118
383119
383120
383121
383122
383123
383124
383125
383126
383127
383128
383129
383130
383131
383132
383133
383134
383135
383136
383137
383138
383139
383140
383141
383142
383143
383144
383145
383146
383147
383148
383149
383150
383151
383152
383153
383154
383155
383156
383157
383158
383159
383160
383161
383162
383163
383164
383165
383166
383167
383168
383169
383170
383171
383172
383173
383174
383175
383176
383177
383178
383179
383180
383241
383242
383243
383244
383245
383246
383247
383248
383249
383250
383251
383252
383253
383254
383255
383256
383257
383258
383259
383260
383261
383262
383263
383264
383265
383266
383267
383268
383269
383270
383271
383272
383273
383274
383275
383276
383277
383278
383279
383280
383281
383282
383283
383284
383285
383286
383287
383288
383289
383290
383291
383292
383293
383294
383295
383296
383297
383298
383299
383300
389661
389662
389663
389664
389665
389666
389667
389668
389669
389670
389671
389672
389673
389674
389675
389676
389677
389678
389679
389680
389681
389682
389683
389684
389685
389686
389687
389688
389689
389690
389691
389692
389693
389694
389695
389696
389697
389698
389699
389700
389701
389702
389703
389704
389705
389706
389707
389708
389709
389710
389711
389712
389713
389714
389715
389716
389717
389718
389719
389720
389721
389722
389723
389724
389725
389726
389727
389728
389729
389730
389731
389732
389733
389734
389735
389736
389737
389738
389739
389740
389741
389742
389743
389744
389745
389746
389747
389748
389749
389750
389751
389752
389753
389754
389755
389756
389757
389758
389759
389760
389761
389762
389763
389764
389765
389766
389767
389768
389769
389770
389771
389772
389773
389774
389775
389776
389777
389778
389779
389780
389781
389782
389783
389784
389785
389786
389787
389788
389789
389790
389791
389792
389793
389794
389795
389796
389797
389798
389799
389800
389801
389802
389803
389804
389805
389806
389807
389808
389809
389810
389811
389812
389813
389814
389815
389816
389817
389818
389819
389820
389821
389822
389823
389824
389825
389826
389827
389828
389829
389830
389831
389832
389833
389834
389835
389836
389837
389838
389839
389840
389841
389842
389843
389844
389845
389846
389847
389848
389849
389850
389851
389852
389853
389854
389855
389856
389857
389858
389859
389860
389861
389862
389863
389864
389865
389866
389867
389868
389869
389870
389871
389872
389873
389874
389875
389876
389877
389878
389879
389880
389881
389882
389883
389884
389885
389886
389887
389888
389889
389890
389891
389892
389893
389894
389895
389896
389897
389898
389899
389900
389901
389902
389903
389904
389905
389906
389907
389908
389909
389910
389911
389912
389913
389914
389915
389916
389917
389918
389919
389920
389921
389922
389923
389924
389925
389926
389927
389928
389929
389930
389931
389932
389933
389934
389935
389936
389937
389938
389939
389940
389941
389942
389943
389944
389945
389946
389947
389948
389949
389950
389951
389952
389953
389954
389955
389956
389957
389958
389959
389960
389961
389962
389963
389964
389965
389966
389967
389968
389969
389970
389971
389972
389973
389974
389975
389976
389977
389978
389979
389980
389981
389982
389983
389984
389985
389986
389987
389988
389989
389990
389991
389992
389993
389994
389995
389996
389997
389998
389999
390000
390001
390002
390003
390004
390005
390006
390007
390008
390009
390010
390011
390012
390013
390014
390015
390016
390017
390018
390019
390020
390021
390022
390023
390024
390025
390026
390027
390028
390029
390030
390031
390032
390033
390034
390035
390036
390037
390038
390039
390040
390041
390042
390043
390044
390045
390046
390047
390048
390049
390050
390051
390052
390053
390054
390055
390056
390057
390058
390059
390060
390061
390062
390063
390064
390065
390066
390067
390068
390069
390070
390071
390072
390073
390074
390075
390076
390077
390078
390079
390080
390081
390082
390083
390084
390085
390086
390087
390088
390089
390090
390091
390092
390093
390094
390095
390096
390097
390098
390099
390100
390101
390102
390103
390104
390105
390106
390107
390108
390109
390110
390111
390112
390113
390114
390115
390116
390117
390118
390119
390120
390121
390122
390123
390124
390125
390126
390127
390128
390129
390130
390131
390132
390133
390134
390135
390136
390137
390138
390139
390140
390141
390142
390143
390144
390145
390146
390147
390148
390149
390150
390151
390152
390153
390154
390155
390156
390157
390158
390159
390160
390161
390162
390163
390164
390165
390166
390167
390168
390169
390170
390171
390172
390173
390174
390175
390176
390177
390178
390179
390180
390181
390182
390183
390184
390185
390186
390187
390188
390189
390190
390191
390192
390193
390194
390195
390196
390197
390198
390199
390200
390201
390202
390203
390204
390205
390206
390207
390208
390209
390210
390211
390212
390213
390214
390215
390216
390217
390218
390219
390220
390221
390222
390223
390224
390225
390226
390227
390228
390229
390230
390231
390232
390233
390234
390235
390236
390237
390238
390239
390240
390241
390242
390243
390244
390245
390246
390247
390248
390249
390250
390251
390252
390253
390254
390255
390256
390257
390258
390259
390260
390261
390262
390263
390264
390265
390266
390267
390268
390269
390270
390271
390272
390273
390274
390275
390276
390277
390278
390279
390280
390281
390282
390283
390284
390285
390286
390287
390288
390289
390290
390291
390292
390293
390294
390295
390296
390297
390298
390299
390300
390301
390302
390303
390304
390305
390306
390307
390308
390309
390310
390311
390312
390313
390314
390315
390316
390317
390318
390319
390320
390321
390322
390323
390324
390325
390326
390327
390328
390329
390330
390331
390332
390333
390334
390335
390336
390337
390338
390339
390340
390341
390342
390343
390344
390345
390346
390347
390348
390349
390350
390351
390352
390353
390354
390355
390356
390357
390358
390359
390360
390361
390362
390363
390364
390365
390366
390367
390368
390369
390370
390371
390372
390373
390374
390375
390376
390377
390378
390379
390380
390381
390382
390383
390384
390385
390386
390387
390388
390389
390390
390391
390392
390393
390394
390395
390396
390397
390398
390399
390400
390401
390402
390403
390404
390405
390406
390407
390408
390409
390410
390411
390412
390413
390414
390415
390416
390417
390418
390419
390420
390421
390422
390423
390424
390425
390426
390427
390428
390429
390430
390431
390432
390433
390434
390435
390436
390437
390438
390439
390440
390441
390442
390443
390444
390445
390446
390447
390448
390449
390450
390451
390452
390453
390454
390455
390456
390457
390458
390459
390460
390461
390462
390463
390464
390465
390466
390467
390468
390469
390470
390471
390472
390473
390474
390475
390476
390477
390478
390479
390480
390481
390482
390483
390484
390485
390486
390487
390488
390489
390490
390491
390492
390493
390494
390495
390496
390497
390498
390499
390500
390501
390502
390503
390504
390505
390506
390507
390508
390509
390510
390511
390512
390513
390514
390515
390516
390517
390518
390519
390520
390521
390522
390523
390524
390525
390526
390527
390528
390529
390530
390531
390532
390533
390534
390535
390536
390537
390538
390539
390540
390541
390542
390543
390544
390545
390546
390547
390548
390549
390550
390551
390552
390553
390554
390555
390556
390557
390558
390559
390560
390561
390562
390563
390564
390565
390566
390567
390568
390569
390570
390571
390572
390573
390574
390575
390576
390577
390578
390579
390580
390581
390582
390583
390584
390585
390586
390587
390588
390589
390590
390591
390592
390593
390594
390595
390596
390597
390598
390599
390600
390601
390602
390603
390604
390605
390606
390607
390608
390609
390610
390611
390612
390613
390614
390615
390616
390617
390618
390619
390620
390621
390622
390623
390624
390625
390626
390627
390628
390629
390630
390631
390632
390633
390634
390635
390636
390637
390638
390639
390640
390641
390642
390643
390644
390645
390646
390647
390648
390649
390650
390651
390652
390653
390654
390655
390656
390657
390658
390659
390660
390661
390662
390663
390664
390665
390666
390667
390668
390669
390670
390671
390672
390673
390674
390675
390676
390677
390678
390679
390680
390681
390682
390683
390684
390685
390686
390687
390688
390689
390690
390691
390692
390693
390694
390695
390696
390697
390698
390699
390700
390701
390702
390703
390704
390705
390706
390707
390708
390709
390710
390711
390712
390713
390714
390715
390716
390717
390718
390719
390720
390721
390722
390723
390724
390725
390726
390727
390728
390729
390730
390731
390732
390733
390734
390735
390736
390737
390738
390739
390740
390741
390742
390743
390744
390745
390746
390747
390748
390749
390750
390751
390752
390753
390754
390755
390756
390757
390758
390759
390760
390761
390762
390763
390764
390765
390766
390767
390768
390769
390770
390771
390772
390773
390774
390775
390776
390777
390778
390779
390780
390781
390782
390783
390784
390785
390786
390787
390788
390789
390790
390791
390792
390793
390794
390795
390796
390797
390798
390799
390800
390801
390802
390803
390804
390805
390806
390807
390808
390809
390810
390811
390812
390813
390814
390815
390816
390817
390818
390819
390820
390821
390822
390823
390824
390825
390826
390827
390828
390829
390830
390831
390832
390833
390834
390835
390836
390837
390838
390839
390840
390841
390842
390843
390844
390845
390846
390847
390848
390849
390850
390851
390852
390853
390854
390855
390856
390857
390858
390859
390860
390861
390862
390863
390864
390865
390866
390867
390868
390869
390870
390871
390872
390873
390874
390875
390876
390877
390878
390879
390880
390881
390882
390883
390884
390885
390886
390887
390888
390889
390890
390891
390892
390893
390894
390895
390896
390897
390898
390899
390900
390901
390902
390903
390904
390905
390906
390907
390908
390909
390910
390911
390912
390913
390914
390915
390916
390917
390918
390919
390920
390921
390922
390923
390924
390925
390926
390927
390928
390929
390930
390931
390932
390933
390934
390935
390936
390937
390938
390939
390940
390941
390942
390943
390944
390945
390946
390947
390948
390949
390950
390951
390952
390953
390954
390955
390956
390957
390958
390959
390960
390961
390962
390963
390964
390965
390966
390967
390968
390969
390970
390971
390972
390973
390974
390975
390976
390977
390978
390979
390980
390981
390982
390983
390984
390985
390986
390987
390988
390989
390990
390991
390992
390993
390994
390995
390996
390997
390998
390999
391000
391001
391002
391003
391004
391005
391006
391007
391008
391009
391010
391011
391012
391013
391014
391015
391016
391017
391018
391019
391020
391021
391022
391023
391024
391025
391026
391027
391028
391029
391030
391031
391032
391033
391034
391035
391036
391037
391038
391039
391040
391041
391042
391043
391044
391045
391046
391047
391048
391049
391050
391051
391052
391053
391054
391055
391056
391057
391058
391059
391060
391061
391062
391063
391064
391065
391066
391067
391068
391069
391070
391071
391072
391073
391074
391075
391076
391077
391078
391079
391080
391081
391082
391083
391084
391085
391086
391087
391088
391089
391090
391091
391092
391093
391094
391095
391096
391097
391098
391099
391100
391101
391102
391103
391104
391105
391106
391107
391108
391109
391110
391111
391112
391113
391114
391115
391116
391117
391118
391119
391120
391121
391122
391123
391124
391125
391126
391127
391128
391129
391130
391131
391132
391133
391134
391135
391136
391137
391138
391139
391140
391141
391142
391143
391144
391145
391146
391147
391148
391149
391150
391151
391152
391153
391154
391155
391156
391157
391158
391159
391160
391161
391162
391163
391164
391165
391166
391167
391168
391169
391170
391171
391172
391173
391174
391175
391176
391177
391178
391179
391180
391181
391182
391183
391184
391185
391186
391187
391188
391189
391190
391191
391192
391193
391194
391195
391196
391197
391198
391199
391200
391201
391202
391203
391204
391205
391206
391207
391208
391209
391210
391211
391212
391213
391214
391215
391216
391217
391218
391219
391220
391221
391222
391223
391224
391225
391226
391227
391228
391229
391230
391231
391232
391233
391234
391235
391236
391237
391238
391239
391240
391241
391242
391243
391244
391245
391246
391247
391248
391249
391250
391251
391252
391253
391254
391255
391256
391257
391258
391259
391260
391261
391262
391263
391264
391265
391266
391267
391268
391269
391270
391271
391272
391273
391274
391275
391276
391277
391278
391279
391280
391281
391282
391283
391284
391285
391286
391287
391288
391289
391290
391291
391292
391293
391294
391295
391296
391297
391298
391299
391300
391301
391302
391303
391304
391305
391306
391307
391308
391309
391310
391311
391312
391313
391314
391315
391316
391317
391318
391319
391320
391321
391322
391323
391324
391325
391326
391327
391328
391329
391330
391331
391332
391333
391334
391335
391336
391337
391338
391339
391340
391341
391342
391343
391344
391345
391346
391347
391348
391349
391350
391351
391352
391353
391354
391355
391356
391357
391358
391359
391360
391361
391362
391363
391364
391365
391366
391367
391368
391369
391370
391371
391372
391373
391374
391375
391376
391377
391378
391379
391380
391381
391382
391383
391384
391385
391386
391387
391388
391389
391390
391391
391392
391393
391394
391395
391396
391397
391398
391399
391400
391401
391402
391403
391404
391405
391406
391407
391408
391409
391410
391411
391412
391413
391414
391415
391416
391417
391418
391419
391420
391421
391422
391423
391424
391425
391426
391427
391428
391429
391430
391431
391432
391433
391434
391435
391436
391437
391438
391439
391440
391441
391442
391443
391444
391445
391446
391447
391448
391449
391450
391451
391452
391453
391454
391455
391456
391457
391458
391459
391460
391461
391462
391463
391464
391465
391466
391467
391468
391469
391470
391471
391472
391473
391474
391475
391476
391477
391478
391479
391480
391481
391482
391483
391484
391485
391486
391487
391488
391489
391490
391491
391492
391493
391494
391495
391496
391497
391498
391499
391500
391501
391502
391503
391504
391505
391506
391507
391508
391509
391510
391511
391512
391513
391514
391515
391516
391517
391518
391519
391520
391521
391522
391523
391524
391525
391526
391527
391528
391529
391530
391531
391532
391533
391534
391535
391536
391537
391538
391539
391540
391541
391542
391543
391544
391545
391546
391547
391548
391549
391550
391551
391552
391553
391554
391555
391556
391557
391558
391559
391560
391561
391562
391563
391564
391565
391566
391567
391568
391569
391570
391571
391572
391573
391574
391575
391576
391577
391578
391579
391580
391581
391582
391583
391584
391585
391586
391587
391588
391589
391590
391591
391592
391593
391594
391595
391596
391597
391598
391599
391600
391601
391602
391603
391604
391605
391606
391607
391608
391609
391610
391611
391612
391613
391614
391615
391616
391617
391618
391619
391620
391621
391622
391623
391624
391625
391626
391627
391628
391629
391630
391631
391632
391633
391634
391635
391636
391637
391638
391639
391640
391641
391642
391643
391644
391645
391646
391647
391648
391649
391650
391651
391652
391653
391654
391655
391656
391657
391658
391659
391660
391661
391662
391663
391664
391665
391666
391667
391668
391669
391670
391671
391672
391673
391674
391675
391676
391677
391678
391679
391680
391681
391682
391683
391684
391685
391686
391687
391688
391689
391690
391691
391692
391693
391694
391695
391696
391697
391698
391699
391700
391701
391702
391703
391704
391705
391706
391707
391708
391709
391710
391711
391712
391713
391714
391715
391716
391717
391718
391719
391720
391721
391722
391723
391724
391725
391726
391727
391728
391729
391730
391731
391732
391733
391734
391735
391736
391737
391738
391739
391740
391741
391742
391743
391744
391745
391746
391747
391748
391749
391750
391751
391752
391753
391754
391755
391756
391757
391758
391759
391760
391761
391762
391763
391764
391765
391766
391767
391768
391769
391770
391771
391772
391773
391774
391775
391776
391777
391778
391779
391780
391781
391782
391783
391784
391785
391786
391787
391788
391789
391790
391791
391792
391793
391794
391795
391796
391797
391798
391799
391800
391801
391802
391803
391804
391805
391806
391807
391808
391809
391810
391811
391812
391813
391814
391815
391816
391817
391818
391819
391820
391821
391822
391823
391824
391825
391826
391827
391828
391829
391830
391831
391832
391833
391834
391835
391836
391837
391838
391839
391840
391841
391842
391843
391844
391845
391846
391847
391848
391849
391850
391851
391852
391853
391854
391855
391856
391857
391858
391859
391860
391861
391862
391863
391864
391865
391866
391867
391868
391869
391870
391871
391872
391873
391874
391875
391876
391877
391878
391879
391880
391881
391882
391883
391884
391885
391886
391887
391888
391889
391890
391891
391892
391893
391894
391895
391896
391897
391898
391899
391900
391901
391902
391903
391904
391905
391906
391907
391908
391909
391910
391911
391912
391913
391914
391915
391916
391917
391918
391919
391920
391921
391922
391923
391924
391925
391926
391927
391928
391929
391930
391931
391932
391933
391934
391935
391936
391937
391938
391939
391940
391941
391942
391943
391944
391945
391946
391947
391948
391949
391950
391951
391952
391953
391954
391955
391956
391957
391958
391959
391960
391961
391962
391963
391964
391965
391966
391967
391968
391969
391970
391971
391972
391973
391974
391975
391976
391977
391978
391979
391980
391981
391982
391983
391984
391985
391986
391987
391988
391989
391990
391991
391992
391993
391994
391995
391996
391997
391998
391999
392000
392001
392002
392003
392004
392005
392006
392007
392008
392009
392010
392011
392012
392013
392014
392015
392016
392017
392018
392019
392020
392021
392022
392023
392024
392025
392026
392027
392028
392029
392030
392031
392032
392033
392034
392035
392036
392037
392038
392039
392040
392041
392042
392043
392044
392045
392046
392047
392048
392049
392050
392051
392052
392053
392054
392055
392056
392057
392058
392059
392060
392061
392062
392063
392064
392065
392066
392067
392068
392069
392070
392071
392072
392073
392074
392075
392076
392077
392078
392079
392080
392081
392082
392083
392084
392085
392086
392087
392088
392089
392090
392091
392092
392093
392094
392095
392096
392097
392098
392099
392100
392101
392102
392103
392104
392105
392106
392107
392108
392109
392110
392111
392112
392113
392114
392115
392116
392117
392118
392119
392120
392121
392122
392123
392124
392125
392126
392127
392128
392129
392130
392131
392132
392133
392134
392135
392136
392137
392138
392139
392140
392141
392142
392143
392144
392145
392146
392147
392148
392149
392150
392151
392152
392153
392154
392155
392156
392157
392158
392159
392160
392161
392162
392163
392164
392165
392166
392167
392168
392169
392170
392171
392172
392173
392174
392175
392176
392177
392178
392179
392180
392181
392182
392183
392184
392185
392186
392187
392188
392189
392190
392191
392192
392193
392194
392195
392196
392197
392198
392199
392200
392201
392202
392203
392204
392205
392206
392207
392208
392209
392210
392211
392212
392213
392214
392215
392216
392217
392218
392219
392220
392221
392222
392223
392224
392225
392226
392227
392228
392229
392230
392231
392232
392233
392234
392235
392236
392237
392238
392239
392240
392241
392242
392243
392244
392245
392246
392247
392248
392249
392250
392251
392252
392253
392254
392255
392256
392257
392258
392259
392260
392261
392262
392263
392264
392265
392266
392267
392268
392269
392270
392271
392272
392273
392274
392275
392276
392277
392278
392279
392280
392281
392282
392283
392284
392285
392286
392287
392288
392289
392290
392291
392292
392293
392294
392295
392296
392297
392298
392299
392300
392301
392302
392303
392304
392305
392306
392307
392308
392309
392310
392311
392312
392313
392314
392315
392316
392317
392318
392319
392320
392321
392322
392323
392324
392325
392326
392327
392328
392329
392330
392331
392332
392333
392334
392335
392336
392337
392338
392339
392340
392341
392342
392343
392344
392345
392346
392347
392348
392349
392350
392351
392352
392353
392354
392355
392356
392357
392358
392359
392360
392361
392362
392363
392364
392365
392366
392367
392368
392369
392370
392371
392372
392373
392374
392375
392376
392377
392378
392379
392380
392381
392382
392383
392384
392385
392386
392387
392388
392389
392390
392391
392392
392393
392394
392395
392396
392397
392398
392399
392400
392401
392402
392403
392404
392405
392406
392407
392408
392409
392410
392411
392412
392413
392414
392415
392416
392417
392418
392419
392420
392421
392422
392423
392424
392425
392426
392427
392428
392429
392430
392431
392432
392433
392434
392435
392436
392437
392438
392439
392440
392441
392442
392443
392444
392445
392446
392447
392448
392449
392450
392451
392452
392453
392454
392455
392456
392457
392458
392459
392460
392461
392462
392463
392464
392465
392466
392467
392468
392469
392470
392471
392472
392473
392474
392475
392476
392477
392478
392479
392480
392481
392482
392483
392484
392485
392486
392487
392488
392489
392490
392491
392492
392493
392494
392495
392496
392497
392498
392499
392500
392501
392502
392503
392504
392505
392506
392507
392508
392509
392510
392511
392512
392513
392514
392515
392516
392517
392518
392519
392520
392521
392522
392523
392524
392525
392526
392527
392528
392529
392530
392531
392532
392533
392534
392535
392536
392537
392538
392539
392540
392541
392542
392543
392544
392545
392546
392547
392548
392549
392550
392551
392552
392553
392554
392555
392556
392557
392558
392559
392560
392561
392562
392563
392564
392565
392566
392567
392568
392569
392570
392571
392572
392573
392574
392575
392576
392577
392578
392579
392580
392581
392582
392583
392584
392585
392586
392587
392588
392589
392590
392591
392592
392593
392594
392595
392596
392597
392598
392599
392600
392601
392602
392603
392604
392605
392606
392607
392608
392609
392610
392611
392612
392613
392614
392615
392616
392617
392618
392619
392620
392621
392622
392623
392624
392625
392626
392627
392628
392629
392630
392631
392632
392633
392634
392635
392636
392637
392638
392639
392640
392641
392642
392643
392644
392645
392646
392647
392648
392649
392650
392651
392652
392653
392654
392655
392656
392657
392658
392659
392660
392661
392662
392663
392664
392665
392666
392667
392668
392669
392670
392671
392672
392673
392674
392675
392676
392677
392678
392679
392680
392681
392682
392683
392684
392685
392686
392687
392688
392689
392690
392691
392692
392693
392694
392695
392696
392697
392698
392699
392700
392701
392702
392703
392704
392705
392706
392707
392708
392709
392710
392711
392712
392713
392714
392715
392716
392717
392718
392719
392720
392721
392722
392723
392724
392725
392726
392727
392728
392729
392730
392731
392732
392733
392734
392735
392736
392737
392738
392739
392740
392741
392742
392743
392744
392745
392746
392747
392748
392749
392750
392751
392752
392753
392754
392755
392756
392757
392758
392759
392760
392761
392762
392763
392764
392765
392766
392767
392768
392769
392770
392771
392772
392773
392774
392775
392776
392777
392778
392779
392780
392841
392842
392843
392844
392845
392846
392847
392848
392849
392850
392851
392852
392853
392854
392855
392856
392857
392858
392859
392860
392861
392862
392863
392864
392865
392866
392867
392868
392869
392870
392871
392872
392873
392874
392875
392876
392877
392878
392879
392880
392881
392882
392883
392884
392885
392886
392887
392888
392889
392890
392891
392892
392893
392894
392895
392896
392897
392898
392899
392900
62379
172251
172411
172571
172731
172891
173051
173211
173371
173531
173691
173851
174011
174171
174331
174491
174651
174811
174971
175131
175291
175451
175611
175771
175931
176091
176251
176411
176571
176731
176891
177051
177211
177371
177531
177691
177851
178011
178171
178331
178491
178651
178811
178971
179131
179291
179451
179611
179771
179931
180091
180251
180411
180571
180731
180891
181051
181211
181371
181531
181691
-181694
181853
182013
182173
182333
182493
182653
182813
182973
183133
183293
183453
183613
183773
183933
184093
184253
184413
184573
184733
184893
185053
185213
185373
185533
185693
185853
186013
186173
186333
186493
186653
186813
186973
187133
187293
187453
187613
187773
187933
188093
188253
188413
188573
188733
188893
189053
189213
189373
189533
189693
189853
190013
190173
190333
190493
190653
190813
190973
191133
191267
62356
62359
62362
62365
62368
62371
62374
62377
62380
62542
62544
62546
62548
62550
62552
62554
62556
62558
62560
62562
62564
62566
62568
62570
62572
62574
62575
62576
)


// ************************************************************************* //
