/*--------------------------------*- C++ -*----------------------------------*\
  =========                 |
  \\      /  F ield         | OpenFOAM: The Open Source CFD Toolbox
   \\    /   O peration     | Website:  https://openfoam.org
    \\  /    A nd           | Version:  7
     \\/     M anipulation  |
\*---------------------------------------------------------------------------*/
FoamFile
{
    version     2.0;
    format      ascii;
    class       labelList;
    location    "constant/polyMesh";
    object      pointProcAddressing;
}
// * * * * * * * * * * * * * * * * * * * * * * * * * * * * * * * * * * * * * //


6790
(
97277
97278
97279
97280
97281
97282
97283
97284
97285
97286
97287
97288
97289
97290
97291
97292
97293
97294
97295
97296
97297
97298
97299
97337
97338
97339
97340
97341
97342
97343
97344
97345
97346
97347
97348
97349
97350
97351
97352
97353
97354
97355
97356
97357
97358
97359
97397
97398
97399
97400
97401
97402
97403
97404
97405
97406
97407
97408
97409
97410
97411
97412
97413
97414
97415
97416
97417
97418
97419
97457
97458
97459
97460
97461
97462
97463
97464
97465
97466
97467
97468
97469
97470
97471
97472
97473
97474
97475
97476
97477
97478
97479
97517
97518
97519
97520
97521
97522
97523
97524
97525
97526
97527
97528
97529
97530
97531
97532
97533
97534
97535
97536
97537
97538
97539
97577
97578
97579
97580
97581
97582
97583
97584
97585
97586
97587
97588
97589
97590
97591
97592
97593
97594
97595
97596
97597
97598
97599
97637
97638
97639
97640
97641
97642
97643
97644
97645
97646
97647
97648
97649
97650
97651
97652
97653
97654
97655
97656
97657
97658
97659
97697
97698
97699
97700
97701
97702
97703
97704
97705
97706
97707
97708
97709
97710
97711
97712
97713
97714
97715
97716
97717
97718
97719
97757
97758
97759
97760
97761
97762
97763
97764
97765
97766
97767
97768
97769
97770
97771
97772
97773
97774
97775
97776
97777
97778
97779
97817
97818
97819
97820
97821
97822
97823
97824
97825
97826
97827
97828
97829
97830
97831
97832
97833
97834
97835
97836
97837
97838
97839
97877
97878
97879
97880
97881
97882
97883
97884
97885
97886
97887
97888
97889
97890
97891
97892
97893
97894
97895
97896
97897
97898
97899
97937
97938
97939
97940
97941
97942
97943
97944
97945
97946
97947
97948
97949
97950
97951
97952
97953
97954
97955
97956
97957
97958
97959
97997
97998
97999
98000
98001
98002
98003
98004
98005
98006
98007
98008
98009
98010
98011
98012
98013
98014
98015
98016
98017
98018
98019
98057
98058
98059
98060
98061
98062
98063
98064
98065
98066
98067
98068
98069
98070
98071
98072
98073
98074
98075
98076
98077
98078
98079
98117
98118
98119
98120
98121
98122
98123
98124
98125
98126
98127
98128
98129
98130
98131
98132
98133
98134
98135
98136
98137
98138
98139
98177
98178
98179
98180
98181
98182
98183
98184
98185
98186
98187
98188
98189
98190
98191
98192
98193
98194
98195
98196
98197
98198
98199
98237
98238
98239
98240
98241
98242
98243
98244
98245
98246
98247
98248
98249
98250
98251
98252
98253
98254
98255
98256
98257
98258
98259
98297
98298
98299
98300
98301
98302
98303
98304
98305
98306
98307
98308
98309
98310
98311
98312
98313
98314
98315
98316
98317
98318
98319
98357
98358
98359
98360
98361
98362
98363
98364
98365
98366
98367
98368
98369
98370
98371
98372
98373
98374
98375
98376
98377
98378
98379
98417
98418
98419
98420
98421
98422
98423
98424
98425
98426
98427
98428
98429
98430
98431
98432
98433
98434
98435
98436
98437
98438
98439
98477
98478
98479
98480
98481
98482
98483
98484
98485
98486
98487
98488
98489
98490
98491
98492
98493
98494
98495
98496
98497
98498
98499
98537
98538
98539
98540
98541
98542
98543
98544
98545
98546
98547
98548
98549
98550
98551
98552
98553
98554
98555
98556
98557
98558
98559
98597
98598
98599
98600
98601
98602
98603
98604
98605
98606
98607
98608
98609
98610
98611
98612
98613
98614
98615
98616
98617
98618
98619
98657
98658
98659
98660
98661
98662
98663
98664
98665
98666
98667
98668
98669
98670
98671
98672
98673
98674
98675
98676
98677
98678
98679
98717
98718
98719
98720
98721
98722
98723
98724
98725
98726
98727
98728
98729
98730
98731
98732
98733
98734
98735
98736
98737
98738
98739
98777
98778
98779
98780
98781
98782
98783
98784
98785
98786
98787
98788
98789
98790
98791
98792
98793
98794
98795
98796
98797
98798
98799
98837
98838
98839
98840
98841
98842
98843
98844
98845
98846
98847
98848
98849
98850
98851
98852
98853
98854
98855
98856
98857
98858
98859
98897
98898
98899
98900
98901
98902
98903
98904
98905
98906
98907
98908
98909
98910
104477
104478
104479
104480
104481
104482
104483
104484
104485
104486
104487
104488
104489
104490
104491
104492
104493
104494
104495
104496
104497
104498
104499
104537
104538
104539
104540
104541
104542
104543
104544
104545
104546
104547
104548
104549
104550
104551
104552
104553
104554
104555
104556
104557
104558
104559
104597
104598
104599
104600
104601
104602
104603
104604
104605
104606
104607
104608
104609
104610
104611
104612
104613
104614
104615
104616
104617
104618
104619
104657
104658
104659
104660
104661
104662
104663
104664
104665
104666
104667
104668
104669
104670
104671
104672
104673
104674
104675
104676
104677
104678
104679
104717
104718
104719
104720
104721
104722
104723
104724
104725
104726
104727
104728
104729
104730
104731
104732
104733
104734
104735
104736
104737
104738
104739
104777
104778
104779
104780
104781
104782
104783
104784
104785
104786
104787
104788
104789
104790
104791
104792
104793
104794
104795
104796
104797
104798
104799
104837
104838
104839
104840
104841
104842
104843
104844
104845
104846
104847
104848
104849
104850
104851
104852
104853
104854
104855
104856
104857
104858
104859
104897
104898
104899
104900
104901
104902
104903
104904
104905
104906
104907
104908
104909
104910
104911
104912
104913
104914
104915
104916
104917
104918
104919
104957
104958
104959
104960
104961
104962
104963
104964
104965
104966
104967
104968
104969
104970
104971
104972
104973
104974
104975
104976
104977
104978
104979
105017
105018
105019
105020
105021
105022
105023
105024
105025
105026
105027
105028
105029
105030
105031
105032
105033
105034
105035
105036
105037
105038
105039
105077
105078
105079
105080
105081
105082
105083
105084
105085
105086
105087
105088
105089
105090
105091
105092
105093
105094
105095
105096
105097
105098
105099
105137
105138
105139
105140
105141
105142
105143
105144
105145
105146
105147
105148
105149
105150
105151
105152
105153
105154
105155
105156
105157
105158
105159
105197
105198
105199
105200
105201
105202
105203
105204
105205
105206
105207
105208
105209
105210
105211
105212
105213
105214
105215
105216
105217
105218
105219
105257
105258
105259
105260
105261
105262
105263
105264
105265
105266
105267
105268
105269
105270
105271
105272
105273
105274
105275
105276
105277
105278
105279
105317
105318
105319
105320
105321
105322
105323
105324
105325
105326
105327
105328
105329
105330
105331
105332
105333
105334
105335
105336
105337
105338
105339
105377
105378
105379
105380
105381
105382
105383
105384
105385
105386
105387
105388
105389
105390
105391
105392
105393
105394
105395
105396
105397
105398
105399
105437
105438
105439
105440
105441
105442
105443
105444
105445
105446
105447
105448
105449
105450
105451
105452
105453
105454
105455
105456
105457
105458
105459
105497
105498
105499
105500
105501
105502
105503
105504
105505
105506
105507
105508
105509
105510
105511
105512
105513
105514
105515
105516
105517
105518
105519
105557
105558
105559
105560
105561
105562
105563
105564
105565
105566
105567
105568
105569
105570
105571
105572
105573
105574
105575
105576
105577
105578
105579
105617
105618
105619
105620
105621
105622
105623
105624
105625
105626
105627
105628
105629
105630
105631
105632
105633
105634
105635
105636
105637
105638
105639
105677
105678
105679
105680
105681
105682
105683
105684
105685
105686
105687
105688
105689
105690
105691
105692
105693
105694
105695
105696
105697
105698
105699
105737
105738
105739
105740
105741
105742
105743
105744
105745
105746
105747
105748
105749
105750
105751
105752
105753
105754
105755
105756
105757
105758
105759
105797
105798
105799
105800
105801
105802
105803
105804
105805
105806
105807
105808
105809
105810
105811
105812
105813
105814
105815
105816
105817
105818
105819
105857
105858
105859
105860
105861
105862
105863
105864
105865
105866
105867
105868
105869
105870
105871
105872
105873
105874
105875
105876
105877
105878
105879
105917
105918
105919
105920
105921
105922
105923
105924
105925
105926
105927
105928
105929
105930
105931
105932
105933
105934
105935
105936
105937
105938
105939
105977
105978
105979
105980
105981
105982
105983
105984
105985
105986
105987
105988
105989
105990
105991
105992
105993
105994
105995
105996
105997
105998
105999
106037
106038
106039
106040
106041
106042
106043
106044
106045
106046
106047
106048
106049
106050
106051
106052
106053
106054
106055
106056
106057
106058
106059
106097
106098
106099
106100
106101
106102
106103
106104
106105
106106
106107
106108
106109
106110
111678
111679
111680
111681
111682
111683
111684
111685
111686
111687
111688
111689
111690
111691
111692
111693
111694
111695
111696
111697
111698
111699
111700
111739
111740
111741
111742
111743
111744
111745
111746
111747
111748
111749
111750
111751
111752
111753
111754
111755
111756
111757
111758
111759
111760
111761
111800
111801
111802
111803
111804
111805
111806
111807
111808
111809
111810
111811
111812
111813
111814
111815
111816
111817
111818
111819
111820
111821
111822
111861
111862
111863
111864
111865
111866
111867
111868
111869
111870
111871
111872
111873
111874
111875
111876
111877
111878
111879
111880
111881
111882
111883
111922
111923
111924
111925
111926
111927
111928
111929
111930
111931
111932
111933
111934
111935
111936
111937
111938
111939
111940
111941
111942
111943
111944
111983
111984
111985
111986
111987
111988
111989
111990
111991
111992
111993
111994
111995
111996
111997
111998
111999
112000
112001
112002
112003
112004
112005
112044
112045
112046
112047
112048
112049
112050
112051
112052
112053
112054
112055
112056
112057
112058
112059
112060
112061
112062
112063
112064
112065
112066
112105
112106
112107
112108
112109
112110
112111
112112
112113
112114
112115
112116
112117
112118
112119
112120
112121
112122
112123
112124
112125
112126
112127
112166
112167
112168
112169
112170
112171
112172
112173
112174
112175
112176
112177
112178
112179
112180
112181
112182
112183
112184
112185
112186
112187
112188
112227
112228
112229
112230
112231
112232
112233
112234
112235
112236
112237
112238
112239
112240
112241
112242
112243
112244
112245
112246
112247
112248
112249
112288
112289
112290
112291
112292
112293
112294
112295
112296
112297
112298
112299
112300
112301
112302
112303
112304
112305
112306
112307
112308
112309
112310
112349
112350
112351
112352
112353
112354
112355
112356
112357
112358
112359
112360
112361
112362
112363
112364
112365
112366
112367
112368
112369
112370
112371
112410
112411
112412
112413
112414
112415
112416
112417
112418
112419
112420
112421
112422
112423
112424
112425
112426
112427
112428
112429
112430
112431
112432
112471
112472
112473
112474
112475
112476
112477
112478
112479
112480
112481
112482
112483
112484
112485
112486
112487
112488
112489
112490
112491
112492
112493
112532
112533
112534
112535
112536
112537
112538
112539
112540
112541
112542
112543
112544
112545
112546
112547
112548
112549
112550
112551
112552
112553
112554
112593
112594
112595
112596
112597
112598
112599
112600
112601
112602
112603
112604
112605
112606
112607
112608
112609
112610
112611
112612
112613
112614
112615
112654
112655
112656
112657
112658
112659
112660
112661
112662
112663
112664
112665
112666
112667
112668
112669
112670
112671
112672
112673
112674
112675
112676
112715
112716
112717
112718
112719
112720
112721
112722
112723
112724
112725
112726
112727
112728
112729
112730
112731
112732
112733
112734
112735
112736
112737
112776
112777
112778
112779
112780
112781
112782
112783
112784
112785
112786
112787
112788
112789
112790
112791
112792
112793
112794
112795
112796
112797
112798
112837
112838
112839
112840
112841
112842
112843
112844
112845
112846
112847
112848
112849
112850
112851
112852
112853
112854
112855
112856
112857
112858
112859
112898
112899
112900
112901
112902
112903
112904
112905
112906
112907
112908
112909
112910
112911
112912
112913
112914
112915
112916
112917
112918
112919
112920
112959
112960
112961
112962
112963
112964
112965
112966
112967
112968
112969
112970
112971
112972
112973
112974
112975
112976
112977
112978
112979
112980
112981
113020
113021
113022
113023
113024
113025
113026
113027
113028
113029
113030
113031
113032
113033
113034
113035
113036
113037
113038
113039
113040
113041
113042
113081
113082
113083
113084
113085
113086
113087
113088
113089
113090
113091
113092
113093
113094
113095
113096
113097
113098
113099
113100
113101
113102
113103
113142
113143
113144
113145
113146
113147
113148
113149
113150
113151
113152
113153
113154
113155
113156
113157
113158
113159
113160
113161
113162
113163
113164
113203
113204
113205
113206
113207
113208
113209
113210
113211
113212
113213
113214
113215
113216
113217
113218
113219
113220
113221
113222
113223
113224
113225
113264
113265
113266
113267
113268
113269
113270
113271
113272
113273
113274
113275
113276
113277
113278
113279
113280
113281
113282
113283
113284
113285
113286
113325
113326
113327
113328
113329
113330
113331
113332
113333
113334
113335
113336
113337
113338
113339
113340
113341
113342
113343
113344
113345
113346
113347
113386
113387
113388
113389
113390
113391
113392
113393
113394
113395
113396
113397
113398
113399
113400
113401
113402
113403
113404
113405
113406
113407
113408
113447
113448
113449
113450
113451
113452
113453
113454
113455
113456
113457
113458
113459
113460
113461
113462
113463
113464
113465
113466
113467
113468
113469
113508
113509
113510
113511
113512
113513
113514
113515
113516
113517
113518
113519
113520
113521
113522
113523
113524
113525
113526
113527
113528
113529
113530
113569
113570
113571
113572
113573
113574
113575
113576
113577
113578
113579
113580
113581
113582
113583
113584
113585
113586
113587
113588
113589
113590
113591
113630
113631
113632
113633
113634
113635
113636
113637
113638
113639
113640
113641
113642
113643
113644
113645
113646
113647
113648
113649
113650
113651
113652
113691
113692
113693
113694
113695
113696
113697
113698
113699
113700
113701
113702
113703
113704
113705
113706
113707
113708
113709
113710
113711
113712
113713
113752
113753
113754
113755
113756
113757
113758
113759
113760
113761
113762
113763
113764
113765
113766
113767
113768
113769
113770
113771
113772
113773
113774
113813
113814
113815
113816
113817
113818
113819
113820
113821
113822
113823
113824
113825
113826
113827
113828
113829
113830
113831
113832
113833
113834
113835
113874
113875
113876
113877
113878
113879
113880
113881
113882
113883
113884
113885
113886
113887
113888
113889
113890
113891
113892
113893
113894
113895
113896
113935
113936
113937
113938
113939
113940
113941
113942
113943
113944
113945
113946
113947
113948
113949
113950
113951
113952
113953
113954
113955
113956
113957
113996
113997
113998
113999
114000
114001
114002
114003
114004
114005
114006
114007
114008
114009
114010
114011
114012
114013
114014
114015
114016
114017
114018
114057
114058
114059
114060
114061
114062
114063
114064
114065
114066
114067
114068
114069
114070
114071
114072
114073
114074
114075
114076
114077
114078
114079
114118
114119
114120
114121
114122
114123
114124
114125
114126
114127
114128
114129
114130
114131
114132
114133
114134
114135
114136
114137
114138
114139
114140
114179
114180
114181
114182
114183
114184
114185
114186
114187
114188
114189
114190
114191
114192
114193
114194
114195
114196
114197
114198
114199
114200
114201
114240
114241
114242
114243
114244
114245
114246
114247
114248
114249
114250
114251
114252
114253
114254
114255
114256
114257
114258
114259
114260
114261
114262
114301
114302
114303
114304
114305
114306
114307
114308
114309
114310
114311
114312
114313
114314
114315
114316
114317
114318
114319
114320
114321
114322
114323
114362
114363
114364
114365
114366
114367
114368
114369
114370
114371
114372
114373
114374
114375
114376
114377
114378
114379
114380
114381
114382
114383
114384
114423
114424
114425
114426
114427
114428
114429
114430
114431
114432
114433
114434
114435
114436
114437
114438
114439
114440
114441
114442
114443
114444
114445
114484
114485
114486
114487
114488
114489
114490
114491
114492
114493
114494
114495
114496
114497
114498
114499
114500
114501
114502
114503
114504
114505
114506
114545
114546
114547
114548
114549
114550
114551
114552
114553
114554
114555
114556
114557
114558
114559
114560
114561
114562
114563
114564
114565
114566
114567
114606
114607
114608
114609
114610
114611
114612
114613
114614
114615
114616
114617
114618
114619
114620
114621
114622
114623
114624
114625
114626
114627
114628
114667
114668
114669
114670
114671
114672
114673
114674
114675
114676
114677
114678
114679
114680
114681
114682
114683
114684
114685
114686
114687
114688
114689
114728
114729
114730
114731
114732
114733
114734
114735
114736
114737
114738
114739
114740
114741
114742
114743
114744
114745
114746
114747
114748
114749
114750
114789
114790
114791
114792
114793
114794
114795
114796
114797
114798
114799
114800
114801
114802
114803
114804
114805
114806
114807
114808
114809
114810
114811
114850
114851
114852
114853
114854
114855
114856
114857
114858
114859
114860
114861
114862
114863
114864
114865
114866
114867
114868
114869
114870
114871
114872
114911
114912
114913
114914
114915
114916
114917
114918
114919
114920
114921
114922
114923
114924
114925
114926
114927
114928
114929
114930
114931
114932
114933
114972
114973
114974
114975
114976
114977
114978
114979
114980
114981
114982
114983
114984
114985
114986
114987
114988
114989
114990
114991
114992
114993
114994
115033
115034
115035
115036
115037
115038
115039
115040
115041
115042
115043
115044
115045
115046
115047
115048
115049
115050
115051
115052
115053
115054
115055
115094
115095
115096
115097
115098
115099
115100
115101
115102
115103
115104
115105
115106
115107
115108
115109
115110
115111
115112
115113
115114
115115
115116
115155
115156
115157
115158
115159
115160
115161
115162
115163
115164
115165
115166
115167
115168
115169
115170
115171
115172
115173
115174
115175
115176
115177
115216
115217
115218
115219
115220
115221
115222
115223
115224
115225
115226
115227
115228
115229
115230
115231
115232
115233
115234
115235
115236
115237
115238
115277
115278
115279
115280
115281
115282
115283
115284
115285
115286
115287
115288
115289
115290
115291
115292
115293
115294
115295
115296
115297
115298
115299
115338
115339
115340
115341
115342
115343
115344
115345
115346
115347
115348
115349
115350
115351
115352
115353
115354
115355
115356
115357
115358
115359
115360
115399
115400
115401
115402
115403
115404
115405
115406
115407
115408
115409
115410
115411
115412
115413
115414
115415
115416
115417
115418
115419
115420
115421
115460
115461
115462
115463
115464
115465
115466
115467
115468
115469
115470
115471
115472
115473
115474
115475
115476
115477
115478
115479
115480
115481
115482
115521
115522
115523
115524
115525
115526
115527
115528
115529
115530
115531
115532
115533
115534
115535
115536
115537
115538
115539
115540
115541
115542
115543
115582
115583
115584
115585
115586
115587
115588
115589
115590
115591
115592
115593
115594
115595
115596
115597
115598
115599
115600
115601
115602
115603
115604
115643
115644
115645
115646
115647
115648
115649
115650
115651
115652
115653
115654
115655
115656
115657
115658
115659
115660
115661
115662
115663
115664
115665
115704
115705
115706
115707
115708
115709
115710
115711
115712
115713
115714
115715
115716
115717
115718
115719
115720
115721
115722
115723
115724
115725
115726
115765
115766
115767
115768
115769
115770
115771
115772
115773
115774
115775
115776
115777
115778
115779
115780
115781
115782
115783
115784
115785
115786
115787
115826
115827
115828
115829
115830
115831
115832
115833
115834
115835
115836
115837
115838
115839
115840
115841
115842
115843
115844
115845
115846
115847
115848
115887
115888
115889
115890
115891
115892
115893
115894
115895
115896
115897
115898
115899
115900
115901
115902
115903
115904
115905
115906
115907
115908
115909
115948
115949
115950
115951
115952
115953
115954
115955
115956
115957
115958
115959
115960
115961
115962
115963
115964
115965
115966
115967
115968
115969
115970
116009
116010
116011
116012
116013
116014
116015
116016
116017
116018
116019
116020
116021
116022
116023
116024
116025
116026
116027
116028
116029
116030
116031
116070
116071
116072
116073
116074
116075
116076
116077
116078
116079
116080
116081
116082
116083
116084
116085
116086
116087
116088
116089
116090
116091
116092
116131
116132
116133
116134
116135
116136
116137
116138
116139
116140
116141
116142
116143
116144
116145
116146
116147
116148
116149
116150
116151
116152
116153
116192
116193
116194
116195
116196
116197
116198
116199
116200
116201
116202
116203
116204
116205
116206
116207
116208
116209
116210
116211
116212
116213
116214
116253
116254
116255
116256
116257
116258
116259
116260
116261
116262
116263
116264
116265
116266
116267
116268
116269
116270
116271
116272
116273
116274
116275
116314
116315
116316
116317
116318
116319
116320
116321
116322
116323
116324
116325
116326
116327
116328
116329
116330
116331
116332
116333
116334
116335
116336
116375
116376
116377
116378
116379
116380
116381
116382
116383
116384
116385
116386
116387
116388
116389
116390
116391
116392
116393
116394
116395
116396
116397
116436
116437
116438
116439
116440
116441
116442
116443
116444
116445
116446
116447
116448
116449
116450
116451
116452
116453
116454
116455
116456
116457
116458
116497
116498
116499
116500
116501
116502
116503
116504
116505
116506
116507
116508
116509
116510
116511
116512
116513
116514
116515
116516
116517
116518
116519
116558
116559
116560
116561
116562
116563
116564
116565
116566
116567
116568
116569
116570
116571
116572
116573
116574
116575
116576
116577
116578
116579
116580
116619
116620
116621
116622
116623
116624
116625
116626
116627
116628
116629
116630
116631
116632
116633
116634
116635
116636
116637
116638
116639
116640
116641
116680
116681
116682
116683
116684
116685
116686
116687
116688
116689
116690
116691
116692
116693
116694
116695
116696
116697
116698
116699
116700
116701
116702
116741
116742
116743
116744
116745
116746
116747
116748
116749
116750
116751
116752
116753
116754
116755
116756
116757
116758
116759
116760
116761
116762
116763
116802
116803
116804
116805
116806
116807
116808
116809
116810
116811
116812
116813
116814
116815
116816
116817
116818
116819
116820
116821
116822
116823
116824
116863
116864
116865
116866
116867
116868
116869
116870
116871
116872
116873
116874
116875
116876
116877
116878
116879
116880
116881
116882
116883
116884
116885
116924
116925
116926
116927
116928
116929
116930
116931
116932
116933
116934
116935
116936
116937
116938
116939
116940
116941
116942
116943
116944
116945
116946
116985
116986
116987
116988
116989
116990
116991
116992
116993
116994
116995
116996
116997
116998
116999
117000
117001
117002
117003
117004
117005
117006
117007
117046
117047
117048
117049
117050
117051
117052
117053
117054
117055
117056
117057
117058
117059
117060
117061
117062
117063
117064
117065
117066
117067
117068
117107
117108
117109
117110
117111
117112
117113
117114
117115
117116
117117
117118
117119
117120
117121
117122
117123
117124
117125
117126
117127
117128
117129
117168
117169
117170
117171
117172
117173
117174
117175
117176
117177
117178
117179
117180
117181
117182
117183
117184
117185
117186
117187
117188
117189
117190
117229
117230
117231
117232
117233
117234
117235
117236
117237
117238
117239
117240
117241
117242
117243
117244
117245
117246
117247
117248
117249
117250
117251
117290
117291
117292
117293
117294
117295
117296
117297
117298
117299
117300
117301
117302
117303
117304
117305
117306
117307
117308
117309
117310
117311
117312
117351
117352
117353
117354
117355
117356
117357
117358
117359
117360
117361
117362
117363
117364
117365
117366
117367
117368
117369
117370
117371
117372
117373
117412
117413
117414
117415
117416
117417
117418
117419
117420
117421
117422
117423
117424
117425
117426
117427
117428
117429
117430
117431
117432
117433
117434
117473
117474
117475
117476
117477
117478
117479
117480
117481
117482
117483
117484
117485
117486
117487
117488
117489
117490
117491
117492
117493
117494
117495
117534
117535
117536
117537
117538
117539
117540
117541
117542
117543
117544
117545
117546
117547
117548
117549
117550
117551
117552
117553
117554
117555
117556
117595
117596
117597
117598
117599
117600
117601
117602
117603
117604
117605
117606
117607
117608
117609
117610
117611
117612
117613
117614
117615
117616
117617
117656
117657
117658
117659
117660
117661
117662
117663
117664
117665
117666
117667
117668
117669
117670
117671
117672
117673
117674
117675
117676
117677
117678
117717
117718
117719
117720
117721
117722
117723
117724
117725
117726
117727
117728
117729
117730
117731
117732
117733
117734
117735
117736
117737
117738
117739
117778
117779
117780
117781
117782
117783
117784
117785
117786
117787
117788
117789
117790
117791
117792
117793
117794
117795
117796
117797
117798
117799
117800
117839
117840
117841
117842
117843
117844
117845
117846
117847
117848
117849
117850
117851
117852
117853
117854
117855
117856
117857
117858
117859
117860
117861
117900
117901
117902
117903
117904
117905
117906
117907
117908
117909
117910
117911
117912
117913
117914
117915
117916
117917
117918
117919
117920
117921
117922
117961
117962
117963
117964
117965
117966
117967
117968
117969
117970
117971
117972
117973
117974
117975
117976
117977
117978
117979
117980
117981
117982
117983
118022
118023
118024
118025
118026
118027
118028
118029
118030
118031
118032
118033
118034
118035
118036
118037
118038
118039
118040
118041
118042
118043
118044
118083
118084
118085
118086
118087
118088
118089
118090
118091
118092
118093
118094
118095
118096
118097
118098
118099
118100
118101
118102
118103
118104
118105
118144
118145
118146
118147
118148
118149
118150
118151
118152
118153
118154
118155
118156
118157
118158
118159
118160
118161
118162
118163
118164
118165
118166
118205
118206
118207
118208
118209
118210
118211
118212
118213
118214
118215
118216
118217
118218
118219
118220
118221
118222
118223
118224
118225
118226
118227
118266
118267
118268
118269
118270
118271
118272
118273
118274
118275
118276
118277
118278
118279
118280
118281
118282
118283
118284
118285
118286
118287
118288
118327
118328
118329
118330
118331
118332
118333
118334
118335
118336
118337
118338
118339
118340
118341
118342
118343
118344
118345
118346
118347
118348
118349
118388
118389
118390
118391
118392
118393
118394
118395
118396
118397
118398
118399
118400
118401
118402
118403
118404
118405
118406
118407
118408
118409
118410
118449
118450
118451
118452
118453
118454
118455
118456
118457
118458
118459
118460
118461
118462
118463
118464
118465
118466
118467
118468
118469
118470
118471
118510
118511
118512
118513
118514
118515
118516
118517
118518
118519
118520
118521
118522
118523
118524
118525
118526
118527
118528
118529
118530
118531
118532
118571
118572
118573
118574
118575
118576
118577
118578
118579
118580
118581
118582
118583
118584
118585
118586
118587
118588
118589
118590
118591
118592
118593
118632
118633
118634
118635
118636
118637
118638
118639
118640
118641
118642
118643
118644
118645
118646
118647
118648
118649
118650
118651
118652
118653
118654
118693
118694
118695
118696
118697
118698
118699
118700
118701
118702
118703
118704
118705
118706
118707
118708
118709
118710
118711
118712
118713
118714
118715
118754
118755
118756
118757
118758
118759
118760
118761
118762
118763
118764
118765
118766
118767
118768
118769
118770
118771
118772
118773
118774
118775
118776
118815
118816
118817
118818
118819
118820
118821
118822
118823
118824
118825
118826
118827
118828
118829
118830
118831
118832
118833
118834
118835
118836
118837
118876
118877
118878
118879
118880
118881
118882
118883
118884
118885
118886
118887
118888
118889
118890
118891
118892
118893
118894
118895
118896
118897
118898
118937
118938
118939
118940
118941
118942
118943
118944
118945
118946
118947
118948
118949
118950
118951
118952
118953
118954
118955
118956
118957
118958
118959
118998
118999
119000
119001
119002
119003
119004
119005
119006
119007
119008
119009
119010
119011
119012
119013
119014
119015
119016
119017
119018
119019
119020
119059
119060
119061
119062
119063
119064
119065
119066
119067
119068
119069
119070
119071
119072
119073
119074
119075
119076
119077
119078
119079
119080
119081
119120
119121
119122
119123
119124
119125
119126
119127
119128
119129
119130
119131
119132
119133
119134
119135
119136
119137
119138
119139
119140
119141
119142
119181
119182
119183
119184
119185
119186
119187
119188
119189
119190
119191
119192
119193
119194
119195
119196
119197
119198
119199
119200
119201
119202
119203
119242
119243
119244
119245
119246
119247
119248
119249
119250
119251
119252
119253
119254
119255
119256
119257
119258
119259
119260
119261
119262
119263
119264
119303
119304
119305
119306
119307
119308
119309
119310
119311
119312
119313
119314
119315
119316
119317
119318
119319
119320
119321
119322
119323
119324
119325
119364
119365
119366
119367
119368
119369
119370
119371
119372
119373
119374
119375
119376
119377
119378
119379
119380
119381
119382
119383
119384
119385
119386
119425
119426
119427
119428
119429
119430
119431
119432
119433
119434
119435
119436
119437
119438
119439
119440
119441
119442
119443
119444
119445
119446
119447
119486
119487
119488
119489
119490
119491
119492
119493
119494
119495
119496
119497
119498
119499
119500
119501
119502
119503
119504
119505
119506
119507
119508
119547
119548
119549
119550
119551
119552
119553
119554
119555
119556
119557
119558
119559
119560
119561
119562
119563
119564
119565
119566
119567
119568
119569
119608
119609
119610
119611
119612
119613
119614
119615
119616
119617
119618
119619
119620
119621
119622
119623
119624
119625
119626
119627
119628
119629
119630
119669
119670
119671
119672
119673
119674
119675
119676
119677
119678
119679
119680
119681
119682
119683
119684
119685
119686
119687
119688
119689
119690
119691
119730
119731
119732
119733
119734
119735
119736
119737
119738
119739
119740
119741
119742
119743
119744
119745
119746
119747
119748
119749
119750
119751
119752
119791
119792
119793
119794
119795
119796
119797
119798
119799
119800
119801
119802
119803
119804
119805
119806
119807
119808
119809
119810
119811
119812
119813
119852
119853
119854
119855
119856
119857
119858
119859
119860
119861
119862
119863
119864
119865
119866
119867
119868
119869
119870
119871
119872
119873
119874
119913
119914
119915
119916
119917
119918
119919
119920
119921
119922
119923
119924
119925
119926
119927
119928
119929
119930
119931
119932
119933
119934
119935
119974
119975
119976
119977
119978
119979
119980
119981
119982
119983
119984
119985
119986
119987
119988
119989
119990
119991
119992
119993
119994
119995
119996
120035
120036
120037
120038
120039
120040
120041
120042
120043
120044
120045
120046
120047
120048
120049
120050
120051
120052
120053
120054
120055
120056
120057
120096
120097
120098
120099
120100
120101
120102
120103
120104
120105
120106
120107
120108
120109
120110
120111
120112
120113
120114
120115
120116
120117
120118
120157
120158
120159
120160
120161
120162
120163
120164
120165
120166
120167
120168
120169
120170
120171
120172
120173
120174
120175
120176
120177
120178
120179
120218
120219
120220
120221
120222
120223
120224
120225
120226
120227
120228
120229
120230
120231
120232
120233
120234
120235
120236
120237
120238
120239
120240
120279
120280
120281
120282
120283
120284
120285
120286
120287
120288
120289
120290
120291
120292
120293
120294
120295
120296
120297
120298
120299
120300
120301
120340
120341
120342
120343
120344
120345
120346
120347
120348
120349
120350
120351
120352
120353
120354
120355
120356
120357
120358
120359
120360
120361
120362
120401
120402
120403
120404
120405
120406
120407
120408
120409
120410
120411
120412
120413
120414
120415
120416
120417
120418
120419
120420
120421
120422
120423
120462
120463
120464
120465
120466
120467
120468
120469
120470
120471
120472
120473
120474
120475
120476
120477
120478
120479
120480
120481
120482
120483
120484
120523
120524
120525
120526
120527
120528
120529
120530
120531
120532
120533
120534
120535
120536
120537
120538
120539
120540
120541
120542
120543
120544
120545
120584
120585
120586
120587
120588
120589
120590
120591
120592
120593
120594
120595
120596
120597
120598
120599
120600
120601
120602
120603
120604
120605
120606
120645
120646
120647
120648
120649
120650
120651
120652
120653
120654
120655
120656
120657
120658
120659
120660
120661
120662
120663
120664
120665
120666
120667
120706
120707
120708
120709
120710
120711
120712
120713
120714
120715
120716
120717
120718
120719
120720
120721
120722
120723
120724
120725
120726
120727
120728
120767
120768
120769
120770
120771
120772
120773
120774
120775
120776
120777
120778
120779
120780
120781
120782
120783
120784
120785
120786
120787
120788
120789
120828
120829
120830
120831
120832
120833
120834
120835
120836
120837
120838
120839
120840
120841
120842
120843
120844
120845
120846
120847
120848
120849
120850
120889
120890
120891
120892
120893
120894
120895
120896
120897
120898
120899
120900
120901
120902
120903
120904
120905
120906
120907
120908
120909
120910
120911
120950
120951
120952
120953
120954
120955
120956
120957
120958
120959
120960
120961
120962
120963
120964
120965
120966
120967
120968
120969
120970
120971
120972
121011
121012
121013
121014
121015
121016
121017
121018
121019
121020
121021
121022
121023
121024
121025
121026
121027
121028
121029
121030
121031
121032
121033
121072
121073
121074
121075
121076
121077
121078
121079
121080
121081
121082
121083
121084
121085
121086
121087
121088
121089
121090
121091
121092
121093
121094
121133
121134
121135
121136
121137
121138
121139
121140
121141
121142
121143
121144
121145
121146
121147
121148
121149
121150
121151
121152
121153
121154
121155
121194
121195
121196
121197
121198
121199
121200
121201
121202
121203
121204
121205
121206
121207
121208
121209
121210
121211
121212
121213
121214
121215
121216
121255
121256
121257
121258
121259
121260
121261
121262
121263
121264
121265
121266
121267
121268
121269
121270
121271
121272
121273
121274
121275
121276
121277
121316
121317
121318
121319
121320
121321
121322
121323
121324
121325
121326
121327
121328
121329
121330
121331
121332
121333
121334
121335
121336
121337
121338
121377
121378
121379
121380
121381
121382
121383
121384
121385
121386
121387
121388
121389
121390
121391
121392
121393
121394
121395
121396
121397
121398
121399
121438
121439
121440
121441
121442
121443
121444
121445
121446
121447
121448
121449
121450
121451
121452
121453
121454
121455
121456
121457
121458
121459
121460
121499
121500
121501
121502
121503
121504
121505
121506
121507
121508
121509
121510
121511
121512
121513
121514
121515
121516
121517
121518
121519
121520
121521
121560
121561
121562
121563
121564
121565
121566
121567
121568
121569
121570
121571
121572
121573
121574
121575
121576
121577
121578
121579
121580
121581
121582
121621
121622
121623
121624
121625
121626
121627
121628
121629
121630
121631
121632
121633
121634
121635
121636
121637
121638
121639
121640
121641
121642
121643
121682
121683
121684
121685
121686
121687
121688
121689
121690
121691
121692
121693
121694
121695
121696
121697
121698
121699
121700
121701
121702
121703
121704
121743
121744
121745
121746
121747
121748
121749
121750
121751
121752
121753
121754
121755
121756
121757
121758
121759
121760
121761
121762
121763
121764
121765
121804
121805
121806
121807
121808
121809
121810
121811
121812
121813
121814
121815
121816
121817
121818
121819
121820
121821
121822
121823
121824
121825
121826
121865
121866
121867
121868
121869
121870
121871
121872
121873
121874
121875
121876
121877
121878
121879
121880
121881
121882
121883
121884
121885
121886
121887
121926
121927
121928
121929
121930
121931
121932
121933
121934
121935
121936
121937
121938
121939
121940
121941
121942
121943
121944
121945
121946
121947
121948
121987
121988
121989
121990
121991
121992
121993
121994
121995
121996
121997
121998
121999
122000
122001
122002
122003
122004
122005
122006
122007
122008
122009
122048
122049
122050
122051
122052
122053
122054
122055
122056
122057
122058
122059
122060
122061
122062
122063
122064
122065
122066
122067
122068
122069
122070
122109
122110
122111
122112
122113
122114
122115
122116
122117
122118
122119
122120
122121
122122
122123
122124
122125
122126
122127
122128
122129
122130
122131
122170
122171
122172
122173
122174
122175
122176
122177
122178
122179
122180
122181
122182
122183
122184
122185
122186
122187
122188
122189
122190
122191
122192
122231
122232
122233
122234
122235
122236
122237
122238
122239
122240
122241
122242
122243
122244
122245
122246
122247
122248
122249
122250
122251
122252
122253
122292
122293
122294
122295
122296
122297
122298
122299
122300
122301
122302
122303
122304
122305
122306
122307
122308
122309
122310
122311
122312
122313
122314
122353
122354
122355
122356
122357
122358
122359
122360
122361
122362
122363
122364
122365
122366
122367
122368
122369
122370
122371
122372
122373
122374
122375
122414
122415
122416
122417
122418
122419
122420
122421
122422
122423
122424
122425
122426
122427
122428
122429
122430
122431
122432
122433
122434
122435
122436
122475
122476
122477
122478
122479
122480
122481
122482
122483
122484
122485
122486
122487
122488
122489
122490
122491
122492
122493
122494
122495
122496
122497
122536
122537
122538
122539
122540
122541
122542
122543
122544
122545
122546
122547
122548
122549
122550
122551
122552
122553
122554
122555
122556
122557
122558
122597
122598
122599
122600
122601
122602
122603
122604
122605
122606
122607
122608
122609
122610
122611
122612
122613
122614
122615
122616
122617
122618
122619
122658
122659
122660
122661
122662
122663
122664
122665
122666
122667
122668
122669
122670
122671
122672
122673
122674
122675
122676
122677
122678
122679
122680
122719
122720
122721
122722
122723
122724
122725
122726
122727
122728
122729
122730
122731
122732
122733
122734
122735
122736
122737
122738
122739
122740
122741
122780
122781
122782
122783
122784
122785
122786
122787
122788
122789
122790
122791
122792
122793
122794
122795
122796
122797
122798
122799
122800
122801
122802
122841
122842
122843
122844
122845
122846
122847
122848
122849
122850
122851
122852
122853
122854
122855
122856
122857
122858
122859
122860
122861
122862
122863
122902
122903
122904
122905
122906
122907
122908
122909
122910
122911
122912
122913
122914
122915
122916
122917
122918
122919
122920
122921
122922
122923
122924
122963
122964
122965
122966
122967
122968
122969
122970
122971
122972
122973
122974
122975
122976
122977
122978
122979
122980
122981
122982
122983
122984
122985
123024
123025
123026
123027
123028
123029
123030
123031
123032
123033
123034
123035
123036
123037
123038
123039
123040
123041
123042
123043
123044
123045
123046
123085
123086
123087
123088
123089
123090
123091
123092
123093
123094
123095
123096
123097
123098
123099
123100
123101
123102
123103
123104
123105
123106
123107
123146
123147
123148
123149
123150
123151
123152
123153
123154
123155
123156
123157
123158
123159
123160
123161
123162
123163
123164
123165
123166
123167
123168
123207
123208
123209
123210
123211
123212
123213
123214
123215
123216
123217
123218
123219
123220
123221
123222
123223
123224
123225
123226
123227
123228
123229
123268
123269
123270
123271
123272
123273
123274
123275
123276
123277
123278
123279
123280
123281
123282
123283
123284
123285
123286
123287
123288
123289
123290
123329
123330
123331
123332
123333
123334
123335
123336
123337
123338
123339
123340
123341
123342
123343
123344
123345
123346
123347
123348
123349
123350
123351
123390
123391
123392
123393
123394
123395
123396
123397
123398
123399
123400
123401
123402
123403
123404
123405
123406
123407
123408
123409
123410
123411
123412
123451
123452
123453
123454
123455
123456
123457
123458
123459
123460
123461
123462
123463
123464
123465
123466
123467
123468
123469
123470
123471
123472
123473
123512
123513
123514
123515
123516
123517
123518
123519
123520
123521
123522
123523
123524
123525
123526
123527
123528
123529
123530
123531
123532
123533
123534
123573
123574
123575
123576
123577
123578
123579
123580
123581
123582
123583
123584
123585
123586
123587
123588
123589
123590
123591
123592
123593
123594
123595
123634
123635
123636
123637
123638
123639
123640
123641
123642
123643
123644
123645
123646
123647
123648
123649
123650
123651
123652
123653
123654
123655
123656
123695
123696
123697
123698
123699
123700
123701
123702
123703
123704
123705
123706
123707
123708
123709
123710
123711
123712
123713
123714
123715
123716
123717
123756
123757
123758
123759
123760
123761
123762
123763
123764
123765
123766
123767
123768
123769
123770
123771
123772
123773
123774
123775
123776
123777
123778
123817
123818
123819
123820
123821
123822
123823
123824
123825
123826
123827
123828
123829
123830
123831
123832
123833
123834
123835
123836
123837
123838
123839
123878
123879
123880
123881
123882
123883
123884
123885
123886
123887
123888
123889
123890
123891
123892
123893
123894
123895
123896
123897
123898
123899
123900
123939
123940
123941
123942
123943
123944
123945
123946
123947
123948
123949
123950
123951
123952
123953
123954
123955
123956
123957
123958
123959
123960
123961
124000
124001
124002
124003
124004
124005
124006
124007
124008
124009
124010
124011
124012
124013
124014
124015
124016
124017
124018
124019
124020
124021
124022
124061
124062
124063
124064
124065
124066
124067
124068
124069
124070
124071
124072
124073
124074
124075
124076
124077
124078
124079
124080
124081
124082
124083
124122
124123
124124
124125
124126
124127
124128
124129
124130
124131
124132
124133
124134
124135
124136
124137
124138
124139
124140
124141
124142
124143
124144
124183
124184
124185
124186
124187
124188
124189
124190
124191
124192
124193
124194
124195
124196
124197
124198
124199
124200
124201
124202
124203
124204
124205
124244
124245
124246
124247
124248
124249
124250
124251
124252
124253
124254
124255
124256
124257
124258
124259
124260
124261
124262
124263
124264
124265
124266
124305
124306
124307
124308
124309
124310
124311
124312
124313
124314
124315
124316
124317
124318
124319
124320
124321
124322
124323
124324
124325
124326
124327
124366
124367
124368
124369
124370
124371
124372
124373
124374
124375
124376
124377
124378
124379
124380
124381
124382
124383
124384
124385
124386
124387
124388
124427
124428
124429
124430
124431
124432
124433
124434
124435
124436
124437
124438
124439
124440
124441
124442
124443
124444
124445
124446
124447
124448
124449
124488
124489
124490
124491
124492
124493
124494
124495
124496
124497
124498
124499
124500
124501
124502
124503
124504
124505
124506
124507
124508
124509
124510
124549
124550
124551
124552
124553
124554
124555
124556
124557
124558
124559
124560
124561
124562
124563
124564
124565
124566
124567
124568
124569
124570
124571
124610
124611
124612
124613
124614
124615
124616
124617
124618
124619
124620
124621
124622
124623
124624
124625
124626
124627
124628
124629
124630
124631
124632
124671
124672
124673
124674
124675
124676
124677
124678
124679
124680
124681
124682
124683
124684
124685
124686
124687
124688
124689
124690
124691
124692
124693
124732
124733
124734
124735
124736
124737
124738
124739
124740
124741
124742
124743
124744
124745
124746
124747
124748
124749
124750
124751
124752
124753
124754
124793
124794
124795
124796
124797
124798
124799
124800
124801
124802
124803
124804
124805
124806
124807
124808
124809
124810
124811
124812
124813
124814
124815
124854
124855
124856
124857
124858
124859
124860
124861
124862
124863
124864
124865
124866
124867
124868
124869
124870
124871
124872
124873
124874
124875
124876
124915
124916
124917
124918
124919
124920
124921
124922
124923
124924
124925
124926
124927
124928
124929
124930
124931
124932
124933
124934
124935
124936
124937
124976
124977
124978
124979
124980
124981
124982
124983
124984
124985
124986
124987
124988
124989
124990
124991
124992
124993
124994
124995
124996
124997
124998
125037
125038
125039
125040
125041
125042
125043
125044
125045
125046
125047
125048
125049
125050
125051
125052
125053
125054
125055
125056
125057
125058
125059
125098
125099
125100
125101
125102
125103
125104
125105
125106
125107
125108
125109
125110
125111
125112
125113
125114
125115
125116
125117
125118
125119
125120
125159
125160
125161
125162
125163
125164
125165
125166
125167
125168
125169
125170
125171
125172
125173
125174
125175
125176
125177
125178
125179
125180
125181
125220
125221
125222
125223
125224
125225
125226
125227
125228
125229
125230
125231
125232
125233
125234
125235
125236
125237
125238
125239
125240
125241
125242
125281
125282
125283
125284
125285
125286
125287
125288
125289
125290
125291
125292
125293
125294
125295
125296
125297
125298
125299
125300
125301
125302
125303
125342
125343
125344
125345
125346
125347
125348
125349
125350
125351
125352
125353
125354
125355
125356
125357
125358
125359
125360
125361
125362
125363
125364
125403
125404
125405
125406
125407
125408
125409
125410
125411
125412
125413
125414
125415
125416
125417
125418
125419
125420
125421
125422
125423
125424
125425
125464
125465
125466
125467
125468
125469
125470
125471
125472
125473
125474
125475
125476
125477
125478
125479
125480
125481
125482
125483
125484
125485
125486
125525
125526
125527
125528
125529
125530
125531
125532
125533
125534
125535
125536
125537
125538
125539
125540
125541
125542
125543
125544
125545
125546
125547
125586
125587
125588
125589
125590
125591
125592
125593
125594
125595
125596
125597
125598
125599
125600
125601
125602
125603
125604
125605
125606
125607
125608
125647
125648
125649
125650
125651
125652
125653
125654
125655
125656
125657
125658
125659
125660
125661
125662
125663
125664
125665
125666
125667
125668
125669
125708
125709
125710
125711
125712
125713
125714
125715
125716
125717
125718
125719
125720
125721
125722
125723
125724
125725
125726
125727
125728
125729
125730
125769
125770
125771
125772
125773
125774
125775
125776
125777
125778
125779
125780
125781
125782
125783
125784
125785
125786
125787
125788
125789
125790
125791
125830
125831
125832
125833
125834
125835
125836
125837
125838
125839
125840
125841
125842
125843
125844
125845
125846
125847
125848
125849
125850
125851
125852
125891
125892
125893
125894
125895
125896
125897
125898
125899
125900
125901
125902
125903
125904
125905
125906
125907
125908
125909
125910
125911
125912
125913
125952
125953
125954
125955
125956
125957
125958
125959
125960
125961
125962
125963
125964
125965
125966
125967
125968
125969
125970
125971
125972
125973
125974
126013
126014
126015
126016
126017
126018
126019
126020
126021
126022
126023
126024
126025
126026
126027
126028
126029
126030
126031
126032
126033
126034
126035
126074
126075
126076
126077
126078
126079
126080
126081
126082
126083
126084
126085
126086
126087
126088
126089
126090
126091
126092
126093
126094
126095
126096
126135
126136
126137
126138
126139
126140
126141
126142
126143
126144
126145
126146
126147
126148
126149
126150
126151
126152
126153
126154
126155
126156
126157
126196
126197
126198
126199
126200
126201
126202
126203
126204
126205
126206
126207
126208
126209
126210
126211
126212
126213
126214
126215
126216
126217
126218
126257
126258
126259
126260
126261
126262
126263
126264
126265
126266
126267
126268
126269
126270
126271
126272
126273
126274
126275
126276
126277
126278
126279
)


// ************************************************************************* //
