/*--------------------------------*- C++ -*----------------------------------*\
  =========                 |
  \\      /  F ield         | OpenFOAM: The Open Source CFD Toolbox
   \\    /   O peration     | Website:  https://openfoam.org
    \\  /    A nd           | Version:  7
     \\/     M anipulation  |
\*---------------------------------------------------------------------------*/
FoamFile
{
    version     2.0;
    format      ascii;
    class       faceList;
    location    "constant/polyMesh";
    object      faces;
}
// * * * * * * * * * * * * * * * * * * * * * * * * * * * * * * * * * * * * * //


1352
(
4(1 4 10 7)
4(0 6 9 3)
4(13 15 21 19)
4(14 20 21 15)
4(12 13 19 18)
4(13 0 6 19)
4(25 28 88 85)
4(27 87 88 28)
4(24 25 85 84)
4(28 88 89 29)
4(26 29 89 86)
4(25 26 86 85)
4(28 31 91 88)
4(30 90 91 31)
4(31 91 92 32)
4(29 32 92 89)
4(31 34 94 91)
4(33 93 94 34)
4(34 94 95 35)
4(32 35 95 92)
4(34 37 97 94)
4(36 96 97 37)
4(37 97 98 38)
4(35 38 98 95)
4(37 40 100 97)
4(39 99 100 40)
4(40 100 101 41)
4(38 41 101 98)
4(40 43 103 100)
4(42 102 103 43)
4(43 103 104 44)
4(41 44 104 101)
4(43 46 106 103)
4(45 105 106 46)
4(46 106 107 47)
4(44 47 107 104)
4(46 49 109 106)
4(48 108 109 49)
4(49 109 110 50)
4(47 50 110 107)
4(49 52 112 109)
4(51 111 112 52)
4(52 112 113 53)
4(50 53 113 110)
4(52 55 115 112)
4(54 114 115 55)
4(55 115 116 56)
4(53 56 116 113)
4(55 58 118 115)
4(57 117 118 58)
4(58 118 119 59)
4(56 59 119 116)
4(58 61 121 118)
4(60 120 121 61)
4(61 121 122 62)
4(59 62 122 119)
4(61 64 124 121)
4(63 123 124 64)
4(64 124 125 65)
4(62 65 125 122)
4(64 67 127 124)
4(66 126 127 67)
4(67 127 128 68)
4(65 68 128 125)
4(67 70 130 127)
4(69 129 130 70)
4(70 130 131 71)
4(68 71 131 128)
4(70 73 133 130)
4(72 132 133 73)
4(73 133 134 74)
4(71 74 134 131)
4(73 76 136 133)
4(75 135 136 76)
4(76 136 137 77)
4(74 77 137 134)
4(76 79 139 136)
4(78 138 139 79)
4(79 139 140 80)
4(77 80 140 137)
4(79 82 142 139)
4(81 141 142 82)
4(82 142 143 83)
4(80 83 143 140)
4(82 13 19 142)
4(83 0 6 143)
4(144 150 276 270)
4(29 89 276 150)
4(26 144 270 86)
4(145 151 277 271)
4(150 276 277 151)
4(144 145 271 270)
4(146 152 278 272)
4(151 277 278 152)
4(145 146 272 271)
4(147 153 279 273)
4(152 278 279 153)
4(146 147 273 272)
4(148 154 280 274)
4(153 279 280 154)
4(147 148 274 273)
4(154 280 281 155)
4(148 149 275 274)
4(150 156 282 276)
4(32 92 282 156)
4(151 157 283 277)
4(156 282 283 157)
4(152 158 284 278)
4(157 283 284 158)
4(153 159 285 279)
4(158 284 285 159)
4(154 160 286 280)
4(159 285 286 160)
4(160 286 287 161)
4(156 162 288 282)
4(35 95 288 162)
4(157 163 289 283)
4(162 288 289 163)
4(158 164 290 284)
4(163 289 290 164)
4(159 165 291 285)
4(164 290 291 165)
4(160 166 292 286)
4(165 291 292 166)
4(166 292 293 167)
4(162 168 294 288)
4(38 98 294 168)
4(163 169 295 289)
4(168 294 295 169)
4(164 170 296 290)
4(169 295 296 170)
4(165 171 297 291)
4(170 296 297 171)
4(166 172 298 292)
4(171 297 298 172)
4(172 298 299 173)
4(168 174 300 294)
4(41 101 300 174)
4(169 175 301 295)
4(174 300 301 175)
4(170 176 302 296)
4(175 301 302 176)
4(171 177 303 297)
4(176 302 303 177)
4(172 178 304 298)
4(177 303 304 178)
4(178 304 305 179)
4(174 180 306 300)
4(44 104 306 180)
4(175 181 307 301)
4(180 306 307 181)
4(176 182 308 302)
4(181 307 308 182)
4(177 183 309 303)
4(182 308 309 183)
4(178 184 310 304)
4(183 309 310 184)
4(184 310 311 185)
4(180 186 312 306)
4(47 107 312 186)
4(181 187 313 307)
4(186 312 313 187)
4(182 188 314 308)
4(187 313 314 188)
4(183 189 315 309)
4(188 314 315 189)
4(184 190 316 310)
4(189 315 316 190)
4(190 316 317 191)
4(186 192 318 312)
4(50 110 318 192)
4(187 193 319 313)
4(192 318 319 193)
4(188 194 320 314)
4(193 319 320 194)
4(189 195 321 315)
4(194 320 321 195)
4(190 196 322 316)
4(195 321 322 196)
4(196 322 323 197)
4(192 198 324 318)
4(53 113 324 198)
4(193 199 325 319)
4(198 324 325 199)
4(194 200 326 320)
4(199 325 326 200)
4(195 201 327 321)
4(200 326 327 201)
4(196 202 328 322)
4(201 327 328 202)
4(202 328 329 203)
4(198 204 330 324)
4(56 116 330 204)
4(199 205 331 325)
4(204 330 331 205)
4(200 206 332 326)
4(205 331 332 206)
4(201 207 333 327)
4(206 332 333 207)
4(202 208 334 328)
4(207 333 334 208)
4(208 334 335 209)
4(204 210 336 330)
4(59 119 336 210)
4(205 211 337 331)
4(210 336 337 211)
4(206 212 338 332)
4(211 337 338 212)
4(207 213 339 333)
4(212 338 339 213)
4(208 214 340 334)
4(213 339 340 214)
4(214 340 341 215)
4(210 216 342 336)
4(62 122 342 216)
4(211 217 343 337)
4(216 342 343 217)
4(212 218 344 338)
4(217 343 344 218)
4(213 219 345 339)
4(218 344 345 219)
4(214 220 346 340)
4(219 345 346 220)
4(220 346 347 221)
4(216 222 348 342)
4(65 125 348 222)
4(217 223 349 343)
4(222 348 349 223)
4(218 224 350 344)
4(223 349 350 224)
4(219 225 351 345)
4(224 350 351 225)
4(220 226 352 346)
4(225 351 352 226)
4(226 352 353 227)
4(222 228 354 348)
4(68 128 354 228)
4(223 229 355 349)
4(228 354 355 229)
4(224 230 356 350)
4(229 355 356 230)
4(225 231 357 351)
4(230 356 357 231)
4(226 232 358 352)
4(231 357 358 232)
4(232 358 359 233)
4(228 234 360 354)
4(71 131 360 234)
4(229 235 361 355)
4(234 360 361 235)
4(230 236 362 356)
4(235 361 362 236)
4(231 237 363 357)
4(236 362 363 237)
4(232 238 364 358)
4(237 363 364 238)
4(238 364 365 239)
4(234 240 366 360)
4(74 134 366 240)
4(235 241 367 361)
4(240 366 367 241)
4(236 242 368 362)
4(241 367 368 242)
4(237 243 369 363)
4(242 368 369 243)
4(238 244 370 364)
4(243 369 370 244)
4(244 370 371 245)
4(240 246 372 366)
4(77 137 372 246)
4(241 247 373 367)
4(246 372 373 247)
4(242 248 374 368)
4(247 373 374 248)
4(243 249 375 369)
4(248 374 375 249)
4(244 250 376 370)
4(249 375 376 250)
4(250 376 377 251)
4(246 252 378 372)
4(80 140 378 252)
4(247 253 379 373)
4(252 378 379 253)
4(248 254 380 374)
4(253 379 380 254)
4(249 255 381 375)
4(254 380 381 255)
4(250 256 382 376)
4(255 381 382 256)
4(256 382 383 257)
4(252 258 384 378)
4(83 143 384 258)
4(253 259 385 379)
4(258 384 385 259)
4(254 260 386 380)
4(259 385 386 260)
4(255 261 387 381)
4(260 386 387 261)
4(256 262 388 382)
4(261 387 388 262)
4(262 388 389 263)
4(258 264 390 384)
4(259 265 391 385)
4(260 266 392 386)
4(261 267 393 387)
4(262 268 394 388)
4(397 400 460 457)
4(399 459 460 400)
4(400 460 461 401)
4(398 401 461 458)
4(400 403 463 460)
4(402 462 463 403)
4(403 463 464 404)
4(401 404 464 461)
4(403 406 466 463)
4(405 465 466 406)
4(406 466 467 407)
4(404 407 467 464)
4(406 409 469 466)
4(408 468 469 409)
4(409 469 470 410)
4(407 410 470 467)
4(409 412 472 469)
4(411 471 472 412)
4(412 472 473 413)
4(410 413 473 470)
4(412 415 475 472)
4(414 474 475 415)
4(415 475 476 416)
4(413 416 476 473)
4(415 418 478 475)
4(417 477 478 418)
4(418 478 479 419)
4(416 419 479 476)
4(418 421 481 478)
4(420 480 481 421)
4(421 481 482 422)
4(419 422 482 479)
4(421 424 484 481)
4(423 483 484 424)
4(424 484 485 425)
4(422 425 485 482)
4(424 427 487 484)
4(426 486 487 427)
4(427 487 488 428)
4(425 428 488 485)
4(427 430 490 487)
4(429 489 490 430)
4(430 490 491 431)
4(428 431 491 488)
4(430 433 493 490)
4(432 492 493 433)
4(433 493 494 434)
4(431 434 494 491)
4(433 436 496 493)
4(435 495 496 436)
4(436 496 497 437)
4(434 437 497 494)
4(436 439 499 496)
4(438 498 499 439)
4(439 499 500 440)
4(437 440 500 497)
4(439 442 502 499)
4(441 501 502 442)
4(442 502 503 443)
4(440 443 503 500)
4(442 445 505 502)
4(444 504 505 445)
4(445 505 506 446)
4(443 446 506 503)
4(445 448 508 505)
4(447 507 508 448)
4(448 508 509 449)
4(446 449 509 506)
4(448 451 511 508)
4(450 510 511 451)
4(451 511 512 452)
4(449 452 512 509)
4(451 454 514 511)
4(453 513 514 454)
4(454 514 515 455)
4(452 455 515 512)
4(454 25 85 514)
4(455 26 86 515)
4(516 522 642 636)
4(401 461 642 522)
4(517 523 643 637)
4(522 642 643 523)
4(518 524 644 638)
4(523 643 644 524)
4(519 525 645 639)
4(524 644 645 525)
4(520 526 646 640)
4(525 645 646 526)
4(526 646 647 527)
4(522 528 648 642)
4(404 464 648 528)
4(523 529 649 643)
4(528 648 649 529)
4(524 530 650 644)
4(529 649 650 530)
4(525 531 651 645)
4(530 650 651 531)
4(526 532 652 646)
4(531 651 652 532)
4(532 652 653 533)
4(528 534 654 648)
4(407 467 654 534)
4(529 535 655 649)
4(534 654 655 535)
4(530 536 656 650)
4(535 655 656 536)
4(531 537 657 651)
4(536 656 657 537)
4(532 538 658 652)
4(537 657 658 538)
4(538 658 659 539)
4(534 540 660 654)
4(410 470 660 540)
4(535 541 661 655)
4(540 660 661 541)
4(536 542 662 656)
4(541 661 662 542)
4(537 543 663 657)
4(542 662 663 543)
4(538 544 664 658)
4(543 663 664 544)
4(544 664 665 545)
4(540 546 666 660)
4(413 473 666 546)
4(541 547 667 661)
4(546 666 667 547)
4(542 548 668 662)
4(547 667 668 548)
4(543 549 669 663)
4(548 668 669 549)
4(544 550 670 664)
4(549 669 670 550)
4(550 670 671 551)
4(546 552 672 666)
4(416 476 672 552)
4(547 553 673 667)
4(552 672 673 553)
4(548 554 674 668)
4(553 673 674 554)
4(549 555 675 669)
4(554 674 675 555)
4(550 556 676 670)
4(555 675 676 556)
4(556 676 677 557)
4(552 558 678 672)
4(419 479 678 558)
4(553 559 679 673)
4(558 678 679 559)
4(554 560 680 674)
4(559 679 680 560)
4(555 561 681 675)
4(560 680 681 561)
4(556 562 682 676)
4(561 681 682 562)
4(562 682 683 563)
4(558 564 684 678)
4(422 482 684 564)
4(559 565 685 679)
4(564 684 685 565)
4(560 566 686 680)
4(565 685 686 566)
4(561 567 687 681)
4(566 686 687 567)
4(562 568 688 682)
4(567 687 688 568)
4(568 688 689 569)
4(564 570 690 684)
4(425 485 690 570)
4(565 571 691 685)
4(570 690 691 571)
4(566 572 692 686)
4(571 691 692 572)
4(567 573 693 687)
4(572 692 693 573)
4(568 574 694 688)
4(573 693 694 574)
4(574 694 695 575)
4(570 576 696 690)
4(428 488 696 576)
4(571 577 697 691)
4(576 696 697 577)
4(572 578 698 692)
4(577 697 698 578)
4(573 579 699 693)
4(578 698 699 579)
4(574 580 700 694)
4(579 699 700 580)
4(580 700 701 581)
4(576 582 702 696)
4(431 491 702 582)
4(577 583 703 697)
4(582 702 703 583)
4(578 584 704 698)
4(583 703 704 584)
4(579 585 705 699)
4(584 704 705 585)
4(580 586 706 700)
4(585 705 706 586)
4(586 706 707 587)
4(582 588 708 702)
4(434 494 708 588)
4(583 589 709 703)
4(588 708 709 589)
4(584 590 710 704)
4(589 709 710 590)
4(585 591 711 705)
4(590 710 711 591)
4(586 592 712 706)
4(591 711 712 592)
4(592 712 713 593)
4(588 594 714 708)
4(437 497 714 594)
4(589 595 715 709)
4(594 714 715 595)
4(590 596 716 710)
4(595 715 716 596)
4(591 597 717 711)
4(596 716 717 597)
4(592 598 718 712)
4(597 717 718 598)
4(598 718 719 599)
4(594 600 720 714)
4(440 500 720 600)
4(595 601 721 715)
4(600 720 721 601)
4(596 602 722 716)
4(601 721 722 602)
4(597 603 723 717)
4(602 722 723 603)
4(598 604 724 718)
4(603 723 724 604)
4(604 724 725 605)
4(600 606 726 720)
4(443 503 726 606)
4(601 607 727 721)
4(606 726 727 607)
4(602 608 728 722)
4(607 727 728 608)
4(603 609 729 723)
4(608 728 729 609)
4(604 610 730 724)
4(609 729 730 610)
4(610 730 731 611)
4(606 612 732 726)
4(446 506 732 612)
4(607 613 733 727)
4(612 732 733 613)
4(608 614 734 728)
4(613 733 734 614)
4(609 615 735 729)
4(614 734 735 615)
4(610 616 736 730)
4(615 735 736 616)
4(616 736 737 617)
4(612 618 738 732)
4(449 509 738 618)
4(613 619 739 733)
4(618 738 739 619)
4(614 620 740 734)
4(619 739 740 620)
4(615 621 741 735)
4(620 740 741 621)
4(616 622 742 736)
4(621 741 742 622)
4(622 742 743 623)
4(618 624 744 738)
4(452 512 744 624)
4(619 625 745 739)
4(624 744 745 625)
4(620 626 746 740)
4(625 745 746 626)
4(621 627 747 741)
4(626 746 747 627)
4(622 628 748 742)
4(627 747 748 628)
4(628 748 749 629)
4(624 630 750 744)
4(455 515 750 630)
4(625 631 751 745)
4(630 750 751 631)
4(626 632 752 746)
4(631 751 752 632)
4(627 633 753 747)
4(632 752 753 633)
4(628 634 754 748)
4(633 753 754 634)
4(634 754 755 635)
4(630 144 270 750)
4(631 145 271 751)
4(632 146 272 752)
4(633 147 273 753)
4(634 148 274 754)
4(0 1 7 6)
4(1 2 8 7)
4(0 6 390 264)
4(264 390 391 265)
4(265 391 392 266)
4(266 392 393 267)
4(267 393 394 268)
4(268 394 395 269)
4(396 397 457 456)
4(397 398 458 457)
4(398 516 636 458)
4(516 517 637 636)
4(517 518 638 637)
4(518 519 639 638)
4(519 520 640 639)
4(520 521 641 640)
4(0 3 4 1)
4(1 4 5 2)
4(6 7 10 9)
4(7 8 11 10)
4(12 14 15 13)
4(14 16 17 15)
4(13 15 3 0)
4(18 19 21 20)
4(20 21 23 22)
4(19 6 9 21)
4(24 27 28 25)
4(27 30 31 28)
4(30 33 34 31)
4(33 36 37 34)
4(36 39 40 37)
4(39 42 43 40)
4(42 45 46 43)
4(45 48 49 46)
4(48 51 52 49)
4(51 54 55 52)
4(54 57 58 55)
4(57 60 61 58)
4(60 63 64 61)
4(63 66 67 64)
4(66 69 70 67)
4(69 72 73 70)
4(72 75 76 73)
4(75 78 79 76)
4(78 81 82 79)
4(81 12 13 82)
4(25 28 29 26)
4(28 31 32 29)
4(31 34 35 32)
4(34 37 38 35)
4(37 40 41 38)
4(40 43 44 41)
4(43 46 47 44)
4(46 49 50 47)
4(49 52 53 50)
4(52 55 56 53)
4(55 58 59 56)
4(58 61 62 59)
4(61 64 65 62)
4(64 67 68 65)
4(67 70 71 68)
4(70 73 74 71)
4(73 76 77 74)
4(76 79 80 77)
4(79 82 83 80)
4(82 13 0 83)
4(84 85 88 87)
4(87 88 91 90)
4(90 91 94 93)
4(93 94 97 96)
4(96 97 100 99)
4(99 100 103 102)
4(102 103 106 105)
4(105 106 109 108)
4(108 109 112 111)
4(111 112 115 114)
4(114 115 118 117)
4(117 118 121 120)
4(120 121 124 123)
4(123 124 127 126)
4(126 127 130 129)
4(129 130 133 132)
4(132 133 136 135)
4(135 136 139 138)
4(138 139 142 141)
4(141 142 19 18)
4(85 86 89 88)
4(88 89 92 91)
4(91 92 95 94)
4(94 95 98 97)
4(97 98 101 100)
4(100 101 104 103)
4(103 104 107 106)
4(106 107 110 109)
4(109 110 113 112)
4(112 113 116 115)
4(115 116 119 118)
4(118 119 122 121)
4(121 122 125 124)
4(124 125 128 127)
4(127 128 131 130)
4(130 131 134 133)
4(133 134 137 136)
4(136 137 140 139)
4(139 140 143 142)
4(142 143 6 19)
4(26 29 150 144)
4(29 32 156 150)
4(32 35 162 156)
4(35 38 168 162)
4(38 41 174 168)
4(41 44 180 174)
4(44 47 186 180)
4(47 50 192 186)
4(50 53 198 192)
4(53 56 204 198)
4(56 59 210 204)
4(59 62 216 210)
4(62 65 222 216)
4(65 68 228 222)
4(68 71 234 228)
4(71 74 240 234)
4(74 77 246 240)
4(77 80 252 246)
4(80 83 258 252)
4(83 0 264 258)
4(144 150 151 145)
4(150 156 157 151)
4(156 162 163 157)
4(162 168 169 163)
4(168 174 175 169)
4(174 180 181 175)
4(180 186 187 181)
4(186 192 193 187)
4(192 198 199 193)
4(198 204 205 199)
4(204 210 211 205)
4(210 216 217 211)
4(216 222 223 217)
4(222 228 229 223)
4(228 234 235 229)
4(234 240 241 235)
4(240 246 247 241)
4(246 252 253 247)
4(252 258 259 253)
4(258 264 265 259)
4(145 151 152 146)
4(151 157 158 152)
4(157 163 164 158)
4(163 169 170 164)
4(169 175 176 170)
4(175 181 182 176)
4(181 187 188 182)
4(187 193 194 188)
4(193 199 200 194)
4(199 205 206 200)
4(205 211 212 206)
4(211 217 218 212)
4(217 223 224 218)
4(223 229 230 224)
4(229 235 236 230)
4(235 241 242 236)
4(241 247 248 242)
4(247 253 254 248)
4(253 259 260 254)
4(259 265 266 260)
4(146 152 153 147)
4(152 158 159 153)
4(158 164 165 159)
4(164 170 171 165)
4(170 176 177 171)
4(176 182 183 177)
4(182 188 189 183)
4(188 194 195 189)
4(194 200 201 195)
4(200 206 207 201)
4(206 212 213 207)
4(212 218 219 213)
4(218 224 225 219)
4(224 230 231 225)
4(230 236 237 231)
4(236 242 243 237)
4(242 248 249 243)
4(248 254 255 249)
4(254 260 261 255)
4(260 266 267 261)
4(147 153 154 148)
4(153 159 160 154)
4(159 165 166 160)
4(165 171 172 166)
4(171 177 178 172)
4(177 183 184 178)
4(183 189 190 184)
4(189 195 196 190)
4(195 201 202 196)
4(201 207 208 202)
4(207 213 214 208)
4(213 219 220 214)
4(219 225 226 220)
4(225 231 232 226)
4(231 237 238 232)
4(237 243 244 238)
4(243 249 250 244)
4(249 255 256 250)
4(255 261 262 256)
4(261 267 268 262)
4(148 154 155 149)
4(154 160 161 155)
4(160 166 167 161)
4(166 172 173 167)
4(172 178 179 173)
4(178 184 185 179)
4(184 190 191 185)
4(190 196 197 191)
4(196 202 203 197)
4(202 208 209 203)
4(208 214 215 209)
4(214 220 221 215)
4(220 226 227 221)
4(226 232 233 227)
4(232 238 239 233)
4(238 244 245 239)
4(244 250 251 245)
4(250 256 257 251)
4(256 262 263 257)
4(262 268 269 263)
4(86 270 276 89)
4(89 276 282 92)
4(92 282 288 95)
4(95 288 294 98)
4(98 294 300 101)
4(101 300 306 104)
4(104 306 312 107)
4(107 312 318 110)
4(110 318 324 113)
4(113 324 330 116)
4(116 330 336 119)
4(119 336 342 122)
4(122 342 348 125)
4(125 348 354 128)
4(128 354 360 131)
4(131 360 366 134)
4(134 366 372 137)
4(137 372 378 140)
4(140 378 384 143)
4(143 384 390 6)
4(270 271 277 276)
4(276 277 283 282)
4(282 283 289 288)
4(288 289 295 294)
4(294 295 301 300)
4(300 301 307 306)
4(306 307 313 312)
4(312 313 319 318)
4(318 319 325 324)
4(324 325 331 330)
4(330 331 337 336)
4(336 337 343 342)
4(342 343 349 348)
4(348 349 355 354)
4(354 355 361 360)
4(360 361 367 366)
4(366 367 373 372)
4(372 373 379 378)
4(378 379 385 384)
4(384 385 391 390)
4(271 272 278 277)
4(277 278 284 283)
4(283 284 290 289)
4(289 290 296 295)
4(295 296 302 301)
4(301 302 308 307)
4(307 308 314 313)
4(313 314 320 319)
4(319 320 326 325)
4(325 326 332 331)
4(331 332 338 337)
4(337 338 344 343)
4(343 344 350 349)
4(349 350 356 355)
4(355 356 362 361)
4(361 362 368 367)
4(367 368 374 373)
4(373 374 380 379)
4(379 380 386 385)
4(385 386 392 391)
4(272 273 279 278)
4(278 279 285 284)
4(284 285 291 290)
4(290 291 297 296)
4(296 297 303 302)
4(302 303 309 308)
4(308 309 315 314)
4(314 315 321 320)
4(320 321 327 326)
4(326 327 333 332)
4(332 333 339 338)
4(338 339 345 344)
4(344 345 351 350)
4(350 351 357 356)
4(356 357 363 362)
4(362 363 369 368)
4(368 369 375 374)
4(374 375 381 380)
4(380 381 387 386)
4(386 387 393 392)
4(273 274 280 279)
4(279 280 286 285)
4(285 286 292 291)
4(291 292 298 297)
4(297 298 304 303)
4(303 304 310 309)
4(309 310 316 315)
4(315 316 322 321)
4(321 322 328 327)
4(327 328 334 333)
4(333 334 340 339)
4(339 340 346 345)
4(345 346 352 351)
4(351 352 358 357)
4(357 358 364 363)
4(363 364 370 369)
4(369 370 376 375)
4(375 376 382 381)
4(381 382 388 387)
4(387 388 394 393)
4(274 275 281 280)
4(280 281 287 286)
4(286 287 293 292)
4(292 293 299 298)
4(298 299 305 304)
4(304 305 311 310)
4(310 311 317 316)
4(316 317 323 322)
4(322 323 329 328)
4(328 329 335 334)
4(334 335 341 340)
4(340 341 347 346)
4(346 347 353 352)
4(352 353 359 358)
4(358 359 365 364)
4(364 365 371 370)
4(370 371 377 376)
4(376 377 383 382)
4(382 383 389 388)
4(388 389 395 394)
4(396 399 400 397)
4(399 402 403 400)
4(402 405 406 403)
4(405 408 409 406)
4(408 411 412 409)
4(411 414 415 412)
4(414 417 418 415)
4(417 420 421 418)
4(420 423 424 421)
4(423 426 427 424)
4(426 429 430 427)
4(429 432 433 430)
4(432 435 436 433)
4(435 438 439 436)
4(438 441 442 439)
4(441 444 445 442)
4(444 447 448 445)
4(447 450 451 448)
4(450 453 454 451)
4(453 24 25 454)
4(397 400 401 398)
4(400 403 404 401)
4(403 406 407 404)
4(406 409 410 407)
4(409 412 413 410)
4(412 415 416 413)
4(415 418 419 416)
4(418 421 422 419)
4(421 424 425 422)
4(424 427 428 425)
4(427 430 431 428)
4(430 433 434 431)
4(433 436 437 434)
4(436 439 440 437)
4(439 442 443 440)
4(442 445 446 443)
4(445 448 449 446)
4(448 451 452 449)
4(451 454 455 452)
4(454 25 26 455)
4(456 457 460 459)
4(459 460 463 462)
4(462 463 466 465)
4(465 466 469 468)
4(468 469 472 471)
4(471 472 475 474)
4(474 475 478 477)
4(477 478 481 480)
4(480 481 484 483)
4(483 484 487 486)
4(486 487 490 489)
4(489 490 493 492)
4(492 493 496 495)
4(495 496 499 498)
4(498 499 502 501)
4(501 502 505 504)
4(504 505 508 507)
4(507 508 511 510)
4(510 511 514 513)
4(513 514 85 84)
4(457 458 461 460)
4(460 461 464 463)
4(463 464 467 466)
4(466 467 470 469)
4(469 470 473 472)
4(472 473 476 475)
4(475 476 479 478)
4(478 479 482 481)
4(481 482 485 484)
4(484 485 488 487)
4(487 488 491 490)
4(490 491 494 493)
4(493 494 497 496)
4(496 497 500 499)
4(499 500 503 502)
4(502 503 506 505)
4(505 506 509 508)
4(508 509 512 511)
4(511 512 515 514)
4(514 515 86 85)
4(398 401 522 516)
4(401 404 528 522)
4(404 407 534 528)
4(407 410 540 534)
4(410 413 546 540)
4(413 416 552 546)
4(416 419 558 552)
4(419 422 564 558)
4(422 425 570 564)
4(425 428 576 570)
4(428 431 582 576)
4(431 434 588 582)
4(434 437 594 588)
4(437 440 600 594)
4(440 443 606 600)
4(443 446 612 606)
4(446 449 618 612)
4(449 452 624 618)
4(452 455 630 624)
4(455 26 144 630)
4(516 522 523 517)
4(522 528 529 523)
4(528 534 535 529)
4(534 540 541 535)
4(540 546 547 541)
4(546 552 553 547)
4(552 558 559 553)
4(558 564 565 559)
4(564 570 571 565)
4(570 576 577 571)
4(576 582 583 577)
4(582 588 589 583)
4(588 594 595 589)
4(594 600 601 595)
4(600 606 607 601)
4(606 612 613 607)
4(612 618 619 613)
4(618 624 625 619)
4(624 630 631 625)
4(630 144 145 631)
4(517 523 524 518)
4(523 529 530 524)
4(529 535 536 530)
4(535 541 542 536)
4(541 547 548 542)
4(547 553 554 548)
4(553 559 560 554)
4(559 565 566 560)
4(565 571 572 566)
4(571 577 578 572)
4(577 583 584 578)
4(583 589 590 584)
4(589 595 596 590)
4(595 601 602 596)
4(601 607 608 602)
4(607 613 614 608)
4(613 619 620 614)
4(619 625 626 620)
4(625 631 632 626)
4(631 145 146 632)
4(518 524 525 519)
4(524 530 531 525)
4(530 536 537 531)
4(536 542 543 537)
4(542 548 549 543)
4(548 554 555 549)
4(554 560 561 555)
4(560 566 567 561)
4(566 572 573 567)
4(572 578 579 573)
4(578 584 585 579)
4(584 590 591 585)
4(590 596 597 591)
4(596 602 603 597)
4(602 608 609 603)
4(608 614 615 609)
4(614 620 621 615)
4(620 626 627 621)
4(626 632 633 627)
4(632 146 147 633)
4(519 525 526 520)
4(525 531 532 526)
4(531 537 538 532)
4(537 543 544 538)
4(543 549 550 544)
4(549 555 556 550)
4(555 561 562 556)
4(561 567 568 562)
4(567 573 574 568)
4(573 579 580 574)
4(579 585 586 580)
4(585 591 592 586)
4(591 597 598 592)
4(597 603 604 598)
4(603 609 610 604)
4(609 615 616 610)
4(615 621 622 616)
4(621 627 628 622)
4(627 633 634 628)
4(633 147 148 634)
4(520 526 527 521)
4(526 532 533 527)
4(532 538 539 533)
4(538 544 545 539)
4(544 550 551 545)
4(550 556 557 551)
4(556 562 563 557)
4(562 568 569 563)
4(568 574 575 569)
4(574 580 581 575)
4(580 586 587 581)
4(586 592 593 587)
4(592 598 599 593)
4(598 604 605 599)
4(604 610 611 605)
4(610 616 617 611)
4(616 622 623 617)
4(622 628 629 623)
4(628 634 635 629)
4(634 148 149 635)
4(458 636 642 461)
4(461 642 648 464)
4(464 648 654 467)
4(467 654 660 470)
4(470 660 666 473)
4(473 666 672 476)
4(476 672 678 479)
4(479 678 684 482)
4(482 684 690 485)
4(485 690 696 488)
4(488 696 702 491)
4(491 702 708 494)
4(494 708 714 497)
4(497 714 720 500)
4(500 720 726 503)
4(503 726 732 506)
4(506 732 738 509)
4(509 738 744 512)
4(512 744 750 515)
4(515 750 270 86)
4(636 637 643 642)
4(642 643 649 648)
4(648 649 655 654)
4(654 655 661 660)
4(660 661 667 666)
4(666 667 673 672)
4(672 673 679 678)
4(678 679 685 684)
4(684 685 691 690)
4(690 691 697 696)
4(696 697 703 702)
4(702 703 709 708)
4(708 709 715 714)
4(714 715 721 720)
4(720 721 727 726)
4(726 727 733 732)
4(732 733 739 738)
4(738 739 745 744)
4(744 745 751 750)
4(750 751 271 270)
4(637 638 644 643)
4(643 644 650 649)
4(649 650 656 655)
4(655 656 662 661)
4(661 662 668 667)
4(667 668 674 673)
4(673 674 680 679)
4(679 680 686 685)
4(685 686 692 691)
4(691 692 698 697)
4(697 698 704 703)
4(703 704 710 709)
4(709 710 716 715)
4(715 716 722 721)
4(721 722 728 727)
4(727 728 734 733)
4(733 734 740 739)
4(739 740 746 745)
4(745 746 752 751)
4(751 752 272 271)
4(638 639 645 644)
4(644 645 651 650)
4(650 651 657 656)
4(656 657 663 662)
4(662 663 669 668)
4(668 669 675 674)
4(674 675 681 680)
4(680 681 687 686)
4(686 687 693 692)
4(692 693 699 698)
4(698 699 705 704)
4(704 705 711 710)
4(710 711 717 716)
4(716 717 723 722)
4(722 723 729 728)
4(728 729 735 734)
4(734 735 741 740)
4(740 741 747 746)
4(746 747 753 752)
4(752 753 273 272)
4(639 640 646 645)
4(645 646 652 651)
4(651 652 658 657)
4(657 658 664 663)
4(663 664 670 669)
4(669 670 676 675)
4(675 676 682 681)
4(681 682 688 687)
4(687 688 694 693)
4(693 694 700 699)
4(699 700 706 705)
4(705 706 712 711)
4(711 712 718 717)
4(717 718 724 723)
4(723 724 730 729)
4(729 730 736 735)
4(735 736 742 741)
4(741 742 748 747)
4(747 748 754 753)
4(753 754 274 273)
4(640 641 647 646)
4(646 647 653 652)
4(652 653 659 658)
4(658 659 665 664)
4(664 665 671 670)
4(670 671 677 676)
4(676 677 683 682)
4(682 683 689 688)
4(688 689 695 694)
4(694 695 701 700)
4(700 701 707 706)
4(706 707 713 712)
4(712 713 719 718)
4(718 719 725 724)
4(724 725 731 730)
4(730 731 737 736)
4(736 737 743 742)
4(742 743 749 748)
4(748 749 755 754)
4(754 755 275 274)
4(24 84 87 27)
4(27 87 90 30)
4(30 90 93 33)
4(33 93 96 36)
4(36 96 99 39)
4(39 99 102 42)
4(42 102 105 45)
4(45 105 108 48)
4(48 108 111 51)
4(51 111 114 54)
4(54 114 117 57)
4(57 117 120 60)
4(60 120 123 63)
4(63 123 126 66)
4(66 126 129 69)
4(69 129 132 72)
4(72 132 135 75)
4(75 135 138 78)
4(78 138 141 81)
4(81 141 18 12)
4(396 456 459 399)
4(399 459 462 402)
4(402 462 465 405)
4(405 465 468 408)
4(408 468 471 411)
4(411 471 474 414)
4(414 474 477 417)
4(417 477 480 420)
4(420 480 483 423)
4(423 483 486 426)
4(426 486 489 429)
4(429 489 492 432)
4(432 492 495 435)
4(435 495 498 438)
4(438 498 501 441)
4(441 501 504 444)
4(444 504 507 447)
4(447 507 510 450)
4(450 510 513 453)
4(453 513 84 24)
4(149 155 281 275)
4(155 161 287 281)
4(161 167 293 287)
4(167 173 299 293)
4(173 179 305 299)
4(179 185 311 305)
4(185 191 317 311)
4(191 197 323 317)
4(197 203 329 323)
4(203 209 335 329)
4(209 215 341 335)
4(215 221 347 341)
4(221 227 353 347)
4(227 233 359 353)
4(233 239 365 359)
4(239 245 371 365)
4(245 251 377 371)
4(251 257 383 377)
4(257 263 389 383)
4(263 269 395 389)
4(521 527 647 641)
4(527 533 653 647)
4(533 539 659 653)
4(539 545 665 659)
4(545 551 671 665)
4(551 557 677 671)
4(557 563 683 677)
4(563 569 689 683)
4(569 575 695 689)
4(575 581 701 695)
4(581 587 707 701)
4(587 593 713 707)
4(593 599 719 713)
4(599 605 725 719)
4(605 611 731 725)
4(611 617 737 731)
4(617 623 743 737)
4(623 629 749 743)
4(629 635 755 749)
4(635 149 275 755)
4(12 18 20 14)
4(14 20 22 16)
4(3 9 10 4)
4(2 5 11 8)
4(4 10 11 5)
4(15 21 9 3)
4(15 17 23 21)
4(16 22 23 17)
)


// ************************************************************************* //
