/*--------------------------------*- C++ -*----------------------------------*\
  =========                 |
  \\      /  F ield         | OpenFOAM: The Open Source CFD Toolbox
   \\    /   O peration     | Website:  https://openfoam.org
    \\  /    A nd           | Version:  7
     \\/     M anipulation  |
\*---------------------------------------------------------------------------*/
FoamFile
{
    version     2.0;
    format      ascii;
    class       volVectorField;
    location    "0.2";
    object      U;
}
// * * * * * * * * * * * * * * * * * * * * * * * * * * * * * * * * * * * * * //

dimensions      [0 1 -1 0 0 0 0];

internalField   nonuniform List<vector> 
3225
(
(1.82955 0.68535 0)
(1.79183 0.706384 0)
(1.76048 0.741315 0)
(1.74542 0.763362 0)
(1.70524 0.784193 0)
(1.65464 0.792227 0)
(1.55615 0.793658 0)
(1.4235 0.786387 0)
(1.32496 0.780571 0)
(1.2627 0.728542 0)
(1.07724 0.466624 0)
(0.973566 0.386443 0)
(0.969107 0.350547 0)
(0.96799 0.321163 0)
(0.971894 0.296414 0)
(0.972059 0.266383 0)
(0.968485 0.241543 0)
(0.967582 0.221511 0)
(0.970562 0.202278 0)
(0.977918 0.182082 0)
(0.990853 0.158735 0)
(1.00364 0.125099 0)
(1.83684 0.697917 0)
(1.79994 0.719154 0)
(1.76559 0.754021 0)
(1.751 0.777301 0)
(1.71002 0.798771 0)
(1.6582 0.807923 0)
(1.55597 0.803385 0)
(1.41881 0.788763 0)
(1.322 0.796657 0)
(1.23586 0.672378 0)
(1.01462 0.432837 0)
(0.965758 0.383367 0)
(0.961375 0.349642 0)
(0.961121 0.323116 0)
(0.965206 0.298467 0)
(0.966073 0.268331 0)
(0.963081 0.242992 0)
(0.96222 0.224328 0)
(0.965092 0.205162 0)
(0.972195 0.184771 0)
(0.984658 0.1615 0)
(0.99912 0.12648 0)
(1.84737 0.700867 0)
(1.81044 0.722927 0)
(1.77283 0.755644 0)
(1.7517 0.788483 0)
(1.71451 0.808957 0)
(1.66003 0.818278 0)
(1.55038 0.803576 0)
(1.41166 0.792584 0)
(1.31671 0.820342 0)
(1.19 0.59228 0)
(0.977383 0.419733 0)
(0.958456 0.379529 0)
(0.954655 0.352009 0)
(0.9545 0.325759 0)
(0.958591 0.300528 0)
(0.959872 0.270602 0)
(0.957561 0.244237 0)
(0.956888 0.225364 0)
(0.959715 0.205777 0)
(0.96649 0.185648 0)
(0.978728 0.16287 0)
(0.994366 0.128086 0)
(1.85858 0.716271 0)
(1.81773 0.729319 0)
(1.77806 0.755963 0)
(1.75231 0.78591 0)
(1.71757 0.806851 0)
(1.65766 0.821561 0)
(1.55581 0.80239 0)
(1.40218 0.813953 0)
(1.31296 0.822887 0)
(1.09576 0.513561 0)
(0.958665 0.410346 0)
(0.951906 0.37785 0)
(0.947953 0.355171 0)
(0.947738 0.328772 0)
(0.951914 0.302024 0)
(0.953286 0.272059 0)
(0.951747 0.244666 0)
(0.951709 0.224028 0)
(0.954817 0.203092 0)
(0.961375 0.183089 0)
(0.973265 0.16343 0)
(0.989723 0.130047 0)
(1.87607 0.722342 0)
(1.82296 0.732239 0)
(1.78629 0.754374 0)
(1.76489 0.786704 0)
(1.72684 0.812746 0)
(1.6643 0.832715 0)
(1.56693 0.811459 0)
(1.39596 0.847781 0)
(1.30031 0.772499 0)
(1.01682 0.465697 0)
(0.949586 0.405336 0)
(0.945837 0.379657 0)
(0.940504 0.357711 0)
(0.940246 0.330514 0)
(0.945022 0.301842 0)
(0.946444 0.271801 0)
(0.94561 0.244244 0)
(0.946313 0.221821 0)
(0.949908 0.200574 0)
(0.956566 0.181933 0)
(0.968159 0.164376 0)
(0.985234 0.131662 0)
(1.89011 0.745059 0)
(1.83119 0.747292 0)
(1.79232 0.762758 0)
(1.77001 0.786006 0)
(1.72907 0.816287 0)
(1.66451 0.84294 0)
(1.57302 0.825391 0)
(1.40265 0.886514 0)
(1.24569 0.66734 0)
(0.968832 0.437876 0)
(0.944644 0.406534 0)
(0.939277 0.383371 0)
(0.933032 0.35734 0)
(0.932343 0.330492 0)
(0.937573 0.300652 0)
(0.939298 0.270009 0)
(0.939568 0.24301 0)
(0.94117 0.220488 0)
(0.945442 0.200068 0)
(0.952381 0.182196 0)
(0.963345 0.165818 0)
(0.980707 0.132381 0)
(1.89398 0.752792 0)
(1.84595 0.760958 0)
(1.79993 0.770022 0)
(1.77346 0.793899 0)
(1.72604 0.828603 0)
(1.66749 0.847948 0)
(1.57155 0.847789 0)
(1.41004 0.918846 0)
(1.1134 0.573656 0)
(0.944622 0.428088 0)
(0.93926 0.410133 0)
(0.931247 0.387016 0)
(0.925137 0.355 0)
(0.924251 0.329043 0)
(0.930122 0.298683 0)
(0.932236 0.26791 0)
(0.933736 0.242194 0)
(0.936207 0.22095 0)
(0.941012 0.201554 0)
(0.947909 0.183634 0)
(0.958263 0.166633 0)
(0.975955 0.13222 0)
(1.88228 0.780815 0)
(1.86194 0.776118 0)
(1.80672 0.781037 0)
(1.78124 0.799193 0)
(1.73059 0.836881 0)
(1.68078 0.849333 0)
(1.56256 0.878346 0)
(1.41688 0.901823 0)
(1.02165 0.499274 0)
(0.936331 0.429114 0)
(0.932784 0.41525 0)
(0.923565 0.386978 0)
(0.917061 0.351328 0)
(0.916363 0.32651 0)
(0.92289 0.296682 0)
(0.925654 0.265887 0)
(0.927897 0.242597 0)
(0.9308 0.222392 0)
(0.935795 0.203761 0)
(0.942757 0.184175 0)
(0.95303 0.165668 0)
(0.971042 0.131741 0)
(1.86234 0.786673 0)
(1.86975 0.791027 0)
(1.81496 0.790093 0)
(1.78839 0.805731 0)
(1.73639 0.844243 0)
(1.69267 0.853426 0)
(1.56043 0.898168 0)
(1.40773 0.788685 0)
(0.976262 0.459674 0)
(0.931622 0.435341 0)
(0.924674 0.418925 0)
(0.914613 0.384183 0)
(0.908607 0.348277 0)
(0.908448 0.324675 0)
(0.915171 0.29622 0)
(0.918863 0.265359 0)
(0.922229 0.242733 0)
(0.925625 0.222453 0)
(0.930669 0.2034 0)
(0.937347 0.182707 0)
(0.947576 0.16341 0)
(0.966295 0.13176 0)
(1.83271 0.801283 0)
(1.86886 0.817044 0)
(1.82683 0.799796 0)
(1.79584 0.811173 0)
(1.74381 0.844735 0)
(1.70731 0.851288 0)
(1.57866 0.910372 0)
(1.26419 0.635597 0)
(0.94158 0.453253 0)
(0.924319 0.44249 0)
(0.915742 0.418035 0)
(0.905245 0.380365 0)
(0.899742 0.347921 0)
(0.9006 0.323773 0)
(0.907527 0.295878 0)
(0.912282 0.264906 0)
(0.916884 0.241735 0)
(0.920281 0.220311 0)
(0.925086 0.200895 0)
(0.931779 0.179737 0)
(0.942339 0.16226 0)
(0.962038 0.132513 0)
(1.802 0.793748 0)
(1.85323 0.85054 0)
(1.83897 0.82213 0)
(1.79905 0.822623 0)
(1.74941 0.83461 0)
(1.71352 0.845398 0)
(1.5863 0.919581 0)
(1.1176 0.536104 0)
(0.925037 0.461281 0)
(0.916379 0.445068 0)
(0.906403 0.412134 0)
(0.896194 0.378586 0)
(0.890686 0.349333 0)
(0.893014 0.323081 0)
(0.900628 0.294402 0)
(0.906115 0.263162 0)
(0.911094 0.239184 0)
(0.914337 0.216602 0)
(0.919646 0.196537 0)
(0.926951 0.177448 0)
(0.937871 0.162231 0)
(0.958013 0.133131 0)
(1.76659 0.788485 0)
(1.8322 0.857967 0)
(1.84398 0.84944 0)
(1.79812 0.841937 0)
(1.75451 0.834346 0)
(1.7 0.853246 0)
(1.58437 0.864605 0)
(1.04656 0.484179 0)
(0.922663 0.464528 0)
(0.908969 0.443862 0)
(0.89716 0.4076 0)
(0.887131 0.379021 0)
(0.881733 0.350464 0)
(0.885738 0.321608 0)
(0.893608 0.29098 0)
(0.89951 0.260037 0)
(0.904838 0.23623 0)
(0.908886 0.213306 0)
(0.91495 0.194202 0)
(0.922825 0.177003 0)
(0.933608 0.16325 0)
(0.953775 0.133166 0)
(1.72742 0.776166 0)
(1.7958 0.873986 0)
(1.83435 0.880736 0)
(1.7966 0.870851 0)
(1.76116 0.846461 0)
(1.70191 0.878997 0)
(1.60063 0.713082 0)
(0.997597 0.496744 0)
(0.920481 0.472301 0)
(0.901373 0.441822 0)
(0.889015 0.408019 0)
(0.878162 0.380064 0)
(0.873211 0.349959 0)
(0.878173 0.318266 0)
(0.88597 0.285925 0)
(0.892897 0.256843 0)
(0.898848 0.234279 0)
(0.903833 0.212303 0)
(0.910821 0.194425 0)
(0.918703 0.177847 0)
(0.929284 0.163133 0)
(0.949371 0.132017 0)
(1.67597 0.772703 0)
(1.76682 0.862825 0)
(1.82173 0.895204 0)
(1.79072 0.908605 0)
(1.76952 0.869768 0)
(1.70413 0.901015 0)
(1.4501 0.62109 0)
(0.955183 0.508204 0)
(0.912154 0.478037 0)
(0.892079 0.441844 0)
(0.879708 0.412343 0)
(0.869065 0.380002 0)
(0.86445 0.346853 0)
(0.870049 0.31392 0)
(0.879034 0.281189 0)
(0.886821 0.25525 0)
(0.89301 0.234601 0)
(0.898757 0.213622 0)
(0.906259 0.195868 0)
(0.914629 0.177535 0)
(0.924834 0.161486 0)
(0.944756 0.130094 0)
(1.62546 0.747331 0)
(1.72669 0.862542 0)
(1.80011 0.914409 0)
(1.78612 0.924791 0)
(1.77736 0.892141 0)
(1.7058 0.935305 0)
(1.30598 0.577079 0)
(0.9264 0.510019 0)
(0.899959 0.476777 0)
(0.882984 0.445113 0)
(0.869752 0.416254 0)
(0.858999 0.377534 0)
(0.855025 0.34252 0)
(0.862371 0.310009 0)
(0.872682 0.278851 0)
(0.880612 0.254738 0)
(0.887103 0.234313 0)
(0.893415 0.214283 0)
(0.901842 0.195662 0)
(0.910213 0.17523 0)
(0.92017 0.158072 0)
(0.940328 0.129037 0)
(1.57144 0.719749 0)
(1.69341 0.833634 0)
(1.77275 0.913862 0)
(1.77469 0.942889 0)
(1.77146 0.918994 0)
(1.70201 0.940462 0)
(1.20119 0.556717 0)
(0.910935 0.508432 0)
(0.889642 0.47622 0)
(0.873547 0.450083 0)
(0.859147 0.416989 0)
(0.847937 0.373475 0)
(0.846498 0.338182 0)
(0.854871 0.30814 0)
(0.865478 0.277581 0)
(0.874148 0.252653 0)
(0.881347 0.231996 0)
(0.888427 0.212279 0)
(0.896986 0.192698 0)
(0.90533 0.171164 0)
(0.915672 0.155386 0)
(0.936441 0.128645 0)
(1.51691 0.691992 0)
(1.65189 0.816187 0)
(1.73839 0.91948 0)
(1.77233 0.939391 0)
(1.75803 0.951716 0)
(1.69784 0.909638 0)
(1.12621 0.551326 0)
(0.906399 0.512872 0)
(0.882478 0.480402 0)
(0.863691 0.453507 0)
(0.846954 0.414606 0)
(0.837534 0.369392 0)
(0.838252 0.335489 0)
(0.847126 0.304833 0)
(0.857922 0.273784 0)
(0.867213 0.247992 0)
(0.875333 0.227404 0)
(0.88287 0.207457 0)
(0.891705 0.187695 0)
(0.900929 0.167544 0)
(0.911715 0.154047 0)
(0.932736 0.128929 0)
(1.46566 0.668439 0)
(1.61334 0.793235 0)
(1.7019 0.925526 0)
(1.76769 0.941328 0)
(1.75037 0.980471 0)
(1.7164 0.841606 0)
(1.04648 0.543312 0)
(0.894593 0.514972 0)
(0.873117 0.486472 0)
(0.852458 0.454475 0)
(0.834944 0.410037 0)
(0.826917 0.367429 0)
(0.829103 0.331098 0)
(0.838934 0.298394 0)
(0.849825 0.266502 0)
(0.859707 0.240983 0)
(0.869315 0.220379 0)
(0.877834 0.200476 0)
(0.887497 0.182185 0)
(0.89709 0.165076 0)
(0.907888 0.154114 0)
(0.928934 0.128795 0)
(1.41014 0.652175 0)
(1.56615 0.787332 0)
(1.6648 0.929241 0)
(1.75702 0.945634 0)
(1.74873 1.00375 0)
(1.69715 0.745969 0)
(0.950124 0.522085 0)
(0.873995 0.520813 0)
(0.86064 0.49281 0)
(0.839569 0.452227 0)
(0.82328 0.405296 0)
(0.814669 0.363697 0)
(0.819681 0.324088 0)
(0.830592 0.288101 0)
(0.841817 0.256504 0)
(0.85288 0.233195 0)
(0.863156 0.213059 0)
(0.872595 0.193511 0)
(0.88305 0.177862 0)
(0.892832 0.163877 0)
(0.904023 0.153418 0)
(0.924962 0.127599 0)
(1.36091 0.627326 0)
(1.52109 0.765876 0)
(1.62149 0.92776 0)
(1.74026 0.945911 0)
(1.74005 1.03087 0)
(1.56567 0.65322 0)
(0.877805 0.518137 0)
(0.856955 0.528865 0)
(0.846138 0.495229 0)
(0.825455 0.447977 0)
(0.809275 0.401542 0)
(0.803249 0.357062 0)
(0.809704 0.31537 0)
(0.821421 0.275875 0)
(0.834141 0.247251 0)
(0.845895 0.227114 0)
(0.85707 0.207758 0)
(0.867801 0.188898 0)
(0.878889 0.175248 0)
(0.889305 0.161916 0)
(0.900442 0.1509 0)
(0.920774 0.124987 0)
(1.30572 0.587946 0)
(1.45888 0.753299 0)
(1.57632 0.916197 0)
(1.71371 0.943257 0)
(1.71752 1.05591 0)
(1.38289 0.578289 0)
(0.854235 0.53202 0)
(0.848594 0.533834 0)
(0.830903 0.494963 0)
(0.809515 0.444478 0)
(0.794987 0.396182 0)
(0.791567 0.350445 0)
(0.799043 0.305624 0)
(0.812385 0.265536 0)
(0.82668 0.240929 0)
(0.839118 0.222325 0)
(0.851215 0.203816 0)
(0.862911 0.186156 0)
(0.874989 0.172545 0)
(0.885488 0.158286 0)
(0.89637 0.146681 0)
(0.916744 0.122339 0)
(1.23643 0.537929 0)
(1.39441 0.724365 0)
(1.53334 0.891418 0)
(1.67593 0.944108 0)
(1.68697 1.05215 0)
(1.22417 0.513674 0)
(0.854798 0.540265 0)
(0.841866 0.538162 0)
(0.814478 0.492986 0)
(0.792265 0.441017 0)
(0.781344 0.391488 0)
(0.779425 0.341738 0)
(0.787669 0.296796 0)
(0.802997 0.260915 0)
(0.819226 0.237339 0)
(0.832548 0.217548 0)
(0.84555 0.199746 0)
(0.858324 0.182732 0)
(0.871377 0.168336 0)
(0.882212 0.152435 0)
(0.893192 0.140947 0)
(0.913423 0.119372 0)
(1.16552 0.467744 0)
(1.32458 0.685017 0)
(1.50164 0.844045 0)
(1.62085 0.94144 0)
(1.68888 1.01006 0)
(1.12104 0.486039 0)
(0.856043 0.554478 0)
(0.827611 0.542743 0)
(0.793781 0.490898 0)
(0.775482 0.438804 0)
(0.766751 0.38585 0)
(0.765539 0.333243 0)
(0.776993 0.29296 0)
(0.794774 0.26121 0)
(0.811944 0.234019 0)
(0.826187 0.211779 0)
(0.840358 0.194597 0)
(0.854067 0.177607 0)
(0.867311 0.161824 0)
(0.878212 0.145971 0)
(0.889615 0.136152 0)
(0.910191 0.117151 0)
(1.08223 0.381918 0)
(1.2207 0.626329 0)
(1.46398 0.766223 0)
(1.55738 0.954458 0)
(1.73541 0.742113 0)
(1.01227 0.504102 0)
(0.841655 0.575918 0)
(0.803735 0.545483 0)
(0.771691 0.488447 0)
(0.75849 0.435754 0)
(0.749767 0.379623 0)
(0.752972 0.329133 0)
(0.76829 0.293355 0)
(0.787215 0.260112 0)
(0.804001 0.229783 0)
(0.819466 0.206437 0)
(0.835142 0.188923 0)
(0.84945 0.170676 0)
(0.863295 0.154057 0)
(0.875338 0.139429 0)
(0.88716 0.132322 0)
(0.907326 0.115295 0)
(0.953974 0.321769 0)
(1.17801 0.544516 0)
(1.43735 0.681713 0)
(1.52656 0.935284 0)
(1.53482 0.542073 0)
(0.877741 0.513996 0)
(0.803838 0.591452 0)
(0.77518 0.54476 0)
(0.751479 0.488236 0)
(0.739082 0.431854 0)
(0.733505 0.375981 0)
(0.742707 0.330546 0)
(0.760038 0.293474 0)
(0.778066 0.25672 0)
(0.795161 0.226556 0)
(0.81268 0.20284 0)
(0.830003 0.18342 0)
(0.84511 0.163216 0)
(0.859846 0.147202 0)
(0.872499 0.135176 0)
(0.884527 0.129683 0)
(0.904588 0.112949 0)
(0.797301 0.25413 0)
(1.08435 0.479196 0)
(1.37408 0.666608 0)
(1.49795 0.925428 0)
(1.31422 0.466028 0)
(0.794304 0.511124 0)
(0.763997 0.584844 0)
(0.747532 0.546066 0)
(0.730829 0.486012 0)
(0.718945 0.427429 0)
(0.719777 0.377495 0)
(0.732261 0.334066 0)
(0.750148 0.291379 0)
(0.767805 0.251877 0)
(0.786736 0.224705 0)
(0.805994 0.201636 0)
(0.824259 0.179043 0)
(0.840434 0.157279 0)
(0.856258 0.143234 0)
(0.869677 0.132557 0)
(0.881971 0.126754 0)
(0.901759 0.109618 0)
(0.617278 0.183292 0)
(1.02847 0.407552 0)
(1.24143 0.626251 0)
(1.45771 0.746575 0)
(1.16192 0.443436 0)
(0.792505 0.532774 0)
(0.738142 0.587242 0)
(0.720449 0.551842 0)
(0.70632 0.485829 0)
(0.701241 0.428968 0)
(0.706571 0.381947 0)
(0.720687 0.335423 0)
(0.738991 0.286718 0)
(0.758687 0.246475 0)
(0.779199 0.222821 0)
(0.799496 0.199877 0)
(0.818402 0.175471 0)
(0.835937 0.153444 0)
(0.852935 0.140767 0)
(0.867023 0.129571 0)
(0.879253 0.122856 0)
(0.898675 0.105622 0)
(0.484342 0.0388195 0)
(0.914493 0.341055 0)
(1.17471 0.535902 0)
(1.36227 0.52313 0)
(1.04657 0.457691 0)
(0.782996 0.564399 0)
(0.712621 0.597837 0)
(0.69086 0.556451 0)
(0.682383 0.488651 0)
(0.684777 0.434128 0)
(0.692572 0.385634 0)
(0.707751 0.333664 0)
(0.728379 0.280231 0)
(0.75034 0.243479 0)
(0.771997 0.220536 0)
(0.79242 0.196989 0)
(0.812473 0.172401 0)
(0.831365 0.151122 0)
(0.849434 0.138168 0)
(0.863848 0.125674 0)
(0.876202 0.118017 0)
(0.89597 0.101408 0)
(0.313969 -0.0825621 0)
(0.740409 0.235535 0)
(1.03291 0.425432 0)
(1.27438 0.410602 0)
(0.903115 0.482447 0)
(0.73668 0.589726 0)
(0.674816 0.613987 0)
(0.658085 0.567078 0)
(0.65922 0.496166 0)
(0.667114 0.440726 0)
(0.677536 0.385944 0)
(0.695121 0.327388 0)
(0.718673 0.275471 0)
(0.742696 0.242209 0)
(0.764669 0.21764 0)
(0.785228 0.193383 0)
(0.806712 0.169902 0)
(0.827032 0.148846 0)
(0.845974 0.134456 0)
(0.860841 0.120601 0)
(0.873595 0.11292 0)
(0.893494 0.0978301 0)
(0.129078 -0.200659 0)
(0.533603 0.113815 0)
(0.841228 0.3399 0)
(1.13483 0.369527 0)
(0.756284 0.505195 0)
(0.662583 0.610985 0)
(0.624228 0.633185 0)
(0.623313 0.573997 0)
(0.635718 0.504184 0)
(0.647865 0.44455 0)
(0.661767 0.381015 0)
(0.683824 0.317459 0)
(0.710307 0.27278 0)
(0.734994 0.241581 0)
(0.75707 0.21523 0)
(0.778553 0.190304 0)
(0.801491 0.167135 0)
(0.822597 0.145353 0)
(0.841833 0.129904 0)
(0.857324 0.115754 0)
(0.870757 0.10861 0)
(0.891188 0.0949558 0)
(-0.057899 -0.282906 0)
(0.327735 -0.00542835 0)
(0.66801 0.220598 0)
(0.946057 0.326162 0)
(0.653327 0.543624 0)
(0.591638 0.640071 0)
(0.571869 0.644684 0)
(0.588021 0.576835 0)
(0.611047 0.510853 0)
(0.626844 0.442962 0)
(0.646486 0.36951 0)
(0.674226 0.310817 0)
(0.702798 0.271107 0)
(0.726949 0.24104 0)
(0.749249 0.214309 0)
(0.771849 0.189064 0)
(0.795597 0.165115 0)
(0.817359 0.141818 0)
(0.837487 0.125606 0)
(0.85417 0.111668 0)
(0.868415 0.105078 0)
(0.889109 0.0920081 0)
(-0.219726 -0.371063 0)
(0.134885 -0.10883 0)
(0.503906 0.128236 0)
(0.723038 0.324509 0)
(0.561971 0.582631 0)
(0.529039 0.657656 0)
(0.524621 0.643943 0)
(0.553524 0.580154 0)
(0.585274 0.510704 0)
(0.605378 0.432716 0)
(0.632997 0.3591 0)
(0.666698 0.307076 0)
(0.695396 0.269365 0)
(0.718628 0.239314 0)
(0.741336 0.212743 0)
(0.765155 0.186852 0)
(0.7897 0.161805 0)
(0.812144 0.138049 0)
(0.833109 0.122309 0)
(0.850798 0.108681 0)
(0.865758 0.101734 0)
(0.886845 0.0884233 0)
(-0.359075 -0.442139 0)
(-0.047012 -0.208358 0)
(0.316372 0.0466882 0)
(0.468812 0.334336 0)
(0.453954 0.598144 0)
(0.460834 0.67232 0)
(0.478285 0.64286 0)
(0.521326 0.579544 0)
(0.55752 0.50216 0)
(0.585488 0.417974 0)
(0.622935 0.352908 0)
(0.659218 0.30537 0)
(0.68732 0.266092 0)
(0.709994 0.235664 0)
(0.73346 0.209556 0)
(0.758377 0.183397 0)
(0.783691 0.157976 0)
(0.806896 0.135126 0)
(0.828776 0.119983 0)
(0.847476 0.105905 0)
(0.863164 0.0980132 0)
(0.884749 0.0841883 0)
(-0.453397 -0.500005 0)
(-0.215895 -0.290159 0)
(0.0892087 0.0121465 0)
(0.218917 0.337947 0)
(0.323734 0.593855 0)
(0.380938 0.66959 0)
(0.431235 0.637632 0)
(0.487435 0.574185 0)
(0.529701 0.486092 0)
(0.569968 0.407161 0)
(0.614442 0.350008 0)
(0.651164 0.302788 0)
(0.677726 0.260916 0)
(0.700972 0.229767 0)
(0.725687 0.204531 0)
(0.751636 0.179004 0)
(0.777673 0.154595 0)
(0.801743 0.13259 0)
(0.824519 0.11775 0)
(0.843995 0.102703 0)
(0.860391 0.09394 0)
(0.882593 0.0800111 0)
(-0.523019 -0.517746 0)
(-0.352774 -0.334972 0)
(-0.117651 -0.0494065 0)
(0.0201253 0.322041 0)
(0.185859 0.572902 0)
(0.290103 0.653108 0)
(0.378514 0.633008 0)
(0.452173 0.559848 0)
(0.505965 0.471378 0)
(0.558384 0.40091 0)
(0.606315 0.347226 0)
(0.640811 0.297349 0)
(0.666938 0.254085 0)
(0.69183 0.22487 0)
(0.71817 0.200781 0)
(0.745117 0.175769 0)
(0.771807 0.152206 0)
(0.796396 0.130633 0)
(0.82002 0.114886 0)
(0.840393 0.099058 0)
(0.857579 0.0900868 0)
(0.880552 0.0765215 0)
(-0.571311 -0.509362 0)
(-0.447551 -0.336675 0)
(-0.274879 -0.0905464 0)
(-0.108412 0.270335 0)
(0.067039 0.530105 0)
(0.2015 0.625379 0)
(0.326539 0.622294 0)
(0.418491 0.540529 0)
(0.48718 0.460608 0)
(0.547968 0.395963 0)
(0.596532 0.341442 0)
(0.6283 0.28784 0)
(0.656041 0.24879 0)
(0.683388 0.221853 0)
(0.711195 0.198394 0)
(0.738767 0.173971 0)
(0.765896 0.150463 0)
(0.791048 0.128161 0)
(0.815272 0.111686 0)
(0.83678 0.0956092 0)
(0.85481 0.0868365 0)
(0.878614 0.0738269 0)
(-0.606638 -0.482353 0)
(-0.508568 -0.317592 0)
(-0.380126 -0.102288 0)
(-0.19161 0.206658 0)
(-0.0194283 0.473034 0)
(0.133247 0.599586 0)
(0.283737 0.600022 0)
(0.389003 0.521472 0)
(0.470889 0.449957 0)
(0.537215 0.388532 0)
(0.582824 0.329729 0)
(0.615292 0.277393 0)
(0.646056 0.244118 0)
(0.675245 0.219521 0)
(0.704121 0.196107 0)
(0.732417 0.171378 0)
(0.76003 0.147485 0)
(0.785639 0.125016 0)
(0.810593 0.108853 0)
(0.833186 0.0929725 0)
(0.851959 0.0840639 0)
(0.876613 0.0711964 0)
(-0.631876 -0.443943 0)
(-0.547295 -0.292688 0)
(-0.442934 -0.0725093 0)
(-0.25533 0.176327 0)
(-0.0771455 0.423513 0)
(0.0880724 0.568379 0)
(0.24814 0.564927 0)
(0.364431 0.49775 0)
(0.456837 0.435265 0)
(0.523046 0.374854 0)
(0.566951 0.313672 0)
(0.603885 0.266817 0)
(0.636966 0.238722 0)
(0.667719 0.214955 0)
(0.697548 0.191029 0)
(0.726278 0.166074 0)
(0.753979 0.142635 0)
(0.780095 0.122103 0)
(0.806058 0.10675 0)
(0.829653 0.0909341 0)
(0.849029 0.0813871 0)
(0.874562 0.0680586 0)
(-0.647906 -0.40088 0)
(-0.569829 -0.274842 0)
(-0.478057 -0.0492928 0)
(-0.30504 0.185739 0)
(-0.119053 0.395673 0)
(0.0564399 0.525077 0)
(0.219137 0.518333 0)
(0.34518 0.467602 0)
(0.441179 0.415462 0)
(0.504322 0.353075 0)
(0.552875 0.294576 0)
(0.593234 0.256659 0)
(0.628042 0.231808 0)
(0.659521 0.208304 0)
(0.690007 0.184032 0)
(0.719403 0.15951 0)
(0.747842 0.138242 0)
(0.774947 0.119314 0)
(0.801654 0.104724 0)
(0.826063 0.0884207 0)
(0.846019 0.0781589 0)
(0.872575 0.0643685 0)
(-0.655318 -0.3557 0)
(-0.582263 -0.249897 0)
(-0.493552 -0.0456876 0)
(-0.341364 0.185415 0)
(-0.156294 0.367229 0)
(0.0293886 0.473493 0)
(0.195125 0.47018 0)
(0.326992 0.437842 0)
(0.42294 0.388818 0)
(0.488003 0.323735 0)
(0.540836 0.27643 0)
(0.584147 0.246002 0)
(0.620301 0.221768 0)
(0.652946 0.198158 0)
(0.684279 0.174956 0)
(0.714274 0.152426 0)
(0.742953 0.13354 0)
(0.770168 0.11638 0)
(0.797244 0.101971 0)
(0.822112 0.0853699 0)
(0.842698 0.0746488 0)
(0.870454 0.0608838 0)
(-0.655225 -0.315179 0)
(-0.586977 -0.214793 0)
(-0.496256 -0.0502692 0)
(-0.357519 0.162893 0)
(-0.184431 0.332502 0)
(0.00504369 0.420947 0)
(0.173983 0.430134 0)
(0.309402 0.409327 0)
(0.403542 0.354974 0)
(0.472181 0.297829 0)
(0.529734 0.262394 0)
(0.575071 0.234435 0)
(0.611815 0.210009 0)
(0.645216 0.187905 0)
(0.677603 0.16731 0)
(0.70839 0.14772 0)
(0.737551 0.130384 0)
(0.765392 0.113221 0)
(0.792847 0.0983657 0)
(0.818254 0.0817858 0)
(0.839575 0.0713185 0)
(0.868575 0.0579038 0)
(-0.648808 -0.280339 0)
(-0.583942 -0.172256 0)
(-0.492508 -0.0382668 0)
(-0.360923 0.13473 0)
(-0.199121 0.289991 0)
(-0.0136989 0.372362 0)
(0.156118 0.400108 0)
(0.290242 0.378374 0)
(0.383598 0.323141 0)
(0.459009 0.279955 0)
(0.520598 0.250434 0)
(0.566303 0.221287 0)
(0.604232 0.196795 0)
(0.639607 0.176508 0)
(0.672955 0.159098 0)
(0.70385 0.142423 0)
(0.732949 0.126195 0)
(0.760845 0.109183 0)
(0.788581 0.0944688 0)
(0.814545 0.0786774 0)
(0.836533 0.0686913 0)
(0.866552 0.0555767 0)
(-0.638293 -0.254905 0)
(-0.573921 -0.136537 0)
(-0.483756 -0.011933 0)
(-0.357379 0.128941 0)
(-0.204134 0.261807 0)
(-0.0242179 0.341736 0)
(0.142273 0.374194 0)
(0.269884 0.344415 0)
(0.366724 0.299797 0)
(0.447937 0.26918 0)
(0.510009 0.23945 0)
(0.555659 0.208987 0)
(0.595486 0.185228 0)
(0.632724 0.166461 0)
(0.667107 0.150753 0)
(0.698597 0.135663 0)
(0.727778 0.121049 0)
(0.756179 0.105149 0)
(0.784521 0.0912467 0)
(0.811118 0.0763616 0)
(0.833708 0.0662981 0)
(0.864696 0.0532572 0)
(-0.624968 -0.234928 0)
(-0.558907 -0.117688 0)
(-0.470575 0.0140904 0)
(-0.349483 0.137048 0)
(-0.198542 0.252356 0)
(-0.0273588 0.324394 0)
(0.129836 0.346095 0)
(0.252631 0.314491 0)
(0.354423 0.284734 0)
(0.437743 0.260898 0)
(0.49822 0.227533 0)
(0.545796 0.196725 0)
(0.58912 0.174222 0)
(0.628542 0.156646 0)
(0.663857 0.141071 0)
(0.695249 0.126025 0)
(0.723979 0.113177 0)
(0.752258 0.100297 0)
(0.780789 0.0884084 0)
(0.807672 0.0742918 0)
(0.83068 0.0638296 0)
(0.862752 0.0500566 0)
(-0.611558 -0.216676 0)
(-0.541662 -0.111116 0)
(-0.454225 0.021344 0)
(-0.33834 0.143621 0)
(-0.191385 0.245013 0)
(-0.0271001 0.308184 0)
(0.119077 0.314072 0)
(0.239902 0.291682 0)
(0.343542 0.276673 0)
(0.425701 0.250676 0)
(0.485143 0.214385 0)
(0.535243 0.185419 0)
(0.581206 0.164299 0)
(0.621873 0.146982 0)
(0.658072 0.130913 0)
(0.690203 0.116428 0)
(0.719921 0.105155 0)
(0.748834 0.0948422 0)
(0.777389 0.0849545 0)
(0.804285 0.071833 0)
(0.827807 0.0607656 0)
(0.860708 0.0467941 0)
(-0.598377 -0.1979 0)
(-0.525572 -0.108309 0)
(-0.436301 0.0144644 0)
(-0.325226 0.137637 0)
(-0.183804 0.233216 0)
(-0.0278944 0.28347 0)
(0.108352 0.28508 0)
(0.228528 0.277907 0)
(0.332987 0.269213 0)
(0.410562 0.237134 0)
(0.471239 0.201834 0)
(0.525502 0.17404 0)
(0.574866 0.153326 0)
(0.617342 0.135925 0)
(0.654593 0.120485 0)
(0.687309 0.107695 0)
(0.717254 0.0982461 0)
(0.745894 0.0890645 0)
(0.774424 0.0800273 0)
(0.801236 0.0676788 0)
(0.824947 0.0569998 0)
(0.858703 0.043837 0)
(-0.585145 -0.178844 0)
(-0.511419 -0.100331 0)
(-0.417834 -0.000427807 0)
(-0.309416 0.11731 0)
(-0.176827 0.209756 0)
(-0.0318113 0.247299 0)
(0.0986863 0.260092 0)
(0.218969 0.268401 0)
(0.319575 0.25655 0)
(0.395223 0.221979 0)
(0.459523 0.188439 0)
(0.517017 0.163237 0)
(0.56797 0.143061 0)
(0.611458 0.12577 0)
(0.649548 0.111698 0)
(0.683105 0.100823 0)
(0.714111 0.0922942 0)
(0.743685 0.0830002 0)
(0.771882 0.0740871 0)
(0.798114 0.0630711 0)
(0.821845 0.0536865 0)
(0.85648 0.0415304 0)
(-0.573094 -0.162739 0)
(-0.499351 -0.0870121 0)
(-0.403533 -0.011129 0)
(-0.293119 0.0857175 0)
(-0.170895 0.172989 0)
(-0.0354884 0.210573 0)
(0.0925609 0.239431 0)
(0.210709 0.254293 0)
(0.305249 0.23628 0)
(0.381497 0.202615 0)
(0.448411 0.17707 0)
(0.508756 0.154986 0)
(0.561478 0.134356 0)
(0.606658 0.116628 0)
(0.646006 0.103627 0)
(0.680266 0.0939876 0)
(0.711354 0.0858514 0)
(0.740932 0.0767145 0)
(0.769386 0.068367 0)
(0.796008 0.05858 0)
(0.819583 0.0505501 0)
(0.854511 0.0394412 0)
(-0.56089 -0.147816 0)
(-0.488084 -0.0728722 0)
(-0.392989 -0.00736664 0)
(-0.282516 0.0629166 0)
(-0.164815 0.139036 0)
(-0.0368158 0.185092 0)
(0.0889067 0.222632 0)
(0.200363 0.228222 0)
(0.2905 0.2068 0)
(0.368829 0.185887 0)
(0.439723 0.167683 0)
(0.501524 0.14781 0)
(0.554693 0.127469 0)
(0.600877 0.109125 0)
(0.641377 0.0957502 0)
(0.676615 0.0857769 0)
(0.708506 0.0780014 0)
(0.738826 0.0701624 0)
(0.767256 0.0634495 0)
(0.793767 0.0551226 0)
(0.817128 0.0475579 0)
(0.85228 0.036883 0)
(-0.547514 -0.132712 0)
(-0.475923 -0.0632627 0)
(-0.384831 0.00413947 0)
(-0.274643 0.0581272 0)
(-0.158447 0.120013 0)
(-0.0359397 0.171322 0)
(0.0843653 0.200666 0)
(0.187997 0.195474 0)
(0.278317 0.180786 0)
(0.360286 0.169973 0)
(0.431595 0.158594 0)
(0.493292 0.140471 0)
(0.547982 0.119452 0)
(0.595866 0.101133 0)
(0.637881 0.0870684 0)
(0.674332 0.0762344 0)
(0.706912 0.0692587 0)
(0.737236 0.0638886 0)
(0.765116 0.0592432 0)
(0.791201 0.0518907 0)
(0.814355 0.0447319 0)
(0.849947 0.0340233 0)
(-0.536758 -0.115364 0)
(-0.462209 -0.0587831 0)
(-0.375648 0.00991131 0)
(-0.268242 0.060869 0)
(-0.152799 0.110764 0)
(-0.0349575 0.154727 0)
(0.0780062 0.16972 0)
(0.17885 0.164463 0)
(0.272653 0.160914 0)
(0.356078 0.158086 0)
(0.425857 0.146853 0)
(0.48612 0.128563 0)
(0.540602 0.109632 0)
(0.589946 0.0924846 0)
(0.633218 0.0784814 0)
(0.671088 0.0675339 0)
(0.704803 0.0611144 0)
(0.735638 0.0572678 0)
(0.763555 0.0542412 0)
(0.789176 0.0479429 0)
(0.812055 0.0409577 0)
(0.848034 0.0307962 0)
(-0.529844 -0.0965182 0)
(-0.450209 -0.0554309 0)
(-0.365091 0.00669932 0)
(-0.262383 0.0587847 0)
(-0.148589 0.0975306 0)
(-0.0356784 0.128064 0)
(0.0718747 0.136771 0)
(0.173963 0.141402 0)
(0.269201 0.150877 0)
(0.350241 0.148507 0)
(0.417958 0.133355 0)
(0.478776 0.114384 0)
(0.535032 0.0976609 0)
(0.585457 0.0831076 0)
(0.629832 0.0706119 0)
(0.66887 0.0605539 0)
(0.703498 0.0544298 0)
(0.734279 0.050473 0)
(0.761645 0.0480074 0)
(0.786673 0.0427416 0)
(0.809232 0.0367959 0)
(0.846125 0.0279161 0)
(-0.522716 -0.0766832 0)
(-0.442139 -0.0485818 0)
(-0.354356 -0.00109337 0)
(-0.255684 0.0481139 0)
(-0.146315 0.0781207 0)
(-0.0375285 0.0982584 0)
(0.0690042 0.111021 0)
(0.172926 0.12908 0)
(0.266247 0.141189 0)
(0.344067 0.133066 0)
(0.411873 0.115151 0)
(0.474093 0.0988272 0)
(0.530848 0.085999 0)
(0.581577 0.0744881 0)
(0.626569 0.0637318 0)
(0.666505 0.0544395 0)
(0.702034 0.0480851 0)
(0.733213 0.0438068 0)
(0.760274 0.0411789 0)
(0.784359 0.0371906 0)
(0.806691 0.0330928 0)
(0.844249 0.0254224 0)
(-0.515172 -0.0598286 0)
(-0.435585 -0.0319425 0)
(-0.345405 -0.00261416 0)
(-0.249091 0.036829 0)
(1.23323 0.103087 0)
(1.22698 0.107544 0)
(1.22059 0.111252 0)
(1.21425 0.11503 0)
(1.20738 0.117444 0)
(1.20079 0.120027 0)
(1.19374 0.120721 0)
(1.18779 0.121979 0)
(1.17709 0.121391 0)
(1.26325 -0.0106061 0)
(1.26526 0.000387618 0)
(1.26703 0.0116311 0)
(1.26759 0.0227251 0)
(1.26733 0.0334668 0)
(1.26621 0.0436523 0)
(1.26501 0.0542262 0)
(1.26259 0.0641719 0)
(1.25931 0.0725021 0)
(1.25549 0.0800593 0)
(1.2509 0.0876245 0)
(1.24582 0.0944525 0)
(1.24065 0.10165 0)
(1.2344 0.107445 0)
(1.22805 0.111575 0)
(1.22148 0.11538 0)
(1.2149 0.119116 0)
(1.20791 0.121437 0)
(1.20117 0.124039 0)
(1.19398 0.124644 0)
(1.18781 0.125675 0)
(1.1769 0.124813 0)
(1.26676 -0.00716354 0)
(1.26865 0.00372429 0)
(1.2703 0.0153646 0)
(1.27067 0.026811 0)
(1.27028 0.0376731 0)
(1.26924 0.0482152 0)
(1.26786 0.0591545 0)
(1.26503 0.0686258 0)
(1.26158 0.0767549 0)
(1.25731 0.0844784 0)
(1.25259 0.0918826 0)
(1.24787 0.099243 0)
(1.24203 0.106553 0)
(1.23552 0.111466 0)
(1.22915 0.115679 0)
(1.22236 0.119646 0)
(1.21557 0.123266 0)
(1.20842 0.125497 0)
(1.2015 0.128066 0)
(1.19416 0.128527 0)
(1.18778 0.129357 0)
(1.17669 0.128277 0)
(1.27029 -0.00406384 0)
(1.27222 0.00731181 0)
(1.2737 0.0195178 0)
(1.27375 0.0309463 0)
(1.2733 0.0419361 0)
(1.27232 0.0530939 0)
(1.27052 0.0640021 0)
(1.26746 0.0727982 0)
(1.26374 0.0809681 0)
(1.25903 0.0887685 0)
(1.25467 0.0965798 0)
(1.2497 0.10463 0)
(1.24335 0.111056 0)
(1.23666 0.115311 0)
(1.23026 0.119898 0)
(1.22325 0.124044 0)
(1.21625 0.127552 0)
(1.20889 0.129677 0)
(1.20176 0.132054 0)
(1.19424 0.13228 0)
(1.18771 0.13302 0)
(1.17651 0.131858 0)
(1.27424 -0.000563214 0)
(1.27609 0.0116017 0)
(1.27707 0.0239154 0)
(1.27686 0.0350094 0)
(1.27648 0.0463996 0)
(1.27535 0.0581885 0)
(1.27307 0.0684898 0)
(1.26982 0.0768019 0)
(1.26576 0.085054 0)
(1.26101 0.0931542 0)
(1.25691 0.102016 0)
(1.25121 0.110075 0)
(1.24454 0.1149 0)
(1.23798 0.119288 0)
(1.23136 0.124306 0)
(1.22415 0.128583 0)
(1.21691 0.131999 0)
(1.20929 0.133917 0)
(1.20192 0.135909 0)
(1.19424 0.135898 0)
(1.18761 0.136728 0)
(1.17634 0.135603 0)
(1.27834 0.00355795 0)
(1.28 0.016499 0)
(1.28042 0.0282332 0)
(1.28015 0.039088 0)
(1.27979 0.0511528 0)
(1.27822 0.0630545 0)
(1.27556 0.0725785 0)
(1.27207 0.0807763 0)
(1.26783 0.0891728 0)
(1.26351 0.0981165 0)
(1.25883 0.107976 0)
(1.25255 0.114626 0)
(1.24568 0.11853 0)
(1.23936 0.123556 0)
(1.23249 0.128995 0)
(1.22509 0.133265 0)
(1.21749 0.136475 0)
(1.20957 0.138006 0)
(1.20201 0.13959 0)
(1.19421 0.139544 0)
(1.18755 0.140597 0)
(1.17616 0.139523 0)
(1.28288 0.00879011 0)
(1.2838 0.0214838 0)
(1.2838 0.0321912 0)
(1.28363 0.0433411 0)
(1.2831 0.0560983 0)
(1.28104 0.0674359 0)
(1.27797 0.0764502 0)
(1.27424 0.0848219 0)
(1.27038 0.0938861 0)
(1.2662 0.103914 0)
(1.26048 0.113369 0)
(1.25369 0.118089 0)
(1.24714 0.122522 0)
(1.24072 0.128321 0)
(1.23368 0.133989 0)
(1.22595 0.137886 0)
(1.21794 0.140677 0)
(1.20976 0.141848 0)
(1.20212 0.143294 0)
(1.19429 0.143482 0)
(1.18757 0.144725 0)
(1.17598 0.14355 0)
(1.28708 0.0145449 0)
(1.28744 0.0257938 0)
(1.28744 0.0361054 0)
(1.28733 0.0480641 0)
(1.28629 0.0608707 0)
(1.28376 0.0712988 0)
(1.2803 0.0802708 0)
(1.27672 0.0894133 0)
(1.27333 0.0996205 0)
(1.26834 0.109921 0)
(1.26198 0.11717 0)
(1.25491 0.121404 0)
(1.24884 0.12712 0)
(1.2421 0.133732 0)
(1.23476 0.138957 0)
(1.22661 0.14214 0)
(1.21825 0.144458 0)
(1.20996 0.145606 0)
(1.20229 0.147264 0)
(1.19446 0.147815 0)
(1.18762 0.14908 0)
(1.17574 0.147515 0)
(1.29087 0.0196522 0)
(1.29116 0.0295654 0)
(1.29126 0.0403788 0)
(1.29093 0.0531267 0)
(1.28931 0.0650979 0)
(1.28637 0.0748575 0)
(1.2827 0.0843632 0)
(1.27971 0.0949726 0)
(1.27582 0.106139 0)
(1.27013 0.114811 0)
(1.26326 0.120038 0)
(1.2566 0.125344 0)
(1.25049 0.132577 0)
(1.24337 0.139397 0)
(1.23565 0.143453 0)
(1.22705 0.145867 0)
(1.21853 0.148012 0)
(1.21027 0.149636 0)
(1.20255 0.151738 0)
(1.19468 0.152542 0)
(1.18762 0.153504 0)
(1.17531 0.151167 0)
(1.29455 0.0235394 0)
(1.29498 0.0333675 0)
(1.29523 0.0453748 0)
(1.29438 0.0581355 0)
(1.2923 0.0688371 0)
(1.28899 0.0785184 0)
(1.28559 0.0891968 0)
(1.28279 0.101652 0)
(1.27788 0.112172 0)
(1.27164 0.118301 0)
(1.26472 0.123312 0)
(1.25873 0.130217 0)
(1.25208 0.138914 0)
(1.24452 0.144509 0)
(1.23632 0.14732 0)
(1.22741 0.149365 0)
(1.21895 0.151841 0)
(1.2108 0.154206 0)
(1.20288 0.156702 0)
(1.19477 0.157327 0)
(1.18733 0.157579 0)
(1.17464 0.154398 0)
(1.2982 0.0265721 0)
(1.29912 0.0379027 0)
(1.29932 0.0511578 0)
(1.29781 0.0627604 0)
(1.29535 0.0724952 0)
(1.29191 0.0827013 0)
(1.28934 0.0951865 0)
(1.28535 0.108457 0)
(1.27968 0.116483 0)
(1.27309 0.121404 0)
(1.26689 0.127655 0)
(1.26091 0.136421 0)
(1.25346 0.145161 0)
(1.24554 0.14867 0)
(1.23676 0.150812 0)
(1.22792 0.153158 0)
(1.21966 0.15633 0)
(1.21146 0.159347 0)
(1.20315 0.161771 0)
(1.19468 0.161673 0)
(1.18681 0.161095 0)
(1.17394 0.157569 0)
(1.3023 0.0301888 0)
(1.30353 0.0435712 0)
(1.30302 0.0568542 0)
(1.3012 0.0669349 0)
(1.2985 0.0765098 0)
(1.29556 0.0878678 0)
(1.29275 0.102136 0)
(1.28751 0.113523 0)
(1.28131 0.119529 0)
(1.2749 0.125181 0)
(1.2694 0.133222 0)
(1.26272 0.143691 0)
(1.25478 0.150085 0)
(1.24611 0.152161 0)
(1.23722 0.154547 0)
(1.22867 0.157623 0)
(1.22045 0.161565 0)
(1.21198 0.164645 0)
(1.20329 0.166345 0)
(1.19436 0.165214 0)
(1.18619 0.164291 0)
(1.17339 0.161047 0)
(1.30645 0.0345907 0)
(1.30747 0.0496413 0)
(1.3065 0.0617773 0)
(1.30456 0.0711648 0)
(1.30183 0.0813454 0)
(1.29955 0.094358 0)
(1.29533 0.108352 0)
(1.28946 0.116701 0)
(1.28288 0.122527 0)
(1.27736 0.12998 0)
(1.2717 0.140414 0)
(1.26413 0.15026 0)
(1.25592 0.153731 0)
(1.24648 0.155701 0)
(1.23787 0.15892 0)
(1.2296 0.162999 0)
(1.22117 0.167303 0)
(1.21236 0.169468 0)
(1.20319 0.169979 0)
(1.19378 0.168164 0)
(1.1857 0.167734 0)
(1.17311 0.165046 0)
(1.31106 0.0400426 0)
(1.31126 0.0550162 0)
(1.30994 0.0658917 0)
(1.30789 0.0757762 0)
(1.30558 0.087354 0)
(1.30285 0.101533 0)
(1.29771 0.112512 0)
(1.29129 0.119262 0)
(1.28502 0.126444 0)
(1.28017 0.136168 0)
(1.27362 0.148288 0)
(1.26577 0.154776 0)
(1.25633 0.156803 0)
(1.24728 0.159935 0)
(1.23893 0.164259 0)
(1.23062 0.16929 0)
(1.22167 0.172715 0)
(1.21246 0.173326 0)
(1.20276 0.172853 0)
(1.19328 0.171441 0)
(1.18532 0.171676 0)
(1.17275 0.169368 0)
(1.31558 0.0457142 0)
(1.31511 0.0588963 0)
(1.3136 0.0697458 0)
(1.31169 0.0812452 0)
(1.30977 0.0947109 0)
(1.30567 0.107586 0)
(1.29998 0.115527 0)
(1.29321 0.122443 0)
(1.28807 0.131496 0)
(1.2829 0.143952 0)
(1.27533 0.154524 0)
(1.26698 0.157911 0)
(1.2569 0.160446 0)
(1.24841 0.164867 0)
(1.24015 0.170706 0)
(1.23126 0.175524 0)
(1.22198 0.177182 0)
(1.21208 0.176422 0)
(1.20223 0.175867 0)
(1.19306 0.175497 0)
(1.18504 0.176165 0)
(1.17248 0.173987 0)
(1.31965 0.0503533 0)
(1.31901 0.0620198 0)
(1.31779 0.0740727 0)
(1.3162 0.0877565 0)
(1.31331 0.102206 0)
(1.30832 0.111948 0)
(1.30211 0.11852 0)
(1.29586 0.126781 0)
(1.29146 0.138224 0)
(1.28499 0.151863 0)
(1.27725 0.158423 0)
(1.26735 0.160795 0)
(1.25819 0.164998 0)
(1.24976 0.170884 0)
(1.24115 0.1775 0)
(1.23182 0.180559 0)
(1.22182 0.180651 0)
(1.21145 0.179585 0)
(1.20205 0.179844 0)
(1.19309 0.180324 0)
(1.18489 0.181104 0)
(1.17206 0.178445 0)
(1.32359 0.0541323 0)
(1.32278 0.0652451 0)
(1.32192 0.0788138 0)
(1.32038 0.0947962 0)
(1.3163 0.108008 0)
(1.31071 0.115419 0)
(1.30431 0.122353 0)
(1.29934 0.132515 0)
(1.29434 0.146708 0)
(1.28703 0.157529 0)
(1.27821 0.161225 0)
(1.26823 0.164737 0)
(1.25961 0.17041 0)
(1.25125 0.177979 0)
(1.24199 0.183095 0)
(1.23216 0.1843 0)
(1.2212 0.18369 0)
(1.21125 0.183723 0)
(1.20218 0.18485 0)
(1.1932 0.1858 0)
(1.18486 0.186303 0)
(1.17133 0.182159 0)
(1.32744 0.057927 0)
(1.3268 0.0693245 0)
(1.32654 0.0844744 0)
(1.32432 0.101238 0)
(1.31921 0.112031 0)
(1.31289 0.118919 0)
(1.30734 0.127514 0)
(1.30305 0.140483 0)
(1.29652 0.154772 0)
(1.28894 0.160994 0)
(1.27868 0.164264 0)
(1.26994 0.169742 0)
(1.26141 0.177414 0)
(1.25233 0.184761 0)
(1.24286 0.187105 0)
(1.23183 0.187152 0)
(1.22086 0.187378 0)
(1.2115 0.1888 0)
(1.20234 0.190815 0)
(1.19308 0.191474 0)
(1.18444 0.191094 0)
(1.1702 0.184777 0)
(1.33144 0.0621488 0)
(1.33171 0.074596 0)
(1.33157 0.0910597 0)
(1.32797 0.105924 0)
(1.322 0.115126 0)
(1.31566 0.123422 0)
(1.3115 0.134427 0)
(1.30591 0.149888 0)
(1.29893 0.159854 0)
(1.28988 0.163635 0)
(1.28015 0.1686 0)
(1.27175 0.175988 0)
(1.26294 0.185431 0)
(1.25337 0.189754 0)
(1.24302 0.19018 0)
(1.2313 0.190257 0)
(1.22109 0.191961 0)
(1.21172 0.194671 0)
(1.20213 0.196925 0)
(1.19276 0.196532 0)
(1.18357 0.194569 0)
(1.16882 0.186995 0)
(1.33639 0.0675565 0)
(1.33697 0.0813789 0)
(1.33574 0.0974337 0)
(1.33145 0.109239 0)
(1.32485 0.1185 0)
(1.31953 0.129065 0)
(1.31528 0.143387 0)
(1.30834 0.157308 0)
(1.30081 0.162819 0)
(1.29079 0.166951 0)
(1.28239 0.174091 0)
(1.27393 0.184127 0)
(1.26413 0.192176 0)
(1.25415 0.193512 0)
(1.24242 0.19318 0)
(1.23128 0.194478 0)
(1.22151 0.197373 0)
(1.21204 0.200977 0)
(1.20217 0.20217 0)
(1.19223 0.2002 0)
(1.18228 0.196647 0)
(1.16756 0.189781 0)
(1.34108 0.0738636 0)
(1.34123 0.089034 0)
(1.33931 0.102545 0)
(1.33457 0.112353 0)
(1.32817 0.122891 0)
(1.32402 0.136185 0)
(1.3182 0.152306 0)
(1.31103 0.161318 0)
(1.30183 0.165429 0)
(1.29286 0.171811 0)
(1.28482 0.18145 0)
(1.27554 0.192597 0)
(1.2655 0.196625 0)
(1.25402 0.196772 0)
(1.24218 0.197348 0)
(1.2319 0.199805 0)
(1.22228 0.203905 0)
(1.21218 0.206607 0)
(1.20209 0.206032 0)
(1.19109 0.202252 0)
(1.181 0.198701 0)
(1.16669 0.193607 0)
(1.3461 0.0813317 0)
(1.34529 0.0962628 0)
(1.34268 0.106852 0)
(1.33757 0.116254 0)
(1.33243 0.128433 0)
(1.32839 0.144693 0)
(1.32126 0.158331 0)
(1.31281 0.164056 0)
(1.30347 0.169433 0)
(1.29573 0.178202 0)
(1.28711 0.190639 0)
(1.27704 0.198266 0)
(1.26619 0.199787 0)
(1.25381 0.200649 0)
(1.24281 0.202856 0)
(1.23277 0.206771 0)
(1.22249 0.210585 0)
(1.21235 0.210902 0)
(1.2013 0.208493 0)
(1.18959 0.204035 0)
(1.1802 0.201869 0)
(1.16609 0.198251 0)
(1.35165 0.0894484 0)
(1.34936 0.101858 0)
(1.34594 0.110966 0)
(1.34121 0.121392 0)
(1.33778 0.135617 0)
(1.33192 0.152664 0)
(1.32406 0.162036 0)
(1.31434 0.167472 0)
(1.3066 0.174967 0)
(1.29845 0.18691 0)
(1.28848 0.198609 0)
(1.27853 0.201614 0)
(1.26618 0.203071 0)
(1.25426 0.205685 0)
(1.24347 0.209791 0)
(1.23294 0.214694 0)
(1.22249 0.215916 0)
(1.21187 0.2139 0)
(1.19984 0.210309 0)
(1.18871 0.207309 0)
(1.17984 0.206192 0)
(1.16569 0.203405 0)
(1.35622 0.0957448 0)
(1.35367 0.106342 0)
(1.34975 0.116211 0)
(1.34588 0.128062 0)
(1.34202 0.144358 0)
(1.33514 0.158001 0)
(1.32622 0.165265 0)
(1.31682 0.172384 0)
(1.30969 0.182172 0)
(1.30052 0.196425 0)
(1.29054 0.203027 0)
(1.27894 0.204657 0)
(1.26636 0.207351 0)
(1.255 0.21173 0)
(1.24429 0.217965 0)
(1.23294 0.221202 0)
(1.22228 0.219868 0)
(1.21044 0.216231 0)
(1.1985 0.213356 0)
(1.18812 0.211793 0)
(1.17937 0.211315 0)
(1.16519 0.208618 0)
(1.36105 0.100394 0)
(1.35806 0.111151 0)
(1.35352 0.122468 0)
(1.35036 0.136245 0)
(1.34522 0.152087 0)
(1.33806 0.161765 0)
(1.32821 0.169208 0)
(1.32009 0.17856 0)
(1.31273 0.191654 0)
(1.30255 0.202995 0)
(1.29202 0.205991 0)
(1.27933 0.208669 0)
(1.26761 0.213061 0)
(1.25663 0.219535 0)
(1.2447 0.225177 0)
(1.23332 0.225418 0)
(1.22123 0.222604 0)
(1.20917 0.219523 0)
(1.19817 0.218229 0)
(1.18792 0.217353 0)
(1.17907 0.217183 0)
(1.16453 0.213227 0)
(1.36585 0.104812 0)
(1.36203 0.116304 0)
(1.35767 0.129476 0)
(1.3545 0.145065 0)
(1.34859 0.157649 0)
(1.34066 0.165381 0)
(1.33108 0.174552 0)
(1.32446 0.186904 0)
(1.31495 0.201131 0)
(1.30489 0.206536 0)
(1.2928 0.209397 0)
(1.28051 0.214027 0)
(1.26908 0.220565 0)
(1.25717 0.227504 0)
(1.24537 0.229388 0)
(1.233 0.228118 0)
(1.22019 0.225841 0)
(1.20879 0.224593 0)
(1.19788 0.224427 0)
(1.18752 0.223841 0)
(1.17849 0.222983 0)
(1.16348 0.216177 0)
(1.37039 0.109526 0)
(1.3667 0.122405 0)
(1.36301 0.137242 0)
(1.35833 0.15273 0)
(1.35167 0.16186 0)
(1.34346 0.169703 0)
(1.33587 0.181362 0)
(1.32791 0.197363 0)
(1.31738 0.206902 0)
(1.30629 0.209973 0)
(1.29415 0.214508 0)
(1.28187 0.220954 0)
(1.27001 0.229092 0)
(1.25771 0.232811 0)
(1.24553 0.232393 0)
(1.23208 0.231097 0)
(1.21974 0.230544 0)
(1.20841 0.230816 0)
(1.19737 0.231359 0)
(1.18678 0.23004 0)
(1.17756 0.22756 0)
(1.16177 0.217831 0)
(1.37552 0.11541 0)
(1.37179 0.128999 0)
(1.36801 0.144941 0)
(1.36197 0.158173 0)
(1.35467 0.16599 0)
(1.34744 0.175675 0)
(1.34066 0.190744 0)
(1.33022 0.20591 0)
(1.31949 0.210891 0)
(1.30753 0.214856 0)
(1.29507 0.220636 0)
(1.28319 0.229387 0)
(1.27052 0.236079 0)
(1.25815 0.236697 0)
(1.24463 0.235432 0)
(1.23145 0.235204 0)
(1.21945 0.235987 0)
(1.20812 0.237623 0)
(1.19668 0.237543 0)
(1.18595 0.234797 0)
(1.17609 0.230309 0)
(1.15971 0.219811 0)
(1.38061 0.122073 0)
(1.37684 0.13586 0)
(1.37255 0.151535 0)
(1.3655 0.162667 0)
(1.35802 0.171456 0)
(1.35212 0.183605 0)
(1.34324 0.200848 0)
(1.33302 0.210537 0)
(1.32073 0.215032 0)
(1.30915 0.221049 0)
(1.29754 0.229023 0)
(1.28428 0.237956 0)
(1.27126 0.240647 0)
(1.25773 0.240014 0)
(1.2443 0.239852 0)
(1.23196 0.240673 0)
(1.21991 0.242621 0)
(1.20772 0.243473 0)
(1.19619 0.2419 0)
(1.18477 0.237499 0)
(1.17421 0.232215 0)
(1.158 0.223034 0)
(1.38555 0.129346 0)
(1.38174 0.142663 0)
(1.37685 0.157035 0)
(1.36887 0.167313 0)
(1.36171 0.177972 0)
(1.35589 0.193488 0)
(1.34604 0.20773 0)
(1.33508 0.213823 0)
(1.32303 0.220589 0)
(1.31214 0.229281 0)
(1.29874 0.238706 0)
(1.28497 0.243169 0)
(1.27166 0.244194 0)
(1.2579 0.244748 0)
(1.24495 0.245778 0)
(1.23228 0.247563 0)
(1.21943 0.248863 0)
(1.20745 0.247455 0)
(1.19526 0.244692 0)
(1.18328 0.239614 0)
(1.17287 0.235108 0)
(1.15702 0.227787 0)
(1.39035 0.136589 0)
(1.38624 0.148996 0)
(1.3807 0.162061 0)
(1.37269 0.173041 0)
(1.36749 0.186441 0)
(1.35895 0.20294 0)
(1.34891 0.211374 0)
(1.33815 0.218605 0)
(1.32753 0.228358 0)
(1.31377 0.238872 0)
(1.29961 0.245521 0)
(1.28617 0.247779 0)
(1.27217 0.249301 0)
(1.25812 0.250792 0)
(1.24469 0.252727 0)
(1.23164 0.254442 0)
(1.21897 0.253539 0)
(1.20676 0.250742 0)
(1.19385 0.247289 0)
(1.18198 0.242626 0)
(1.17177 0.238983 0)
(1.15583 0.233105 0)
(1.39528 0.143708 0)
(1.3905 0.155325 0)
(1.38433 0.167386 0)
(1.37788 0.180016 0)
(1.37163 0.195756 0)
(1.36235 0.208266 0)
(1.3518 0.215834 0)
(1.34314 0.225777 0)
(1.32883 0.236758 0)
(1.31494 0.246347 0)
(1.30134 0.251105 0)
(1.28655 0.252809 0)
(1.27172 0.254788 0)
(1.25799 0.257687 0)
(1.24482 0.260488 0)
(1.23146 0.260508 0)
(1.21849 0.257999 0)
(1.20539 0.254292 0)
(1.19243 0.250706 0)
(1.18075 0.246515 0)
(1.17073 0.243428 0)
(1.15469 0.238012 0)
(1.40007 0.150505 0)
(1.39425 0.161428 0)
(1.38883 0.173886 0)
(1.38329 0.188433 0)
(1.37492 0.202761 0)
(1.36621 0.21353 0)
(1.35527 0.222299 0)
(1.34584 0.233941 0)
(1.33089 0.244878 0)
(1.31732 0.253125 0)
(1.3021 0.256098 0)
(1.28608 0.257816 0)
(1.27241 0.261409 0)
(1.25895 0.265857 0)
(1.2445 0.267463 0)
(1.23093 0.265286 0)
(1.21694 0.261824 0)
(1.20359 0.257972 0)
(1.19098 0.254605 0)
(1.17966 0.250981 0)
(1.1698 0.248046 0)
(1.15364 0.241633 0)
(1.40469 0.156793 0)
(1.39804 0.168254 0)
(1.39422 0.18161 0)
(1.38722 0.196618 0)
(1.37881 0.208737 0)
(1.36926 0.219003 0)
(1.35789 0.228997 0)
(1.34878 0.242939 0)
(1.33353 0.252225 0)
(1.31831 0.257581 0)
(1.30248 0.260979 0)
(1.28825 0.264843 0)
(1.2741 0.269706 0)
(1.2586 0.27306 0)
(1.244 0.272191 0)
(1.22989 0.269478 0)
(1.21573 0.266449 0)
(1.20283 0.26306 0)
(1.19056 0.259884 0)
(1.17895 0.256168 0)
(1.16877 0.252633 0)
(1.15243 0.244486 0)
(1.40959 0.163531 0)
(1.40212 0.175652 0)
(1.39877 0.18966 0)
(1.39111 0.203795 0)
(1.3823 0.214395 0)
(1.37228 0.225239 0)
(1.36349 0.237883 0)
(1.35143 0.251655 0)
(1.33519 0.257433 0)
(1.32036 0.263353 0)
(1.30531 0.268525 0)
(1.28883 0.272409 0)
(1.27347 0.276481 0)
(1.2584 0.278125 0)
(1.24385 0.277069 0)
(1.22925 0.274612 0)
(1.21475 0.271833 0)
(1.20159 0.268465 0)
(1.18901 0.265045 0)
(1.17726 0.260775 0)
(1.16722 0.256478 0)
(1.15086 0.247313 0)
(1.41402 0.169383 0)
(1.40647 0.182827 0)
(1.40338 0.198206 0)
(1.39528 0.21089 0)
(1.38582 0.220929 0)
(1.37742 0.233534 0)
(1.36668 0.246684 0)
(1.35369 0.257383 0)
(1.33752 0.263455 0)
(1.32289 0.270537 0)
(1.30511 0.275086 0)
(1.2886 0.279148 0)
(1.27426 0.283263 0)
(1.25856 0.283495 0)
(1.24308 0.281889 0)
(1.22798 0.279762 0)
(1.21323 0.277088 0)
(1.20014 0.273798 0)
(1.18773 0.270288 0)
(1.17604 0.265559 0)
(1.1659 0.260562 0)
(1.14923 0.2507 0)
(1.41921 0.176267 0)
(1.41191 0.190814 0)
(1.40789 0.206987 0)
(1.39871 0.217366 0)
(1.39003 0.228093 0)
(1.38041 0.241154 0)
(1.36863 0.253154 0)
(1.35791 0.264984 0)
(1.34033 0.27066 0)
(1.32325 0.276858 0)
(1.30653 0.282697 0)
(1.29037 0.286998 0)
(1.27426 0.289041 0)
(1.25773 0.288468 0)
(1.24224 0.287099 0)
(1.22706 0.285418 0)
(1.21237 0.282577 0)
(1.19917 0.279117 0)
(1.18647 0.275162 0)
(1.17445 0.269842 0)
(1.16418 0.26447 0)
(1.14747 0.254481 0)
(1.42383 0.181762 0)
(1.4165 0.197391 0)
(1.412 0.214937 0)
(1.40179 0.2249 0)
(1.3952 0.236766 0)
(1.38338 0.248818 0)
(1.37393 0.262039 0)
(1.3603 0.272071 0)
(1.34137 0.27693 0)
(1.32607 0.284556 0)
(1.30824 0.290874 0)
(1.29021 0.292873 0)
(1.27371 0.294161 0)
(1.25735 0.294228 0)
(1.24174 0.292832 0)
(1.22594 0.290873 0)
(1.21124 0.287572 0)
(1.19777 0.283768 0)
(1.18488 0.279526 0)
(1.17274 0.274087 0)
(1.16244 0.268577 0)
(1.14566 0.258499 0)
(1.42964 0.188822 0)
(1.42306 0.205367 0)
(1.41666 0.223785 0)
(1.40482 0.232891 0)
(1.39838 0.244041 0)
(1.38676 0.256043 0)
(1.37634 0.268426 0)
(1.36217 0.278003 0)
(1.34506 0.284988 0)
(1.32799 0.292912 0)
(1.30815 0.296899 0)
(1.29078 0.299141 0)
(1.27419 0.300625 0)
(1.2571 0.300619 0)
(1.2409 0.298937 0)
(1.22481 0.296278 0)
(1.21011 0.29265 0)
(1.1965 0.288475 0)
(1.18344 0.283868 0)
(1.17108 0.2783 0)
(1.16082 0.272876 0)
(1.14403 0.262838 0)
(1.43419 0.193936 0)
(1.42881 0.212402 0)
(1.42045 0.231226 0)
(1.40837 0.241998 0)
(1.40288 0.25354 0)
(1.39091 0.265074 0)
(1.37986 0.276228 0)
(1.3667 0.286768 0)
(1.34708 0.292388 0)
(1.32833 0.299146 0)
(1.30988 0.304057 0)
(1.2918 0.306105 0)
(1.27365 0.306948 0)
(1.25612 0.306801 0)
(1.23946 0.304554 0)
(1.22342 0.301042 0)
(1.20858 0.297042 0)
(1.19485 0.292592 0)
(1.18184 0.288044 0)
(1.16949 0.282751 0)
(1.15912 0.277272 0)
(1.14212 0.266803 0)
(1.44042 0.201781 0)
(1.4359 0.221507 0)
(1.42434 0.237966 0)
(1.41241 0.25037 0)
(1.40635 0.263077 0)
(1.39355 0.273658 0)
(1.38424 0.284886 0)
(1.36806 0.293137 0)
(1.34812 0.298881 0)
(1.33109 0.306921 0)
(1.31105 0.311512 0)
(1.29188 0.312865 0)
(1.27296 0.313311 0)
(1.25525 0.312589 0)
(1.23817 0.309957 0)
(1.22236 0.306268 0)
(1.20749 0.30213 0)
(1.1937 0.297564 0)
(1.18046 0.292744 0)
(1.16768 0.286932 0)
(1.15719 0.281144 0)
(1.14028 0.270521 0)
(1.44495 0.208168 0)
(1.44082 0.228331 0)
(1.42869 0.244199 0)
(1.41739 0.259147 0)
(1.41064 0.274674 0)
(1.39702 0.28455 0)
(1.38705 0.293602 0)
(1.3707 0.301017 0)
(1.35221 0.307915 0)
(1.33236 0.314897 0)
(1.3109 0.317598 0)
(1.29212 0.319235 0)
(1.27261 0.319532 0)
(1.25464 0.318598 0)
(1.23738 0.316148 0)
(1.22106 0.311829 0)
(1.20579 0.307037 0)
(1.19174 0.301729 0)
(1.17845 0.296567 0)
(1.1659 0.290913 0)
(1.15562 0.285276 0)
(1.13855 0.274322 0)
(1.45076 0.216773 0)
(1.44654 0.236041 0)
(1.43342 0.249716 0)
(1.42202 0.265177 0)
(1.41446 0.284109 0)
(1.39998 0.295401 0)
(1.39025 0.30369 0)
(1.37396 0.311121 0)
(1.3531 0.315999 0)
(1.33259 0.321461 0)
(1.31245 0.324889 0)
(1.29313 0.326564 0)
(1.27247 0.326444 0)
(1.25353 0.32499 0)
(1.23555 0.321559 0)
(1.219 0.316608 0)
(1.20391 0.311647 0)
(1.19018 0.306301 0)
(1.17706 0.301055 0)
(1.16425 0.295129 0)
(1.15362 0.288935 0)
(1.13641 0.277502 0)
(1.4554 0.222138 0)
(1.45131 0.240574 0)
(1.43811 0.25347 0)
(1.42872 0.270684 0)
(1.41956 0.291899 0)
(1.40325 0.304886 0)
(1.39304 0.314213 0)
(1.3746 0.320816 0)
(1.35434 0.325267 0)
(1.33489 0.330368 0)
(1.3135 0.332778 0)
(1.29274 0.333337 0)
(1.27134 0.332631 0)
(1.2517 0.330434 0)
(1.23391 0.326941 0)
(1.21787 0.322379 0)
(1.20251 0.317018 0)
(1.18846 0.310899 0)
(1.17505 0.304913 0)
(1.16207 0.298638 0)
(1.15172 0.292592 0)
(1.13465 0.281198 0)
(1.46124 0.226304 0)
(1.45682 0.243598 0)
(1.44412 0.256883 0)
(1.43528 0.274991 0)
(1.42451 0.295313 0)
(1.40689 0.309908 0)
(1.39572 0.323344 0)
(1.37666 0.33323 0)
(1.35691 0.336725 0)
(1.33509 0.338902 0)
(1.31289 0.339123 0)
(1.29211 0.339401 0)
(1.2707 0.338996 0)
(1.25122 0.33699 0)
(1.23295 0.333242 0)
(1.2158 0.327831 0)
(1.20007 0.321343 0)
(1.1862 0.31482 0)
(1.17316 0.308837 0)
(1.16045 0.302778 0)
(1.14993 0.296561 0)
(1.13254 0.284604 0)
(1.46699 0.227444 0)
(1.46287 0.244972 0)
(1.45047 0.259052 0)
(1.44189 0.278124 0)
(1.4307 0.297648 0)
(1.41174 0.312443 0)
(1.40003 0.329487 0)
(1.37852 0.342817 0)
(1.35733 0.347424 0)
(1.33496 0.347339 0)
(1.31434 0.347366 0)
(1.29362 0.34782 0)
(1.27085 0.34654 0)
(1.24979 0.343197 0)
(1.23038 0.337669 0)
(1.2133 0.331991 0)
(1.1983 0.32625 0)
(1.18467 0.319644 0)
(1.17146 0.313134 0)
(1.1583 0.306567 0)
(1.14768 0.300142 0)
(1.13046 0.288108 0)
(1.47177 0.225296 0)
(1.46786 0.244126 0)
(1.45613 0.258546 0)
(1.44801 0.278018 0)
(1.43609 0.297349 0)
(1.41667 0.313 0)
(1.40555 0.333511 0)
(1.38172 0.348297 0)
(1.35827 0.358106 0)
(1.3364 0.357927 0)
(1.31486 0.35665 0)
(1.29186 0.354655 0)
(1.26853 0.351753 0)
(1.24758 0.347902 0)
(1.2291 0.343162 0)
(1.21213 0.337627 0)
(1.19633 0.331054 0)
(1.18228 0.32372 0)
(1.16912 0.316835 0)
(1.15622 0.310435 0)
(1.14582 0.304185 0)
(1.12844 0.29175 0)
(1.47651 0.221656 0)
(1.47298 0.241262 0)
(1.46168 0.255595 0)
(1.4537 0.275603 0)
(1.44127 0.296561 0)
(1.42154 0.31272 0)
(1.41031 0.335492 0)
(1.3865 0.351039 0)
(1.35993 0.36383 0)
(1.33672 0.368646 0)
(1.31367 0.366219 0)
(1.29144 0.363358 0)
(1.2683 0.358997 0)
(1.24674 0.354029 0)
(1.22701 0.348012 0)
(1.20925 0.341219 0)
(1.19371 0.334766 0)
(1.18025 0.32823 0)
(1.16748 0.321387 0)
(1.15438 0.314767 0)
(1.14364 0.308038 0)
(1.12615 0.295115 0)
(1.48219 0.21204 0)
(1.47894 0.231955 0)
(1.46839 0.246221 0)
(1.46061 0.265396 0)
(1.44839 0.286637 0)
(1.42906 0.305698 0)
(1.41518 0.33402 0)
(1.39122 0.352659 0)
(1.3635 0.366669 0)
(1.33763 0.378538 0)
(1.31396 0.378061 0)
(1.29069 0.373148 0)
(1.26646 0.365746 0)
(1.24382 0.358414 0)
(1.22427 0.35188 0)
(1.20769 0.346054 0)
(1.19238 0.339912 0)
(1.17836 0.332999 0)
(1.16517 0.325482 0)
(1.15185 0.318321 0)
(1.14132 0.311563 0)
(1.12396 0.298584 0)
(1.48854 0.203576 0)
(1.48448 0.22002 0)
(1.47394 0.232338 0)
(1.46774 0.251583 0)
(1.45562 0.271412 0)
(1.43805 0.285777 0)
(1.42295 0.319083 0)
(1.39743 0.347555 0)
(1.36729 0.367964 0)
(1.33937 0.383116 0)
(1.3144 0.38923 0)
(1.28865 0.383025 0)
(1.26403 0.374208 0)
(1.24209 0.365439 0)
(1.22277 0.357239 0)
(1.20537 0.3499 0)
(1.18963 0.343422 0)
(1.17568 0.33686 0)
(1.16294 0.329657 0)
(1.14992 0.322471 0)
(1.13932 0.315521 0)
(1.12174 0.302139 0)
(1.49272 0.193189 0)
(1.48914 0.20975 0)
(1.48013 0.225785 0)
(1.47327 0.240478 0)
(1.45894 0.251901 0)
(1.44659 0.268923 0)
(1.43136 0.293844 0)
(1.40647 0.322117 0)
(1.37549 0.356601 0)
(1.34231 0.384093 0)
(1.31501 0.396049 0)
(1.28822 0.392949 0)
(1.26157 0.383335 0)
(1.23881 0.372369 0)
(1.21962 0.362296 0)
(1.20327 0.354689 0)
(1.18815 0.348381 0)
(1.17412 0.341851 0)
(1.16101 0.334264 0)
(1.14757 0.326411 0)
(1.13684 0.319046 0)
(1.11931 0.305488 0)
(1.49949 0.192648 0)
(1.49445 0.209301 0)
(1.4832 0.218023 0)
(1.4775 0.229866 0)
(1.46558 0.250482 0)
(1.45128 0.257373 0)
(1.43834 0.275275 0)
(1.41797 0.300187 0)
(1.38711 0.32569 0)
(1.35176 0.368396 0)
(1.31656 0.396871 0)
(1.28697 0.398584 0)
(1.25913 0.390193 0)
(1.2353 0.380127 0)
(1.2168 0.369765 0)
(1.20095 0.360034 0)
(1.1855 0.352249 0)
(1.17133 0.345249 0)
(1.15826 0.337749 0)
(1.14498 0.329964 0)
(1.13453 0.322728 0)
(1.11702 0.309071 0)
(1.50281 0.188297 0)
(1.49879 0.202439 0)
(1.48795 0.216202 0)
(1.4829 0.231535 0)
(1.46907 0.244189 0)
(1.45664 0.253544 0)
(1.44255 0.265353 0)
(1.42081 0.275483 0)
(1.39646 0.298582 0)
(1.36512 0.333847 0)
(1.32479 0.380142 0)
(1.28696 0.400314 0)
(1.25741 0.39558 0)
(1.23282 0.386814 0)
(1.21345 0.377181 0)
(1.1977 0.366621 0)
(1.18319 0.357502 0)
(1.16953 0.349898 0)
(1.1565 0.342293 0)
(1.14305 0.334413 0)
(1.13236 0.326889 0)
(1.11467 0.3128 0)
(1.50793 0.186979 0)
(1.50376 0.200747 0)
(1.49277 0.213726 0)
(1.48698 0.227728 0)
(1.47379 0.240399 0)
(1.46107 0.254886 0)
(1.44661 0.26849 0)
(1.42517 0.281169 0)
(1.40165 0.285201 0)
(1.37478 0.298791 0)
(1.33741 0.338317 0)
(1.29297 0.384921 0)
(1.25666 0.397722 0)
(1.23037 0.390836 0)
(1.21039 0.38275 0)
(1.19435 0.373382 0)
(1.18034 0.363275 0)
(1.16686 0.35412 0)
(1.15378 0.345718 0)
(1.14018 0.337651 0)
(1.12955 0.330172 0)
(1.11198 0.316108 0)
(1.51307 0.185739 0)
(1.507 0.200281 0)
(1.49647 0.213521 0)
(1.49156 0.225866 0)
(1.4794 0.239533 0)
(1.46547 0.254142 0)
(1.45139 0.266742 0)
(1.42724 0.279049 0)
(1.40506 0.2892 0)
(1.37962 0.299585 0)
(1.34875 0.308398 0)
(1.30565 0.341657 0)
(1.26061 0.384304 0)
(1.22928 0.393089 0)
(1.2086 0.38738 0)
(1.19181 0.379844 0)
(1.17707 0.3697 0)
(1.16393 0.359467 0)
(1.15145 0.350034 0)
(1.13808 0.341783 0)
(1.12755 0.334425 0)
(1.1098 0.320134 0)
(1.51731 0.186714 0)
(1.51083 0.201192 0)
(1.50116 0.214039 0)
(1.49611 0.226458 0)
(1.48316 0.240795 0)
(1.46952 0.254077 0)
(1.4543 0.266986 0)
(1.42913 0.280058 0)
(1.40766 0.288147 0)
(1.37781 0.290924 0)
(1.35058 0.296963 0)
(1.3187 0.310219 0)
(1.27378 0.340916 0)
(1.23292 0.381398 0)
(1.20681 0.389376 0)
(1.18935 0.383243 0)
(1.17422 0.375563 0)
(1.16101 0.365793 0)
(1.14884 0.354992 0)
(1.13549 0.345694 0)
(1.12483 0.337949 0)
(1.10702 0.323417 0)
(1.52266 0.189619 0)
(1.5153 0.203395 0)
(1.5053 0.216912 0)
(1.49987 0.23179 0)
(1.48645 0.245389 0)
(1.47434 0.256401 0)
(1.45685 0.270209 0)
(1.43366 0.283894 0)
(1.40806 0.291975 0)
(1.37956 0.290142 0)
(1.34865 0.284065 0)
(1.31643 0.278075 0)
(1.28435 0.294953 0)
(1.24585 0.338209 0)
(1.20991 0.380496 0)
(1.18749 0.385723 0)
(1.17171 0.378988 0)
(1.1574 0.370262 0)
(1.14529 0.359899 0)
(1.13244 0.349539 0)
(1.12223 0.341615 0)
(1.10455 0.327079 0)
(1.52799 0.194294 0)
(1.52075 0.208721 0)
(1.50944 0.223487 0)
(1.50525 0.23983 0)
(1.49109 0.253092 0)
(1.47803 0.264176 0)
(1.45968 0.277085 0)
(1.43494 0.293237 0)
(1.40875 0.300891 0)
(1.37893 0.29622 0)
(1.34705 0.283901 0)
(1.31443 0.279996 0)
(1.28899 0.277292 0)
(1.25833 0.289916 0)
(1.2221 0.34268 0)
(1.18895 0.380367 0)
(1.16984 0.381906 0)
(1.15554 0.375782 0)
(1.14274 0.366391 0)
(1.13011 0.354996 0)
(1.11992 0.346003 0)
(1.10201 0.330736 0)
(1.53272 0.197034 0)
(1.52622 0.214628 0)
(1.51437 0.231866 0)
(1.51138 0.248272 0)
(1.49542 0.262104 0)
(1.48209 0.274446 0)
(1.46477 0.287201 0)
(1.43845 0.304402 0)
(1.41063 0.314398 0)
(1.37633 0.308393 0)
(1.34258 0.293068 0)
(1.31124 0.283008 0)
(1.28734 0.279979 0)
(1.26676 0.287066 0)
(1.23709 0.306828 0)
(1.19865 0.357266 0)
(1.16871 0.38069 0)
(1.15253 0.377533 0)
(1.1391 0.369631 0)
(1.1264 0.358862 0)
(1.11664 0.349558 0)
(1.09901 0.333903 0)
(1.53968 0.201019 0)
(1.53192 0.221352 0)
(1.51981 0.239553 0)
(1.51724 0.254607 0)
(1.50001 0.270835 0)
(1.48669 0.285512 0)
(1.46904 0.297503 0)
(1.44023 0.313134 0)
(1.41072 0.324307 0)
(1.37449 0.319118 0)
(1.33823 0.303474 0)
(1.30888 0.28471 0)
(1.28497 0.279719 0)
(1.26703 0.278276 0)
(1.24409 0.289123 0)
(1.21152 0.324083 0)
(1.17368 0.369668 0)
(1.15078 0.379291 0)
(1.13786 0.374178 0)
(1.12419 0.364357 0)
(1.1143 0.354602 0)
(1.0965 0.337855 0)
(1.546 0.204248 0)
(1.53726 0.224105 0)
(1.52555 0.244415 0)
(1.52364 0.262595 0)
(1.50603 0.28102 0)
(1.49129 0.296031 0)
(1.47362 0.307064 0)
(1.44272 0.3207 0)
(1.41081 0.329741 0)
(1.37073 0.32177 0)
(1.33212 0.307227 0)
(1.30499 0.292183 0)
(1.28369 0.284984 0)
(1.26594 0.281188 0)
(1.24817 0.283257 0)
(1.22098 0.300166 0)
(1.18458 0.345326 0)
(1.15188 0.376221 0)
(1.13488 0.376075 0)
(1.12104 0.367444 0)
(1.11094 0.358008 0)
(1.09332 0.341012 0)
(1.55243 0.209572 0)
(1.54357 0.228896 0)
(1.53279 0.251374 0)
(1.53048 0.272739 0)
(1.51156 0.28969 0)
(1.49571 0.304019 0)
(1.4777 0.314614 0)
(1.44567 0.329154 0)
(1.4119 0.336066 0)
(1.36802 0.325958 0)
(1.32774 0.311379 0)
(1.30156 0.302295 0)
(1.28283 0.296188 0)
(1.26578 0.29219 0)
(1.2488 0.29151 0)
(1.22831 0.299853 0)
(1.19588 0.325677 0)
(1.15741 0.366349 0)
(1.13303 0.377637 0)
(1.11938 0.371127 0)
(1.10855 0.362348 0)
(1.09065 0.344979 0)
(1.55872 0.217359 0)
(1.55042 0.236593 0)
(1.53903 0.258315 0)
(1.53644 0.280251 0)
(1.51677 0.296716 0)
(1.50087 0.311793 0)
(1.48182 0.324476 0)
(1.44834 0.34018 0)
(1.41157 0.344515 0)
(1.36606 0.332115 0)
(1.32694 0.319433 0)
(1.30202 0.317014 0)
(1.28191 0.313625 0)
(1.26455 0.311237 0)
(1.24787 0.30629 0)
(1.23011 0.304797 0)
(1.20339 0.315487 0)
(1.16648 0.34954 0)
(1.13415 0.375473 0)
(1.11669 0.373299 0)
(1.10568 0.365321 0)
(1.08756 0.348107 0)
(1.56516 0.227556 0)
(1.55703 0.246854 0)
(1.54511 0.26693 0)
(1.54293 0.287053 0)
(1.52236 0.305227 0)
(1.50724 0.322201 0)
(1.48621 0.337518 0)
(1.45095 0.353597 0)
(1.41025 0.355171 0)
(1.36191 0.339479 0)
(1.32336 0.329559 0)
(1.29902 0.327943 0)
(1.27995 0.327261 0)
(1.26333 0.32418 0)
(1.24627 0.318369 0)
(1.22858 0.313145 0)
(1.20773 0.315674 0)
(1.17568 0.336729 0)
(1.13864 0.3692 0)
(1.11417 0.37477 0)
(1.10352 0.368693 0)
(1.08493 0.351931 0)
(1.57146 0.236777 0)
(1.56301 0.256609 0)
(1.55149 0.277223 0)
(1.54995 0.297334 0)
(1.52837 0.316378 0)
(1.51308 0.333833 0)
(1.48941 0.349874 0)
(1.45243 0.364843 0)
(1.40707 0.362942 0)
(1.357 0.34719 0)
(1.32243 0.340848 0)
(1.2987 0.337764 0)
(1.27973 0.336355 0)
(1.26161 0.331617 0)
(1.24341 0.32526 0)
(1.22577 0.320328 0)
(1.20868 0.320609 0)
(1.18237 0.330677 0)
(1.14544 0.359429 0)
(1.11407 0.37436 0)
(1.10067 0.370479 0)
(1.08194 0.354774 0)
(1.57862 0.246312 0)
(1.56966 0.266684 0)
(1.55792 0.2886 0)
(1.55608 0.309208 0)
(1.53387 0.327277 0)
(1.51873 0.343834 0)
(1.49306 0.359834 0)
(1.4544 0.373155 0)
(1.40446 0.368601 0)
(1.35446 0.354094 0)
(1.32151 0.348831 0)
(1.29876 0.346222 0)
(1.27976 0.345631 0)
(1.26179 0.342122 0)
(1.24394 0.336475 0)
(1.22613 0.331262 0)
(1.20832 0.328279 0)
(1.18602 0.332725 0)
(1.1523 0.351911 0)
(1.11604 0.371764 0)
(1.09814 0.372647 0)
(1.07979 0.358456 0)
(1.58584 0.255156 0)
(1.57746 0.277257 0)
(1.56446 0.300477 0)
(1.56226 0.321164 0)
(1.53999 0.337655 0)
(1.52449 0.352722 0)
(1.49681 0.368836 0)
(1.45601 0.381321 0)
(1.40245 0.375927 0)
(1.35356 0.362496 0)
(1.32036 0.358671 0)
(1.29877 0.358832 0)
(1.27986 0.359273 0)
(1.26105 0.355201 0)
(1.24239 0.348857 0)
(1.22419 0.342022 0)
(1.20641 0.336893 0)
(1.18682 0.336549 0)
(1.15754 0.347006 0)
(1.12017 0.367031 0)
(1.09583 0.373889 0)
(1.07713 0.361035 0)
(1.59375 0.265399 0)
(1.58532 0.287265 0)
(1.57091 0.30998 0)
(1.56838 0.329428 0)
(1.54607 0.347067 0)
(1.52988 0.36326 0)
(1.50102 0.381428 0)
(1.45834 0.393742 0)
(1.40092 0.386755 0)
(1.35309 0.37452 0)
(1.32043 0.372761 0)
(1.29892 0.374275 0)
(1.27808 0.373434 0)
(1.25869 0.367948 0)
(1.23944 0.359577 0)
(1.22135 0.350187 0)
(1.20397 0.343167 0)
(1.18611 0.34038 0)
(1.16098 0.345983 0)
(1.12515 0.362499 0)
(1.0954 0.374761 0)
(1.07462 0.363185 0)
(1.60135 0.274478 0)
(1.59304 0.295603 0)
(1.5776 0.318132 0)
(1.57487 0.338906 0)
(1.55311 0.359399 0)
(1.53508 0.376844 0)
(1.50461 0.39602 0)
(1.45862 0.407736 0)
(1.39817 0.399115 0)
(1.3514 0.389078 0)
(1.3192 0.386952 0)
(1.2973 0.386714 0)
(1.2765 0.383971 0)
(1.25681 0.376925 0)
(1.23735 0.367026 0)
(1.21925 0.356619 0)
(1.20215 0.349508 0)
(1.18504 0.345897 0)
(1.16317 0.347955 0)
(1.12975 0.358568 0)
(1.09636 0.374282 0)
(1.07227 0.365353 0)
(1.60917 0.286121 0)
(1.60185 0.307823 0)
(1.58538 0.329315 0)
(1.5819 0.351467 0)
(1.56025 0.372822 0)
(1.53971 0.390683 0)
(1.50783 0.409907 0)
(1.45818 0.42054 0)
(1.39597 0.411251 0)
(1.34881 0.40214 0)
(1.31867 0.396138 0)
(1.29618 0.394669 0)
(1.27561 0.391751 0)
(1.2551 0.384383 0)
(1.23533 0.374974 0)
(1.21749 0.364741 0)
(1.20043 0.357363 0)
(1.18334 0.352886 0)
(1.16319 0.35197 0)
(1.13329 0.35711 0)
(1.09865 0.373359 0)
(1.06973 0.366814 0)
(1.61633 0.297791 0)
(1.60967 0.320802 0)
(1.59252 0.341215 0)
(1.58813 0.364046 0)
(1.56714 0.385186 0)
(1.54443 0.402479 0)
(1.51133 0.420147 0)
(1.45801 0.430084 0)
(1.39439 0.420532 0)
(1.34778 0.410907 0)
(1.31853 0.405156 0)
(1.29549 0.404533 0)
(1.27506 0.402297 0)
(1.25411 0.395526 0)
(1.2335 0.386285 0)
(1.21531 0.375282 0)
(1.19806 0.366101 0)
(1.18089 0.359511 0)
(1.16199 0.356097 0)
(1.13572 0.357162 0)
(1.10191 0.371871 0)
(1.06787 0.368191 0)
(1.62431 0.313942 0)
(1.61771 0.337054 0)
(1.59992 0.354564 0)
(1.59428 0.375237 0)
(1.57409 0.395624 0)
(1.54938 0.413167 0)
(1.51493 0.430239 0)
(1.4579 0.440817 0)
(1.39335 0.4304 0)
(1.34727 0.421502 0)
(1.31884 0.41859 0)
(1.29539 0.4184 0)
(1.27423 0.416386 0)
(1.25187 0.409125 0)
(1.23027 0.398952 0)
(1.21169 0.385677 0)
(1.19488 0.373445 0)
(1.17808 0.365218 0)
(1.16014 0.360406 0)
(1.137 0.359263 0)
(1.10515 0.370827 0)
(1.06671 0.369362 0)
(1.63083 0.326563 0)
(1.62536 0.349577 0)
(1.60674 0.366953 0)
(1.60069 0.387432 0)
(1.58149 0.408904 0)
(1.55487 0.426737 0)
(1.51839 0.442451 0)
(1.45686 0.452391 0)
(1.39223 0.443136 0)
(1.34676 0.436728 0)
(1.31764 0.434356 0)
(1.29384 0.433591 0)
(1.2711 0.42948 0)
(1.24797 0.420606 0)
(1.22636 0.408661 0)
(1.20814 0.394395 0)
(1.19192 0.380097 0)
(1.17531 0.371011 0)
(1.15835 0.36558 0)
(1.13757 0.362827 0)
(1.10796 0.370515 0)
(1.06624 0.370668 0)
(1.63845 0.342662 0)
(1.63451 0.366034 0)
(1.61434 0.382401 0)
(1.60679 0.401254 0)
(1.58795 0.422278 0)
(1.55974 0.440386 0)
(1.52089 0.455467 0)
(1.45609 0.465382 0)
(1.39083 0.459803 0)
(1.34571 0.454409 0)
(1.31598 0.448591 0)
(1.29201 0.444935 0)
(1.26879 0.438108 0)
(1.24527 0.42812 0)
(1.22318 0.415726 0)
(1.20415 0.400978 0)
(1.18837 0.3867 0)
(1.17229 0.377486 0)
(1.15614 0.372007 0)
(1.13687 0.367525 0)
(1.11001 0.371856 0)
(1.06628 0.371932 0)
(1.64546 0.353217 0)
(1.64254 0.378285 0)
(1.62149 0.396565 0)
(1.61254 0.416416 0)
(1.59444 0.436942 0)
(1.5649 0.454325 0)
(1.52311 0.467794 0)
(1.45554 0.478128 0)
(1.38801 0.476566 0)
(1.34381 0.468091 0)
(1.31517 0.458291 0)
(1.29054 0.452395 0)
(1.26656 0.445216 0)
(1.24288 0.435816 0)
(1.22021 0.423923 0)
(1.20137 0.410733 0)
(1.18588 0.396301 0)
(1.16965 0.385831 0)
(1.1535 0.379375 0)
(1.13494 0.373378 0)
(1.11127 0.374719 0)
(1.06649 0.373157 0)
(1.6539 0.3691 0)
(1.65176 0.396547 0)
(1.62989 0.4128 0)
(1.618 0.430601 0)
(1.60057 0.449195 0)
(1.57014 0.467139 0)
(1.52591 0.480748 0)
(1.45598 0.492214 0)
(1.38583 0.489881 0)
(1.34254 0.476999 0)
(1.31362 0.467195 0)
(1.28875 0.461689 0)
(1.26486 0.456171 0)
(1.24075 0.447352 0)
(1.21783 0.436123 0)
(1.1976 0.421903 0)
(1.18144 0.405604 0)
(1.16587 0.393427 0)
(1.15017 0.385514 0)
(1.13238 0.377454 0)
(1.11104 0.378198 0)
(1.06687 0.37101 0)
(1.66116 0.379443 0)
(1.65998 0.40732 0)
(1.63788 0.425867 0)
(1.62355 0.445798 0)
(1.60705 0.46514 0)
(1.57601 0.483084 0)
(1.52928 0.495081 0)
(1.4557 0.505215 0)
(1.38382 0.499372 0)
(1.34031 0.486531 0)
(1.31276 0.480269 0)
(1.28805 0.476249 0)
(1.26293 0.470857 0)
(1.23715 0.461009 0)
(1.21284 0.447698 0)
(1.19254 0.431132 0)
(1.17742 0.415964 0)
(1.16272 0.402164 0)
(1.14674 0.38962 0)
(1.12972 0.377911 0)
(1.10998 0.3723 0)
(1.06458 0.33545 0)
(1.66931 0.395217 0)
(1.66869 0.422323 0)
(1.64671 0.441415 0)
(1.62929 0.461741 0)
(1.61288 0.481492 0)
(1.58141 0.499597 0)
(1.53246 0.509839 0)
(1.45426 0.51682 0)
(1.38148 0.510217 0)
(1.3397 0.501728 0)
(1.31169 0.497474 0)
(1.28542 0.492819 0)
(1.25845 0.484257 0)
(1.23214 0.471354 0)
(1.20866 0.455952 0)
(1.18932 0.441035 0)
(1.17312 0.425164 0)
(1.1572 0.406571 0)
(1.14206 0.385099 0)
(1.12181 0.339177 0)
(1.09888 0.289868 0)
(1.05565 0.230819 0)
(1.67614 0.40694 0)
(1.67567 0.434211 0)
(1.65607 0.458096 0)
(1.63556 0.480433 0)
(1.61885 0.500725 0)
(1.58676 0.516807 0)
(1.53507 0.52305 0)
(1.45229 0.527215 0)
(1.37999 0.525957 0)
(1.33892 0.521441 0)
(1.30877 0.513798 0)
(1.28199 0.504516 0)
(1.25459 0.492003 0)
(1.22905 0.477849 0)
(1.20544 0.463886 0)
(1.18533 0.449147 0)
(1.1671 0.430777 0)
(1.15026 0.400404 0)
(1.12303 0.321643 0)
(1.10413 0.2258 0)
(1.09347 0.182123 0)
(1.06021 0.164769 0)
(1.68501 0.428263 0)
(1.68396 0.455035 0)
(1.66506 0.477985 0)
(1.64197 0.496133 0)
(1.62437 0.514638 0)
(1.59148 0.530142 0)
(1.53702 0.534959 0)
(1.45186 0.540755 0)
(1.37953 0.547191 0)
(1.33633 0.538937 0)
(1.30619 0.524869 0)
(1.27893 0.511258 0)
(1.25117 0.497855 0)
(1.2257 0.484825 0)
(1.20116 0.472229 0)
(1.18037 0.457368 0)
(1.16016 0.428653 0)
(1.12659 0.335723 0)
(1.09654 0.218587 0)
(1.09343 0.145485 0)
(1.07405 0.114967 0)
(1.04672 0.116176 0)
(1.69271 0.443495 0)
(1.69103 0.469034 0)
(1.67359 0.492868 0)
(1.64871 0.509728 0)
(1.6294 0.528186 0)
(1.5956 0.543796 0)
(1.53945 0.549302 0)
(1.45314 0.558852 0)
(1.37692 0.567433 0)
(1.33336 0.550175 0)
(1.30304 0.533038 0)
(1.275 0.519115 0)
(1.24839 0.507698 0)
(1.22298 0.496694 0)
(1.19882 0.484701 0)
(1.17437 0.462379 0)
(1.13865 0.381415 0)
(1.08971 0.242337 0)
(1.06874 0.150104 0)
(1.08567 0.126351 0)
(1.07354 0.115696 0)
(1.05036 0.113669 0)
(1.70191 0.463794 0)
(1.6969 0.488171 0)
(1.68324 0.508592 0)
(1.65562 0.523017 0)
(1.63387 0.542208 0)
(1.59988 0.560816 0)
(1.543 0.568255 0)
(1.45268 0.578903 0)
(1.37451 0.579137 0)
(1.32977 0.559233 0)
(1.29907 0.544158 0)
(1.2724 0.532809 0)
(1.24593 0.522391 0)
(1.21873 0.511372 0)
(1.192 0.491916 0)
(1.16051 0.438484 0)
(1.09833 0.293221 0)
(1.05882 0.192661 0)
(1.06742 0.143298 0)
(1.07476 0.122251 0)
(1.06682 0.118224 0)
(1.0485 0.117674 0)
(1.71042 0.474867 0)
(1.70156 0.499439 0)
(1.69238 0.522269 0)
(1.6631 0.542506 0)
(1.63957 0.56378 0)
(1.6047 0.582429 0)
(1.54551 0.588348 0)
(1.45091 0.594124 0)
(1.37127 0.586391 0)
(1.32686 0.571839 0)
(1.29744 0.56146 0)
(1.26899 0.550969 0)
(1.24002 0.538094 0)
(1.21242 0.520486 0)
(1.18437 0.490097 0)
(1.12607 0.366279 0)
(1.06533 0.238268 0)
(1.04085 0.180944 0)
(1.06078 0.146607 0)
(1.06836 0.123171 0)
(1.06338 0.118275 0)
(1.04628 0.116374 0)
(1.72063 0.498523 0)
(1.70947 0.523257 0)
(1.70119 0.544539 0)
(1.67033 0.562639 0)
(1.64495 0.582154 0)
(1.60912 0.600065 0)
(1.54721 0.603978 0)
(1.44747 0.6035 0)
(1.36947 0.597493 0)
(1.32667 0.590375 0)
(1.29421 0.581507 0)
(1.2628 0.56628 0)
(1.23469 0.548324 0)
(1.20598 0.526144 0)
(1.16408 0.449478 0)
(1.0835 0.294951 0)
(1.03736 0.217502 0)
(1.03548 0.180544 0)
(1.05344 0.155012 0)
(1.06131 0.126058 0)
(1.05986 0.114916 0)
(1.04511 0.11332 0)
(1.7296 0.51335 0)
(1.71586 0.539408 0)
(1.70911 0.563108 0)
(1.67777 0.581079 0)
(1.65085 0.599013 0)
(1.61365 0.613974 0)
(1.54738 0.614668 0)
(1.44469 0.613745 0)
(1.37013 0.616048 0)
(1.32462 0.61186 0)
(1.28916 0.595483 0)
(1.25751 0.574697 0)
(1.22918 0.553765 0)
(1.19852 0.521222 0)
(1.12049 0.372582 0)
(1.04973 0.256921 0)
(1.02529 0.21686 0)
(1.03346 0.191249 0)
(1.04397 0.166215 0)
(1.05533 0.135604 0)
(1.05594 0.117725 0)
(1.04286 0.113393 0)
(1.7394 0.536328 0)
(1.72255 0.562753 0)
(1.71642 0.581296 0)
(1.68527 0.59524 0)
(1.656 0.610635 0)
(1.61673 0.62522 0)
(1.5475 0.627282 0)
(1.44557 0.631987 0)
(1.36892 0.641575 0)
(1.32068 0.626715 0)
(1.28405 0.603052 0)
(1.25178 0.580961 0)
(1.22076 0.564946 0)
(1.17181 0.476273 0)
(1.07911 0.316436 0)
(1.02983 0.250366 0)
(1.01931 0.225962 0)
(1.02713 0.195936 0)
(1.03451 0.175284 0)
(1.04706 0.147499 0)
(1.05202 0.124275 0)
(1.04045 0.116777 0)
(1.74835 0.546958 0)
(1.72888 0.573144 0)
(1.72227 0.591857 0)
(1.69271 0.611702 0)
(1.66179 0.629547 0)
(1.62135 0.644412 0)
(1.55 0.647527 0)
(1.44577 0.657345 0)
(1.36473 0.662427 0)
(1.31619 0.635776 0)
(1.27852 0.609669 0)
(1.24673 0.594126 0)
(1.21396 0.565185 0)
(1.12306 0.407632 0)
(1.03993 0.284468 0)
(1.02071 0.24923 0)
(1.01833 0.234248 0)
(1.02157 0.206846 0)
(1.02668 0.183222 0)
(1.03824 0.156287 0)
(1.04626 0.129039 0)
(1.03699 0.120001 0)
(1.75778 0.570844 0)
(1.73692 0.597165 0)
(1.72875 0.613034 0)
(1.70034 0.632142 0)
(1.66758 0.650603 0)
(1.62562 0.666191 0)
(1.55116 0.670573 0)
(1.44299 0.681239 0)
(1.36114 0.673738 0)
(1.31083 0.642561 0)
(1.27441 0.62327 0)
(1.24219 0.61111 0)
(1.18825 0.529556 0)
(1.07283 0.352404 0)
(1.02455 0.279931 0)
(1.01316 0.255984 0)
(1.01442 0.236045 0)
(1.01376 0.208843 0)
(1.0185 0.183717 0)
(1.03014 0.158124 0)
(1.04063 0.130382 0)
(1.03364 0.120006 0)
(1.76599 0.586172 0)
(1.74327 0.612744 0)
(1.73501 0.63434 0)
(1.70772 0.657247 0)
(1.67328 0.675267 0)
(1.62969 0.688288 0)
(1.55238 0.689892 0)
(1.44109 0.69504 0)
(1.35522 0.678795 0)
(1.30702 0.654678 0)
(1.2715 0.64624 0)
(1.2322 0.620892 0)
(1.13692 0.4649 0)
(1.02855 0.316804 0)
(1.01739 0.279144 0)
(1.01031 0.260434 0)
(1.00907 0.233771 0)
(1.00645 0.209601 0)
(1.01042 0.185744 0)
(1.02205 0.160479 0)
(1.03493 0.132528 0)
(1.03028 0.118538 0)
(1.77607 0.614847 0)
(1.74987 0.640138 0)
(1.73983 0.660534 0)
(1.71574 0.678283 0)
(1.68 0.692662 0)
(1.63454 0.70311 0)
(1.55471 0.700405 0)
(1.43465 0.700044 0)
(1.35034 0.688449 0)
(1.30523 0.675942 0)
(1.26653 0.663405 0)
(1.21314 0.595814 0)
(1.0738 0.398224 0)
(1.01074 0.308459 0)
(1.00762 0.282492 0)
(1.00614 0.263845 0)
(1.0022 0.233786 0)
(0.999818 0.211754 0)
(1.00373 0.191479 0)
(1.01457 0.167285 0)
(1.02853 0.13771 0)
(1.02661 0.118509 0)
(1.78656 0.628275 0)
(1.75851 0.649137 0)
(1.74443 0.674804 0)
(1.72342 0.693983 0)
(1.68593 0.706919 0)
(1.63737 0.713814 0)
(1.55483 0.707016 0)
(1.42891 0.711393 0)
(1.34937 0.706211 0)
(1.29932 0.699838 0)
(1.25921 0.672551 0)
(1.17048 0.531832 0)
(1.01958 0.356074 0)
(1.00331 0.310514 0)
(1.0004 0.285914 0)
(1.00054 0.265265 0)
(0.995816 0.235612 0)
(0.993392 0.214068 0)
(0.996385 0.195421 0)
(1.00623 0.172522 0)
(1.02075 0.143431 0)
(1.02279 0.119798 0)
(1.7977 0.651056 0)
(1.76716 0.668225 0)
(1.74708 0.691686 0)
(1.72765 0.704789 0)
(1.68985 0.718988 0)
(1.63998 0.728652 0)
(1.55714 0.724522 0)
(1.42547 0.732651 0)
(1.34584 0.733139 0)
(1.29666 0.716044 0)
(1.2468 0.667362 0)
(1.10153 0.455865 0)
(0.994293 0.34547 0)
(0.994306 0.316672 0)
(0.994666 0.290976 0)
(0.994005 0.26637 0)
(0.9887 0.237713 0)
(0.986933 0.214817 0)
(0.989716 0.196168 0)
(0.998518 0.174176 0)
(1.01264 0.147759 0)
(1.01826 0.121276 0)
(1.80824 0.65615 0)
(1.77488 0.676938 0)
(1.74981 0.707458 0)
(1.73278 0.725117 0)
(1.69539 0.742491 0)
(1.64505 0.752142 0)
(1.55765 0.750477 0)
(1.42272 0.75798 0)
(1.33935 0.755325 0)
(1.29193 0.725434 0)
(1.21325 0.61769 0)
(1.03098 0.404472 0)
(0.985199 0.347039 0)
(0.984132 0.319014 0)
(0.987486 0.292873 0)
(0.986615 0.265647 0)
(0.981497 0.238762 0)
(0.980497 0.215986 0)
(0.983268 0.195795 0)
(0.991478 0.175381 0)
(1.00509 0.151139 0)
(1.01339 0.122829 0)
(1.81902 0.677763 0)
(1.7826 0.699631 0)
(1.75487 0.729382 0)
(1.7388 0.744189 0)
(1.69992 0.764222 0)
(1.64964 0.773773 0)
(1.55542 0.776275 0)
(1.42103 0.77726 0)
(1.33235 0.767146 0)
(1.27748 0.742411 0)
(1.15696 0.538899 0)
(0.989305 0.389079 0)
(0.97806 0.349519 0)
(0.975479 0.320595 0)
(0.979479 0.294819 0)
(0.978848 0.265338 0)
(0.974481 0.239919 0)
(0.973595 0.218434 0)
(0.976543 0.198484 0)
(0.984214 0.178092 0)
(0.997821 0.155261 0)
(1.00834 0.123903 0)
)
;

boundaryField
{
    inlet
    {
        type            uniformFixedValue;
        uniformValue    table
        
2
(
(0 (1.1 0 0))
(8 (3 0 0))
)
;
        value           nonuniform 0();
    }
    outlet
    {
        type            inletOutlet;
        inletValue      uniform (3 0 0);
        value           nonuniform List<vector> 
147
(
(1.00364 0.125099 0)
(0.99912 0.12648 0)
(0.994366 0.128086 0)
(0.989723 0.130047 0)
(0.985234 0.131662 0)
(0.980707 0.132381 0)
(0.975955 0.13222 0)
(0.971042 0.131741 0)
(0.966295 0.13176 0)
(0.962038 0.132513 0)
(0.958013 0.133131 0)
(0.953775 0.133166 0)
(0.949371 0.132017 0)
(0.944756 0.130094 0)
(0.940328 0.129037 0)
(0.936441 0.128645 0)
(0.932736 0.128929 0)
(0.928934 0.128795 0)
(0.924962 0.127599 0)
(0.920774 0.124987 0)
(0.916744 0.122339 0)
(0.913423 0.119372 0)
(0.910191 0.117151 0)
(0.907326 0.115295 0)
(0.904588 0.112949 0)
(0.901759 0.109618 0)
(0.898675 0.105622 0)
(0.89597 0.101408 0)
(0.893494 0.0978301 0)
(0.891188 0.0949558 0)
(0.889109 0.0920081 0)
(0.886845 0.0884233 0)
(0.884749 0.0841883 0)
(0.882593 0.0800111 0)
(0.880552 0.0765215 0)
(0.878614 0.0738269 0)
(0.876613 0.0711964 0)
(0.874562 0.0680586 0)
(0.872575 0.0643685 0)
(0.870454 0.0608838 0)
(0.868575 0.0579038 0)
(0.866552 0.0555767 0)
(0.864696 0.0532572 0)
(0.862752 0.0500566 0)
(0.860708 0.0467941 0)
(0.858703 0.043837 0)
(0.85648 0.0415304 0)
(0.854511 0.0394412 0)
(0.85228 0.036883 0)
(0.849947 0.0340233 0)
(0.848034 0.0307962 0)
(0.846125 0.0279161 0)
(0.844249 0.0254224 0)
(1.17709 0.121391 0)
(1.1769 0.124813 0)
(1.17669 0.128277 0)
(1.17651 0.131858 0)
(1.17634 0.135603 0)
(1.17616 0.139523 0)
(1.17598 0.14355 0)
(1.17574 0.147515 0)
(1.17531 0.151167 0)
(1.17464 0.154398 0)
(1.17394 0.157569 0)
(1.17339 0.161047 0)
(1.17311 0.165046 0)
(1.17275 0.169368 0)
(1.17248 0.173987 0)
(1.17206 0.178445 0)
(1.17133 0.182159 0)
(1.1702 0.184777 0)
(1.16882 0.186995 0)
(1.16756 0.189781 0)
(1.16669 0.193607 0)
(1.16609 0.198251 0)
(1.16569 0.203405 0)
(1.16519 0.208618 0)
(1.16453 0.213227 0)
(1.16348 0.216177 0)
(1.16177 0.217831 0)
(1.15971 0.219811 0)
(1.158 0.223034 0)
(1.15702 0.227787 0)
(1.15583 0.233105 0)
(1.15469 0.238012 0)
(1.15364 0.241633 0)
(1.15243 0.244486 0)
(1.15086 0.247313 0)
(1.14923 0.2507 0)
(1.14747 0.254481 0)
(1.14566 0.258499 0)
(1.14403 0.262838 0)
(1.14212 0.266803 0)
(1.14028 0.270521 0)
(1.13855 0.274322 0)
(1.13641 0.277502 0)
(1.13465 0.281198 0)
(1.13254 0.284604 0)
(1.13046 0.288108 0)
(1.12844 0.29175 0)
(1.12615 0.295115 0)
(1.12396 0.298584 0)
(1.12174 0.302139 0)
(1.11931 0.305488 0)
(1.11702 0.309071 0)
(1.11467 0.3128 0)
(1.11198 0.316108 0)
(1.1098 0.320134 0)
(1.10702 0.323417 0)
(1.10455 0.327079 0)
(1.10201 0.330736 0)
(1.09901 0.333903 0)
(1.0965 0.337855 0)
(1.09332 0.341012 0)
(1.09065 0.344979 0)
(1.08756 0.348107 0)
(1.08493 0.351931 0)
(1.08194 0.354774 0)
(1.07979 0.358456 0)
(1.07713 0.361035 0)
(1.07462 0.363185 0)
(1.07227 0.365353 0)
(1.06973 0.366814 0)
(1.06787 0.368191 0)
(1.06671 0.369362 0)
(1.06624 0.370668 0)
(1.06628 0.371932 0)
(1.06649 0.373157 0)
(1.06687 0.37101 0)
(1.06458 0.33545 0)
(1.05565 0.230819 0)
(1.06021 0.164769 0)
(1.04672 0.116176 0)
(1.05036 0.113669 0)
(1.0485 0.117674 0)
(1.04628 0.116374 0)
(1.04511 0.11332 0)
(1.04286 0.113393 0)
(1.04045 0.116777 0)
(1.03699 0.120001 0)
(1.03364 0.120006 0)
(1.03028 0.118538 0)
(1.02661 0.118509 0)
(1.02279 0.119798 0)
(1.01826 0.121276 0)
(1.01339 0.122829 0)
(1.00834 0.123903 0)
)
;
    }
    triangle
    {
        type            slip;
    }
    top
    {
        type            symmetryPlane;
    }
    bottom
    {
        type            symmetryPlane;
    }
    defaultFaces
    {
        type            empty;
    }
    procBoundary15to6
    {
        type            processor;
        value           nonuniform List<vector> 6((1.26114 -0.0217609 0) (1.26483 -0.017874 0) (1.26848 -0.0144556 0) (1.27218 -0.0113542 0) (1.27591 -0.00824607 0) (1.28008 -0.00447662 0));
    }
    procBoundary15to7
    {
        type            processor;
        value           nonuniform List<vector> 
23
(
(1.23199 0.0984972 0)
(1.22596 0.103533 0)
(1.21971 0.107272 0)
(1.21352 0.110949 0)
(1.20678 0.113414 0)
(1.20041 0.116052 0)
(1.19352 0.116863 0)
(1.18774 0.118328 0)
(1.17724 0.117975 0)
(1.25981 -0.0143198 0)
(1.26193 -0.00313517 0)
(1.26382 0.00801498 0)
(1.26459 0.0188406 0)
(1.26449 0.0293935 0)
(1.2634 0.0394176 0)
(1.2622 0.0495964 0)
(1.26007 0.0594826 0)
(1.25714 0.0682895 0)
(1.2534 0.0756424 0)
(1.24922 0.0833045 0)
(1.24402 0.0902167 0)
(1.23905 0.0968218 0)
(1.23905 0.0968218 0)
)
;
    }
    procBoundary15to14
    {
        type            processor;
        value           nonuniform List<vector> 
141
(
(1.84109 0.651414 0)
(1.85509 0.664516 0)
(1.87243 0.669249 0)
(1.88833 0.683777 0)
(1.89577 0.69732 0)
(1.88645 0.719234 0)
(1.86621 0.724548 0)
(1.83181 0.73201 0)
(1.79552 0.716633 0)
(1.75466 0.699412 0)
(1.71444 0.678684 0)
(1.66547 0.681319 0)
(1.6151 0.677745 0)
(1.56105 0.675689 0)
(1.5061 0.656185 0)
(1.44862 0.625889 0)
(1.39526 0.580647 0)
(1.33393 0.546766 0)
(1.27103 0.51501 0)
(1.19478 0.488433 0)
(1.09627 0.450318 0)
(0.980974 0.378432 0)
(0.842058 0.289301 0)
(0.727474 0.17189 0)
(0.596162 0.0804382 0)
(0.431614 -0.0160389 0)
(0.238545 -0.128825 0)
(0.0609111 -0.261544 0)
(-0.107232 -0.369553 0)
(-0.254014 -0.464732 0)
(-0.374493 -0.539498 0)
(-0.465441 -0.59397 0)
(-0.53453 -0.623987 0)
(-0.585601 -0.63566 0)
(-0.627643 -0.61845 0)
(-0.657321 -0.587496 0)
(-0.678346 -0.545025 0)
(-0.691579 -0.502608 0)
(-0.697825 -0.463686 0)
(-0.698355 -0.428084 0)
(-0.695113 -0.397729 0)
(-0.688691 -0.37053 0)
(-0.680598 -0.345555 0)
(-0.671389 -0.318747 0)
(-0.662523 -0.293012 0)
(-0.65282 -0.269011 0)
(-0.642932 -0.249085 0)
(-0.633051 -0.230453 0)
(-0.623557 -0.207725 0)
(-0.613887 -0.17991 0)
(-0.607619 -0.151472 0)
(-0.599189 -0.125897 0)
(-0.590568 -0.106596 0)
(-0.583286 -0.0928353 0)
(1.28459 0.00033452 0)
(1.28904 0.00626233 0)
(1.29304 0.0121978 0)
(1.29668 0.0163888 0)
(1.3004 0.0190846 0)
(1.30424 0.0216114 0)
(1.3086 0.0251182 0)
(1.3138 0.0299096 0)
(1.31885 0.0358326 0)
(1.32338 0.0420946 0)
(1.3277 0.0478079 0)
(1.33211 0.0527302 0)
(1.33643 0.0569607 0)
(1.3408 0.0613537 0)
(1.34523 0.0662049 0)
(1.35105 0.0722115 0)
(1.3571 0.0794133 0)
(1.36168 0.0861436 0)
(1.36625 0.091493 0)
(1.37082 0.0960099 0)
(1.37548 0.100779 0)
(1.3804 0.106446 0)
(1.38536 0.112949 0)
(1.39059 0.120218 0)
(1.3959 0.127457 0)
(1.40176 0.134736 0)
(1.40747 0.14131 0)
(1.41366 0.148053 0)
(1.41943 0.15429 0)
(1.42579 0.161533 0)
(1.43103 0.167807 0)
(1.43718 0.175361 0)
(1.4424 0.182172 0)
(1.44812 0.189912 0)
(1.4532 0.197017 0)
(1.45892 0.205467 0)
(1.46329 0.209771 0)
(1.46983 0.214565 0)
(1.4758 0.215755 0)
(1.48064 0.213023 0)
(1.48592 0.207772 0)
(1.49139 0.198433 0)
(1.49697 0.191598 0)
(1.49971 0.183634 0)
(1.50423 0.179986 0)
(1.50815 0.177456 0)
(1.51076 0.176264 0)
(1.51462 0.175237 0)
(1.51863 0.174806 0)
(1.52283 0.176458 0)
(1.52781 0.178808 0)
(1.53338 0.179617 0)
(1.5391 0.180984 0)
(1.54528 0.183982 0)
(1.55144 0.190741 0)
(1.55716 0.199801 0)
(1.5631 0.209606 0)
(1.56926 0.217782 0)
(1.57659 0.225399 0)
(1.58435 0.232433 0)
(1.59279 0.241463 0)
(1.60103 0.251161 0)
(1.60936 0.263532 0)
(1.61714 0.275503 0)
(1.6257 0.289857 0)
(1.63419 0.300816 0)
(1.64416 0.313571 0)
(1.65365 0.322088 0)
(1.66445 0.335909 0)
(1.6741 0.348711 0)
(1.68433 0.367193 0)
(1.6933 0.381305 0)
(1.70429 0.403503 0)
(1.71378 0.419871 0)
(1.72413 0.441886 0)
(1.73323 0.454161 0)
(1.74433 0.475903 0)
(1.75394 0.492392 0)
(1.76343 0.515317 0)
(1.77247 0.52628 0)
(1.78175 0.545538 0)
(1.78982 0.558468 0)
(1.79792 0.58406 0)
(1.80606 0.597795 0)
(1.81145 0.618608 0)
(1.81789 0.626451 0)
(1.82824 0.644735 0)
)
;
    }
    procBoundary15to23
    {
        type            processor;
        value           nonuniform List<vector> 
23
(
(-0.143876 0.0628265 0)
(-0.0364632 0.0812756 0)
(0.0707692 0.102101 0)
(0.173582 0.122712 0)
(0.262195 0.122614 0)
(0.337007 0.108746 0)
(0.4051 0.0953799 0)
(0.468861 0.0852044 0)
(0.526815 0.0763091 0)
(0.577923 0.0665566 0)
(0.623139 0.0563852 0)
(0.663497 0.0474603 0)
(0.699434 0.0413908 0)
(0.730979 0.0375375 0)
(0.758603 0.0352897 0)
(0.783773 0.0320687 0)
(0.806398 0.0288414 0)
(0.843532 0.0223412 0)
(-0.506439 -0.0477298 0)
(-0.429805 -0.0130339 0)
(-0.339505 0.00617598 0)
(-0.143876 0.0628265 0)
(-0.243082 0.0354431 0)
)
;
    }
}


// ************************************************************************* //
