/*--------------------------------*- C++ -*----------------------------------*\
  =========                 |
  \\      /  F ield         | OpenFOAM: The Open Source CFD Toolbox
   \\    /   O peration     | Website:  https://openfoam.org
    \\  /    A nd           | Version:  8
     \\/     M anipulation  |
\*---------------------------------------------------------------------------*/
FoamFile
{
    version     2.0;
    format      ascii;
    class       volScalarField;
    location    "1.3";
    object      T;
}
// * * * * * * * * * * * * * * * * * * * * * * * * * * * * * * * * * * * * * //

dimensions      [0 0 0 1 0 0 0];

internalField   nonuniform List<scalar> 
325
(
2.07802
2.05803
2.04597
2.31647
1.78957
1.92668
1.99945
2.06944
2.02888
2.02501
2.31114
1.79562
1.928
1.99519
2.05475
2.00542
2.02044
2.34188
1.79711
1.92614
1.99315
2.04746
1.99628
2.02124
2.35877
1.92633
1.99077
2.04736
1.99689
2.02136
2.35875
1.92666
1.99379
2.05487
2.00516
2.02031
2.34182
1.92607
1.99648
2.07093
2.02763
2.0241
2.31131
1.91056
1.98507
2.07973
2.05651
2.04407
2.31647
1.84519
1.93074
2.06652
2.07793
2.07078
2.32132
1.72553
1.80677
1.99706
2.08233
2.09381
2.31113
1.60262
1.66905
1.85382
2.04771
2.10034
2.27429
1.50271
1.55135
1.69216
1.9479
2.08565
2.21865
1.42384
1.47042
1.56383
1.79889
2.03635
2.15198
1.35724
1.40799
1.48393
1.66115
1.92905
2.08192
1.29886
1.35504
1.43132
1.54902
1.79906
2.0031
1.25343
1.31134
1.39079
1.47228
1.68425
1.92575
1.22797
1.28055
1.35901
1.42362
1.61177
1.8684
1.21444
1.25775
1.33235
1.3944
1.57224
1.83212
1.20913
1.24101
1.30707
1.37468
1.55419
1.81141
1.21115
1.22866
1.28345
1.36003
1.54522
1.79929
1.21699
1.22252
1.26339
1.3459
1.5399
1.79159
1.22292
1.2213
1.24795
1.33078
1.53561
1.78815
1.23244
1.21909
1.23668
1.31517
1.52897
1.78667
1.24492
1.21979
1.23023
1.30016
1.51821
1.78455
1.2595
1.22028
1.22722
1.2872
1.50497
1.78233
1.27871
1.22261
1.22613
1.27805
1.48942
1.78016
1.29976
1.2263
1.22532
1.26984
1.47027
1.77618
1.32128
1.23038
1.22491
1.26008
1.44824
1.7698
1.33977
1.23311
1.22443
1.25123
1.42487
1.76038
1.36217
1.24354
1.2233
1.24499
1.40392
1.74685
1.38159
1.2567
1.22153
1.24503
1.39451
1.7307
1.4041
1.27208
1.22315
1.24582
1.39091
1.71172
1.42726
1.29228
1.23042
1.25152
1.40019
1.69306
1.45063
1.31142
1.23846
1.2592
1.40716
1.67367
1.47789
1.33678
1.25291
1.27312
1.41897
1.64511
1.49148
1.36089
1.27339
1.29476
1.43532
1.60609
1.49992
1.3797
1.28917
1.31423
1.45338
1.56268
1.5081
1.39635
1.30566
1.3373
1.47123
1.5386
1.50178
1.40322
1.31882
1.36067
1.49059
1.51867
1.48882
1.40881
1.33285
1.39006
1.51212
1.50624
1.47157
1.4152
1.34857
1.42698
1.53282
1.49878
1.46071
1.41277
1.35804
1.47306
1.55192
1.49407
1.44128
1.40467
1.36653
1.52884
1.56885
1.49325
1.40441
1.39273
1.38351
1.58644
1.58678
1.49375
1.35886
1.38326
1.41132
1.6325
1.60617
1.4929
1.31598
1.36149
1.45664
1.66135
1.61732
1.49636
1.27109
1.32214
1.51317
1.68102
1.62776
1.50481
1.19171
1.26954
1.57513
1.69646
1.64221
1.5317
1.09608
1.21253
1.6364
1.72192
1.66577
1.54873
1.03312
1.17181
1.67113
1.77711
1.71905
1.58021
1.00899
1.14472
1.70548
1.8326
1.75879
1.60667
1.00273
1.12574
1.75795
1.89614
1.8125
1.64108
1.0012
1.11554
1.80509
1.94524
1.85331
1.66396
1.0007
1.11162
1.82816
1.96551
1.86896
1.67401
)
;

boundaryField
{
    inlet
    {
        type            fixedValue;
        value           nonuniform List<scalar> 0();
    }
    outlet
    {
        type            inletOutlet;
        inletValue      uniform 1;
        value           nonuniform List<scalar> 
54
(
1.64507
1.60604
1.56277
1.53862
1.51873
1.50632
1.4988
1.49404
1.49322
1.49371
1.49288
1.49635
1.50481
1.53169
1.54881
1.58036
1.60663
1.64097
1.6638
1.67379
2.00309
1.92584
1.86855
1.8323
1.81155
1.79936
1.79167
1.78831
1.78681
1.78465
1.78242
1.7802
1.77617
1.76973
1.76029
1.74672
1.73059
1.71164
1.69301
1.67366
2.3175
2.31198
2.33914
2.35584
2.35584
2.3391
2.31217
2.31751
2.3219
2.31139
2.27423
2.21848
2.15183
2.0818
)
;
    }
    triangle
    {
        type            zeroGradient;
    }
    top
    {
        type            symmetryPlane;
    }
    bottom
    {
        type            symmetryPlane;
    }
    defaultFaces
    {
        type            empty;
    }
    procBoundary7to2
    {
        type            processor;
        value           nonuniform List<scalar> 7(1.68728 1.69177 1.6973 1.79735 1.79735 1.79478 1.78953);
    }
    procBoundary7to3
    {
        type            processor;
        value           nonuniform List<scalar> 8(2.06291 2.07697 2.07312 2.32161 1.77459 1.91281 1.9904 1.9904);
    }
    procBoundary7to6
    {
        type            processor;
        value           nonuniform List<scalar> 
47
(
1.77411
1.72684
1.64825
1.56382
1.47998
1.40852
1.3434
1.2844
1.24114
1.21771
1.20256
1.2
1.20193
1.21645
1.24254
1.26778
1.29672
1.32901
1.36114
1.38919
1.41701
1.44571
1.47463
1.50126
1.52746
1.55172
1.5737
1.59472
1.5928
1.57932
1.56692
1.54839
1.51296
1.46071
1.38682
1.3181
1.23448
1.13451
1.05453
1.01722
1.00474
1.00112
1.00023
1.00004
1
1
1
)
;
    }
}


// ************************************************************************* //
