/*--------------------------------*- C++ -*----------------------------------*\
  =========                 |
  \\      /  F ield         | OpenFOAM: The Open Source CFD Toolbox
   \\    /   O peration     | Website:  https://openfoam.org
    \\  /    A nd           | Version:  7
     \\/     M anipulation  |
\*---------------------------------------------------------------------------*/
FoamFile
{
    version     2.0;
    format      ascii;
    class       volVectorField;
    location    "0.2";
    object      U;
}
// * * * * * * * * * * * * * * * * * * * * * * * * * * * * * * * * * * * * * //

dimensions      [0 1 -1 0 0 0 0];

internalField   nonuniform List<vector> 
3225
(
(1.18866 0.141695 0)
(1.1969 0.13351 0)
(1.20505 0.124357 0)
(1.21316 0.11382 0)
(1.22043 0.102958 0)
(1.2273 0.0922609 0)
(1.23416 0.0810866 0)
(1.24045 0.069599 0)
(1.24573 0.0585843 0)
(1.25037 0.0477936 0)
(1.25428 0.036892 0)
(1.25724 0.0257734 0)
(1.25981 0.0143198 0)
(1.09578 0.221003 0)
(1.10584 0.213947 0)
(1.11613 0.206311 0)
(1.12698 0.197536 0)
(1.1374 0.187999 0)
(1.14687 0.179939 0)
(1.15623 0.17261 0)
(1.16572 0.164462 0)
(1.1756 0.154633 0)
(1.18503 0.143882 0)
(1.19355 0.134566 0)
(1.2015 0.126029 0)
(1.20908 0.116653 0)
(1.2165 0.10602 0)
(1.22371 0.094818 0)
(1.23044 0.083688 0)
(1.23642 0.0727865 0)
(1.24179 0.0619054 0)
(1.2468 0.0508863 0)
(1.25079 0.0400512 0)
(1.25358 0.0293989 0)
(1.25629 0.0182055 0)
(1.09285 0.22078 0)
(1.10283 0.213856 0)
(1.11269 0.206831 0)
(1.12309 0.199092 0)
(1.13378 0.189925 0)
(1.14366 0.180613 0)
(1.15297 0.173063 0)
(1.16208 0.165975 0)
(1.1713 0.157526 0)
(1.18115 0.147055 0)
(1.19014 0.136347 0)
(1.19813 0.127435 0)
(1.20564 0.118597 0)
(1.21265 0.10874 0)
(1.21971 0.0977467 0)
(1.22685 0.0863014 0)
(1.23308 0.075352 0)
(1.23815 0.0649434 0)
(1.24273 0.0542707 0)
(1.2468 0.0434313 0)
(1.25004 0.0327343 0)
(1.25291 0.0218665 0)
(1.08995 0.220254 0)
(1.09993 0.213487 0)
(1.10971 0.20699 0)
(1.11957 0.200219 0)
(1.12994 0.192203 0)
(1.14028 0.182782 0)
(1.14981 0.174047 0)
(1.1588 0.166934 0)
(1.16765 0.15945 0)
(1.17708 0.150093 0)
(1.18669 0.139044 0)
(1.19482 0.129119 0)
(1.2019 0.120474 0)
(1.20892 0.111025 0)
(1.21623 0.100295 0)
(1.22314 0.0891178 0)
(1.22914 0.078405 0)
(1.23428 0.0681046 0)
(1.23913 0.0573863 0)
(1.24336 0.0464248 0)
(1.24675 0.0357672 0)
(1.24973 0.0252317 0)
(1.08708 0.220147 0)
(1.09714 0.21307 0)
(1.10692 0.206827 0)
(1.11661 0.200804 0)
(1.1265 0.193917 0)
(1.13664 0.185472 0)
(1.14656 0.17615 0)
(1.15567 0.167952 0)
(1.16437 0.160678 0)
(1.17352 0.152284 0)
(1.18289 0.142052 0)
(1.1912 0.131615 0)
(1.19847 0.122217 0)
(1.20542 0.112901 0)
(1.21251 0.102795 0)
(1.21962 0.0918741 0)
(1.22571 0.0811436 0)
(1.23064 0.0710347 0)
(1.23531 0.0606284 0)
(1.23975 0.0497498 0)
(1.24343 0.0389726 0)
(1.24651 0.0285309 0)
(1.08416 0.220975 0)
(1.09433 0.21354 0)
(1.10422 0.206772 0)
(1.11395 0.200904 0)
(1.12356 0.194833 0)
(1.1331 0.187563 0)
(1.14298 0.178829 0)
(1.15253 0.169695 0)
(1.16135 0.161717 0)
(1.17013 0.153801 0)
(1.1791 0.144484 0)
(1.18735 0.134335 0)
(1.19488 0.124432 0)
(1.20218 0.114713 0)
(1.20918 0.10492 0)
(1.21585 0.0946623 0)
(1.22194 0.0841395 0)
(1.22702 0.0739711 0)
(1.23173 0.0636759 0)
(1.23633 0.0529664 0)
(1.2403 0.0421654 0)
(1.24348 0.0316954 0)
(1.08115 0.222171 0)
(1.0913 0.214969 0)
(1.1015 0.207551 0)
(1.1114 0.201066 0)
(1.12089 0.195219 0)
(1.13 0.188791 0)
(1.13939 0.181045 0)
(1.14925 0.172035 0)
(1.15838 0.16322 0)
(1.16696 0.15506 0)
(1.17535 0.146306 0)
(1.1835 0.136715 0)
(1.19138 0.126745 0)
(1.19884 0.116878 0)
(1.20588 0.107152 0)
(1.21247 0.0971656 0)
(1.21832 0.0869651 0)
(1.22345 0.0768253 0)
(1.22834 0.0665558 0)
(1.23287 0.0561934 0)
(1.23683 0.0456698 0)
(1.24032 0.0350323 0)
(1.07834 0.223171 0)
(1.08821 0.216677 0)
(1.09865 0.209399 0)
(1.10885 0.201898 0)
(1.11832 0.195482 0)
(1.12724 0.189355 0)
(1.13625 0.182445 0)
(1.14592 0.174237 0)
(1.15533 0.165239 0)
(1.16375 0.15659 0)
(1.17184 0.147828 0)
(1.17983 0.138652 0)
(1.18788 0.12899 0)
(1.19566 0.119116 0)
(1.20249 0.10957 0)
(1.20882 0.0998142 0)
(1.21489 0.0896554 0)
(1.21997 0.0796169 0)
(1.22474 0.0695455 0)
(1.22958 0.0592093 0)
(1.23382 0.0487679 0)
(1.2372 0.0383336 0)
(1.07589 0.223753 0)
(1.0854 0.21798 0)
(1.09566 0.211512 0)
(1.10608 0.203877 0)
(1.1157 0.196214 0)
(1.12461 0.189603 0)
(1.13345 0.183171 0)
(1.1429 0.175782 0)
(1.15216 0.167292 0)
(1.16038 0.158503 0)
(1.16837 0.149469 0)
(1.17651 0.140302 0)
(1.18455 0.131018 0)
(1.19234 0.121474 0)
(1.19934 0.111868 0)
(1.20547 0.102264 0)
(1.21108 0.0925069 0)
(1.21645 0.0824571 0)
(1.2217 0.0721767 0)
(1.22621 0.0621807 0)
(1.2302 0.0521571 0)
(1.23401 0.041665 0)
(1.07359 0.224004 0)
(1.08295 0.21872 0)
(1.09278 0.213034 0)
(1.10293 0.206054 0)
(1.1128 0.197961 0)
(1.12194 0.190293 0)
(1.13083 0.183636 0)
(1.14005 0.176767 0)
(1.14884 0.168986 0)
(1.15684 0.160458 0)
(1.16492 0.151347 0)
(1.17318 0.142156 0)
(1.18155 0.132861 0)
(1.18936 0.123462 0)
(1.19577 0.114312 0)
(1.20184 0.104852 0)
(1.20787 0.0950253 0)
(1.21307 0.085241 0)
(1.21811 0.0752455 0)
(1.22304 0.0650209 0)
(1.22734 0.0549105 0)
(1.23078 0.0449145 0)
(1.07134 0.224202 0)
(1.08071 0.219119 0)
(1.0903 0.213867 0)
(1.09987 0.207609 0)
(1.10959 0.199972 0)
(1.11916 0.191771 0)
(1.12823 0.184464 0)
(1.13733 0.177564 0)
(1.14579 0.170205 0)
(1.15335 0.162176 0)
(1.16151 0.153317 0)
(1.17015 0.144105 0)
(1.17842 0.134906 0)
(1.18599 0.12567 0)
(1.19261 0.116375 0)
(1.1986 0.107103 0)
(1.2041 0.0978277 0)
(1.20971 0.0880739 0)
(1.21521 0.0778759 0)
(1.21972 0.0679415 0)
(1.22385 0.0580872 0)
(1.22772 0.0480145 0)
(1.06915 0.224602 0)
(1.07859 0.219403 0)
(1.08799 0.214334 0)
(1.0972 0.208538 0)
(1.10654 0.201595 0)
(1.11622 0.193675 0)
(1.1256 0.185813 0)
(1.13463 0.178473 0)
(1.14275 0.171296 0)
(1.15025 0.163566 0)
(1.15843 0.155099 0)
(1.16692 0.146267 0)
(1.17537 0.137021 0)
(1.18289 0.127672 0)
(1.18915 0.118575 0)
(1.19515 0.109471 0)
(1.20103 0.100195 0)
(1.20653 0.0907598 0)
(1.21165 0.0809487 0)
(1.21655 0.0708023 0)
(1.22109 0.0607137 0)
(1.22455 0.0511 0)
(1.06689 0.22545 0)
(1.07646 0.219911 0)
(1.08579 0.214706 0)
(1.09473 0.20913 0)
(1.10372 0.202712 0)
(1.1133 0.195365 0)
(1.12277 0.187519 0)
(1.13175 0.179754 0)
(1.13984 0.17233 0)
(1.14734 0.164783 0)
(1.15547 0.156734 0)
(1.16406 0.148156 0)
(1.17219 0.139176 0)
(1.17934 0.129962 0)
(1.18595 0.120633 0)
(1.19201 0.111601 0)
(1.19762 0.10278 0)
(1.20337 0.0934471 0)
(1.20869 0.0835844 0)
(1.21341 0.0736281 0)
(1.21782 0.0637576 0)
(1.22154 0.0540873 0)
(1.06446 0.226477 0)
(1.07424 0.220774 0)
(1.08356 0.215307 0)
(1.09234 0.209715 0)
(1.10118 0.203524 0)
(1.11042 0.196651 0)
(1.11961 0.189118 0)
(1.12865 0.181223 0)
(1.13683 0.173556 0)
(1.1446 0.165975 0)
(1.15273 0.158199 0)
(1.16094 0.150057 0)
(1.16888 0.141271 0)
(1.17608 0.132058 0)
(1.18262 0.122833 0)
(1.18867 0.113955 0)
(1.19471 0.105057 0)
(1.20038 0.0959404 0)
(1.20533 0.0864348 0)
(1.21034 0.0764107 0)
(1.21494 0.0664793 0)
(1.21849 0.0570887 0)
(1.06216 0.227387 0)
(1.07192 0.221799 0)
(1.08126 0.216175 0)
(1.09 0.210424 0)
(1.09875 0.204271 0)
(1.1078 0.19765 0)
(1.11673 0.19044 0)
(1.12559 0.182683 0)
(1.13397 0.174845 0)
(1.14195 0.167281 0)
(1.14992 0.159783 0)
(1.15807 0.151755 0)
(1.16566 0.143199 0)
(1.17253 0.134237 0)
(1.17934 0.125042 0)
(1.1857 0.116152 0)
(1.19172 0.107461 0)
(1.19724 0.0985277 0)
(1.20233 0.089009 0)
(1.20732 0.0791195 0)
(1.21177 0.0694268 0)
(1.21557 0.0600403 0)
(1.06006 0.228105 0)
(1.0697 0.222734 0)
(1.07898 0.217114 0)
(1.08769 0.211219 0)
(1.09645 0.204974 0)
(1.1052 0.198549 0)
(1.11394 0.191641 0)
(1.1227 0.184079 0)
(1.13118 0.17623 0)
(1.13942 0.168654 0)
(1.14731 0.161257 0)
(1.15505 0.153479 0)
(1.16228 0.145137 0)
(1.16931 0.136246 0)
(1.17623 0.127216 0)
(1.18263 0.118525 0)
(1.18885 0.109805 0)
(1.19432 0.100932 0)
(1.19927 0.0916106 0)
(1.2043 0.0818246 0)
(1.2088 0.0722389 0)
(1.21277 0.0629409 0)
(1.05795 0.228814 0)
(1.06741 0.223634 0)
(1.07656 0.218023 0)
(1.0853 0.211999 0)
(1.09399 0.205756 0)
(1.10256 0.199489 0)
(1.11118 0.192816 0)
(1.11973 0.185481 0)
(1.12859 0.17759 0)
(1.13691 0.170042 0)
(1.14443 0.162877 0)
(1.15205 0.155153 0)
(1.15912 0.146941 0)
(1.16608 0.138282 0)
(1.17317 0.129431 0)
(1.1798 0.120783 0)
(1.18595 0.112163 0)
(1.19128 0.103397 0)
(1.19642 0.0940372 0)
(1.20128 0.0844861 0)
(1.20581 0.0751138 0)
(1.20996 0.0658823 0)
(1.05592 0.229608 0)
(1.06528 0.224477 0)
(1.07433 0.218732 0)
(1.08304 0.212594 0)
(1.09159 0.206474 0)
(1.09998 0.200463 0)
(1.10844 0.194041 0)
(1.11697 0.186839 0)
(1.12604 0.178957 0)
(1.1342 0.171504 0)
(1.14173 0.164333 0)
(1.14914 0.156746 0)
(1.15595 0.148766 0)
(1.16318 0.140216 0)
(1.17023 0.131614 0)
(1.17682 0.123154 0)
(1.18309 0.114467 0)
(1.18856 0.105587 0)
(1.1934 0.0964942 0)
(1.19824 0.0871521 0)
(1.20297 0.0779128 0)
(1.20725 0.0687745 0)
(1.05396 0.230396 0)
(1.06313 0.225319 0)
(1.072 0.219444 0)
(1.0808 0.213166 0)
(1.0893 0.207173 0)
(1.09762 0.201424 0)
(1.10589 0.195246 0)
(1.1144 0.188142 0)
(1.12346 0.180321 0)
(1.13148 0.172913 0)
(1.13904 0.165787 0)
(1.14623 0.158356 0)
(1.15305 0.150515 0)
(1.16023 0.142232 0)
(1.16731 0.133814 0)
(1.1741 0.125339 0)
(1.18031 0.116664 0)
(1.18557 0.107898 0)
(1.19058 0.098785 0)
(1.19538 0.0896868 0)
(1.20011 0.0807322 0)
(1.20435 0.0717925 0)
(1.05197 0.231072 0)
(1.0609 0.226035 0)
(1.06967 0.220117 0)
(1.07854 0.213811 0)
(1.08699 0.207991 0)
(1.09534 0.202438 0)
(1.10348 0.196387 0)
(1.11187 0.189366 0)
(1.12071 0.181678 0)
(1.12879 0.1743 0)
(1.13643 0.167208 0)
(1.14332 0.160016 0)
(1.15023 0.152308 0)
(1.15753 0.144135 0)
(1.16446 0.135945 0)
(1.17125 0.127543 0)
(1.17751 0.118787 0)
(1.18288 0.109937 0)
(1.18755 0.101172 0)
(1.19244 0.0923046 0)
(1.19734 0.0834766 0)
(1.20162 0.0746859 0)
(1.05007 0.231513 0)
(1.05868 0.226575 0)
(1.06733 0.220797 0)
(1.07619 0.214659 0)
(1.08473 0.208915 0)
(1.09317 0.203389 0)
(1.10112 0.197418 0)
(1.10938 0.190454 0)
(1.11799 0.182951 0)
(1.1262 0.175657 0)
(1.13373 0.168746 0)
(1.14058 0.161689 0)
(1.14766 0.15404 0)
(1.15466 0.146124 0)
(1.16178 0.137941 0)
(1.16865 0.129478 0)
(1.17459 0.12088 0)
(1.17976 0.112236 0)
(1.18477 0.103449 0)
(1.18976 0.0947713 0)
(1.19448 0.0862741 0)
(1.19875 0.0776666 0)
(1.04826 0.231788 0)
(1.05666 0.226986 0)
(1.06517 0.221488 0)
(1.07391 0.215634 0)
(1.08258 0.209892 0)
(1.09101 0.204277 0)
(1.09883 0.198272 0)
(1.10681 0.191456 0)
(1.11526 0.184241 0)
(1.12362 0.177099 0)
(1.13102 0.170362 0)
(1.13795 0.163395 0)
(1.14509 0.155802 0)
(1.15207 0.147915 0)
(1.15908 0.13983 0)
(1.16566 0.131509 0)
(1.17167 0.122927 0)
(1.17713 0.114256 0)
(1.18191 0.105851 0)
(1.18689 0.0974367 0)
(1.19182 0.0889766 0)
(1.19615 0.0804432 0)
(1.04646 0.232062 0)
(1.05467 0.227437 0)
(1.06308 0.222261 0)
(1.07165 0.216684 0)
(1.08045 0.210856 0)
(1.08884 0.205048 0)
(1.09654 0.19901 0)
(1.10436 0.192393 0)
(1.11269 0.185553 0)
(1.12099 0.178678 0)
(1.12838 0.172044 0)
(1.13559 0.164987 0)
(1.1425 0.157521 0)
(1.14927 0.149748 0)
(1.15643 0.141574 0)
(1.16292 0.1333 0)
(1.16883 0.124917 0)
(1.17413 0.116592 0)
(1.17919 0.108275 0)
(1.18434 0.0999499 0)
(1.18906 0.0917391 0)
(1.19333 0.0833234 0)
(1.04464 0.232487 0)
(1.05278 0.228008 0)
(1.06096 0.2231 0)
(1.06944 0.217663 0)
(1.07837 0.211694 0)
(1.08666 0.205716 0)
(1.09436 0.199656 0)
(1.10185 0.193434 0)
(1.11004 0.187046 0)
(1.11842 0.180344 0)
(1.1259 0.173685 0)
(1.13303 0.166657 0)
(1.13981 0.159191 0)
(1.14673 0.151328 0)
(1.15356 0.143306 0)
(1.15989 0.135233 0)
(1.16602 0.126965 0)
(1.17151 0.118761 0)
(1.17652 0.110742 0)
(1.18163 0.102632 0)
(1.18645 0.0944194 0)
(1.19075 0.0859751 0)
(1.04296 0.233053 0)
(1.051 0.228688 0)
(1.05892 0.223877 0)
(1.06737 0.218447 0)
(1.07618 0.212452 0)
(1.08447 0.206412 0)
(1.09206 0.200529 0)
(1.09939 0.194696 0)
(1.10764 0.188602 0)
(1.11586 0.182053 0)
(1.12338 0.17532 0)
(1.13059 0.168117 0)
(1.13716 0.160694 0)
(1.14392 0.152967 0)
(1.15075 0.145019 0)
(1.15727 0.13701 0)
(1.16335 0.128998 0)
(1.16867 0.121163 0)
(1.17394 0.113231 0)
(1.17918 0.105128 0)
(1.18382 0.0970379 0)
(1.18793 0.0886644 0)
(1.04121 0.233806 0)
(1.04911 0.229436 0)
(1.05686 0.224534 0)
(1.0653 0.219061 0)
(1.07401 0.213152 0)
(1.08235 0.207208 0)
(1.08989 0.201597 0)
(1.09722 0.196074 0)
(1.10536 0.190188 0)
(1.11345 0.183648 0)
(1.12107 0.176699 0)
(1.12797 0.169502 0)
(1.13451 0.162096 0)
(1.14135 0.154447 0)
(1.1481 0.146717 0)
(1.15454 0.138975 0)
(1.1605 0.13123 0)
(1.16612 0.12344 0)
(1.17153 0.115594 0)
(1.17646 0.107711 0)
(1.18093 0.0996837 0)
(1.18517 0.0912026 0)
(1.03937 0.234642 0)
(1.04712 0.230085 0)
(1.05486 0.224998 0)
(1.06322 0.219569 0)
(1.07179 0.213946 0)
(1.08016 0.208308 0)
(1.08769 0.203015 0)
(1.09498 0.197672 0)
(1.10287 0.191788 0)
(1.11087 0.185117 0)
(1.11842 0.177997 0)
(1.12532 0.170724 0)
(1.13189 0.163399 0)
(1.13861 0.156036 0)
(1.14533 0.148592 0)
(1.15173 0.14107 0)
(1.15785 0.133423 0)
(1.16367 0.125703 0)
(1.16889 0.118054 0)
(1.17368 0.110227 0)
(1.17834 0.102073 0)
(1.18264 0.0935549 0)
(1.03674 0.235456 0)
(1.04439 0.230675 0)
(1.05206 0.225745 0)
(1.06009 0.22088 0)
(1.06845 0.215865 0)
(1.0767 0.210592 0)
(1.08416 0.205295 0)
(1.09128 0.199677 0)
(1.09892 0.193528 0)
(1.10694 0.18676 0)
(1.11438 0.179698 0)
(1.12123 0.172676 0)
(1.12803 0.165647 0)
(1.13475 0.158728 0)
(1.14127 0.15174 0)
(1.1477 0.144394 0)
(1.15403 0.136741 0)
(1.15987 0.129089 0)
(1.16489 0.121608 0)
(1.16966 0.113801 0)
(1.17421 0.105622 0)
(1.17853 0.0971601 0)
(1.03326 0.23646 0)
(1.04094 0.231874 0)
(1.04862 0.227578 0)
(1.0564 0.223333 0)
(1.06446 0.218565 0)
(1.07242 0.213105 0)
(1.07981 0.207312 0)
(1.08685 0.20136 0)
(1.09436 0.195278 0)
(1.10204 0.188963 0)
(1.10935 0.18237 0)
(1.11655 0.175602 0)
(1.12334 0.169058 0)
(1.12969 0.162729 0)
(1.13614 0.155988 0)
(1.14276 0.148554 0)
(1.14906 0.140878 0)
(1.15464 0.133467 0)
(1.15958 0.126165 0)
(1.16448 0.118371 0)
(1.16915 0.110105 0)
(1.17321 0.101973 0)
(1.03031 0.237666 0)
(1.03829 0.233214 0)
(1.04611 0.229142 0)
(1.05382 0.225006 0)
(1.06151 0.22024 0)
(1.06899 0.214675 0)
(1.07607 0.208777 0)
(1.08306 0.203045 0)
(1.09031 0.197523 0)
(1.09773 0.191778 0)
(1.10519 0.185463 0)
(1.11224 0.179004 0)
(1.11871 0.172872 0)
(1.12503 0.166605 0)
(1.13166 0.159677 0)
(1.1381 0.152315 0)
(1.14396 0.14496 0)
(1.14958 0.137654 0)
(1.15495 0.130165 0)
(1.15995 0.122441 0)
(1.16421 0.114722 0)
(1.16804 0.10704 0)
(1.02762 0.23928 0)
(1.03533 0.234993 0)
(1.04277 0.230882 0)
(1.04983 0.226777 0)
(1.05694 0.222027 0)
(1.06447 0.216583 0)
(1.07203 0.210919 0)
(1.07932 0.205662 0)
(1.0865 0.200512 0)
(1.09411 0.194683 0)
(1.10151 0.188519 0)
(1.10798 0.182503 0)
(1.11434 0.176422 0)
(1.12114 0.169763 0)
(1.12754 0.162859 0)
(1.13324 0.155921 0)
(1.13928 0.14865 0)
(1.1453 0.141268 0)
(1.15024 0.134252 0)
(1.15437 0.127192 0)
(1.15866 0.119753 0)
(1.16328 0.111985 0)
(1.02378 0.24108 0)
(1.03177 0.23678 0)
(1.03939 0.232429 0)
(1.04629 0.228143 0)
(1.05341 0.223334 0)
(1.0613 0.218157 0)
(1.06906 0.213076 0)
(1.07619 0.208316 0)
(1.08325 0.203224 0)
(1.08997 0.197639 0)
(1.09622 0.19179 0)
(1.10328 0.185678 0)
(1.11057 0.179252 0)
(1.11671 0.173079 0)
(1.12219 0.166481 0)
(1.12834 0.159279 0)
(1.13451 0.152196 0)
(1.13984 0.145558 0)
(1.14464 0.138913 0)
(1.14961 0.131558 0)
(1.15457 0.123941 0)
(1.15882 0.116772 0)
(1.02023 0.24229 0)
(1.02792 0.238299 0)
(1.03551 0.23421 0)
(1.04251 0.229921 0)
(1.04924 0.225403 0)
(1.05643 0.220874 0)
(1.06412 0.216193 0)
(1.07153 0.21126 0)
(1.07804 0.205984 0)
(1.08459 0.200251 0)
(1.09209 0.19412 0)
(1.09937 0.188165 0)
(1.10544 0.182621 0)
(1.11118 0.176591 0)
(1.11743 0.169605 0)
(1.12348 0.162596 0)
(1.12912 0.156129 0)
(1.13505 0.149621 0)
(1.14051 0.142774 0)
(1.14485 0.135909 0)
(1.14888 0.128933 0)
(1.15324 0.121956 0)
(1.01636 0.243764 0)
(1.02414 0.239869 0)
(1.03155 0.236005 0)
(1.03827 0.232066 0)
(1.04502 0.227736 0)
(1.05255 0.223087 0)
(1.06018 0.218272 0)
(1.06698 0.213409 0)
(1.07337 0.208011 0)
(1.08023 0.202269 0)
(1.08715 0.196809 0)
(1.0938 0.191534 0)
(1.10051 0.185796 0)
(1.1067 0.179375 0)
(1.1121 0.172825 0)
(1.11787 0.166417 0)
(1.12433 0.160018 0)
(1.13027 0.153694 0)
(1.13504 0.147378 0)
(1.1395 0.140524 0)
(1.14433 0.133256 0)
(1.14898 0.126291 0)
(1.0128 0.245372 0)
(1.02041 0.241728 0)
(1.0277 0.237813 0)
(1.03437 0.233895 0)
(1.04111 0.229693 0)
(1.04835 0.225196 0)
(1.05563 0.220388 0)
(1.06237 0.21536 0)
(1.0687 0.21005 0)
(1.07533 0.204868 0)
(1.08235 0.199811 0)
(1.08947 0.194388 0)
(1.09593 0.188558 0)
(1.10143 0.182453 0)
(1.10706 0.176165 0)
(1.11337 0.170004 0)
(1.11958 0.164045 0)
(1.1252 0.157998 0)
(1.13042 0.151398 0)
(1.13511 0.144402 0)
(1.13955 0.137609 0)
(1.144 0.131129 0)
(1.00953 0.24694 0)
(1.01688 0.243577 0)
(1.0241 0.239579 0)
(1.03075 0.235495 0)
(1.03734 0.231441 0)
(1.04442 0.227169 0)
(1.05162 0.222377 0)
(1.05814 0.217345 0)
(1.06433 0.212357 0)
(1.0711 0.207552 0)
(1.07823 0.202579 0)
(1.08491 0.197267 0)
(1.09103 0.191525 0)
(1.09692 0.18537 0)
(1.10279 0.179411 0)
(1.10876 0.17386 0)
(1.11483 0.168107 0)
(1.12064 0.161832 0)
(1.12568 0.15525 0)
(1.13016 0.148589 0)
(1.13503 0.141976 0)
(1.13987 0.135576 0)
(1.00667 0.248398 0)
(1.01366 0.245096 0)
(1.02066 0.24133 0)
(1.02737 0.237261 0)
(1.03391 0.233204 0)
(1.04069 0.229065 0)
(1.04759 0.22451 0)
(1.05413 0.219629 0)
(1.06049 0.214829 0)
(1.06723 0.210201 0)
(1.07402 0.205336 0)
(1.08052 0.200021 0)
(1.08675 0.1943 0)
(1.09261 0.188574 0)
(1.09843 0.183126 0)
(1.10452 0.177606 0)
(1.11054 0.171693 0)
(1.116 0.165473 0)
(1.12099 0.159029 0)
(1.12589 0.152529 0)
(1.13083 0.146328 0)
(1.1355 0.140327 0)
(1.00384 0.250279 0)
(1.01083 0.246516 0)
(1.01768 0.242808 0)
(1.02418 0.239195 0)
(1.03061 0.235322 0)
(1.03727 0.231029 0)
(1.04407 0.226476 0)
(1.0506 0.221939 0)
(1.05693 0.21749 0)
(1.0635 0.212883 0)
(1.0701 0.207878 0)
(1.07648 0.202599 0)
(1.08258 0.1973 0)
(1.08858 0.192035 0)
(1.09459 0.186699 0)
(1.10043 0.181139 0)
(1.10611 0.17517 0)
(1.11159 0.168908 0)
(1.11674 0.162699 0)
(1.12165 0.156764 0)
(1.12663 0.150906 0)
(1.13152 0.14483 0)
(1.00091 0.252183 0)
(1.00794 0.248538 0)
(1.01484 0.24464 0)
(1.02112 0.24111 0)
(1.0273 0.237405 0)
(1.03384 0.233164 0)
(1.04067 0.22869 0)
(1.04727 0.224388 0)
(1.05351 0.220179 0)
(1.05983 0.215568 0)
(1.06632 0.210438 0)
(1.07267 0.205258 0)
(1.07886 0.200304 0)
(1.08492 0.195379 0)
(1.09064 0.190242 0)
(1.09625 0.184591 0)
(1.10191 0.178482 0)
(1.10733 0.172438 0)
(1.11251 0.166704 0)
(1.11768 0.161052 0)
(1.12271 0.155284 0)
(1.12725 0.149321 0)
(0.998364 0.253536 0)
(1.00495 0.250616 0)
(1.01198 0.247042 0)
(1.01838 0.243109 0)
(1.02425 0.239159 0)
(1.03053 0.235217 0)
(1.03745 0.231184 0)
(1.04412 0.227036 0)
(1.05017 0.222827 0)
(1.05624 0.218161 0)
(1.06259 0.213162 0)
(1.06901 0.208208 0)
(1.07529 0.203458 0)
(1.08121 0.198693 0)
(1.08678 0.193514 0)
(1.09216 0.187838 0)
(1.09764 0.181953 0)
(1.10329 0.176204 0)
(1.10876 0.170724 0)
(1.11384 0.165341 0)
(1.11858 0.159678 0)
(1.12319 0.153501 0)
(0.996053 0.255153 0)
(1.00267 0.252007 0)
(1.0091 0.249115 0)
(1.01523 0.245523 0)
(1.02129 0.241228 0)
(1.02768 0.237216 0)
(1.03442 0.233637 0)
(1.04103 0.229841 0)
(1.047 0.225503 0)
(1.05277 0.220734 0)
(1.05901 0.21598 0)
(1.06558 0.211335 0)
(1.07179 0.20678 0)
(1.07763 0.201905 0)
(1.083 0.196582 0)
(1.08816 0.191039 0)
(1.09375 0.185486 0)
(1.09949 0.180143 0)
(1.10486 0.175005 0)
(1.10995 0.169607 0)
(1.11476 0.163692 0)
(1.11915 0.157581 0)
(0.993466 0.257639 0)
(1.00033 0.254078 0)
(1.00655 0.250737 0)
(1.01222 0.247493 0)
(1.01815 0.243768 0)
(1.02483 0.239924 0)
(1.03159 0.236131 0)
(1.03779 0.232464 0)
(1.04348 0.228264 0)
(1.04938 0.223515 0)
(1.05576 0.218891 0)
(1.06212 0.214539 0)
(1.06827 0.210117 0)
(1.074 0.205128 0)
(1.07918 0.19972 0)
(1.08443 0.194311 0)
(1.09012 0.189193 0)
(1.09592 0.184202 0)
(1.10133 0.179111 0)
(1.10618 0.173625 0)
(1.11062 0.167744 0)
(1.11513 0.1618 0)
(0.990852 0.259619 0)
(0.997608 0.256877 0)
(1.00402 0.253052 0)
(1.00958 0.249208 0)
(1.0155 0.245999 0)
(1.02203 0.24289 0)
(1.02869 0.239086 0)
(1.03483 0.234904 0)
(1.04029 0.230664 0)
(1.04606 0.226406 0)
(1.05254 0.222111 0)
(1.059 0.217674 0)
(1.06477 0.213239 0)
(1.07006 0.208342 0)
(1.07554 0.202944 0)
(1.08097 0.197834 0)
(1.08665 0.193127 0)
(1.09241 0.188325 0)
(1.09758 0.183241 0)
(1.10223 0.177585 0)
(1.10684 0.171644 0)
(1.11154 0.166053 0)
(0.988981 0.260721 0)
(0.994791 0.258797 0)
(1.0009 0.255784 0)
(1.00694 0.251786 0)
(1.01303 0.248314 0)
(1.01933 0.245303 0)
(1.02569 0.241912 0)
(1.03156 0.23774 0)
(1.03715 0.23331 0)
(1.0431 0.229197 0)
(1.04942 0.225269 0)
(1.05566 0.221015 0)
(1.06134 0.216299 0)
(1.06666 0.211237 0)
(1.072 0.206317 0)
(1.07753 0.201738 0)
(1.08345 0.197181 0)
(1.08897 0.192387 0)
(1.0938 0.187154 0)
(1.09833 0.181398 0)
(1.10308 0.175772 0)
(1.10798 0.170599 0)
(0.986701 0.263713 0)
(0.99303 0.259853 0)
(0.998254 0.257458 0)
(1.00386 0.254697 0)
(1.01066 0.251303 0)
(1.01685 0.247524 0)
(1.02265 0.244144 0)
(1.0284 0.240384 0)
(1.03413 0.236384 0)
(1.03995 0.232398 0)
(1.04629 0.228362 0)
(1.05243 0.224091 0)
(1.05783 0.219419 0)
(1.0631 0.214512 0)
(1.06881 0.209834 0)
(1.07455 0.205559 0)
(1.07995 0.201363 0)
(1.08525 0.196415 0)
(1.0901 0.190812 0)
(1.09475 0.185174 0)
(1.09973 0.179975 0)
(1.10462 0.175099 0)
(0.98303 0.268306 0)
(0.98991 0.263928 0)
(0.99647 0.25928 0)
(1.00172 0.25653 0)
(1.0073 0.254046 0)
(1.01401 0.250524 0)
(1.02041 0.246272 0)
(1.02548 0.24267 0)
(1.03097 0.239366 0)
(1.03702 0.235683 0)
(1.04325 0.231596 0)
(1.04899 0.227182 0)
(1.05451 0.222518 0)
(1.06002 0.217916 0)
(1.06563 0.213716 0)
(1.07122 0.209704 0)
(1.07664 0.205218 0)
(1.08178 0.199893 0)
(1.08636 0.194421 0)
(1.09125 0.189272 0)
(1.09636 0.184445 0)
(1.10121 0.179628 0)
(0.980579 0.270639 0)
(0.986341 0.268855 0)
(0.992877 0.264638 0)
(0.999251 0.259812 0)
(1.00509 0.255802 0)
(1.01063 0.253167 0)
(1.01693 0.249713 0)
(1.02328 0.245533 0)
(1.02855 0.241772 0)
(1.03366 0.238517 0)
(1.03991 0.234829 0)
(1.046 0.230357 0)
(1.05129 0.225909 0)
(1.05671 0.221643 0)
(1.06269 0.217582 0)
(1.06834 0.213466 0)
(1.07315 0.208799 0)
(1.07798 0.203397 0)
(1.08309 0.198069 0)
(1.08813 0.193452 0)
(1.09304 0.188974 0)
(1.09782 0.184095 0)
(0.981453 0.27002 0)
(0.985401 0.269761 0)
(0.989417 0.2687 0)
(0.995674 0.265642 0)
(1.00194 0.260365 0)
(1.00828 0.255763 0)
(1.01419 0.252513 0)
(1.01979 0.249587 0)
(1.02571 0.245372 0)
(1.03136 0.240941 0)
(1.0368 0.23726 0)
(1.04239 0.233712 0)
(1.04844 0.22954 0)
(1.05407 0.225225 0)
(1.05955 0.221289 0)
(1.06472 0.217116 0)
(1.06965 0.21209 0)
(1.07464 0.206945 0)
(1.07975 0.20227 0)
(1.08478 0.198009 0)
(1.08988 0.193464 0)
(1.09447 0.188429 0)
(0.982695 0.266017 0)
(0.985717 0.26728 0)
(0.989941 0.268074 0)
(0.993041 0.267017 0)
(0.99817 0.26533 0)
(1.00531 0.26101 0)
(1.01128 0.256666 0)
(1.01724 0.253205 0)
(1.02235 0.24947 0)
(1.0279 0.24514 0)
(1.03422 0.240331 0)
(1.04004 0.236243 0)
(1.04507 0.232869 0)
(1.05083 0.229167 0)
(1.05675 0.224859 0)
(1.06167 0.220145 0)
(1.06601 0.215368 0)
(1.07123 0.210977 0)
(1.07687 0.206632 0)
(1.08199 0.202379 0)
(1.0866 0.197933 0)
(1.09094 0.192696 0)
(0.981867 0.263779 0)
(0.986924 0.262596 0)
(0.99164 0.263053 0)
(0.993483 0.264511 0)
(0.997944 0.265045 0)
(1.00188 0.2637 0)
(1.00824 0.261568 0)
(1.01434 0.257498 0)
(1.01922 0.253647 0)
(1.02479 0.249844 0)
(1.03064 0.245493 0)
(1.03682 0.240837 0)
(1.04268 0.236077 0)
(1.04793 0.232325 0)
(1.05293 0.228456 0)
(1.05803 0.223735 0)
(1.06327 0.218927 0)
(1.0686 0.214731 0)
(1.07378 0.210993 0)
(1.0788 0.206916 0)
(1.08341 0.202092 0)
(1.08787 0.19673 0)
(1.00728 0.217142 0)
(0.993427 0.244696 0)
(0.989836 0.258797 0)
(0.997685 0.25717 0)
(1.00018 0.260396 0)
(1.00261 0.26237 0)
(1.00674 0.262134 0)
(1.01088 0.25974 0)
(1.01711 0.2574 0)
(1.02223 0.253956 0)
(1.02718 0.250637 0)
(1.03324 0.246784 0)
(1.0391 0.241959 0)
(1.0449 0.236774 0)
(1.05011 0.23167 0)
(1.05489 0.227325 0)
(1.06014 0.223403 0)
(1.06568 0.219247 0)
(1.07124 0.215235 0)
(1.07588 0.21078 0)
(1.07979 0.205865 0)
(1.08462 0.201197 0)
(1.04426 0.125269 0)
(1.02327 0.177851 0)
(1.01234 0.214212 0)
(0.998531 0.24521 0)
(1.00165 0.251415 0)
(1.00782 0.253916 0)
(1.00802 0.257987 0)
(1.01005 0.259223 0)
(1.01505 0.257385 0)
(1.02019 0.255281 0)
(1.02581 0.25343 0)
(1.03044 0.250687 0)
(1.03527 0.247686 0)
(1.04112 0.243434 0)
(1.04676 0.237898 0)
(1.05208 0.232558 0)
(1.05712 0.228149 0)
(1.06273 0.22408 0)
(1.06786 0.220241 0)
(1.07262 0.214929 0)
(1.07686 0.209592 0)
(1.08201 0.20558 0)
(1.08714 0.0287999 0)
(1.06971 0.0696599 0)
(1.04702 0.124786 0)
(1.03079 0.174136 0)
(1.01741 0.212384 0)
(1.00817 0.240131 0)
(1.01254 0.244731 0)
(1.01548 0.24939 0)
(1.01499 0.255199 0)
(1.0182 0.25532 0)
(1.02421 0.252323 0)
(1.02921 0.250784 0)
(1.03414 0.249212 0)
(1.03829 0.247038 0)
(1.04273 0.244253 0)
(1.04845 0.240388 0)
(1.05425 0.235026 0)
(1.05955 0.230305 0)
(1.06458 0.225345 0)
(1.06883 0.220021 0)
(1.0741 0.21516 0)
(1.07917 0.211143 0)
(1.09926 0.00169557 0)
(1.09618 0.00875771 0)
(1.08758 0.0293284 0)
(1.07189 0.0685912 0)
(1.05306 0.119854 0)
(1.03788 0.167039 0)
(1.02484 0.20545 0)
(1.01771 0.230603 0)
(1.02202 0.238053 0)
(1.02341 0.244481 0)
(1.02316 0.251507 0)
(1.02689 0.250654 0)
(1.03317 0.246891 0)
(1.0376 0.246139 0)
(1.0419 0.24504 0)
(1.04608 0.24303 0)
(1.05045 0.240552 0)
(1.05616 0.237304 0)
(1.06131 0.231536 0)
(1.06575 0.226702 0)
(1.07086 0.222452 0)
(1.07568 0.217992 0)
(1.09999 1.73627e-05 0)
(1.09991 0.000228726 0)
(1.09927 0.00176408 0)
(1.09652 0.00846157 0)
(1.08915 0.0272685 0)
(1.07583 0.0625379 0)
(1.05972 0.109651 0)
(1.04577 0.155187 0)
(1.03401 0.194579 0)
(1.02793 0.219868 0)
(1.03188 0.230104 0)
(1.03087 0.238612 0)
(1.03109 0.246359 0)
(1.03512 0.244792 0)
(1.04211 0.240925 0)
(1.04606 0.240796 0)
(1.05008 0.240525 0)
(1.0539 0.238457 0)
(1.05778 0.235371 0)
(1.06309 0.23282 0)
(1.06807 0.228864 0)
(1.07269 0.224203 0)
(1.1 2.16609e-08 0)
(1.1 8.60533e-07 0)
(1.09999 1.80247e-05 0)
(1.09992 0.000213538 0)
(1.0994 0.00153339 0)
(1.09719 0.0071841 0)
(1.09132 0.0229943 0)
(1.08065 0.0534772 0)
(1.06746 0.0956179 0)
(1.05512 0.139073 0)
(1.04415 0.178749 0)
(1.0393 0.204316 0)
(1.03992 0.21963 0)
(1.03986 0.229179 0)
(1.03954 0.238939 0)
(1.04368 0.238691 0)
(1.05111 0.234298 0)
(1.05423 0.234242 0)
(1.05731 0.235135 0)
(1.06107 0.233803 0)
(1.06562 0.230166 0)
(1.07039 0.226691 0)
(1.1 2.36801e-12 0)
(1.1 3.28594e-10 0)
(1.1 2.17217e-08 0)
(1.1 7.54584e-07 0)
(1.09999 1.42994e-05 0)
(1.09994 0.000164766 0)
(1.09957 0.0011554 0)
(1.09803 0.00538681 0)
(1.09389 0.0173406 0)
(1.08603 0.0415228 0)
(1.0757 0.0769416 0)
(1.0648 0.117418 0)
(1.05565 0.155487 0)
(1.05006 0.184802 0)
(1.04967 0.203999 0)
(1.04949 0.216293 0)
(1.04836 0.227662 0)
(1.05203 0.229777 0)
(1.05851 0.227053 0)
(1.0626 0.226785 0)
(1.06484 0.228756 0)
(1.06812 0.228158 0)
(1.1 6.69197e-16 0)
(1.1 1.59017e-14 0)
(1.1 2.21651e-12 0)
(1.1 2.62214e-10 0)
(1.1 1.54315e-08 0)
(1.1 5.13332e-07 0)
(1.1 9.2985e-06 0)
(1.09997 0.000102253 0)
(1.09976 0.000706928 0)
(1.09886 0.00334747 0)
(1.0963 0.0112009 0)
(1.09112 0.0283245 0)
(1.08361 0.0557758 0)
(1.07523 0.0903592 0)
(1.06751 0.126166 0)
(1.06189 0.157127 0)
(1.06006 0.180357 0)
(1.05902 0.196925 0)
(1.0587 0.209478 0)
(1.06055 0.216668 0)
(1.06554 0.217429 0)
(1.07062 0.217211 0)
(1.1 1.10176e-15 0)
(1.1 6.89842e-16 0)
(1.1 8.49837e-16 0)
(1.1 1.28111e-14 0)
(1.1 1.39748e-12 0)
(1.1 1.51739e-10 0)
(1.1 8.26901e-09 0)
(1.1 2.47118e-07 0)
(1.1 4.318e-06 0)
(1.09999 4.71945e-05 0)
(1.09989 0.00033762 0)
(1.09947 0.00167731 0)
(1.09816 0.00598265 0)
(1.09532 0.0161713 0)
(1.09071 0.0343307 0)
(1.0849 0.0601089 0)
(1.07892 0.0903355 0)
(1.07405 0.120075 0)
(1.07124 0.14609 0)
(1.07014 0.166263 0)
(1.0695 0.182081 0)
(1.07043 0.193403 0)
(1.1 1.09254e-15 0)
(1.1 7.75724e-16 0)
(1.1 5.90011e-16 0)
(1.1 6.17226e-16 0)
(1.1 7.50892e-16 0)
(1.1 7.71148e-15 0)
(1.1 5.90351e-13 0)
(1.1 5.30858e-11 0)
(1.1 2.71938e-09 0)
(1.1 7.87059e-08 0)
(1.1 1.40557e-06 0)
(1.1 1.58046e-05 0)
(1.09996 0.000119202 0)
(1.09982 0.000626604 0)
(1.09932 0.00240378 0)
(1.09811 0.00708793 0)
(1.09587 0.0165655 0)
(1.09264 0.0320314 0)
(1.08894 0.0527509 0)
(1.08543 0.0762865 0)
(1.08277 0.0999379 0)
(1.08129 0.121261 0)
(1.1 8.74552e-16 0)
(1.1 8.82416e-16 0)
(1.1 4.22686e-16 0)
(1.1 5.69124e-16 0)
(1.1 9.7503e-16 0)
(1.1 5.61035e-16 0)
(1.1 1.12932e-15 0)
(1.1 3.19835e-15 0)
(1.1 1.39597e-13 0)
(1.1 1.09065e-11 0)
(1.1 5.55338e-10 0)
(1.1 1.60173e-08 0)
(1.1 2.92788e-07 0)
(1.1 3.41891e-06 0)
(1.09999 2.73575e-05 0)
(1.09996 0.000156072 0)
(1.09983 0.000658064 0)
(1.09948 0.00214937 0)
(1.09874 0.00557936 0)
(1.09751 0.0119831 0)
(1.09588 0.0218983 0)
(1.09408 0.0350098 0)
(1.1 4.42758e-16 0)
(1.1 9.75307e-16 0)
(1.1 8.39415e-16 0)
(1.1 4.83814e-16 0)
(1.1 4.19744e-16 0)
(1.1 5.90245e-18 0)
(1.1 4.62915e-17 0)
(1.1 4.08973e-16 0)
(1.1 2.53597e-16 0)
(1.1 -2.12808e-16 0)
(1.1 2.43729e-14 0)
(1.1 1.24085e-12 0)
(1.1 6.09039e-11 0)
(1.1 1.77681e-09 0)
(1.1 3.36869e-08 0)
(1.1 4.19418e-07 0)
(1.1 3.62181e-06 0)
(1.09999 2.2526e-05 0)
(1.09998 0.000104332 0)
(1.09992 0.000377431 0)
(1.09978 0.0010893 0)
(1.09952 0.00260287 0)
(1.1 3.48609e-16 0)
(1.1 2.19562e-16 0)
(1.1 4.79708e-16 0)
(1.1 5.98177e-16 0)
(1.1 9.93145e-17 0)
(1.1 -8.58419e-16 0)
(1.1 -1.0334e-15 0)
(1.1 -3.13187e-16 0)
(1.1 -2.32944e-16 0)
(1.1 -5.22909e-16 0)
(1.1 -1.51548e-16 0)
(1.1 -6.78998e-16 0)
(1.1 1.65296e-15 0)
(1.1 7.93642e-14 0)
(1.1 3.12496e-12 0)
(1.1 9.35591e-11 0)
(1.1 1.84603e-09 0)
(1.1 2.4195e-08 0)
(1.1 2.22631e-07 0)
(1.1 1.5066e-06 0)
(1.1 7.62275e-06 0)
(1.09999 3.01768e-05 0)
(1.1 2.66066e-16 0)
(1.1 -3.94785e-16 0)
(1.1 -2.2188e-16 0)
(1.1 -2.06536e-16 0)
(1.1 -2.30257e-16 0)
(1.1 -8.72375e-16 0)
(1.1 -7.72665e-16 0)
(1.1 -7.95334e-16 0)
(1.1 -6.21511e-16 0)
(1.1 -2.7163e-16 0)
(1.1 -6.01615e-17 0)
(1.1 -3.76579e-16 0)
(1.1 -8.931e-16 0)
(1.1 7.57026e-17 0)
(1.1 3.02615e-16 0)
(1.1 3.84246e-15 0)
(1.1 8.07316e-14 0)
(1.1 1.84863e-12 0)
(1.1 3.66018e-11 0)
(1.1 5.0504e-10 0)
(1.1 4.89652e-09 0)
(1.1 3.50003e-08 0)
(1.1 -2.17826e-16 0)
(1.1 -6.36107e-16 0)
(1.1 -9.21383e-16 0)
(1.1 -7.59121e-16 0)
(1.1 -5.57069e-16 0)
(1.1 -6.12674e-16 0)
(1.1 -8.1758e-16 0)
(1.1 -4.12787e-16 0)
(1.1 -8.07569e-16 0)
(1.1 -6.97301e-16 0)
(1.1 7.49663e-17 0)
(1.1 -9.15387e-17 0)
(1.1 -5.12385e-16 0)
(1.1 1.70578e-16 0)
(1.1 1.47189e-16 0)
(1.1 -1.22802e-18 0)
(1.1 9.60639e-17 0)
(1.1 3.48867e-16 0)
(1.1 1.24183e-15 0)
(1.1 1.9563e-14 0)
(1.1 2.22387e-13 0)
(1.1 2.76401e-12 0)
(1.1 -9.58969e-16 0)
(1.1 -1.02744e-15 0)
(1.1 -1.00812e-15 0)
(1.1 -5.87905e-16 0)
(1.1 -6.60863e-16 0)
(1.1 -1.15529e-15 0)
(1.1 -1.25388e-15 0)
(1.1 -4.72499e-16 0)
(1.1 -3.78882e-18 0)
(1.1 -3.10794e-16 0)
(1.1 -1.83343e-16 0)
(1.1 -2.02796e-16 0)
(1.1 1.23719e-16 0)
(1.1 3.69766e-16 0)
(1.1 5.71898e-16 0)
(1.1 3.61703e-16 0)
(1.1 6.02854e-16 0)
(1.1 1.12943e-15 0)
(1.1 7.71053e-16 0)
(1.1 3.52407e-16 0)
(1.1 1.2356e-15 0)
(1.1 1.20748e-15 0)
(1.1 -9.87746e-16 0)
(1.1 -1.09785e-15 0)
(1.1 -7.59116e-16 0)
(1.1 -3.86736e-16 0)
(1.1 -9.77272e-16 0)
(1.1 -1.00406e-15 0)
(1.1 -6.84175e-16 0)
(1.1 -3.6942e-16 0)
(1.1 2.52085e-16 0)
(1.1 3.3926e-16 0)
(1.1 -2.89017e-16 0)
(1.1 -2.33159e-16 0)
(1.1 -5.62028e-17 0)
(1.1 -8.13319e-17 0)
(1.1 -1.23003e-16 0)
(1.1 2.59635e-16 0)
(1.1 2.83116e-16 0)
(1.1 1.22427e-15 0)
(1.1 5.77152e-16 0)
(1.1 1.04383e-15 0)
(1.1 1.25614e-15 0)
(1.1 6.26923e-16 0)
(1.1 -8.44296e-16 0)
(1.1 -6.11055e-16 0)
(1.1 -5.6027e-16 0)
(1.1 -5.12591e-16 0)
(1.1 -6.50926e-16 0)
(1.1 -3.63977e-16 0)
(1.1 -3.42673e-16 0)
(1.1 -6.91627e-16 0)
(1.1 7.17717e-16 0)
(1.1 5.02704e-16 0)
(1.1 -3.27666e-16 0)
(1.1 -5.82505e-16 0)
(1.1 -4.87332e-16 0)
(1.1 -9.13268e-16 0)
(1.1 -4.16134e-16 0)
(1.1 4.34656e-18 0)
(1.1 2.27182e-17 0)
(1.1 4.93902e-16 0)
(1.1 -1.50697e-16 0)
(1.1 1.00997e-15 0)
(1.1 1.47956e-15 0)
(1.1 8.16134e-16 0)
(1.1 -4.82976e-16 0)
(1.1 -5.75962e-16 0)
(1.1 -7.51255e-16 0)
(1.1 -8.63688e-16 0)
(1.1 -7.08142e-16 0)
(1.1 -6.57857e-17 0)
(1.1 2.25603e-16 0)
(1.1 4.48041e-16 0)
(1.1 5.7605e-16 0)
(1.1 4.73511e-16 0)
(1.1 4.24691e-16 0)
(1.1 -4.1816e-16 0)
(1.1 -1.88339e-16 0)
(1.1 -6.33534e-16 0)
(1.1 -8.74427e-17 0)
(1.1 -1.47626e-16 0)
(1.1 5.57842e-16 0)
(1.1 2.16487e-16 0)
(1.1 2.48519e-16 0)
(1.1 8.59217e-16 0)
(1.1 1.10246e-15 0)
(1.1 4.74269e-16 0)
(1.1 -9.12729e-16 0)
(1.1 -4.03109e-16 0)
(1.1 -4.55862e-16 0)
(1.1 -5.14276e-16 0)
(1.1 -3.18827e-16 0)
(1.1 2.6716e-16 0)
(1.1 8.20566e-16 0)
(1.1 6.91937e-16 0)
(1.1 2.18458e-16 0)
(1.1 4.34888e-16 0)
(1.1 5.36554e-16 0)
(1.1 2.58767e-16 0)
(1.1 2.49994e-16 0)
(1.1 -2.70363e-17 0)
(1.1 -4.82707e-16 0)
(1.1 1.53571e-16 0)
(1.1 1.31779e-15 0)
(1.1 8.02705e-16 0)
(1.1 1.03834e-16 0)
(1.1 3.91112e-16 0)
(1.1 2.34784e-16 0)
(1.1 5.02606e-16 0)
(1.1 -9.11953e-16 0)
(1.1 -5.49332e-16 0)
(1.1 -4.17834e-16 0)
(1.1 6.62979e-17 0)
(1.1 3.25628e-16 0)
(1.1 1.08043e-15 0)
(1.1 1.11512e-15 0)
(1.1 6.17459e-16 0)
(1.1 4.83068e-16 0)
(1.1 5.98739e-16 0)
(1.1 3.42684e-17 0)
(1.1 7.73427e-17 0)
(1.1 -1.39883e-16 0)
(1.1 -2.47946e-17 0)
(1.1 -2.13264e-16 0)
(1.1 2.03316e-16 0)
(1.1 4.11564e-16 0)
(1.1 7.64635e-16 0)
(1.1 -2.86309e-16 0)
(1.1 -3.13929e-16 0)
(1.1 -4.71526e-16 0)
(1.1 -5.47127e-17 0)
(1.1 -6.13077e-16 0)
(1.1 -4.67061e-16 0)
(1.1 3.13048e-17 0)
(1.1 2.39847e-16 0)
(1.1 9.36104e-16 0)
(1.1 1.25447e-15 0)
(1.1 1.01267e-15 0)
(1.1 9.16301e-16 0)
(1.1 7.77572e-16 0)
(1.1 -1.66188e-16 0)
(1.1 -5.42132e-16 0)
(1.1 -5.15922e-16 0)
(1.1 -3.66729e-16 0)
(1.1 -2.62733e-16 0)
(1.1 2.74746e-16 0)
(1.1 4.90448e-16 0)
(1.1 -3.56915e-16 0)
(1.1 2.93233e-16 0)
(1.1 -4.47691e-16 0)
(1.1 7.42785e-18 0)
(1.1 -2.68326e-16 0)
(1.1 -2.51981e-16 0)
(1.1 -5.68055e-16 0)
(1.1 4.99621e-16 0)
(1.1 6.72551e-16 0)
(1.1 7.81732e-16 0)
(1.1 9.83368e-16 0)
(1.1 7.61161e-16 0)
(1.1 4.08783e-16 0)
(1.1 4.3593e-16 0)
(1.1 1.2405e-16 0)
(1.1 -5.75075e-16 0)
(1.1 -3.94192e-16 0)
(1.1 1.63102e-16 0)
(1.1 1.18657e-16 0)
(1.1 1.61252e-16 0)
(1.1 -2.65805e-16 0)
(1.1 2.22355e-16 0)
(1.1 2.25849e-17 0)
(1.1 -1.93062e-16 0)
(1.1 3.90392e-16 0)
(1.1 3.52926e-16 0)
(1.1 4.26328e-16 0)
(1.1 1.34466e-16 0)
(1.1 2.46564e-16 0)
(1.1 1.3192e-15 0)
(1.1 9.52899e-16 0)
(1.1 1.08794e-15 0)
(1.1 5.7956e-16 0)
(1.1 6.64317e-16 0)
(1.1 -1.05067e-16 0)
(1.1 -4.32053e-17 0)
(1.1 -2.75446e-16 0)
(1.1 -1.38529e-16 0)
(1.1 2.44827e-16 0)
(1.1 6.0171e-16 0)
(1.1 7.00846e-16 0)
(1.1 1.71848e-17 0)
(1.1 -4.95815e-16 0)
(1.1 2.15448e-16 0)
(1.1 6.26767e-16 0)
(1.1 -4.51899e-17 0)
(1.1 7.9082e-16 0)
(1.1 -2.1104e-16 0)
(1.1 5.0139e-17 0)
(1.1 -5.59864e-17 0)
(1.1 8.78776e-16 0)
(1.1 8.23829e-16 0)
(1.1 4.18787e-16 0)
(1.1 6.04358e-16 0)
(1.1 5.82549e-16 0)
(1.1 -1.93294e-16 0)
(1.1 -3.8405e-17 0)
(1.1 2.20947e-16 0)
(1.1 8.13158e-17 0)
(1.1 -2.55621e-16 0)
(1.1 9.87998e-17 0)
(1.1 2.77908e-16 0)
(1.1 8.15799e-16 0)
(1.1 4.78811e-16 0)
(1.1 2.8003e-16 0)
(1.1 6.01277e-16 0)
(1.1 6.05456e-16 0)
(1.1 -1.31009e-16 0)
(1.1 -2.16067e-16 0)
(1.1 -1.44036e-15 0)
(1.1 -1.02088e-15 0)
(1.1 8.28526e-17 0)
(1.1 7.52769e-16 0)
(1.1 2.31919e-16 0)
(1.1 -8.4649e-19 0)
(1.1 -1.80888e-16 0)
(1.1 2.12944e-16 0)
(1.1 -6.76205e-16 0)
(1.1 2.96567e-16 0)
(1.1 6.21675e-16 0)
(1.1 5.47152e-16 0)
(1.1 -1.60164e-16 0)
(1.1 -4.9942e-17 0)
(1.1 2.11647e-16 0)
(1.1 6.59125e-16 0)
(1.1 9.30085e-16 0)
(1.1 8.91893e-16 0)
(1.1 3.50864e-16 0)
(1.1 -1.79597e-16 0)
(1.1 -1.31843e-16 0)
(1.1 -6.72798e-16 0)
(1.1 -1.50031e-15 0)
(1.1 -1.25507e-15 0)
(1.1 4.40973e-16 0)
(1.1 -2.3374e-16 0)
(1.1 -2.92493e-16 0)
(1.1 -1.02494e-16 0)
(1.1 8.54513e-17 0)
(1.1 -3.07862e-16 0)
(1.1 -8.62036e-17 0)
(1.1 2.5837e-16 0)
(1.1 5.59469e-16 0)
(1.1 5.70353e-16 0)
(1.1 7.76373e-16 0)
(1.1 4.22449e-16 0)
(1.1 5.53919e-16 0)
(1.1 6.60672e-16 0)
(1.1 1.22577e-15 0)
(1.1 1.17782e-15 0)
(1.1 -6.03235e-17 0)
(1.1 -4.96996e-16 0)
(1.1 -6.79542e-17 0)
(1.1 -3.28937e-16 0)
(1.1 -7.45512e-16 0)
(1.1 -5.06852e-16 0)
(1.1 -2.72476e-16 0)
(1.1 -9.74935e-16 0)
(1.1 -1.00917e-15 0)
(1.1 -4.87777e-16 0)
(1.1 -4.50776e-18 0)
(1.1 1.37183e-16 0)
(1.1 2.85891e-16 0)
(1.1 1.70695e-16 0)
(1.1 -1.63862e-16 0)
(1.1 -6.29599e-17 0)
(1.1 5.45241e-16 0)
(1.1 2.69082e-16 0)
(1.1 2.4485e-16 0)
(1.1 5.1488e-16 0)
(1.1 5.7216e-16 0)
(1.1 9.60948e-16 0)
(1.1 9.20623e-17 0)
(1.1 -9.12865e-17 0)
(1.1 -3.01564e-16 0)
(1.1 -3.23088e-17 0)
(1.1 6.17684e-16 0)
(1.1 2.51863e-16 0)
(1.1 -3.14513e-16 0)
(1.1 -1.02197e-15 0)
(1.1 -7.65396e-16 0)
(1.1 -2.27201e-16 0)
(1.1 -5.61674e-16 0)
(1.1 1.06651e-16 0)
(1.1 1.66278e-16 0)
(1.1 4.38928e-17 0)
(1.1 -4.4071e-16 0)
(1.1 -5.73985e-16 0)
(1.1 9.9312e-17 0)
(1.1 9.1976e-17 0)
(1.1 6.96095e-17 0)
(1.1 8.42544e-17 0)
(1.1 7.41439e-17 0)
(1.1 5.57507e-16 0)
(1.1 -8.65293e-17 0)
(1.1 1.79804e-16 0)
(1.1 -7.4719e-16 0)
(1.1 -2.77595e-16 0)
(1.1 5.88048e-16 0)
(1.1 -6.85167e-18 0)
(1.1 -4.78345e-16 0)
(1.1 -1.00665e-15 0)
(1.1 -7.65104e-16 0)
(1.1 -3.58077e-16 0)
(1.1 -4.78832e-16 0)
(1.1 -4.03842e-16 0)
(1.1 1.25373e-16 0)
(1.1 -8.27745e-17 0)
(1.1 -2.10045e-16 0)
(1.1 -8.11995e-16 0)
(1.1 -1.59549e-16 0)
(1.1 -4.23714e-16 0)
(1.1 -1.279e-16 0)
(1.1 -1.0625e-16 0)
(1.1 6.1576e-16 0)
(1.1 3.05387e-16 0)
(1.1 3.04155e-16 0)
(1.1 2.85323e-16 0)
(1.1 -2.02141e-16 0)
(1.1 -2.56274e-17 0)
(1.1 2.76537e-16 0)
(1.1 -4.73033e-16 0)
(1.1 -5.21114e-16 0)
(1.1 -4.44666e-16 0)
(1.1 -1.02111e-15 0)
(1.1 -7.71458e-16 0)
(1.1 -3.98924e-16 0)
(1.1 -6.23278e-16 0)
(1.1 -4.294e-16 0)
(1.1 -8.37682e-16 0)
(1.1 -8.22604e-16 0)
(1.1 -1.1172e-15 0)
(1.1 -7.22733e-16 0)
(1.1 -9.19123e-16 0)
(1.1 -3.49196e-16 0)
(1.1 4.19399e-17 0)
(1.1 1.01079e-15 0)
(1.1 1.74976e-16 0)
(1.1 5.99006e-16 0)
(1.1 -7.99156e-17 0)
(1.1 -2.38459e-16 0)
(1.1 -4.8686e-16 0)
(1.1 -2.72188e-16 0)
(1.1 -6.61781e-17 0)
(1.1 -3.96837e-16 0)
(1.1 -4.09755e-17 0)
(1.1 -7.41337e-16 0)
(1.1 -8.07893e-16 0)
(1.1 -9.37259e-16 0)
(1.1 -4.72772e-16 0)
(1.1 -8.59565e-16 0)
(1.1 -1.40377e-15 0)
(1.1 -1.71141e-15 0)
(1.1 -8.80463e-16 0)
(1.1 -6.43089e-16 0)
(1.1 -3.22733e-16 0)
(1.1 -5.18244e-16 0)
(1.1 -5.7223e-16 0)
(1.1 5.20257e-17 0)
(1.1 -3.43565e-16 0)
(1.1 -8.34358e-16 0)
(1.1 -1.33266e-15 0)
(1.1 -1.25237e-15 0)
(1.1 -4.10773e-16 0)
(1.1 -8.80235e-16 0)
(1.1 -1.95042e-16 0)
(1.1 -2.22532e-17 0)
(1.1 1.48447e-17 0)
(1.1 -5.11609e-16 0)
(1.1 -1.05371e-15 0)
(1.1 -1.19906e-15 0)
(1.1 -6.58306e-16 0)
(1.1 -1.19567e-15 0)
(1.1 -1.66805e-15 0)
(1.1 -2.18808e-15 0)
(1.1 -1.97272e-15 0)
(1.1 -1.42469e-15 0)
(1.1 -4.81206e-16 0)
(1.1 -6.9329e-16 0)
(1.1 -8.03922e-16 0)
(1.1 -1.03056e-15 0)
(1.1 -1.20226e-15 0)
(1.1 -1.32656e-15 0)
(1.1 -1.51042e-15 0)
(1.1 -1.33236e-15 0)
(1.1 -6.31241e-16 0)
(1.1 -7.40653e-16 0)
(1.1 -3.30956e-16 0)
(1.1 8.53201e-16 0)
(1.1 -2.93818e-16 0)
(1.1 -7.27449e-16 0)
(1.1 -9.90123e-16 0)
(1.1 -9.05973e-16 0)
(1.1 -1.11428e-15 0)
(1.1 -1.20069e-15 0)
(1.1 -1.87756e-15 0)
(1.1 -1.88946e-15 0)
(1.1 -2.21002e-15 0)
(1.1 -1.97144e-15 0)
(1.1 -1.14097e-15 0)
(1.1 -6.6017e-16 0)
(1.1 -4.06985e-16 0)
(1.1 -1.34879e-15 0)
(1.1 -1.32616e-15 0)
(1.1 -1.03477e-15 0)
(1.1 -6.20358e-16 0)
(1.1 -1.1744e-15 0)
(1.1 -1.05968e-15 0)
(1.1 -4.9749e-16 0)
(1.1 -8.88319e-17 0)
(1.1 7.00536e-17 0)
(1.1 2.96109e-17 0)
(1.1 -8.23426e-16 0)
(1.1 -7.43123e-16 0)
(1.1 -4.49531e-16 0)
(1.1 -8.77698e-16 0)
(1.1 -6.86821e-16 0)
(1.1 -1.30611e-15 0)
(1.1 -8.09062e-16 0)
(1.1 -8.41856e-16 0)
(1.1 -1.18802e-15 0)
(1.1 -1.27693e-15 0)
(1.1 -1.32581e-15 0)
(1.1 -1.17689e-15 0)
(1.1 -1.51504e-15 0)
(1.1 -1.20879e-15 0)
(1.1 -4.33919e-16 0)
(1.1 -2.67828e-16 0)
(1.1 -4.68596e-16 0)
(1.1 -5.18729e-16 0)
(1.1 -3.32813e-16 0)
(1.1 -5.56082e-16 0)
(1.1 -8.4147e-16 0)
(1.1 4.24006e-17 0)
(1.1 -4.10245e-16 0)
(1.1 -2.39076e-16 0)
(1.1 -4.54848e-16 0)
(1.1 -9.53969e-16 0)
(1.1 -6.00156e-16 0)
(1.1 -5.68407e-16 0)
(1.1 -4.08295e-16 0)
(1.1 -8.38577e-16 0)
(1.1 -7.17356e-16 0)
(1.1 -9.3462e-16 0)
(1.1 -1.42522e-15 0)
(1.1 -1.84681e-15 0)
(1.1 -1.64195e-15 0)
(1.1 -1.55489e-15 0)
(1.1 -7.22653e-16 0)
(1.1 -3.36997e-16 0)
(1.1 3.88652e-16 0)
(1.1 4.79685e-16 0)
(1.1 -7.02343e-17 0)
(1.1 -6.80662e-16 0)
(1.1 -1.36331e-15 0)
(1.1 -3.59559e-16 0)
(1.1 7.90283e-17 0)
(1.1 -1.89479e-17 0)
(1.1 -6.19662e-16 0)
(1.1 -5.05203e-16 0)
(1.1 -8.0664e-16 0)
(1.1 -3.31205e-16 0)
(1.1 -1.47659e-16 0)
(1.1 -4.4231e-16 0)
(1.1 -9.8027e-16 0)
(1.1 -9.6352e-16 0)
(1.1 -9.72771e-16 0)
(1.1 -1.31486e-15 0)
(1.1 -9.71994e-16 0)
(1.1 -9.75023e-16 0)
(1.1 -1.20728e-15 0)
(1.1 -2.20578e-16 0)
(1.1 4.33646e-16 0)
(1.1 2.48557e-16 0)
(1.1 1.45863e-16 0)
(1.1 -6.91163e-16 0)
(1.1 -1.77602e-15 0)
(1.1 -6.6721e-16 0)
(1.1 -8.29657e-17 0)
(1.1 -5.84689e-16 0)
(1.1 -4.67624e-16 0)
(1.1 -5.53715e-17 0)
(1.1 -4.19299e-16 0)
(1.1 -7.58827e-17 0)
(1.1 2.6278e-16 0)
(1.1 1.56262e-17 0)
(1.1 -5.50302e-16 0)
(1.1 -9.37242e-16 0)
(1.1 -1.31965e-15 0)
(1.1 -1.21024e-15 0)
(1.1 -4.58902e-16 0)
(1.1 -5.51818e-16 0)
(1.1 -1.27323e-15 0)
(1.1 -9.71888e-16 0)
(1.1 2.62467e-17 0)
(1.1 -1.81493e-16 0)
(1.1 -2.78572e-16 0)
(1.1 -5.3157e-16 0)
(1.1 -1.13117e-15 0)
(1.1 -7.87856e-16 0)
(1.1 -6.30493e-16 0)
(1.1 -4.55487e-16 0)
(1.1 -6.69402e-17 0)
(1.1 2.03414e-17 0)
(1.1 -1.35942e-17 0)
(1.1 1.04026e-17 0)
(1.1 -2.37208e-16 0)
(1.1 -1.73574e-16 0)
(1.1 1.22629e-16 0)
(1.1 -1.74684e-16 0)
(1.1 -7.45884e-16 0)
(1.1 -4.56992e-16 0)
(1.1 -4.35348e-16 0)
(1.1 -6.93952e-16 0)
(1.1 -4.99542e-16 0)
(1.1 -9.39796e-16 0)
(1.1 -5.63511e-16 0)
(1.1 -4.07159e-16 0)
(1.1 -5.49479e-16 0)
(1.1 -2.7482e-16 0)
(1.1 -9.7278e-16 0)
(1.1 -8.20245e-16 0)
(1.1 -4.92473e-16 0)
(1.1 -3.41496e-16 0)
(1.1 -4.87923e-17 0)
(1.1 -4.06605e-16 0)
(1.1 -3.08754e-16 0)
(1.1 -2.73873e-16 0)
(1.1 -4.05282e-16 0)
(1.1 -6.34106e-16 0)
(1.1 -6.30698e-16 0)
(1.1 -9.28665e-17 0)
(1.1 2.74814e-17 0)
(1.1 3.83556e-17 0)
(1.1 -8.71984e-16 0)
(1.1 -7.87727e-16 0)
(1.1 -8.45624e-16 0)
(1.1 -1.11559e-15 0)
(1.1 -1.19068e-15 0)
(1.1 -8.63522e-16 0)
(1.1 -4.6751e-16 0)
(1.1 -4.52879e-16 0)
(1.1 -3.99716e-16 0)
(1.1 -9.12347e-16 0)
(1.1 -3.8266e-16 0)
(1.1 -4.90755e-17 0)
(1.1 -6.49713e-17 0)
(1.1 -4.68983e-16 0)
(1.1 3.69607e-18 0)
(1.1 7.28465e-17 0)
(1.1 -2.5148e-16 0)
(1.1 -7.68942e-16 0)
(1.1 -1.561e-15 0)
(1.1 -1.17201e-15 0)
(1.1 -1.76483e-16 0)
(1.1 -1.81338e-16 0)
(1.1 -4.44321e-16 0)
(1.1 -2.12754e-16 0)
(1.1 -1.0785e-15 0)
(1.1 -1.14285e-15 0)
(1.1 -5.06589e-16 0)
(1.1 -7.14867e-16 0)
(1.1 -5.05554e-16 0)
(1.1 1.34199e-16 0)
(1.1 1.28025e-15 0)
(1.1 -7.68227e-16 0)
(1.1 -2.18923e-16 0)
(1.1 7.5975e-17 0)
(1.1 1.5612e-16 0)
(1.1 3.88945e-16 0)
(1.1 9.54345e-16 0)
(1.1 7.38809e-16 0)
(1.1 7.57722e-17 0)
(1.1 -1.23106e-17 0)
(1.1 -9.50594e-16 0)
(1.1 -1.17855e-15 0)
(1.1 -7.05707e-16 0)
(1.1 -5.50208e-16 0)
(1.1 -1.27091e-16 0)
(1.1 1.50312e-16 0)
(1.1 -1.83025e-16 0)
(1.1 -6.93723e-16 0)
(1.1 -6.05716e-16 0)
(1.1 -5.79328e-16 0)
(1.1 -4.29366e-16 0)
(1.1 7.10614e-16 0)
(1.1 1.83621e-15 0)
(1.1 -7.23024e-16 0)
(1.1 -9.76315e-17 0)
(1.1 -3.79634e-17 0)
(1.1 2.58821e-16 0)
(1.1 5.91705e-16 0)
(1.1 8.75606e-16 0)
(1.1 7.9349e-16 0)
(1.1 7.30462e-16 0)
(1.1 6.87422e-16 0)
(1.1 3.01536e-16 0)
(1.1 2.39721e-16 0)
(1.1 -2.59165e-16 0)
(1.1 -2.523e-16 0)
(1.1 -3.4868e-16 0)
(1.1 -3.00275e-16 0)
(1.1 4.95122e-16 0)
(1.1 -2.62354e-16 0)
(1.1 -1.15198e-16 0)
(1.1 3.68883e-16 0)
(1.1 5.62011e-16 0)
(1.1 1.02882e-15 0)
(1.1 1.17541e-15 0)
(1.1 -5.03855e-16 0)
(1.1 -2.50542e-16 0)
(1.1 -6.33245e-17 0)
(1.1 -2.1229e-16 0)
(1.1 2.15556e-16 0)
(1.1 5.60799e-16 0)
(1.1 1.09915e-15 0)
(1.1 9.50333e-16 0)
(1.1 7.21577e-16 0)
(1.1 9.86596e-16 0)
(1.1 7.66456e-16 0)
(1.1 2.15084e-16 0)
(1.1 -9.75476e-16 0)
(1.1 -5.07782e-16 0)
(1.1 -5.50747e-16 0)
(1.1 6.08741e-17 0)
(1.1 -4.32779e-16 0)
(1.1 -1.823e-17 0)
(1.1 5.1641e-16 0)
(1.1 4.35785e-16 0)
(1.1 5.02593e-16 0)
(1.1 4.34182e-16 0)
(1.1 4.52951e-16 0)
(1.1 5.20923e-16 0)
(1.1 3.90622e-16 0)
(1.1 -4.42191e-17 0)
(1.1 1.9764e-16 0)
(1.1 3.11461e-16 0)
(1.1 6.7573e-16 0)
(1.1 5.85011e-16 0)
(1.1 4.07897e-16 0)
(1.1 7.30292e-16 0)
(1.1 3.23095e-16 0)
(1.1 -2.53935e-16 0)
(1.1 -1.39078e-15 0)
(1.1 -9.55933e-16 0)
(1.1 -4.24542e-17 0)
(1.1 -1.12544e-16 0)
(1.1 -1.05305e-15 0)
(1.1 -7.17567e-16 0)
(1.1 -7.08602e-17 0)
(1.1 8.11954e-16 0)
(1.1 3.91923e-16 0)
(1.1 2.26051e-16 0)
(1.1 1.39035e-16 0)
(1.1 2.80643e-16 0)
(1.1 3.24962e-16 0)
(1.1 1.63876e-16 0)
(1.1 5.02716e-17 0)
(1.1 2.12468e-16 0)
(1.1 3.12693e-16 0)
(1.1 1.55753e-16 0)
(1.1 2.59562e-16 0)
(1.1 3.03286e-16 0)
(1.1 1.26186e-16 0)
(1.1 -7.45609e-16 0)
(1.1 -7.8889e-16 0)
(1.1 -7.45068e-16 0)
(1.1 1.29521e-16 0)
(1.1 7.39058e-17 0)
(1.1 -1.31405e-15 0)
(1.1 -1.16916e-15 0)
(1.1 -2.92274e-16 0)
(1.1 1.072e-15 0)
(1.1 2.56423e-16 0)
(1.1 3.42036e-16 0)
(1.1 8.25277e-17 0)
(1.1 7.45088e-17 0)
(1.1 -1.94639e-16 0)
(1.1 -1.84684e-16 0)
(1.1 -3.78627e-16 0)
(1.1 -2.08788e-17 0)
(1.1 7.30553e-17 0)
(1.1 8.31419e-17 0)
(1.1 -1.3544e-16 0)
(1.1 7.99138e-17 0)
(1.1 1.45533e-17 0)
(1.1 -1.37139e-16 0)
(1.1 2.75152e-16 0)
(1.1 -5.85818e-16 0)
(1.1 -8.97831e-16 0)
(1.1 -6.32861e-16 0)
(1.1 -8.63168e-16 0)
(1.1 -1.2095e-15 0)
(1.1 -9.43088e-16 0)
(1.1 1.53614e-16 0)
(1.1 1.03135e-16 0)
(1.1 2.76454e-16 0)
(1.1 3.39902e-16 0)
(1.1 1.2249e-16 0)
(1.1 -7.97519e-16 0)
(1.1 -5.42153e-16 0)
(1.1 -5.71674e-16 0)
(1.1 -1.1625e-16 0)
(1.1 -3.63389e-16 0)
(1.1 -2.58207e-16 0)
(1.1 -6.36043e-17 0)
(1.1 6.80819e-16 0)
(1.1 7.64595e-16 0)
(1.1 1.46456e-15 0)
(1.1 1.72362e-15 0)
(1.1 8.2133e-16 0)
(1.1 -3.14316e-17 0)
(1.1 -3.58601e-16 0)
(1.1 5.10419e-16 0)
(1.1 2.12738e-16 0)
(1.1 -1.24955e-15 0)
(1.1 -1.07635e-15 0)
(1.1 -3.76158e-16 0)
(1.1 -3.66323e-16 0)
(1.1 4.80265e-16 0)
(1.1 7.8213e-17 0)
(1.1 -6.63501e-16 0)
(1.1 -4.62829e-16 0)
(1.1 -9.23306e-16 0)
(1.1 -4.45304e-16 0)
(1.1 -5.39964e-16 0)
(1.1 -5.42645e-16 0)
(1.1 1.14221e-16 0)
(1.1 3.62746e-16 0)
(1.1 6.12904e-16 0)
(1.1 1.12473e-15 0)
(1.1 1.36003e-15 0)
(1.1 1.5677e-15 0)
(1.1 3.72316e-16 0)
(1.1 -2.81298e-16 0)
(1.1 6.48338e-16 0)
(1.1 1.72188e-16 0)
(1.1 -1.01804e-15 0)
(1.1 -2.21407e-15 0)
(1.1 -1.52344e-15 0)
(1.1 -1.21363e-15 0)
(1.1 -5.72737e-16 0)
(1.1 -5.36869e-16 0)
(1.1 -6.858e-16 0)
(1.1 -5.56928e-16 0)
(1.1 -8.29506e-16 0)
(1.1 -6.50008e-16 0)
(1.1 -8.39128e-16 0)
(1.1 -2.76554e-16 0)
(1.1 2.6094e-16 0)
(1.1 -1.85504e-16 0)
(1.1 -2.16977e-16 0)
(1.1 2.43397e-16 0)
(1.1 1.39361e-17 0)
(1.1 7.52589e-16 0)
(1.1 5.65553e-18 0)
(1.1 -4.89763e-16 0)
(1.1 1.56096e-16 0)
(1.1 -5.28315e-16 0)
(1.1 -1.39016e-15 0)
(1.1 -2.52171e-15 0)
(1.1 -2.42039e-15 0)
(1.1 -1.72188e-15 0)
(1.1 -1.08231e-15 0)
(1.1 -1.10773e-15 0)
(1.1 -8.04182e-16 0)
(1.1 -6.58645e-16 0)
(1.1 -6.74795e-16 0)
(1.1 -4.82651e-16 0)
(1.1 -6.8239e-16 0)
(1.1 -5.72527e-16 0)
(1.1 5.15293e-16 0)
(1.1 1.15351e-16 0)
(1.1 -5.6678e-16 0)
(1.1 -3.58233e-16 0)
(1.1 3.94048e-17 0)
(1.1 9.46549e-16 0)
(1.1 5.6021e-16 0)
(1.1 -3.89874e-17 0)
(1.1 6.0864e-16 0)
(1.1 -2.20329e-16 0)
(1.1 -1.24334e-15 0)
(1.1 -1.78145e-15 0)
(1.1 -2.92287e-15 0)
(1.1 -2.47932e-15 0)
(1.1 -4.7258e-16 0)
(1.1 -1.26331e-15 0)
(1.1 -1.07693e-15 0)
(1.1 -1.00303e-15 0)
(1.1 -9.25006e-16 0)
(1.1 -6.09868e-16 0)
(1.1 -1.66088e-16 0)
(1.1 -6.17231e-16 0)
(1.1 -4.60165e-16 0)
(1.1 -7.35365e-16 0)
(1.1 -1.26927e-16 0)
(1.1 -2.22056e-16 0)
(1.1 -6.9672e-18 0)
(1.1 5.10779e-16 0)
(1.1 7.57743e-16 0)
(1.1 6.40774e-16 0)
(1.1 1.39439e-16 0)
(1.1 -6.4893e-16 0)
(1.1 -1.50226e-15 0)
(1.1 -1.64993e-15 0)
(1.1 -1.91298e-15 0)
(1.1 -2.84991e-15 0)
(1.1 -5.37914e-16 0)
(1.1 -1.05684e-15 0)
(1.1 -7.59502e-16 0)
(1.1 -8.03424e-16 0)
(1.1 -7.82193e-16 0)
(1.1 -8.00479e-16 0)
(1.1 -3.88831e-16 0)
(1.1 -9.80694e-17 0)
(1.1 -2.24291e-16 0)
(1.1 -5.87984e-16 0)
(1.1 -2.24207e-16 0)
(1.1 -2.12764e-16 0)
(1.1 -1.57211e-16 0)
(1.1 4.71541e-16 0)
(1.1 6.02063e-16 0)
(1.1 5.0044e-16 0)
(1.1 -4.1683e-16 0)
(1.1 -1.00707e-15 0)
(1.1 -1.56591e-15 0)
(1.1 -1.8063e-15 0)
(1.1 -1.91549e-15 0)
(1.1 -2.57942e-15 0)
(1.1 -1.08181e-15 0)
(1.1 -1.09073e-15 0)
(1.1 -5.72558e-16 0)
(1.1 -3.26955e-16 0)
(1.1 -7.22775e-18 0)
(1.1 -3.62394e-16 0)
(1.1 -5.71842e-16 0)
(1.1 -3.4045e-17 0)
(1.1 -6.77806e-16 0)
(1.1 -7.90947e-16 0)
(1.1 -9.67365e-16 0)
(1.1 -7.3526e-16 0)
(1.1 -3.4251e-16 0)
(1.1 4.40197e-16 0)
(1.1 4.74931e-16 0)
(1.1 3.44769e-16 0)
(1.1 -4.62699e-16 0)
(1.1 -7.18309e-16 0)
(1.1 -1.69609e-15 0)
(1.1 -2.2038e-15 0)
(1.1 -1.12346e-15 0)
(1.1 -1.1488e-15 0)
(1.1 -8.15107e-16 0)
(1.1 -1.12376e-15 0)
(1.1 -6.50225e-16 0)
(1.1 -7.68307e-16 0)
(1.1 4.07557e-16 0)
(1.1 -1.44348e-16 0)
(1.1 -6.70799e-16 0)
(1.1 -5.93613e-16 0)
(1.1 -8.25949e-16 0)
(1.1 -1.24543e-15 0)
(1.1 -9.56785e-16 0)
(1.1 -4.47958e-16 0)
(1.1 2.69075e-16 0)
(1.1 1.90179e-16 0)
(1.1 3.17432e-16 0)
(1.1 8.14141e-17 0)
(1.1 -2.48163e-16 0)
(1.1 -1.30708e-17 0)
(1.1 -8.01044e-16 0)
(1.1 -1.2439e-15 0)
(1.1 -6.16434e-16 0)
(1.1 -1.13992e-15 0)
(1.1 -7.80553e-16 0)
(1.1 -8.36751e-16 0)
(1.1 -1.17971e-15 0)
(1.1 -1.05529e-15 0)
(1.1 -1.43375e-16 0)
(1.1 -5.11264e-16 0)
(1.1 -4.70388e-16 0)
(1.1 -1.0356e-15 0)
(1.1 -6.17242e-16 0)
(1.1 -7.68892e-16 0)
(1.1 -5.57368e-16 0)
(1.1 4.04151e-18 0)
(1.1 1.94244e-16 0)
(1.1 4.98878e-16 0)
(1.1 6.36356e-16 0)
(1.1 1.99553e-16 0)
(1.1 -1.39315e-16 0)
(1.1 5.06595e-16 0)
(1.1 1.83156e-16 0)
(1.1 -5.13797e-16 0)
(1.1 -1.03512e-15 0)
(1.1 -1.26907e-15 0)
(1.1 -8.09421e-16 0)
(1.1 -5.84207e-16 0)
(1.1 -8.72588e-16 0)
(1.1 -6.35999e-16 0)
(1.1 -1.14321e-15 0)
(1.1 -8.03935e-16 0)
(1.1 -6.7544e-16 0)
(1.1 -7.57236e-16 0)
(1.1 -1.49197e-15 0)
(1.1 -8.85033e-16 0)
(1.1 -4.51607e-16 0)
(1.1 -2.72204e-16 0)
(1.1 -4.17043e-16 0)
(1.1 -4.458e-16 0)
(1.1 3.53267e-16 0)
(1.1 4.46796e-16 0)
(1.1 2.67881e-16 0)
(1.1 8.9653e-16 0)
(1.1 8.5183e-16 0)
(1.1 2.71999e-16 0)
(1.1 -8.02409e-16 0)
(1.1 -4.61272e-16 0)
(1.1 -5.51125e-16 0)
(1.1 -2.92921e-16 0)
(1.1 -5.18856e-16 0)
(1.1 -6.77558e-16 0)
(1.1 -1.46296e-15 0)
(1.1 -8.38818e-16 0)
(1.1 -7.87631e-16 0)
(1.1 -9.39157e-16 0)
(1.1 -1.65608e-15 0)
(1.1 -5.31945e-16 0)
(1.1 -1.32071e-16 0)
(1.1 -3.06917e-16 0)
(1.1 -3.24186e-16 0)
(1.1 -2.65558e-16 0)
(1.1 -8.35555e-17 0)
(1.1 5.56138e-16 0)
(1.1 8.24752e-16 0)
(1.1 1.01003e-15 0)
(1.1 1.546e-15 0)
(1.1 6.45871e-16 0)
(1.1 1.93803e-16 0)
(1.1 -9.56455e-17 0)
(1.1 -2.42455e-16 0)
(1.1 -5.5748e-17 0)
(1.1 -3.43255e-16 0)
(1.1 -7.85207e-16 0)
(1.1 -4.50687e-16 0)
(1.1 -2.0516e-16 0)
(1.1 -8.95123e-16 0)
(1.1 -1.39564e-15 0)
(1.1 -1.2392e-15 0)
(1.1 -5.85966e-16 0)
(1.1 3.31088e-16 0)
(1.1 4.51412e-16 0)
(1.1 8.48797e-17 0)
(1.1 -1.08614e-16 0)
(1.1 -3.28082e-16 0)
(1.1 9.53451e-17 0)
(1.1 4.38413e-16 0)
(1.1 4.91348e-16 0)
(1.1 1.32179e-15 0)
(1.1 7.41221e-16 0)
(1.1 1.1334e-15 0)
(1.1 8.41828e-16 0)
(1.1 -1.38819e-16 0)
(1.1 -3.18082e-16 0)
(1.1 -3.89122e-16 0)
(1.1 -2.80443e-16 0)
(1.1 3.33222e-16 0)
(1.1 -1.38048e-16 0)
(1.1 -1.33565e-15 0)
(1.1 -5.24991e-16 0)
(1.1 -5.8811e-16 0)
(1.1 -7.1127e-16 0)
(1.1 3.80055e-16 0)
(1.1 3.6765e-16 0)
(1.1 4.35555e-16 0)
(1.1 -1.72216e-16 0)
(1.1 3.30586e-16 0)
(1.1 3.84935e-18 0)
(1.1 8.90278e-16 0)
(1.1 7.11341e-16 0)
(1.1 1.50183e-15 0)
(1.1 1.8767e-15 0)
(1.1 1.18795e-15 0)
(1.1 5.92422e-16 0)
(1.1 -2.36057e-16 0)
(1.1 7.07905e-18 0)
(1.1 5.27941e-17 0)
(1.1 1.55911e-16 0)
(1.1 -5.51763e-16 0)
(1.1 -3.81397e-16 0)
(1.1 -2.27511e-16 0)
(1.1 2.31444e-16 0)
(1.1 3.3614e-16 0)
(1.1 6.3144e-17 0)
(1.1 5.89413e-16 0)
(1.1 4.46317e-16 0)
(1.1 2.55084e-16 0)
(1.1 -2.89493e-17 0)
(1.1 -2.78092e-17 0)
(1.1 1.06549e-15 0)
(1.1 9.95375e-16 0)
(1.1 7.92941e-16 0)
(1.1 1.37477e-15 0)
(1.1 2.13062e-15 0)
(1.1 1.09721e-15 0)
(1.1 3.61365e-16 0)
(1.1 -3.16845e-16 0)
(1.1 -2.98914e-17 0)
(1.1 -4.62989e-17 0)
(1.1 1.99904e-16 0)
(1.1 -2.50752e-16 0)
(1.1 -9.71958e-17 0)
(1.1 5.47185e-16 0)
(1.1 2.83934e-16 0)
(1.1 2.66338e-16 0)
(1.1 4.39004e-16 0)
(1.1 4.39662e-16 0)
(1.1 7.13012e-16 0)
(1.1 4.09693e-16 0)
(1.1 3.48283e-16 0)
(1.1 2.18491e-16 0)
(1.1 8.19594e-16 0)
(1.1 4.02216e-16 0)
(1.1 8.56589e-16 0)
(1.1 1.29646e-15 0)
(1.1 2.00019e-15 0)
(1.1 1.1445e-15 0)
(1.1 1.4585e-15 0)
(1.1 -5.6338e-16 0)
(1.1 8.54063e-17 0)
(1.1 2.00442e-16 0)
(1.1 1.35283e-16 0)
(1.1 -2.21919e-16 0)
(1.1 1.22716e-17 0)
(1.1 6.36351e-16 0)
(1.1 4.98503e-16 0)
(1.1 6.23943e-16 0)
(1.1 4.5059e-16 0)
(1.1 -4.41923e-16 0)
(1.1 9.03244e-17 0)
(1.1 -2.26219e-16 0)
(1.1 9.40572e-17 0)
(1.1 1.52527e-16 0)
(1.1 7.7824e-17 0)
(1.1 7.96557e-16 0)
(1.1 4.44828e-16 0)
(1.1 7.97581e-16 0)
(1.1 1.30997e-15 0)
(1.1 1.09008e-15 0)
(1.1 2.082e-15 0)
(1.1 -1.06299e-16 0)
(1.1 4.57616e-16 0)
(1.1 9.24607e-16 0)
(1.1 2.53117e-16 0)
(1.1 3.30347e-16 0)
(1.1 1.94387e-16 0)
(1.1 1.07309e-16 0)
(1.1 3.38685e-16 0)
(1.1 7.39173e-16 0)
(1.1 7.23792e-16 0)
(1.1 4.30018e-16 0)
(1.1 3.39276e-16 0)
(1.1 -1.88336e-16 0)
(1.1 9.47217e-17 0)
(1.1 -8.62283e-17 0)
(1.1 -3.74355e-16 0)
(1.1 5.72732e-16 0)
(1.1 1.13904e-15 0)
(1.1 7.98175e-16 0)
(1.1 5.65709e-16 0)
(1.1 1.10948e-15 0)
(1.1 1.96881e-15 0)
(1.1 -1.05018e-17 0)
(1.1 1.60877e-16 0)
(1.1 9.31296e-16 0)
(1.1 -9.80868e-17 0)
(1.1 2.9615e-16 0)
(1.1 6.49711e-17 0)
(1.1 -2.74962e-16 0)
(1.1 7.12411e-16 0)
(1.1 4.9051e-16 0)
(1.1 2.99039e-16 0)
(1.1 5.0754e-17 0)
(1.1 -8.00515e-16 0)
(1.1 -7.1266e-16 0)
(1.1 1.38434e-17 0)
(1.1 -4.9455e-16 0)
(1.1 -2.26598e-16 0)
(1.1 5.79435e-16 0)
(1.1 1.19349e-15 0)
(1.1 1.18031e-15 0)
(1.1 4.40445e-16 0)
(1.1 1.23666e-15 0)
(1.1 2.13718e-15 0)
(1.1 6.21918e-16 0)
(1.1 1.25142e-16 0)
(1.1 4.09759e-16 0)
(1.1 2.15216e-16 0)
(1.1 8.19787e-17 0)
(1.1 2.59917e-16 0)
(1.1 1.74922e-19 0)
(1.1 3.49057e-16 0)
(1.1 3.35609e-16 0)
(1.1 -3.2144e-16 0)
(1.1 -1.86486e-16 0)
(1.1 -7.56302e-16 0)
(1.1 -6.14235e-16 0)
(1.1 -6.84687e-16 0)
(1.1 -9.20623e-16 0)
(1.1 -1.59518e-16 0)
(1.1 7.38656e-16 0)
(1.1 1.00353e-15 0)
(1.1 1.81622e-15 0)
(1.1 1.34568e-15 0)
(1.1 1.37884e-15 0)
(1.1 1.97151e-15 0)
(1.1 4.75839e-16 0)
(1.1 2.61145e-16 0)
(1.1 3.48775e-16 0)
(1.1 6.00604e-17 0)
(1.1 -1.6257e-16 0)
(1.1 -1.02383e-17 0)
(1.1 4.13222e-16 0)
(1.1 -1.6632e-16 0)
(1.1 9.36612e-17 0)
(1.1 -6.13433e-16 0)
(1.1 -3.37066e-16 0)
(1.1 -3.72784e-16 0)
(1.1 -8.46563e-16 0)
(1.1 -9.8496e-16 0)
(1.1 -1.12506e-15 0)
(1.1 -6.82126e-17 0)
(1.1 -2.88346e-16 0)
(1.1 3.28862e-16 0)
(1.1 7.5755e-16 0)
(1.1 1.33914e-15 0)
(1.1 3.68864e-16 0)
(1.1 4.73009e-16 0)
(1.1 -3.96467e-16 0)
(1.1 -4.33515e-16 0)
(1.1 -2.22623e-16 0)
(1.1 -3.23384e-16 0)
(1.1 -5.73132e-16 0)
(1.1 -4.4611e-16 0)
(1.1 2.74394e-16 0)
(1.1 3.25975e-17 0)
(1.1 -9.18826e-17 0)
(1.1 2.14802e-16 0)
(1.1 -6.924e-16 0)
(1.1 -6.10802e-16 0)
(1.1 2.07556e-16 0)
(1.1 -9.99404e-16 0)
(1.1 -6.62468e-16 0)
(1.1 -4.46931e-16 0)
(1.1 -1.37967e-15 0)
(1.1 -3.61251e-16 0)
(1.1 4.45738e-16 0)
(1.1 4.48953e-16 0)
(1.1 -1.21947e-17 0)
(1.1 -7.55291e-16 0)
(1.1 -3.15035e-16 0)
(1.1 -6.88272e-16 0)
(1.1 -6.87843e-16 0)
(1.1 -5.53357e-16 0)
(1.1 -3.25937e-16 0)
(1.1 -5.57478e-16 0)
(1.1 -1.34955e-16 0)
(1.1 -2.75127e-16 0)
(1.1 -5.92358e-17 0)
(1.1 1.76379e-16 0)
(1.1 4.93191e-16 0)
(1.1 7.17615e-16 0)
(1.1 5.29174e-16 0)
(1.1 1.59857e-16 0)
(1.1 6.74281e-16 0)
(1.1 -2.08051e-16 0)
(1.1 -4.37397e-16 0)
(1.1 -4.28068e-16 0)
(1.1 5.13931e-16 0)
(1.1 8.59178e-17 0)
(1.1 1.91681e-16 0)
(1.1 -3.90607e-16 0)
(1.1 -4.42467e-16 0)
(1.1 -3.09074e-16 0)
(1.1 -9.41807e-16 0)
(1.1 -7.40931e-16 0)
(1.1 -5.54692e-17 0)
(1.1 -2.87028e-16 0)
(1.1 -5.82859e-16 0)
(1.1 -4.45059e-16 0)
(1.1 4.36319e-16 0)
(1.1 1.30259e-16 0)
(1.1 1.30897e-15 0)
(1.1 1.32233e-15 0)
(1.1 1.12997e-15 0)
(1.1 8.0629e-16 0)
(1.1 3.76508e-16 0)
(1.1 -4.19741e-16 0)
(1.1 -4.37548e-16 0)
(1.1 -2.52777e-16 0)
(1.1 -3.64213e-16 0)
(1.1 -5.20616e-16 0)
(1.1 1.07388e-16 0)
(1.1 4.17475e-16 0)
(1.1 -5.48974e-16 0)
(1.1 -3.3546e-16 0)
(1.1 -8.02785e-16 0)
(1.1 -5.37941e-16 0)
(1.1 -6.35223e-16 0)
(1.1 -8.32102e-16 0)
(1.1 -1.18793e-15 0)
(1.1 -8.36992e-16 0)
(1.1 2.29843e-16 0)
(1.1 2.15149e-16 0)
(1.1 5.56476e-16 0)
(1.1 9.6418e-16 0)
(1.1 1.4847e-15 0)
(1.1 7.93356e-16 0)
(1.1 -4.42244e-16 0)
(1.1 1.46523e-16 0)
(1.1 -1.08127e-17 0)
(1.1 -7.21804e-17 0)
(1.1 -7.9388e-16 0)
(1.1 -2.34741e-16 0)
(1.1 4.31164e-16 0)
(1.1 1.27652e-15 0)
(1.1 -1.46888e-16 0)
(1.1 -7.43929e-16 0)
(1.1 -2.83139e-16 0)
(1.1 -2.39437e-16 0)
(1.1 -7.53118e-16 0)
(1.1 -1.18777e-15 0)
(1.1 -1.27564e-15 0)
(1.1 -4.32228e-16 0)
(1.1 7.86769e-17 0)
(1.1 3.94646e-16 0)
(1.1 -2.60706e-16 0)
(1.1 2.67863e-16 0)
(1.1 9.62665e-16 0)
(1.1 6.22123e-16 0)
(1.1 -2.96225e-16 0)
(1.1 -6.22007e-16 0)
(1.1 5.14918e-17 0)
(1.1 8.08895e-17 0)
(1.1 -4.9325e-16 0)
(1.1 1.37658e-16 0)
(1.1 7.58342e-16 0)
(1.1 8.6419e-16 0)
(1.1 -3.32421e-16 0)
(1.1 -7.76773e-16 0)
(1.1 -4.22473e-16 0)
(1.1 -5.14787e-16 0)
(1.1 -5.63148e-16 0)
(1.1 -7.04359e-16 0)
(1.1 -8.34642e-16 0)
(1.1 -4.33215e-16 0)
(1.1 -4.67881e-17 0)
(1.1 -1.48722e-17 0)
(1.1 -2.28659e-16 0)
(1.1 2.75282e-16 0)
(1.1 1.8626e-16 0)
(1.1 4.00311e-16 0)
(1.1 -5.45295e-16 0)
(1.1 -1.10826e-15 0)
(1.1 -5.0583e-16 0)
(1.1 4.8841e-16 0)
(1.1 2.18712e-16 0)
(1.1 -7.35054e-16 0)
(1.1 -4.82878e-16 0)
(1.1 2.14885e-16 0)
(1.1 -2.53669e-16 0)
(1.1 -9.18646e-17 0)
(1.1 -9.92061e-17 0)
(1.1 -2.31337e-16 0)
(1.1 -4.69326e-16 0)
(1.1 -2.85003e-16 0)
(1.1 -3.55908e-16 0)
(1.1 -2.80203e-16 0)
(1.1 -4.023e-16 0)
(1.1 -1.79975e-16 0)
(1.1 5.44553e-16 0)
(1.1 5.74858e-16 0)
(1.1 -2.35291e-16 0)
(1.1 6.09092e-16 0)
(1.1 6.85459e-16 0)
(1.1 3.96662e-16 0)
(1.1 4.41165e-16 0)
(1.1 4.80485e-16 0)
(1.1 2.00685e-16 0)
(1.1 -8.05974e-16 0)
(1.1 -8.07281e-16 0)
(1.1 -1.15887e-16 0)
(1.1 1.87287e-16 0)
(1.1 3.09948e-16 0)
(1.1 1.73786e-16 0)
(1.1 4.41526e-17 0)
(1.1 -4.03884e-16 0)
(1.1 -6.00457e-16 0)
(1.1 -6.54384e-16 0)
(1.1 -7.86192e-16 0)
(1.1 -4.51342e-16 0)
(1.1 2.36989e-16 0)
(1.1 9.57552e-16 0)
(1.1 7.43936e-16 0)
(1.1 3.07079e-16 0)
(1.1 9.70936e-16 0)
(1.1 1.66621e-15 0)
(1.1 1.37127e-15 0)
(1.1 6.98275e-16 0)
(1.1 1.42249e-16 0)
(1.1 -3.88811e-17 0)
(1.1 1.9008e-16 0)
(1.1 -7.84627e-17 0)
(1.1 6.38093e-16 0)
(1.1 7.76755e-16 0)
(1.1 6.24207e-16 0)
(1.1 -3.02424e-16 0)
(1.1 -4.217e-16 0)
(1.1 -6.45504e-16 0)
(1.1 -2.25733e-16 0)
(1.1 -4.85258e-16 0)
(1.1 -8.04899e-16 0)
(1.1 -3.28692e-16 0)
(1.1 1.34899e-15 0)
(1.1 1.31385e-15 0)
(1.1 9.90387e-16 0)
(1.1 6.97219e-16 0)
(1.1 1.31055e-15 0)
(1.1 1.46469e-15 0)
(1.1 1.67653e-15 0)
(1.1 1.1352e-15 0)
(1.1 3.69727e-16 0)
(1.1 7.60548e-16 0)
(1.1 1.13893e-15 0)
(1.1 3.79487e-16 0)
(1.1 3.15704e-16 0)
(1.1 8.56287e-16 0)
(1.1 9.34714e-16 0)
(1.1 1.19841e-16 0)
(1.1 -2.13602e-16 0)
(1.1 -3.13652e-17 0)
(1.1 1.06429e-15 0)
(1.1 5.38474e-16 0)
(1.1 7.02379e-17 0)
(1.1 4.93776e-16 0)
(1.1 1.24086e-15 0)
(1.1 1.1227e-15 0)
(1.1 2.34912e-16 0)
(1.1 1.22638e-15 0)
(1.1 1.87977e-15 0)
(1.1 1.93534e-15 0)
(1.1 1.7772e-15 0)
(1.1 1.36096e-15 0)
(1.1 4.3769e-16 0)
(1.1 8.82456e-16 0)
(1.1 1.19368e-15 0)
(1.1 8.82695e-16 0)
(1.1 5.57655e-16 0)
(1.1 5.25831e-16 0)
(1.1 3.12349e-16 0)
(1.1 4.59378e-17 0)
(1.1 3.0686e-16 0)
(1.1 6.7386e-16 0)
(1.1 9.63672e-16 0)
(1.1 1.01776e-15 0)
(1.1 5.94392e-16 0)
(1.1 7.16198e-16 0)
(1.1 7.25577e-16 0)
(1.1 1.07629e-16 0)
(1.1 9.40795e-17 0)
(1.1 3.35161e-16 0)
(1.1 1.18601e-15 0)
(1.1 1.4879e-15 0)
(1.1 1.30981e-15 0)
(1.1 8.57726e-16 0)
(1.1 -1.73823e-16 0)
(1.1 3.95916e-16 0)
(1.1 7.47947e-16 0)
(1.1 4.24678e-16 0)
(1.1 3.87327e-16 0)
(1.1 6.65853e-16 0)
(1.1 3.69903e-16 0)
(1.1 2.79258e-16 0)
(1.1 7.42874e-16 0)
(1.1 7.46971e-16 0)
(1.1 6.47851e-16 0)
(1.1 1.07328e-15 0)
(1.1 1.38725e-15 0)
(1.1 8.29214e-16 0)
(1.1 4.35556e-17 0)
(1.1 -4.35224e-16 0)
(1.1 -3.6474e-16 0)
(1.1 -7.57402e-17 0)
(1.1 7.25659e-16 0)
(1.1 1.14144e-15 0)
(1.1 9.02614e-16 0)
(1.1 6.48624e-16 0)
(1.1 -2.94441e-17 0)
(1.1 -5.85112e-17 0)
(1.1 -5.06617e-16 0)
(1.1 -4.9768e-16 0)
(1.1 -5.72153e-16 0)
(1.1 6.64572e-16 0)
(1.1 3.02209e-16 0)
(1.1 4.81074e-16 0)
(1.1 4.98725e-16 0)
(1.1 4.06716e-16 0)
(1.1 5.03818e-16 0)
(1.1 1.4091e-15 0)
(1.1 1.1547e-15 0)
(1.1 8.02265e-16 0)
(1.1 4.12301e-16 0)
(1.1 -2.62198e-16 0)
(1.1 -3.04318e-17 0)
(1.1 7.47811e-17 0)
(1.1 1.16909e-15 0)
(1.1 7.98417e-16 0)
(1.1 5.87341e-16 0)
(1.1 3.81138e-16 0)
(1.1 1.80407e-16 0)
(1.1 -2.64757e-16 0)
(1.1 -2.50866e-16 0)
(1.1 9.20531e-17 0)
(1.1 -3.31745e-16 0)
(1.1 5.04934e-17 0)
(1.1 2.19259e-16 0)
(1.1 1.33698e-16 0)
(1.1 -3.93207e-16 0)
(1.1 -9.31711e-17 0)
(1.1 -6.13771e-17 0)
(1.1 8.22035e-16 0)
(1.1 4.3446e-16 0)
(1.1 1.42536e-16 0)
(1.1 5.76775e-16 0)
(1.1 3.10633e-16 0)
(1.1 3.65211e-16 0)
(1.1 -2.17424e-16 0)
(1.1 3.03512e-16 0)
(1.1 2.52988e-16 0)
(1.1 4.05484e-16 0)
(1.1 2.84417e-16 0)
(1.1 3.26754e-16 0)
(1.1 1.04952e-15 0)
(1.1 1.21671e-15 0)
(1.1 8.14479e-16 0)
(1.1 5.65479e-16 0)
(1.1 -1.87169e-16 0)
(1.1 2.4793e-16 0)
(1.1 1.88056e-16 0)
(1.1 2.84816e-16 0)
(1.1 -3.51069e-16 0)
(1.1 -9.58031e-17 0)
(1.1 2.076e-16 0)
(1.1 9.07913e-17 0)
(1.1 -3.27198e-16 0)
(1.1 -2.7435e-16 0)
(1.1 3.2166e-16 0)
(1.1 1.27174e-16 0)
(1.1 -4.97805e-16 0)
(1.1 -4.91605e-16 0)
(1.1 -4.06935e-16 0)
(1.1 5.24437e-16 0)
(1.1 1.02025e-15 0)
(1.1 1.33033e-15 0)
(1.1 1.51696e-15 0)
(1.1 6.96905e-16 0)
(1.1 5.51807e-16 0)
(1.1 1.16899e-15 0)
(1.1 -2.02888e-16 0)
(1.1 9.77666e-17 0)
(1.1 6.21244e-16 0)
(1.1 6.99478e-16 0)
(1.1 3.38037e-16 0)
(1.1 3.34057e-16 0)
(1.1 -1.46262e-16 0)
(1.1 -6.10961e-16 0)
(1.1 -4.78937e-16 0)
(1.1 -6.58003e-16 0)
(1.1 -4.71933e-16 0)
(1.1 -3.0939e-17 0)
(1.1 3.89832e-16 0)
(1.1 1.04027e-16 0)
(1.1 6.78945e-17 0)
(1.1 6.52113e-16 0)
(1.1 1.04065e-15 0)
(1.1 1.46915e-15 0)
(1.1 1.06653e-15 0)
(1.1 -3.11896e-16 0)
(1.1 4.0694e-16 0)
(1.1 4.05941e-16 0)
(1.1 7.75528e-17 0)
(1.1 -4.99305e-16 0)
(1.1 3.48173e-16 0)
(1.1 7.02237e-16 0)
(1.1 5.71067e-16 0)
(1.1 2.04702e-16 0)
(1.1 -3.1195e-16 0)
(1.1 -7.99503e-16 0)
(1.1 -4.60727e-16 0)
(1.1 -3.64531e-16 0)
(1.1 -3.01985e-16 0)
(1.1 2.13649e-16 0)
(1.1 6.12375e-16 0)
(1.1 5.65132e-16 0)
(1.1 4.90298e-16 0)
(1.1 1.17506e-15 0)
(1.1 4.62153e-16 0)
(1.1 7.68874e-16 0)
(1.1 1.88091e-16 0)
(1.1 -1.77286e-16 0)
(1.1 5.69785e-16 0)
(1.1 -2.80073e-16 0)
(1.1 3.96664e-16 0)
(1.1 -1.67774e-16 0)
(1.1 4.72394e-16 0)
(1.1 4.54911e-16 0)
(1.1 3.2628e-16 0)
(1.1 3.85889e-17 0)
(1.1 -1.83073e-17 0)
(1.1 -6.25725e-16 0)
(1.1 -6.91187e-16 0)
(1.1 -5.90452e-17 0)
(1.1 1.10245e-16 0)
(1.1 -4.67762e-16 0)
(1.1 -6.04159e-16 0)
(1.1 -6.01802e-16 0)
(1.1 2.83336e-16 0)
(1.1 4.13815e-16 0)
(1.1 3.68963e-16 0)
(1.1 2.6942e-16 0)
(1.1 1.10058e-16 0)
(1.1 4.4371e-16 0)
(1.1 -6.74008e-17 0)
(1.1 -2.16139e-16 0)
(1.1 4.15925e-16 0)
(1.1 2.41511e-16 0)
(1.1 4.80695e-16 0)
(1.1 1.91439e-16 0)
(1.1 2.19082e-16 0)
(1.1 8.5676e-18 0)
(1.1 -2.73785e-16 0)
(1.1 -4.09929e-16 0)
(1.1 -4.06749e-16 0)
(1.1 -4.35212e-16 0)
(1.1 -2.67058e-16 0)
(1.1 -1.03874e-15 0)
(1.1 -1.11705e-15 0)
(1.1 -1.49884e-15 0)
(1.1 -5.77851e-16 0)
(1.1 -8.42822e-16 0)
(1.1 -9.46428e-17 0)
(1.1 -4.32515e-16 0)
(1.1 7.10098e-17 0)
(1.1 5.78167e-16 0)
(1.1 4.62013e-16 0)
(1.1 5.1805e-16 0)
(1.1 -1.9235e-17 0)
(1.1 1.76089e-16 0)
(1.1 1.63324e-16 0)
(1.1 -5.82118e-17 0)
(1.1 1.1717e-17 0)
(1.1 -4.22417e-16 0)
(1.1 -1.08668e-15 0)
(1.1 -5.69171e-16 0)
(1.1 -5.51672e-16 0)
(1.1 -1.47637e-15 0)
(1.1 -1.47573e-15 0)
(1.1 -1.15465e-15 0)
(1.1 -1.09866e-15 0)
(1.1 -1.13887e-15 0)
(1.1 -1.09212e-15 0)
(1.1 -1.30433e-15 0)
(1.1 -1.04616e-15 0)
(1.1 -8.55572e-16 0)
(1.1 -6.22371e-16 0)
(1.1 -1.25773e-16 0)
(1.1 8.56762e-16 0)
(1.1 7.0343e-16 0)
(1.1 -2.78019e-16 0)
(1.1 -3.24304e-17 0)
(1.1 -3.08251e-16 0)
(1.1 -1.66351e-16 0)
(1.1 -1.64668e-16 0)
(1.1 -3.92809e-16 0)
(1.1 -8.32039e-16 0)
(1.1 -4.0374e-16 0)
(1.1 -4.11102e-16 0)
(1.1 -1.31425e-15 0)
(1.1 -1.14348e-15 0)
(1.1 -4.08425e-16 0)
(1.1 -8.24803e-16 0)
(1.1 -5.95679e-16 0)
(1.1 -1.26174e-15 0)
(1.1 -1.1629e-15 0)
(1.1 -1.35096e-15 0)
(1.1 -1.12687e-15 0)
(1.1 -9.3013e-16 0)
(1.1 -1.83787e-16 0)
(1.1 8.92458e-16 0)
(1.1 5.25842e-16 0)
(1.1 1.91329e-16 0)
(1.1 1.8339e-16 0)
(1.1 2.80438e-16 0)
(1.1 5.00744e-17 0)
(1.1 -2.18898e-16 0)
(1.1 -2.97745e-16 0)
(1.1 -3.2474e-16 0)
(1.1 -4.09645e-16 0)
(1.1 -1.75695e-16 0)
(1.1 -3.81201e-16 0)
(1.1 3.69733e-16 0)
(1.1 3.24964e-16 0)
(1.1 -1.33451e-16 0)
(1.1 -4.26948e-16 0)
(1.1 -1.75259e-15 0)
(1.1 -1.68925e-15 0)
(1.1 -1.41791e-15 0)
(1.1 -8.22022e-16 0)
(1.1 -1.05619e-16 0)
(1.1 1.75459e-16 0)
(1.1 3.40728e-16 0)
(1.1 7.70244e-16 0)
(1.1 -3.59521e-17 0)
(1.1 3.68241e-16 0)
(1.1 6.48119e-16 0)
(1.1 3.96481e-16 0)
(1.1 1.84999e-16 0)
(1.1 1.5779e-16 0)
(1.1 -1.75242e-16 0)
(1.1 -7.06869e-16 0)
(1.1 -7.85917e-16 0)
(1.1 -5.32244e-16 0)
(1.1 5.84234e-16 0)
(1.1 6.71099e-16 0)
(1.1 2.6885e-16 0)
(1.1 -1.00038e-15 0)
(1.1 -1.44179e-15 0)
(1.1 -2.06295e-15 0)
(1.1 -1.69477e-15 0)
(1.1 -1.98333e-16 0)
(1.1 6.09103e-16 0)
(1.1 3.90108e-16 0)
(1.1 -1.32417e-16 0)
(1.1 1.7424e-17 0)
(1.1 7.28368e-17 0)
(1.1 1.87e-16 0)
(1.1 5.25639e-16 0)
(1.1 6.13485e-16 0)
(1.1 4.72062e-16 0)
(1.1 3.20624e-16 0)
(1.1 -6.15567e-16 0)
(1.1 -5.82027e-16 0)
(1.1 -1.20309e-15 0)
(1.1 -9.82309e-16 0)
(1.1 2.58301e-16 0)
(1.1 3.55624e-16 0)
(1.1 -1.48315e-17 0)
(1.1 -1.31826e-15 0)
(1.1 -1.24346e-15 0)
(1.1 -1.17177e-15 0)
(1.1 -9.87611e-16 0)
(1.1 -4.30847e-16 0)
(1.1 7.01336e-16 0)
(1.1 6.6845e-16 0)
(1.1 5.63238e-16 0)
(1.1 -6.5323e-16 0)
(1.1 5.13943e-16 0)
(1.1 2.41866e-16 0)
(1.1 4.33045e-16 0)
(1.1 5.32281e-16 0)
(1.1 1.48613e-16 0)
(1.1 -5.38301e-17 0)
(1.1 4.06703e-17 0)
(1.1 3.27946e-17 0)
(1.1 -9.14057e-16 0)
(1.1 -7.18343e-16 0)
(1.1 -7.55494e-16 0)
(1.1 -4.74495e-16 0)
(1.1 -5.16401e-16 0)
(1.1 -1.13722e-15 0)
(1.1 -1.06017e-15 0)
(1.1 -2.44165e-16 0)
(1.1 -4.40062e-16 0)
(1.1 -6.71109e-16 0)
(1.1 -6.01625e-16 0)
(1.1 1.77801e-16 0)
(1.1 2.55195e-16 0)
(1.1 -3.13202e-16 0)
(1.1 -2.38793e-16 0)
(1.1 -5.25261e-17 0)
(1.1 3.79968e-18 0)
(1.1 -1.05853e-16 0)
(1.1 -1.08743e-16 0)
(1.1 1.90201e-16 0)
(1.1 4.23513e-16 0)
(1.1 3.98305e-16 0)
(1.1 -2.14798e-16 0)
(1.1 -3.45965e-16 0)
(1.1 -1.18069e-15 0)
(1.1 -7.27483e-16 0)
(1.1 -8.99142e-17 0)
(1.1 -2.5703e-16 0)
(1.1 -4.39255e-16 0)
(1.1 1.26813e-16 0)
(1.1 -4.98257e-16 0)
(1.1 -1.0889e-15 0)
(1.1 -1.19536e-15 0)
(1.1 -2.85327e-16 0)
(1.1 -5.35222e-16 0)
(1.1 -7.12402e-16 0)
(1.1 -4.37577e-16 0)
(1.1 -1.68682e-16 0)
(1.1 -1.06517e-16 0)
(1.1 -7.35824e-17 0)
(1.1 -1.01593e-16 0)
(1.1 -4.64956e-17 0)
(1.1 3.4443e-16 0)
(1.1 1.51186e-16 0)
(1.1 2.51959e-16 0)
(1.1 2.14195e-16 0)
(1.1 -8.53096e-16 0)
(1.1 -9.58863e-16 0)
(1.1 -6.91472e-16 0)
(1.1 -4.04177e-16 0)
(1.1 -4.06134e-16 0)
(1.1 -5.47238e-16 0)
(1.1 -6.88264e-16 0)
(1.1 -1.29042e-15 0)
(1.1 -1.34893e-15 0)
(1.1 -1.06474e-15 0)
(1.1 -1.62729e-15 0)
(1.1 -8.7011e-16 0)
(1.1 -3.4492e-16 0)
(1.1 -4.76174e-16 0)
(1.1 -4.92627e-16 0)
(1.1 -7.89657e-17 0)
(1.1 6.8362e-17 0)
(1.1 -3.2751e-16 0)
(1.1 3.44502e-16 0)
(1.1 -1.55741e-16 0)
(1.1 3.84056e-16 0)
(1.1 1.98906e-16 0)
(1.1 -2.81062e-16 0)
(1.1 -9.56264e-16 0)
(1.1 -9.47869e-16 0)
(1.1 -1.17401e-15 0)
(1.1 -2.09154e-16 0)
(1.1 -2.10995e-16 0)
(1.1 -2.23523e-16 0)
(1.1 -1.00518e-15 0)
(1.1 -2.01118e-15 0)
(1.1 -2.01235e-15 0)
(1.1 -1.78159e-15 0)
(1.1 -4.59995e-16 0)
(1.1 -1.53969e-16 0)
(1.1 -3.0661e-16 0)
(1.1 -3.98771e-16 0)
(1.1 -5.40215e-17 0)
(1.1 2.00572e-16 0)
(1.1 -3.09175e-16 0)
(1.1 4.74955e-17 0)
(1.1 -1.10853e-16 0)
(1.1 9.89618e-17 0)
(1.1 -1.49041e-16 0)
(1.1 9.08106e-17 0)
(1.1 -4.2025e-16 0)
(1.1 -2.80821e-16 0)
(1.1 -1.01007e-16 0)
(1.1 4.20577e-16 0)
(1.1 8.25306e-16 0)
(1.1 5.29652e-16 0)
(1.1 -4.94832e-16 0)
(1.1 -1.00933e-15 0)
(1.1 -1.65422e-15 0)
(1.1 -1.50875e-15 0)
(1.1 -5.88534e-16 0)
(1.1 1.85312e-17 0)
(1.1 -3.42931e-17 0)
(1.1 -1.46085e-16 0)
(1.1 -2.80434e-17 0)
(1.1 1.32549e-16 0)
(1.1 -2.18013e-16 0)
(1.1 -5.1124e-17 0)
(1.1 -2.61979e-16 0)
(1.1 -1.44695e-16 0)
(1.1 3.90997e-17 0)
(1.1 1.61498e-16 0)
(1.1 1.40708e-17 0)
(1.1 2.43505e-16 0)
(1.1 1.55555e-16 0)
(1.1 -2.01448e-18 0)
(1.1 3.89361e-16 0)
(1.1 5.97073e-16 0)
(1.1 1.1546e-16 0)
(1.1 -2.11386e-16 0)
(1.1 -1.1411e-15 0)
(1.1 -1.27433e-15 0)
(1.1 -5.73192e-16 0)
)
;

boundaryField
{
    inlet
    {
        type            uniformFixedValue;
        uniformValue    table
        
2
(
(0 (1.1 0 0))
(8 (3 0 0))
)
;
        value           nonuniform 0();
    }
    outlet
    {
        type            inletOutlet;
        inletValue      nonuniform 0();
        value           nonuniform 0();
    }
    triangle
    {
        type            slip;
    }
    top
    {
        type            symmetryPlane;
    }
    bottom
    {
        type            symmetryPlane;
    }
    defaultFaces
    {
        type            empty;
    }
    procBoundary30to22
    {
        type            processor;
        value           nonuniform List<vector> 
23
(
(1.19227 0.14055 0)
(1.2005 0.132134 0)
(1.20902 0.121841 0)
(1.21706 0.110655 0)
(1.22423 0.100107 0)
(1.23138 0.0894902 0)
(1.238 0.0782273 0)
(1.24385 0.0667605 0)
(1.24944 0.0554574 0)
(1.25476 0.0441188 0)
(1.25876 0.0328143 0)
(1.26114 0.0217609 0)
(1.26325 0.0106061 0)
(1.09884 0.220799 0)
(1.10918 0.213623 0)
(1.11979 0.205366 0)
(1.1307 0.196058 0)
(1.14088 0.187588 0)
(1.1502 0.180105 0)
(1.15981 0.171852 0)
(1.16996 0.162053 0)
(1.17977 0.151227 0)
(1.17977 0.151227 0)
)
;
    }
    procBoundary30to29
    {
        type            processor;
        value           nonuniform List<vector> 
146
(
(1.08567 0.227523 0)
(1.08279 0.227368 0)
(1.07991 0.227037 0)
(1.07706 0.22721 0)
(1.07418 0.227829 0)
(1.07143 0.228503 0)
(1.06901 0.228969 0)
(1.06678 0.229155 0)
(1.06458 0.229277 0)
(1.06232 0.229656 0)
(1.05994 0.230544 0)
(1.05737 0.231585 0)
(1.05481 0.23235 0)
(1.05257 0.23286 0)
(1.05056 0.233176 0)
(1.04862 0.233535 0)
(1.04673 0.234103 0)
(1.045 0.23473 0)
(1.04318 0.235386 0)
(1.04138 0.235855 0)
(1.03959 0.236188 0)
(1.03785 0.236456 0)
(1.03614 0.236793 0)
(1.03454 0.237241 0)
(1.03293 0.237905 0)
(1.03119 0.238839 0)
(1.02869 0.239993 0)
(1.02539 0.24106 0)
(1.02236 0.242106 0)
(1.01999 0.243144 0)
(1.01632 0.244885 0)
(1.01309 0.246256 0)
(1.00921 0.247634 0)
(1.0058 0.248771 0)
(1.00276 0.249943 0)
(1 0.251583 0)
(0.997119 0.2536 0)
(0.994595 0.255056 0)
(0.992441 0.256462 0)
(0.989806 0.258805 0)
(0.987117 0.260769 0)
(0.985138 0.261629 0)
(0.983228 0.263615 0)
(0.97983 0.267998 0)
(0.976955 0.271326 0)
(0.976639 0.27143 0)
(0.976666 0.269139 0)
(0.975237 0.267384 0)
(0.990682 0.242548 0)
(1.01726 0.17904 0)
(1.06916 0.0677182 0)
(1.0963 0.00816567 0)
(1.09992 0.000201298 0)
(1.1 7.09921e-07 0)
(1.1 2.55503e-10 0)
(1.1 1.24073e-14 0)
(1.1 9.21839e-16 0)
(1.1 1.81532e-15 0)
(1.1 1.60163e-15 0)
(1.1 6.56862e-16 0)
(1.1 3.54921e-16 0)
(1.1 2.70981e-16 0)
(1.1 1.99106e-16 0)
(1.1 -3.73678e-16 0)
(1.1 -1.24058e-15 0)
(1.1 -1.12982e-15 0)
(1.1 -1.05358e-15 0)
(1.1 -9.51558e-16 0)
(1.1 -8.69477e-16 0)
(1.1 -3.93351e-16 0)
(1.1 -7.38537e-16 0)
(1.1 -1.00075e-15 0)
(1.1 -4.52462e-16 0)
(1.1 1.72454e-16 0)
(1.1 3.23292e-16 0)
(1.1 -3.31554e-16 0)
(1.1 -4.03938e-16 0)
(1.1 -7.1549e-17 0)
(1.1 3.30783e-18 0)
(1.1 -1.14661e-16 0)
(1.1 4.75596e-16 0)
(1.1 6.38444e-16 0)
(1.1 5.83401e-17 0)
(1.1 -5.53977e-16 0)
(1.1 -6.18115e-16 0)
(1.1 -1.85157e-16 0)
(1.1 -5.1492e-16 0)
(1.1 -8.66966e-16 0)
(1.1 -6.03004e-16 0)
(1.1 -8.92748e-16 0)
(1.1 -1.05245e-15 0)
(1.1 -9.55716e-16 0)
(1.1 -1.04384e-15 0)
(1.1 -1.45641e-16 0)
(1.1 4.62128e-16 0)
(1.1 5.06829e-16 0)
(1.1 2.15667e-16 0)
(1.1 -9.97747e-17 0)
(1.1 -1.95192e-16 0)
(1.1 -7.11572e-16 0)
(1.1 -7.63385e-16 0)
(1.1 -6.50424e-16 0)
(1.1 -5.40748e-16 0)
(1.1 -5.54557e-16 0)
(1.1 -5.91635e-16 0)
(1.1 -8.83267e-16 0)
(1.1 -8.06241e-16 0)
(1.1 -1.71702e-16 0)
(1.1 -1.3644e-16 0)
(1.1 -3.29563e-16 0)
(1.1 -3.61549e-16 0)
(1.1 -2.79009e-16 0)
(1.1 -2.40129e-16 0)
(1.1 1.11766e-16 0)
(1.1 3.94061e-16 0)
(1.1 -5.37784e-16 0)
(1.1 -4.97101e-16 0)
(1.1 -4.07519e-18 0)
(1.1 4.03899e-17 0)
(1.1 4.55438e-16 0)
(1.1 2.38158e-16 0)
(1.1 -5.98057e-16 0)
(1.1 -3.78768e-16 0)
(1.1 2.57555e-16 0)
(1.1 7.44473e-16 0)
(1.1 8.7872e-16 0)
(1.1 6.21854e-16 0)
(1.1 2.01998e-16 0)
(1.1 5.05791e-16 0)
(1.1 6.85856e-16 0)
(1.1 7.63401e-17 0)
(1.1 -2.17508e-16 0)
(1.1 5.00248e-17 0)
(1.1 1.46097e-16 0)
(1.1 2.21426e-16 0)
(1.1 -2.72523e-16 0)
(1.1 -3.61532e-16 0)
(1.1 -6.76803e-17 0)
(1.1 -1.37748e-16 0)
(1.1 -5.50981e-17 0)
(1.1 -4.16035e-16 0)
(1.1 -3.71405e-16 0)
(1.1 -1.04776e-16 0)
(1.1 -3.2939e-16 0)
(1.1 8.32439e-17 0)
(1.1 2.39129e-16 0)
)
;
    }
    procBoundary30to31
    {
        type            processor;
        value           nonuniform List<vector> 
147
(
(1.26193 0.00313517 0)
(1.25869 0.00693124 0)
(1.25537 0.0109071 0)
(1.25217 0.0147155 0)
(1.24904 0.0182745 0)
(1.24587 0.0216904 0)
(1.24296 0.0248189 0)
(1.23968 0.028219 0)
(1.23681 0.0313048 0)
(1.23342 0.0348327 0)
(1.23063 0.037937 0)
(1.22729 0.0414205 0)
(1.22454 0.0444634 0)
(1.22152 0.0477226 0)
(1.21887 0.050677 0)
(1.21608 0.0537688 0)
(1.2134 0.0567398 0)
(1.21057 0.0598257 0)
(1.20787 0.0628184 0)
(1.2051 0.0658698 0)
(1.20252 0.0687759 0)
(1.19974 0.0717369 0)
(1.19708 0.0745395 0)
(1.19433 0.0772811 0)
(1.19157 0.0799294 0)
(1.18899 0.082387 0)
(1.18628 0.084906 0)
(1.1825 0.0885992 0)
(1.17691 0.094095 0)
(1.17238 0.0991279 0)
(1.16753 0.104351 0)
(1.16269 0.109642 0)
(1.15771 0.114776 0)
(1.15316 0.119577 0)
(1.14841 0.124595 0)
(1.14424 0.129272 0)
(1.13984 0.134123 0)
(1.13572 0.138578 0)
(1.13132 0.14304 0)
(1.12741 0.147149 0)
(1.12326 0.151635 0)
(1.11973 0.156077 0)
(1.11604 0.160848 0)
(1.11264 0.165467 0)
(1.10905 0.170067 0)
(1.10562 0.174435 0)
(1.10208 0.178794 0)
(1.09866 0.183144 0)
(1.09549 0.18755 0)
(1.09246 0.19222 0)
(1.08972 0.197094 0)
(1.08674 0.201762 0)
(1.08387 0.206234 0)
(1.08043 0.212459 0)
(1.07671 0.220192 0)
(1.07502 0.224789 0)
(1.07279 0.224479 0)
(1.07199 0.218725 0)
(1.07295 0.199179 0)
(1.08067 0.139287 0)
(1.09244 0.0503356 0)
(1.09912 0.00529475 0)
(1.09998 9.56533e-05 0)
(1.1 1.87333e-07 0)
(1.1 2.6389e-11 0)
(1.1 1.2483e-15 0)
(1.1 4.19069e-17 0)
(1.1 -6.91557e-17 0)
(1.1 1.51932e-16 0)
(1.1 -4.39933e-16 0)
(1.1 -7.63486e-16 0)
(1.1 -4.58309e-16 0)
(1.1 -4.29093e-16 0)
(1.1 3.4127e-16 0)
(1.1 6.1195e-16 0)
(1.1 3.67405e-16 0)
(1.1 1.54812e-16 0)
(1.1 2.83843e-17 0)
(1.1 8.1989e-17 0)
(1.1 -3.15067e-16 0)
(1.1 -5.3944e-16 0)
(1.1 -2.83148e-16 0)
(1.1 2.87475e-16 0)
(1.1 -5.48765e-16 0)
(1.1 -1.28265e-15 0)
(1.1 -1.27859e-15 0)
(1.1 -1.67718e-15 0)
(1.1 -1.12085e-15 0)
(1.1 -4.48864e-16 0)
(1.1 -3.47637e-17 0)
(1.1 1.01259e-15 0)
(1.1 1.10701e-15 0)
(1.1 8.03856e-16 0)
(1.1 6.67849e-16 0)
(1.1 1.59862e-15 0)
(1.1 8.93239e-16 0)
(1.1 2.59347e-16 0)
(1.1 -6.37598e-16 0)
(1.1 -1.42982e-15 0)
(1.1 -1.25583e-15 0)
(1.1 -1.87629e-15 0)
(1.1 -1.93447e-15 0)
(1.1 -1.00282e-15 0)
(1.1 -9.43237e-16 0)
(1.1 -1.07236e-15 0)
(1.1 -1.18866e-15 0)
(1.1 -1.05223e-15 0)
(1.1 -5.00031e-16 0)
(1.1 -5.83088e-16 0)
(1.1 -2.9957e-16 0)
(1.1 3.38974e-16 0)
(1.1 9.69695e-16 0)
(1.1 1.78667e-15 0)
(1.1 1.49517e-15 0)
(1.1 1.84544e-15 0)
(1.1 1.89926e-15 0)
(1.1 3.06585e-16 0)
(1.1 -5.32996e-16 0)
(1.1 2.34821e-18 0)
(1.1 7.73875e-16 0)
(1.1 9.82764e-16 0)
(1.1 1.24123e-15 0)
(1.1 1.49038e-15 0)
(1.1 8.48066e-16 0)
(1.1 5.26923e-16 0)
(1.1 4.32512e-16 0)
(1.1 -5.54386e-17 0)
(1.1 3.83011e-16 0)
(1.1 -8.76898e-17 0)
(1.1 -5.82551e-16 0)
(1.1 -8.45863e-16 0)
(1.1 1.94016e-16 0)
(1.1 -4.6752e-17 0)
(1.1 -3.06664e-16 0)
(1.1 2.27285e-16 0)
(1.1 1.54709e-17 0)
(1.1 3.75056e-16 0)
(1.1 5.70332e-16 0)
(1.1 9.3701e-16 0)
(1.1 3.23148e-17 0)
(1.1 -5.2643e-16 0)
(1.1 -4.45553e-17 0)
(1.1 2.64368e-16 0)
(1.1 9.66813e-19 0)
(1.1 -5.97747e-16 0)
(1.1 -7.31536e-16 0)
(1.1 -3.33008e-16 0)
)
;
    }
}


// ************************************************************************* //
