/*--------------------------------*- C++ -*----------------------------------*\
  =========                 |
  \\      /  F ield         | OpenFOAM: The Open Source CFD Toolbox
   \\    /   O peration     | Website:  https://openfoam.org
    \\  /    A nd           | Version:  7
     \\/     M anipulation  |
\*---------------------------------------------------------------------------*/
FoamFile
{
    version     2.0;
    format      ascii;
    class       volScalarField;
    location    "0.2";
    object      p;
}
// * * * * * * * * * * * * * * * * * * * * * * * * * * * * * * * * * * * * * //

dimensions      [1 -1 -2 0 0 0 0];

internalField   nonuniform List<scalar> 
3225
(
1.01865
1.01803
1.01741
1.01677
1.01614
1.01549
1.01484
1.01419
1.01353
1.01287
1.0122
1.01152
1.01084
1.01016
1.00946
1.00876
1.00806
1.00735
1.00663
1.0059
1.00517
1.00444
1.00369
1.0029
1.00207
1.00122
1.00049
1.01865
1.01803
1.01741
1.01677
1.01614
1.01549
1.01484
1.01419
1.01353
1.01287
1.0122
1.01152
1.01084
1.01016
1.00946
1.00876
1.00806
1.00735
1.01927
1.01865
1.01803
1.01741
1.01677
1.01614
1.01549
1.01484
1.01419
1.01353
1.01287
1.0122
1.01152
1.01084
1.01016
1.00946
1.00876
1.00806
1.00735
1.00663
1.0059
1.00517
1.00444
1.00369
1.0029
1.00207
1.00122
1.01927
1.01865
1.01803
1.01741
1.01677
1.01614
1.01549
1.01484
1.01419
1.01353
1.01287
1.0122
1.01152
1.01084
1.01016
1.00946
1.00876
1.00806
1.00735
1.00663
1.0059
1.00517
1.00444
1.00369
1.0029
1.00207
1.00122
1.01927
1.01865
1.01803
1.01741
1.01677
1.01614
1.01549
1.01484
1.01419
1.01353
1.01287
1.0122
1.01152
1.01084
1.01016
1.00946
1.00876
1.00806
1.00735
1.00663
1.0059
1.00517
1.00444
1.00369
1.0029
1.00207
1.00122
1.01927
1.01865
1.01803
1.01741
1.01677
1.01614
1.01549
1.01484
1.01419
1.01353
1.01287
1.0122
1.01152
1.01084
1.01016
1.00946
1.00876
1.00806
1.00735
1.00663
1.0059
1.00517
1.00444
1.00369
1.0029
1.00207
1.00122
1.01927
1.01865
1.01803
1.01741
1.01677
1.01614
1.01549
1.01484
1.01419
1.01353
1.01287
1.0122
1.01152
1.01084
1.01016
1.00946
1.00876
1.00806
1.00735
1.00663
1.0059
1.00517
1.00444
1.00369
1.0029
1.00207
1.00122
1.01927
1.01865
1.01803
1.01741
1.01677
1.01614
1.01549
1.01484
1.01419
1.01353
1.01287
1.0122
1.01152
1.01084
1.01016
1.00946
1.00876
1.00806
1.00735
1.00663
1.0059
1.00517
1.00444
1.00369
1.0029
1.00207
1.00122
1.01927
1.01865
1.01803
1.01741
1.01677
1.01614
1.01549
1.01484
1.01419
1.01353
1.01287
1.0122
1.01152
1.01084
1.01016
1.00946
1.00876
1.00806
1.00735
1.00663
1.0059
1.00517
1.00444
1.00369
1.0029
1.00207
1.00122
1.01927
1.01865
1.01803
1.01741
1.01677
1.01614
1.01549
1.01484
1.01419
1.01353
1.01287
1.0122
1.01152
1.01084
1.01016
1.00946
1.00876
1.00806
1.00735
1.00663
1.0059
1.00517
1.00444
1.00369
1.0029
1.00207
1.00122
1.01927
1.01865
1.01803
1.01741
1.01677
1.01614
1.01549
1.01484
1.01419
1.01353
1.01287
1.0122
1.01152
1.01084
1.01016
1.00946
1.00876
1.00806
1.00735
1.00663
1.0059
1.00517
1.00444
1.00369
1.0029
1.00207
1.00122
1.01927
1.01865
1.01803
1.01741
1.01677
1.01614
1.01549
1.01484
1.01419
1.01353
1.01287
1.0122
1.01152
1.01084
1.01016
1.00946
1.00876
1.00806
1.00735
1.00663
1.0059
1.00517
1.00444
1.00369
1.0029
1.00207
1.00122
1.01927
1.01865
1.01803
1.01741
1.01677
1.01614
1.01549
1.01484
1.01419
1.01353
1.01287
1.0122
1.01152
1.01084
1.01016
1.00946
1.00876
1.00806
1.00735
1.00663
1.0059
1.00517
1.00444
1.00369
1.0029
1.00207
1.00122
1.01927
1.01865
1.01803
1.01741
1.01677
1.01614
1.01549
1.01484
1.01419
1.01353
1.01287
1.0122
1.01152
1.01084
1.01016
1.00946
1.00876
1.00806
1.00735
1.00663
1.0059
1.00517
1.00444
1.00369
1.0029
1.00207
1.00122
1.01927
1.01865
1.01803
1.01741
1.01677
1.01614
1.01549
1.01484
1.01419
1.01353
1.01287
1.0122
1.01152
1.01084
1.01016
1.00946
1.00876
1.00806
1.00735
1.00663
1.0059
1.00517
1.00444
1.00369
1.0029
1.00207
1.00122
1.01927
1.01865
1.01803
1.01741
1.01677
1.01614
1.01549
1.01484
1.01419
1.01353
1.01287
1.0122
1.01152
1.01084
1.01016
1.00946
1.00876
1.00806
1.00735
1.00663
1.0059
1.00517
1.00444
1.00369
1.0029
1.00207
1.00122
1.01927
1.01865
1.01803
1.01741
1.01677
1.01614
1.01549
1.01484
1.01419
1.01353
1.01287
1.0122
1.01152
1.01084
1.01016
1.00946
1.00876
1.00806
1.00735
1.00663
1.0059
1.00517
1.00444
1.00369
1.0029
1.00207
1.00122
1.01927
1.01865
1.01803
1.01741
1.01677
1.01614
1.01549
1.01484
1.01419
1.01353
1.01287
1.0122
1.01152
1.01084
1.01016
1.00946
1.00876
1.00806
1.00735
1.00663
1.0059
1.00517
1.00444
1.00369
1.0029
1.00207
1.00122
1.01927
1.01865
1.01803
1.01741
1.01677
1.01614
1.01549
1.01484
1.01419
1.01353
1.01287
1.0122
1.01152
1.01084
1.01016
1.00946
1.00876
1.00806
1.00735
1.00663
1.0059
1.00517
1.00444
1.00369
1.0029
1.00207
1.00122
1.01927
1.01865
1.01803
1.01741
1.01677
1.01614
1.01549
1.01484
1.01419
1.01353
1.01287
1.0122
1.01152
1.01084
1.01016
1.00946
1.00876
1.00806
1.00735
1.00663
1.0059
1.00517
1.00444
1.00369
1.0029
1.00207
1.00122
1.01927
1.01865
1.01803
1.01741
1.01677
1.01614
1.01549
1.01484
1.01419
1.01353
1.01287
1.0122
1.01152
1.01084
1.01016
1.00946
1.00876
1.00806
1.00735
1.00663
1.0059
1.00517
1.00444
1.00369
1.0029
1.00207
1.00122
1.01927
1.01865
1.01803
1.01741
1.01677
1.01614
1.01549
1.01484
1.01419
1.01353
1.01287
1.0122
1.01152
1.01084
1.01016
1.00946
1.00876
1.00806
1.00735
1.00663
1.0059
1.00517
1.00444
1.00369
1.0029
1.00207
1.00122
1.01927
1.01865
1.01803
1.01741
1.01677
1.01614
1.01549
1.01484
1.01419
1.01353
1.01287
1.0122
1.01152
1.01084
1.01016
1.00946
1.00876
1.00806
1.00735
1.00663
1.0059
1.00517
1.00444
1.00369
1.0029
1.00207
1.00122
1.01927
1.01865
1.01803
1.01741
1.01677
1.01614
1.01549
1.01484
1.01419
1.01353
1.01287
1.0122
1.01152
1.01084
1.01016
1.00946
1.00876
1.00806
1.00735
1.00663
1.0059
1.00517
1.00444
1.00369
1.0029
1.00207
1.00122
1.01927
1.01865
1.01803
1.01741
1.01677
1.01614
1.01549
1.01484
1.01419
1.01353
1.01287
1.0122
1.01152
1.01084
1.01016
1.00946
1.00876
1.00806
1.00735
1.00663
1.0059
1.00517
1.00444
1.00369
1.0029
1.00207
1.00122
1.01927
1.01865
1.01803
1.01741
1.01677
1.01614
1.01549
1.01484
1.01419
1.01353
1.01287
1.0122
1.01152
1.01084
1.01016
1.00946
1.00876
1.00806
1.00735
1.00663
1.0059
1.00517
1.00444
1.00369
1.0029
1.00207
1.00122
1.01927
1.01865
1.01803
1.01741
1.01677
1.01614
1.01549
1.01484
1.01419
1.01353
1.01287
1.0122
1.01152
1.01084
1.01016
1.00946
1.00876
1.00806
1.00735
1.00663
1.0059
1.00517
1.00444
1.00369
1.0029
1.00207
1.00122
1.01927
1.01865
1.01803
1.01741
1.01677
1.01614
1.01549
1.01484
1.01419
1.01353
1.01287
1.0122
1.01152
1.01084
1.01016
1.00946
1.00876
1.00806
1.00735
1.00663
1.0059
1.00517
1.00444
1.00369
1.0029
1.00207
1.00122
1.01927
1.01865
1.01803
1.01741
1.01677
1.01614
1.01549
1.01484
1.01419
1.01353
1.01287
1.0122
1.01152
1.01084
1.01016
1.00946
1.00876
1.00806
1.00735
1.00663
1.0059
1.00517
1.00444
1.00369
1.0029
1.00207
1.00122
1.01927
1.01865
1.01803
1.01741
1.01677
1.01614
1.01549
1.01484
1.01419
1.01353
1.01287
1.0122
1.01152
1.01084
1.01016
1.00946
1.00876
1.00806
1.00735
1.00663
1.0059
1.00517
1.00444
1.00369
1.0029
1.00207
1.00122
1.01927
1.01865
1.01803
1.01741
1.01677
1.01614
1.01549
1.01484
1.01419
1.01353
1.01287
1.0122
1.01152
1.01084
1.01016
1.00946
1.00876
1.00806
1.00735
1.00663
1.0059
1.00517
1.00444
1.00369
1.0029
1.00207
1.00122
1.01927
1.01865
1.01803
1.01741
1.01677
1.01614
1.01549
1.01484
1.01419
1.01353
1.01287
1.0122
1.01152
1.01084
1.01016
1.00946
1.00876
1.00806
1.00735
1.00663
1.0059
1.00517
1.00444
1.00369
1.0029
1.00207
1.00122
1.01927
1.01865
1.01803
1.01741
1.01677
1.01614
1.01549
1.01484
1.01419
1.01353
1.01287
1.0122
1.01152
1.01084
1.01016
1.00946
1.00876
1.00806
1.00735
1.00663
1.0059
1.00517
1.00444
1.00369
1.0029
1.00207
1.00122
1.01927
1.01865
1.01803
1.01741
1.01677
1.01614
1.01549
1.01484
1.01419
1.01353
1.01287
1.0122
1.01152
1.01084
1.01016
1.00946
1.00876
1.00806
1.00735
1.00663
1.0059
1.00517
1.00444
1.00369
1.0029
1.00207
1.00122
1.01927
1.01865
1.01803
1.01741
1.01677
1.01614
1.01549
1.01484
1.01419
1.01353
1.01287
1.0122
1.01152
1.01084
1.01016
1.00946
1.00876
1.00806
1.00735
1.00663
1.0059
1.00517
1.00444
1.00369
1.0029
1.00207
1.00122
1.01927
1.01865
1.01803
1.01741
1.01677
1.01614
1.01549
1.01484
1.01419
1.01353
1.01287
1.0122
1.01152
1.01084
1.01016
1.00946
1.00876
1.00806
1.00735
1.00663
1.0059
1.00517
1.00444
1.00369
1.0029
1.00207
1.00122
1.01927
1.01865
1.01803
1.01741
1.01677
1.01614
1.01549
1.01484
1.01419
1.01353
1.01287
1.0122
1.01152
1.01084
1.01016
1.00946
1.00876
1.00806
1.00735
1.00663
1.0059
1.00517
1.00444
1.00369
1.0029
1.00207
1.00122
1.01927
1.01865
1.01803
1.01741
1.01677
1.01614
1.01549
1.01484
1.01419
1.01353
1.01287
1.0122
1.01152
1.01084
1.01016
1.00946
1.00876
1.00806
1.00735
1.00663
1.0059
1.00517
1.00444
1.00369
1.0029
1.00207
1.00122
1.01927
1.01865
1.01803
1.01741
1.01677
1.01614
1.01549
1.01484
1.01419
1.01353
1.01287
1.0122
1.01152
1.01084
1.01016
1.00946
1.00876
1.00806
1.00735
1.00663
1.0059
1.00517
1.00444
1.00369
1.0029
1.00207
1.00122
1.01927
1.01865
1.01803
1.01741
1.01677
1.01614
1.01549
1.01484
1.01419
1.01353
1.01287
1.0122
1.01152
1.01084
1.01016
1.00946
1.00876
1.00806
1.00735
1.00663
1.0059
1.00517
1.00444
1.00369
1.0029
1.00207
1.00122
1.01927
1.01865
1.01803
1.01741
1.01677
1.01614
1.01549
1.01484
1.01419
1.01353
1.01287
1.0122
1.01152
1.01084
1.01016
1.00946
1.00876
1.00806
1.00735
1.00663
1.0059
1.00517
1.00444
1.00369
1.0029
1.00207
1.00122
1.01927
1.01865
1.01803
1.01741
1.01677
1.01614
1.01549
1.01484
1.01419
1.01353
1.01287
1.0122
1.01152
1.01084
1.01016
1.00946
1.00876
1.00806
1.00735
1.00663
1.0059
1.00517
1.00444
1.00369
1.0029
1.00207
1.00122
1.01927
1.01865
1.01803
1.01741
1.01677
1.01614
1.01549
1.01484
1.01419
1.01353
1.01287
1.0122
1.01152
1.01084
1.01016
1.00946
1.00876
1.00806
1.00735
1.00663
1.0059
1.00517
1.00444
1.00369
1.0029
1.00207
1.00122
1.01927
1.01865
1.01803
1.01741
1.01677
1.01614
1.01549
1.01484
1.01419
1.01353
1.01287
1.0122
1.01152
1.01084
1.01016
1.00946
1.00876
1.00806
1.00735
1.00663
1.0059
1.00517
1.00444
1.00369
1.0029
1.00207
1.00122
1.01927
1.01865
1.01803
1.01741
1.01677
1.01614
1.01549
1.01484
1.01419
1.01353
1.01287
1.0122
1.01152
1.01084
1.01016
1.00946
1.00876
1.00806
1.00735
1.00663
1.0059
1.00517
1.00444
1.00369
1.0029
1.00207
1.00122
1.01927
1.01865
1.01803
1.01741
1.01677
1.01614
1.01549
1.01484
1.01419
1.01353
1.01287
1.0122
1.01152
1.01084
1.01016
1.00946
1.00876
1.00806
1.00735
1.00663
1.0059
1.00517
1.00444
1.00369
1.0029
1.00207
1.00122
1.01927
1.01865
1.01803
1.01741
1.01677
1.01614
1.01549
1.01484
1.01419
1.01353
1.01287
1.0122
1.01152
1.01084
1.01016
1.00946
1.00876
1.00806
1.00735
1.00663
1.0059
1.00517
1.00444
1.00369
1.0029
1.00207
1.00122
1.01927
1.01865
1.01803
1.01741
1.01677
1.01614
1.01549
1.01484
1.01419
1.01353
1.01287
1.0122
1.01152
1.01084
1.01016
1.00946
1.00876
1.00806
1.00735
1.00663
1.0059
1.00517
1.00444
1.00369
1.0029
1.00207
1.00122
1.01927
1.01865
1.01803
1.01741
1.01677
1.01614
1.01549
1.01484
1.01419
1.01353
1.01287
1.0122
1.01152
1.01084
1.01016
1.00946
1.00876
1.00806
1.00735
1.00663
1.0059
1.00517
1.00444
1.00369
1.0029
1.00207
1.00122
1.01927
1.01865
1.01803
1.01741
1.01677
1.01614
1.01549
1.01484
1.01419
1.01353
1.01287
1.0122
1.01152
1.01084
1.01016
1.00946
1.00876
1.00806
1.00735
1.00663
1.0059
1.00517
1.00444
1.00369
1.0029
1.00207
1.00122
1.01927
1.01865
1.01803
1.01741
1.01677
1.01614
1.01549
1.01484
1.01419
1.01353
1.01287
1.0122
1.01152
1.01084
1.01016
1.00946
1.00876
1.00806
1.00735
1.00663
1.0059
1.00517
1.00444
1.00369
1.0029
1.00207
1.00122
1.01927
1.01865
1.01803
1.01741
1.01677
1.01614
1.01549
1.01484
1.01419
1.01353
1.01287
1.0122
1.01152
1.01084
1.01016
1.00946
1.00876
1.00806
1.00735
1.00663
1.0059
1.00517
1.00444
1.00369
1.0029
1.00207
1.00122
1.01927
1.01865
1.01803
1.01741
1.01677
1.01614
1.01549
1.01484
1.01419
1.01353
1.01287
1.0122
1.01152
1.01084
1.01016
1.00946
1.00876
1.00806
1.00735
1.00663
1.0059
1.00517
1.00444
1.00369
1.0029
1.00207
1.00122
1.01927
1.01865
1.01803
1.01741
1.01677
1.01614
1.01549
1.01484
1.01419
1.01353
1.01287
1.0122
1.01152
1.01084
1.01016
1.00946
1.00876
1.00806
1.00735
1.00663
1.0059
1.00517
1.00444
1.00369
1.0029
1.00207
1.00122
1.01927
1.01865
1.01803
1.01741
1.01677
1.01614
1.01549
1.01484
1.01419
1.01353
1.01287
1.0122
1.01152
1.01084
1.01016
1.00946
1.00876
1.00806
1.00735
1.00663
1.0059
1.00517
1.00444
1.00369
1.0029
1.00207
1.00122
1.01927
1.01865
1.01803
1.01741
1.01677
1.01614
1.01549
1.01484
1.01419
1.01353
1.01287
1.0122
1.01152
1.01084
1.01016
1.00946
1.00876
1.00806
1.00735
1.00663
1.0059
1.00517
1.00444
1.00369
1.0029
1.00207
1.00122
1.01927
1.01865
1.01803
1.01741
1.01677
1.01614
1.01549
1.01484
1.01419
1.01353
1.01287
1.0122
1.01152
1.01084
1.01016
1.00946
1.00876
1.00806
1.00735
1.00663
1.0059
1.00517
1.00444
1.00369
1.0029
1.00207
1.00122
1.01927
1.01865
1.01803
1.01741
1.01677
1.01614
1.01549
1.01484
1.01419
1.01353
1.01287
1.0122
1.01152
1.01084
1.01016
1.00946
1.00876
1.00806
1.00735
1.00663
1.0059
1.00517
1.00444
1.00369
1.0029
1.00207
1.00122
1.01927
1.01865
1.01803
1.01741
1.01677
1.01614
1.01549
1.01484
1.01419
1.01353
1.01287
1.0122
1.01152
1.01084
1.01016
1.00946
1.00876
1.00806
1.00735
1.00663
1.0059
1.00517
1.00444
1.00369
1.0029
1.00207
1.00122
1.01927
1.01865
1.01803
1.01741
1.01677
1.01614
1.01549
1.01484
1.01419
1.01353
1.01287
1.0122
1.01152
1.01084
1.01016
1.00946
1.00876
1.00806
1.00735
1.00663
1.0059
1.00517
1.00444
1.00369
1.0029
1.00207
1.00122
1.01927
1.01865
1.01803
1.01741
1.01677
1.01614
1.01549
1.01484
1.01419
1.01353
1.01287
1.0122
1.01152
1.01084
1.01016
1.00946
1.00876
1.00806
1.00735
1.00663
1.0059
1.00517
1.00444
1.00369
1.0029
1.00207
1.00122
1.01927
1.01865
1.01803
1.01741
1.01677
1.01614
1.01549
1.01484
1.01419
1.01353
1.01287
1.0122
1.01152
1.01084
1.01016
1.00946
1.00876
1.00806
1.00735
1.00663
1.0059
1.00517
1.00444
1.00369
1.0029
1.00207
1.00122
1.01865
1.01803
1.01741
1.01677
1.01614
1.01549
1.01484
1.01419
1.01353
1.01287
1.0122
1.01152
1.01084
1.01016
1.00946
1.00876
1.00806
1.00735
1.00663
1.0059
1.00517
1.00444
1.00369
1.0029
1.00207
1.00122
1.01865
1.01803
1.01741
1.01677
1.01614
1.01549
1.01484
1.01419
1.01353
1.01287
1.0122
1.01152
1.01084
1.01016
1.00946
1.00876
1.00806
1.00735
1.00663
1.0059
1.00517
1.00444
1.00369
1.0029
1.00207
1.00122
1.01865
1.01803
1.01741
1.01677
1.01614
1.01549
1.01484
1.01419
1.01353
1.01287
1.0122
1.01152
1.01084
1.01016
1.00946
1.00876
1.00806
1.00735
1.00663
1.0059
1.00517
1.00444
1.00369
1.0029
1.00207
1.00122
1.01865
1.01803
1.01741
1.01677
1.01614
1.01549
1.01484
1.01419
1.01353
1.01287
1.0122
1.01152
1.01084
1.01016
1.00946
1.00876
1.00806
1.00735
1.00663
1.0059
1.00517
1.00444
1.00369
1.0029
1.00207
1.00122
1.01865
1.01803
1.01741
1.01677
1.01614
1.01549
1.01484
1.01419
1.01353
1.01287
1.0122
1.01152
1.01084
1.01016
1.00946
1.00876
1.00806
1.00735
1.00663
1.0059
1.00517
1.00444
1.00369
1.0029
1.00207
1.00122
1.01865
1.01803
1.01741
1.01677
1.01614
1.01549
1.01484
1.01419
1.01353
1.01287
1.0122
1.01152
1.01084
1.01016
1.00946
1.00876
1.00806
1.00735
1.00663
1.0059
1.00517
1.00444
1.00369
1.0029
1.00207
1.00122
1.01865
1.01803
1.01741
1.01677
1.01614
1.01549
1.01484
1.01419
1.01353
1.01287
1.0122
1.01152
1.01084
1.01016
1.00946
1.00876
1.00806
1.00735
1.00663
1.0059
1.00517
1.00444
1.00369
1.0029
1.00207
1.00122
1.01865
1.01803
1.01741
1.01677
1.01614
1.01549
1.01484
1.01419
1.01353
1.01287
1.0122
1.01152
1.01084
1.01016
1.00946
1.00876
1.00806
1.00735
1.00663
1.0059
1.00517
1.00444
1.00369
1.0029
1.00207
1.00122
1.01865
1.01803
1.01741
1.01677
1.01614
1.01549
1.01484
1.01419
1.01353
1.01287
1.0122
1.01152
1.01084
1.01016
1.00946
1.00876
1.00806
1.00735
1.00663
1.0059
1.00517
1.00444
1.00369
1.0029
1.00207
1.00122
1.01865
1.01803
1.01741
1.01677
1.01614
1.01549
1.01484
1.01419
1.01353
1.01287
1.0122
1.01152
1.01084
1.01016
1.00946
1.00876
1.00806
1.00735
1.00663
1.0059
1.00517
1.00444
1.00369
1.0029
1.00207
1.00122
1.01865
1.01803
1.01741
1.01677
1.01614
1.01549
1.01484
1.01419
1.01353
1.01287
1.0122
1.01152
1.01084
1.01016
1.00946
1.00876
1.00806
1.00735
1.00663
1.0059
1.00517
1.00444
1.00369
1.0029
1.00207
1.00122
1.01865
1.01803
1.01741
1.01677
1.01614
1.01549
1.01484
1.01419
1.01353
1.01287
1.0122
1.01152
1.01084
1.01016
1.00946
1.00876
1.00806
1.00735
1.00663
1.0059
1.00517
1.00444
1.00369
1.0029
1.00207
1.00122
1.01865
1.01803
1.01741
1.01677
1.01614
1.01549
1.01484
1.01419
1.01353
1.01287
1.0122
1.01152
1.01084
1.01016
1.00946
1.00876
1.00806
1.00735
1.00663
1.0059
1.00517
1.00444
1.00369
1.0029
1.00207
1.00122
1.01865
1.01803
1.01741
1.01677
1.01614
1.01549
1.01484
1.01419
1.01353
1.01287
1.0122
1.01152
1.01084
1.01016
1.00946
1.00876
1.00806
1.00735
1.00663
1.0059
1.00517
1.00444
1.00369
1.0029
1.00207
1.00122
1.01865
1.01803
1.01741
1.01677
1.01614
1.01549
1.01484
1.01419
1.01353
1.01287
1.0122
1.01152
1.01084
1.01016
1.00946
1.00876
1.00806
1.00735
1.00663
1.0059
1.00517
1.00444
1.00369
1.0029
1.00207
1.00122
1.01865
1.01803
1.01741
1.01677
1.01614
1.01549
1.01484
1.01419
1.01353
1.01287
1.0122
1.01152
1.01084
1.01016
1.00946
1.00876
1.00806
1.00735
1.00663
1.0059
1.00517
1.00444
1.00369
1.0029
1.00207
1.00122
1.01865
1.01803
1.01741
1.01677
1.01614
1.01549
1.01484
1.01419
1.01353
1.01287
1.0122
1.01152
1.01084
1.01016
1.00946
1.00876
1.00806
1.00735
1.00663
1.0059
1.00517
1.00444
1.00369
1.0029
1.00207
1.00122
1.01865
1.01803
1.01741
1.01677
1.01614
1.01549
1.01484
1.01419
1.01353
1.01287
1.0122
1.01152
1.01084
1.01016
1.00946
1.00876
1.00806
1.00735
1.00663
1.0059
1.00517
1.00444
1.00369
1.0029
1.00207
1.00122
1.01865
1.01803
1.01741
1.01677
1.01614
1.01549
1.01484
1.01419
1.01353
1.01287
1.0122
1.01152
1.01084
1.01016
1.00946
1.00876
1.00806
1.00735
1.00663
1.0059
1.00517
1.00444
1.00369
1.0029
1.00207
1.00122
1.01865
1.01803
1.01741
1.01677
1.01614
1.01549
1.01484
1.01419
1.01353
1.01287
1.0122
1.01152
1.01084
1.01016
1.00946
1.00876
1.00806
1.00735
1.00663
1.0059
1.00517
1.00444
1.00369
1.0029
1.00207
1.00122
1.01865
1.01803
1.01741
1.01677
1.01614
1.01549
1.01484
1.01419
1.01353
1.01287
1.0122
1.01152
1.01084
1.01016
1.00946
1.00876
1.00806
1.00735
1.00663
1.0059
1.00517
1.00444
1.00369
1.0029
1.00207
1.00122
1.01865
1.01803
1.01741
1.01677
1.01614
1.01549
1.01484
1.01419
1.01353
1.01287
1.0122
1.01152
1.01084
1.01016
1.00946
1.00876
1.00806
1.00735
1.00663
1.0059
1.00517
1.00444
1.00369
1.0029
1.00207
1.00122
1.01865
1.01803
1.01741
1.01677
1.01614
1.01549
1.01484
1.01419
1.01353
1.01287
1.0122
1.01152
1.01084
1.01016
1.00946
1.00876
1.00806
1.00735
1.00663
1.0059
1.00517
1.00444
1.00369
1.0029
1.00207
1.00122
1.01865
1.01803
1.01741
1.01677
1.01614
1.01549
1.01484
1.01419
1.01353
1.01287
1.0122
1.01152
1.01084
1.01016
1.00946
1.00876
1.00806
1.00735
1.00663
1.0059
1.00517
1.00444
1.00369
1.0029
1.00207
1.00122
1.01865
1.01803
1.01741
1.01677
1.01614
1.01549
1.01484
1.01419
1.01353
1.01287
1.0122
1.01152
1.01084
1.01016
1.00946
1.00876
1.00806
1.00735
1.00663
1.0059
1.00517
1.00444
1.00369
1.0029
1.00207
1.00122
1.01865
1.01803
1.01741
1.01677
1.01614
1.01549
1.01484
1.01419
1.01353
1.01287
1.0122
1.01152
1.01084
1.01016
1.00946
1.00876
1.00806
1.00735
1.00663
1.0059
1.00517
1.00444
1.00369
1.0029
1.00207
1.00122
1.01865
1.01803
1.01741
1.01677
1.01614
1.01549
1.01484
1.01419
1.01353
1.01287
1.0122
1.01152
1.01084
1.01016
1.00946
1.00876
1.00806
1.00735
1.00663
1.0059
1.00517
1.00444
1.00369
1.0029
1.00207
1.00122
1.01865
1.01803
1.01741
1.01677
1.01614
1.01549
1.01484
1.01419
1.01353
1.01287
1.0122
1.01152
1.01084
1.01016
1.00946
1.00876
1.00806
1.00735
1.00663
1.0059
1.00517
1.00444
1.00369
1.0029
1.00207
1.00122
1.01865
1.01803
1.01741
1.01677
1.01614
1.01549
1.01484
1.01419
1.01353
1.01287
1.0122
1.01152
1.01084
1.01016
1.00946
1.00876
1.00806
1.00735
1.00663
1.0059
1.00517
1.00444
1.00369
1.0029
1.00207
1.00122
1.01865
1.01803
1.01741
1.01677
1.01614
1.01549
1.01484
1.01419
1.01353
1.01287
1.0122
1.01152
1.01084
1.01016
1.00946
1.00876
1.00806
1.00735
1.00663
1.0059
1.00517
1.00444
1.00369
1.0029
1.00207
1.00122
1.01865
1.01803
1.01741
1.01677
1.01614
1.01549
1.01484
1.01419
1.01353
1.01287
1.0122
1.01152
1.01084
1.01016
1.00946
1.00876
1.00806
1.00735
1.00663
1.0059
1.00517
1.00444
1.00369
1.0029
1.00207
1.00122
1.01865
1.01803
1.01741
1.01677
1.01614
1.01549
1.01484
1.01419
1.01353
1.01287
1.0122
1.01152
1.01084
1.01016
1.00946
1.00876
1.00806
1.00735
1.00663
1.0059
1.00517
1.00444
1.00369
1.0029
1.00207
1.00122
1.01865
1.01803
1.01741
1.01677
1.01614
1.01549
1.01484
1.01419
1.01353
1.01287
1.0122
1.01152
1.01084
1.01016
1.00946
1.00876
1.00806
1.00735
1.00663
1.0059
1.00517
1.00444
1.00369
1.0029
1.00207
1.00122
1.01865
1.01803
1.01741
1.01677
1.01614
1.01549
1.01484
1.01419
1.01353
1.01287
1.0122
1.01152
1.01084
1.01016
1.00946
1.00876
1.00806
1.00735
1.00663
1.0059
1.00517
1.00444
1.00369
1.0029
1.00207
1.00122
1.01865
1.01803
1.01741
1.01677
1.01614
1.01549
1.01484
1.01419
1.01353
1.01287
1.0122
1.01152
1.01084
1.01016
1.00946
1.00876
1.00806
1.00735
1.00663
1.0059
1.00517
1.00444
1.00369
1.0029
1.00207
1.00122
1.01865
1.01803
1.01741
1.01677
1.01614
1.01549
1.01484
1.01419
1.01353
1.01287
1.0122
1.01152
1.01084
1.01016
1.00946
1.00876
1.00806
1.00735
1.00663
1.0059
1.00517
1.00444
1.00369
1.0029
1.00207
1.00122
1.01865
1.01803
1.01741
1.01677
1.01614
1.01549
1.01484
1.01419
1.01353
1.01287
1.0122
1.01152
1.01084
1.01016
1.00946
1.00876
1.00806
1.00735
1.00663
1.0059
1.00517
1.00444
1.00369
1.0029
1.00207
1.00122
1.01865
1.01803
1.01741
1.01677
1.01614
1.01549
1.01484
1.01419
1.01353
1.01287
1.0122
1.01152
1.01084
1.01016
1.00946
1.00876
1.00806
1.00735
1.00663
1.0059
1.00517
1.00444
1.00369
1.0029
1.00207
1.00122
1.01865
1.01803
1.01741
1.01677
1.01614
1.01549
1.01484
1.01419
1.01353
1.01287
1.0122
1.01152
1.01084
1.01016
1.00946
1.00876
1.00806
1.00735
1.00663
1.0059
1.00517
1.00444
1.00369
1.0029
1.00207
1.00122
1.01865
1.01803
1.01741
1.01677
1.01614
1.01549
1.01484
1.01419
1.01353
1.01287
1.0122
1.01152
1.01084
1.01016
1.00946
1.00876
1.00806
1.00735
1.00663
1.0059
1.00517
1.00444
1.00369
1.0029
1.00207
1.00122
1.01865
1.01803
1.01741
1.01677
1.01614
1.01549
1.01484
1.01419
1.01353
1.01287
1.0122
1.01152
1.01084
1.01016
1.00946
1.00876
1.00806
1.00735
1.00663
1.0059
1.00517
1.00444
1.00369
1.0029
1.00207
1.00122
1.01865
1.01803
1.01741
1.01677
1.01614
1.01549
1.01484
1.01419
1.01353
1.01287
1.0122
1.01152
1.01084
1.01016
1.00946
1.00876
1.00806
1.00735
1.00663
1.0059
1.00517
1.00444
1.00369
1.0029
1.00207
1.00122
1.01865
1.01803
1.01741
1.01677
1.01614
1.01549
1.01484
1.01419
1.01353
1.01287
1.0122
1.01152
1.01084
1.01016
1.00946
1.00876
1.00806
1.00735
1.00663
1.0059
1.00517
1.00444
1.00369
1.0029
1.00207
1.00122
1.01865
1.01803
1.01741
1.01677
1.01614
1.01549
1.01484
1.01419
1.01353
1.01287
1.0122
1.01152
1.01084
1.01016
1.00946
1.00876
1.00806
1.00735
1.00663
1.0059
1.00517
1.00444
1.00369
1.0029
1.00207
1.00122
1.01865
1.01803
1.01741
1.01677
1.01614
1.01549
1.01484
1.01419
1.01353
1.01287
1.0122
1.01152
1.01084
1.01016
1.00946
1.00876
1.00806
1.00735
1.00663
1.0059
1.00517
1.00444
1.00369
1.0029
1.00207
1.00122
1.01865
1.01803
1.01741
1.01677
1.01614
1.01549
1.01484
1.01419
1.01353
1.01287
1.0122
1.01152
1.01084
1.01016
1.00946
1.00876
1.00806
1.00735
1.00663
1.0059
1.00517
1.00444
1.00369
1.0029
1.00207
1.00122
1.01865
1.01803
1.01741
1.01677
1.01614
1.01549
1.01484
1.01419
1.01353
1.01287
1.0122
1.01152
1.01084
1.01016
1.00946
1.00876
1.00806
1.00735
1.00663
1.0059
1.00517
1.00444
1.00369
1.0029
1.00207
1.00122
1.01865
1.01803
1.01741
1.01677
1.01614
1.01549
1.01484
1.01419
1.01353
1.01287
1.0122
1.01152
1.01084
1.01016
1.00946
1.00876
1.00806
1.00735
1.00663
1.0059
1.00517
1.00444
1.00369
1.0029
1.00207
1.00122
1.01865
1.01803
1.01741
1.01677
1.01614
1.01549
1.01484
1.01419
1.01353
1.01287
1.0122
1.01152
1.01084
1.01016
1.00946
1.00876
1.00806
1.00735
1.00663
1.0059
1.00517
1.00444
1.00369
1.0029
1.00207
1.00122
1.01865
1.01803
1.01741
1.01677
1.01614
1.01549
1.01484
1.01419
1.01353
1.01287
1.0122
1.01152
1.01084
1.01016
1.00946
1.00876
1.00806
1.00735
1.00663
1.0059
1.00517
1.00444
1.00369
1.0029
1.00207
1.00122
1.01865
1.01803
1.01741
1.01677
1.01614
1.01549
1.01484
1.01419
1.01353
1.01287
1.0122
1.01152
1.01084
1.01016
1.00946
1.00876
1.00806
1.00735
1.00663
1.0059
1.00517
1.00444
1.00369
1.0029
1.00207
1.00122
1.01865
1.01803
1.01741
1.01677
1.01614
1.01549
1.01484
1.01419
1.01353
1.01287
1.0122
1.01152
1.01084
1.01016
1.00946
1.00876
1.00806
1.00735
1.00663
1.0059
1.00517
1.00444
1.00369
1.0029
1.00207
1.00122
1.01865
1.01803
1.01741
1.01677
1.01614
1.01549
1.01484
1.01419
1.01353
1.01287
1.0122
1.01152
1.01084
1.01016
1.00946
1.00876
1.00806
1.00735
1.00663
1.0059
1.00517
1.00444
1.00369
1.0029
1.00207
1.00122
1.01865
1.01803
1.01741
1.01677
1.01614
1.01549
1.01484
1.01419
1.01353
1.01287
1.0122
1.01152
1.01084
1.01016
1.00946
1.00876
1.00806
1.00735
1.00663
1.0059
1.00517
1.00444
1.00369
1.0029
1.00207
1.00122
1.01865
1.01803
1.01741
1.01677
1.01614
1.01549
1.01484
1.01419
1.01353
1.01287
1.0122
1.01152
1.01084
1.01016
1.00946
1.00876
1.00806
1.00735
1.00663
1.0059
1.00517
1.00444
1.00369
1.0029
1.00207
1.00122
1.01865
1.01803
1.01741
1.01677
1.01614
1.01549
1.01484
1.01419
1.01353
1.01287
1.0122
1.01152
1.01084
1.01016
1.00946
1.00876
1.00806
1.00735
1.00663
1.0059
1.00517
1.00444
1.00369
1.0029
1.00207
1.00122
1.01865
1.01803
1.01741
1.01677
1.01614
1.01549
1.01484
1.01419
1.01353
1.01287
1.0122
1.01152
1.01084
1.01016
1.00946
1.00876
1.00806
1.00735
1.00663
1.0059
1.00517
1.00444
1.00369
1.0029
1.00207
1.00122
1.01865
1.01803
1.01741
1.01677
1.01614
1.01549
1.01484
1.01419
1.01353
1.01287
1.0122
1.01152
1.01084
1.01016
1.00946
1.00876
1.00806
1.00735
1.00663
1.0059
1.00517
1.00444
1.00369
1.0029
1.00207
1.00122
1.01865
1.01803
1.01741
1.01677
1.01614
1.01549
1.01484
1.01419
1.01353
1.01287
1.0122
1.01152
1.01084
1.01016
1.00946
1.00876
1.00806
1.00735
1.00663
1.0059
1.00517
1.00444
1.00369
1.0029
1.00207
1.00122
1.01865
1.01803
1.01741
1.01677
1.01614
1.01549
1.01484
1.01419
1.01353
1.01287
1.0122
1.01152
1.01084
1.01016
1.00946
1.00876
1.00806
1.00735
1.00663
1.0059
1.00517
1.00444
1.00369
1.0029
1.00207
1.00122
)
;

boundaryField
{
    inlet
    {
        type            fixedValue;
        value           nonuniform 0();
    }
    outlet
    {
        type            zeroGradient;
    }
    triangle
    {
        type            zeroGradient;
    }
    top
    {
        type            symmetryPlane;
    }
    bottom
    {
        type            symmetryPlane;
    }
    defaultFaces
    {
        type            empty;
    }
    procBoundary1to0
    {
        type            processor;
        value           nonuniform List<scalar> 
122
(
1.01927
1.01988
1.01988
1.01988
1.01988
1.01988
1.01988
1.01988
1.01988
1.01988
1.01988
1.01988
1.01988
1.01988
1.01988
1.01988
1.01988
1.01988
1.01988
1.01988
1.01988
1.01988
1.01988
1.01988
1.01988
1.01988
1.01988
1.01988
1.01988
1.01988
1.01988
1.01988
1.01988
1.01988
1.01988
1.01988
1.01988
1.01988
1.01988
1.01988
1.01988
1.01988
1.01988
1.01988
1.01988
1.01988
1.01988
1.01988
1.01988
1.01988
1.01988
1.01988
1.01988
1.01988
1.01988
1.01988
1.01988
1.01988
1.01988
1.01988
1.01988
1.01927
1.01927
1.01927
1.01927
1.01927
1.01927
1.01927
1.01927
1.01927
1.01927
1.01927
1.01927
1.01927
1.01927
1.01927
1.01927
1.01927
1.01927
1.01927
1.01927
1.01927
1.01927
1.01927
1.01927
1.01927
1.01927
1.01927
1.01927
1.01927
1.01927
1.01927
1.01927
1.01927
1.01927
1.01927
1.01927
1.01927
1.01927
1.01927
1.01927
1.01927
1.01927
1.01927
1.01927
1.01927
1.01927
1.01927
1.01927
1.01927
1.01927
1.01927
1.01927
1.01927
1.01927
1.01927
1.01927
1.01927
1.01927
1.01927
1.01927
1.01927
)
;
    }
    procBoundary1to2
    {
        type            processor;
        value           nonuniform List<scalar> 
121
(
1.00049
1.00049
1.00049
1.00049
1.00049
1.00049
1.00049
1.00049
1.00049
1.00049
1.00049
1.00049
1.00049
1.00049
1.00049
1.00049
1.00049
1.00049
1.00049
1.00049
1.00049
1.00049
1.00049
1.00049
1.00049
1.00049
1.00049
1.00049
1.00049
1.00049
1.00049
1.00049
1.00049
1.00049
1.00049
1.00049
1.00049
1.00049
1.00049
1.00049
1.00049
1.00049
1.00049
1.00049
1.00049
1.00049
1.00049
1.00049
1.00049
1.00049
1.00049
1.00049
1.00049
1.00049
1.00049
1.00049
1.00049
1.00049
1.00049
1.00049
1.00049
1.00049
1.00049
1.00049
1.00049
1.00049
1.00049
1.00049
1.00049
1.00049
1.00049
1.00049
1.00049
1.00049
1.00049
1.00049
1.00049
1.00049
1.00049
1.00049
1.00049
1.00049
1.00049
1.00049
1.00049
1.00049
1.00049
1.00049
1.00049
1.00049
1.00049
1.00049
1.00049
1.00049
1.00049
1.00049
1.00049
1.00049
1.00049
1.00049
1.00049
1.00049
1.00049
1.00049
1.00049
1.00049
1.00049
1.00049
1.00049
1.00049
1.00049
1.00049
1.00049
1.00049
1.00049
1.00049
1.00049
1.00049
1.00049
1.00049
1.00049
)
;
    }
    procBoundary1to8
    {
        type            processor;
        value           uniform 1.01927;
    }
    procBoundary1to9
    {
        type            processor;
        value           nonuniform List<scalar> 
28
(
1.00663
1.0059
1.00517
1.00444
1.00369
1.0029
1.00207
1.00122
1.00049
1.01865
1.01803
1.01741
1.01677
1.01614
1.01549
1.01484
1.01419
1.01353
1.01287
1.0122
1.01152
1.01084
1.01016
1.00946
1.00876
1.00806
1.00663
1.00735
)
;
    }
    procBoundary1to10
    {
        type            processor;
        value           uniform 1.0001;
    }
}


// ************************************************************************* //
