/*--------------------------------*- C++ -*----------------------------------*\
  =========                 |
  \\      /  F ield         | OpenFOAM: The Open Source CFD Toolbox
   \\    /   O peration     | Website:  https://openfoam.org
    \\  /    A nd           | Version:  7
     \\/     M anipulation  |
\*---------------------------------------------------------------------------*/
FoamFile
{
    version     2.0;
    format      ascii;
    class       labelList;
    location    "constant/polyMesh";
    object      pointProcAddressing;
}
// * * * * * * * * * * * * * * * * * * * * * * * * * * * * * * * * * * * * * //


6746
(
63335
63336
63337
63338
63339
63340
63341
63342
63343
63344
63345
63346
63347
73055
73056
73057
73058
73059
73060
73061
73062
73063
73064
73065
73066
73067
174573
174574
174575
174576
174577
174578
174579
174580
174581
174582
174583
174584
174585
174586
174587
174588
174589
174590
174591
174592
174593
174594
174595
174596
174597
174598
174599
174600
174654
174655
174656
174657
174658
174659
174660
174661
174662
174663
174664
174665
174666
174667
174668
174669
174670
174671
174672
174673
174674
174675
174676
174677
174678
174679
174680
174681
174735
174736
174737
174738
174739
174740
174741
174742
174743
174744
174745
174746
174747
174748
174749
174750
174751
174752
174753
174754
174755
174756
174757
174758
174759
174760
174761
174762
174816
174817
174818
174819
174820
174821
174822
174823
174824
174825
174826
174827
174828
174829
174830
174831
174832
174833
174834
174835
174836
174837
174838
174839
174840
174841
174842
174843
174897
174898
174899
174900
174901
174902
174903
174904
174905
174906
174907
174908
174909
174910
174911
174912
174913
174914
174915
174916
174917
174918
174919
174920
174921
174922
174923
174924
174978
174979
174980
174981
174982
174983
174984
174985
174986
174987
174988
174989
174990
174991
174992
174993
174994
174995
174996
174997
174998
174999
175000
175001
175002
175003
175004
175005
175059
175060
175061
175062
175063
175064
175065
175066
175067
175068
175069
175070
175071
175072
175073
175074
175075
175076
175077
175078
175079
175080
175081
175082
175083
175084
175085
175086
175140
175141
175142
175143
175144
175145
175146
175147
175148
175149
175150
175151
175152
175153
175154
175155
175156
175157
175158
175159
175160
175161
175162
175163
175164
175165
175166
175167
175221
175222
175223
175224
175225
175226
175227
175228
175229
175230
175231
175232
175233
175234
175235
175236
175237
175238
175239
175240
175241
175242
175243
175244
175245
175246
175247
175248
175302
175303
175304
175305
175306
175307
175308
175309
175310
175311
175312
175313
175314
175315
175316
175317
175318
175319
175320
175321
175322
175323
175324
175325
175326
175327
175328
175329
175383
175384
175385
175386
175387
175388
175389
175390
175391
175392
175393
175394
175395
175396
175397
175398
175399
175400
175401
175402
175403
175404
175405
175406
175407
175408
175409
175410
175464
175465
175466
175467
175468
175469
175470
175471
175472
175473
175474
175475
175476
175477
175478
175479
175480
175481
175482
175483
175484
175485
175486
175487
175488
175489
175490
175491
175545
175546
175547
175548
175549
175550
175551
175552
175553
175554
175555
175556
175557
175558
175559
175560
175561
175562
175563
175564
175565
175566
175567
175568
175569
175570
175571
175572
175626
175627
175628
175629
175630
175631
175632
175633
175634
175635
175636
175637
175638
175639
175640
175641
175642
175643
175644
175645
175646
175647
175648
175649
175650
175651
175652
175653
175707
175708
175709
175710
175711
175712
175713
175714
175715
175716
175717
175718
175719
175720
175721
175722
175723
175724
175725
175726
175727
175728
175729
175730
175731
175732
175733
175734
175788
175789
175790
175791
175792
175793
175794
175795
175796
175797
175798
175799
175800
175801
175802
175803
175804
175805
175806
175807
175808
175809
175810
175811
175812
175813
175814
175815
175869
175870
175871
175872
175873
175874
175875
175876
175877
175878
175879
175880
175881
175882
175883
175884
175885
175886
175887
175888
175889
175890
175891
175892
175893
175894
175895
175896
175950
175951
175952
175953
175954
175955
175956
175957
175958
175959
175960
175961
175962
175963
175964
175965
175966
175967
175968
175969
175970
175971
175972
175973
175974
175975
175976
175977
176031
176032
176033
176034
176035
176036
176037
176038
176039
176040
176041
176042
176043
176044
176045
176046
176047
176048
176049
176050
176051
176052
176053
176054
176055
176056
176057
176058
176112
176113
176114
176115
176116
176117
176118
176119
176120
176121
176122
176123
176124
176125
176126
176127
176128
176129
176130
176131
176132
176133
176134
176135
176136
176137
176138
176139
176193
176194
176195
176196
176197
176198
176199
176200
176201
176202
176203
176204
176205
176206
176207
176208
176209
176210
176211
176212
176213
176214
176215
176216
176217
176218
176219
176220
176274
176275
176276
176277
176278
176279
176280
176281
176282
176283
176284
176285
176286
176287
176288
176289
176290
176291
176292
176293
176294
176295
176296
176297
176298
176299
176300
176301
176355
176356
176357
176358
176359
176360
176361
176362
176363
176364
176365
176366
176367
176368
176369
176370
176371
176372
176373
176374
176375
176376
176377
176378
176379
176380
176381
176382
176436
176437
176438
176439
176440
176441
176442
176443
176444
176445
176446
176447
176448
176449
176450
176451
176452
176453
176454
176455
176456
176457
176458
176459
176460
176461
176462
176463
176517
176518
176519
176520
176521
176522
176523
176524
176525
176526
176527
176528
176529
176530
176531
176532
176533
176534
176535
176536
176537
176538
176539
176540
176541
176542
176543
176544
176598
176599
176600
176601
176602
176603
176604
176605
176606
176607
176608
176609
176610
176611
176612
176613
176614
176615
176616
176617
176618
176619
176620
176621
176622
176623
176624
176625
176679
176680
176681
176682
176683
176684
176685
176686
176687
176688
176689
176690
176691
176692
176693
176694
176695
176696
176697
176698
176699
176700
176701
176702
176703
176704
176705
176706
176760
176761
176762
176763
176764
176765
176766
176767
176768
176769
176770
176771
176772
176773
176774
176775
176776
176777
176778
176779
176780
176781
176782
176783
176784
176785
176786
176787
176841
176842
176843
176844
176845
176846
176847
176848
176849
176850
176851
176852
176853
176854
176855
176856
176857
176858
176859
176860
176861
176862
176863
176864
176865
176866
176867
176868
176922
176923
176924
176925
176926
176927
176928
176929
176930
176931
176932
176933
176934
176935
176936
176937
176938
176939
176940
176941
176942
176943
176944
176945
176946
176947
176948
176949
177003
177004
177005
177006
177007
177008
177009
177010
177011
177012
177013
177014
177015
177016
177017
177018
177019
177020
177021
177022
177023
177024
177025
177026
177027
177028
177029
177030
177084
177085
177086
177087
177088
177089
177090
177091
177092
177093
177094
177095
177096
177097
177098
177099
177100
177101
177102
177103
177104
177105
177106
177107
177108
177109
177110
177111
177165
177166
177167
177168
177169
177170
177171
177172
177173
177174
177175
177176
177177
177178
177179
177180
177181
177182
177183
177184
177185
177186
177187
177188
177189
177190
177191
177192
177246
177247
177248
177249
177250
177251
177252
177253
177254
177255
177256
177257
177258
177259
177260
177261
177262
177263
177264
177265
177266
177267
177268
177269
177270
177271
177272
177273
177327
177328
177329
177330
177331
177332
177333
177334
177335
177336
177337
177338
177339
177340
177341
177342
177343
177344
177345
177346
177347
177348
177349
177350
177351
177352
177353
177354
177408
177409
177410
177411
177412
177413
177414
177415
177416
177417
177418
177419
177420
177421
177422
177423
177424
177425
177426
177427
177428
177429
177430
177431
177432
177433
177434
177435
177489
177490
177491
177492
177493
177494
177495
177496
177497
177498
177499
177500
177501
177502
177503
177504
177505
177506
177507
177508
177509
177510
177511
177512
177513
177514
177515
177516
177570
177571
177572
177573
177574
177575
177576
177577
177578
177579
177580
177581
177582
177583
177584
177585
177586
177587
177588
177589
177590
177591
177592
177593
177594
177595
177596
177597
177651
177652
177653
177654
177655
177656
177657
177658
177659
177660
177661
177662
177663
177664
177665
177666
177667
177668
177669
177670
177671
177672
177673
177674
177675
177676
177677
177678
177732
177733
177734
177735
177736
177737
177738
177739
177740
177741
177742
177743
177744
177745
177746
177747
177748
177749
177750
177751
177752
177753
177754
177755
177756
177757
177758
177759
177813
177814
177815
177816
177817
177818
177819
177820
177821
177822
177823
177824
177825
177826
177827
177828
177829
177830
177831
177832
177833
177834
177835
177836
177837
177838
177839
177840
177894
177895
177896
177897
177898
177899
177900
177901
177902
177903
177904
177905
177906
177907
177908
177909
177910
177911
177912
177913
177914
177915
177916
177917
177918
177919
177920
177921
177975
177976
177977
177978
177979
177980
177981
177982
177983
177984
177985
177986
177987
177988
177989
177990
177991
177992
177993
177994
177995
177996
177997
177998
177999
178000
178001
178002
178056
178057
178058
178059
178060
178061
178062
178063
178064
178065
178066
178067
178068
178069
178070
178071
178072
178073
178074
178075
178076
178077
178078
178079
178080
178081
178082
178083
178137
178138
178139
178140
178141
178142
178143
178144
178145
178146
178147
178148
178149
178150
178151
178152
178153
178154
178155
178156
178157
178158
178159
178160
178161
178162
178163
178164
178218
178219
178220
178221
178222
178223
178224
178225
178226
178227
178228
178229
178230
178231
178232
178233
178234
178235
178236
178237
178238
178239
178240
178241
178242
178243
178244
178245
178299
178300
178301
178302
178303
178304
178305
178306
178307
178308
178309
178310
178311
178312
178313
178314
178315
178316
178317
178318
178319
178320
178321
178322
178323
178324
178325
178326
178380
178381
178382
178383
178384
178385
178386
178387
178388
178389
178390
178391
178392
178393
178394
178395
178396
178397
178398
178399
178400
178401
178402
178403
178404
178405
178406
178407
178461
178462
178463
178464
178465
178466
178467
178468
178469
178470
178471
178472
178473
178474
178475
178476
178477
178478
178479
178480
178481
178482
178483
178484
178485
178486
178487
178488
178542
178543
178544
178545
178546
178547
178548
178549
178550
178551
178552
178553
178554
178555
178556
178557
178558
178559
178560
178561
178562
178563
178564
178565
178566
178567
178568
178569
178623
178624
178625
178626
178627
178628
178629
178630
178631
178632
178633
178634
178635
178636
178637
178638
178639
178640
178641
178642
178643
178644
178645
178646
178647
178648
178649
178650
178704
178705
178706
178707
178708
178709
178710
178711
178712
178713
178714
178715
178716
178717
178718
178719
178720
178721
178722
178723
178724
178725
178726
178727
178728
178729
178730
178731
178785
178786
178787
178788
178789
178790
178791
178792
178793
178794
178795
178796
178797
178798
178799
178800
178801
178802
178803
178804
178805
178806
178807
178808
178809
178810
178811
178812
178866
178867
178868
178869
178870
178871
178872
178873
178874
178875
178876
178877
178878
178879
178880
178881
178882
178883
178884
178885
178886
178887
178888
178889
178890
178891
178892
178893
178947
178948
178949
178950
178951
178952
178953
178954
178955
178956
178957
178958
178959
178960
178961
178962
178963
178964
178965
178966
178967
178968
178969
178970
178971
178972
178973
178974
179028
179029
179030
179031
179032
179033
179034
179035
179036
179037
179038
179039
179040
179041
179042
179043
179044
179045
179046
179047
179048
179049
179050
179051
179052
179053
179054
179055
179109
179110
179111
179112
179113
179114
179115
179116
179117
179118
179119
179120
179121
179122
179123
179124
179125
179126
179127
179128
179129
179130
179131
179132
179133
179134
179135
179136
179190
179191
179192
179193
179194
179195
179196
179197
179198
179199
179200
179201
179202
179203
179204
179205
179206
179207
179208
179209
179210
179211
179212
179213
179214
179215
179216
179217
179271
179272
179273
179274
179275
179276
179277
179278
179279
179280
179281
179282
179283
179284
179285
179286
179287
179288
179289
179290
179291
179292
179293
179294
179295
179296
179297
179298
179352
179353
179354
179355
179356
179357
179358
179359
179360
179361
179362
179363
179364
179365
179366
179367
179368
179369
179370
179371
179372
179373
179374
179375
179376
179377
179378
179379
179433
179434
179435
179436
179437
179438
179439
179440
179441
179442
179443
179444
179445
179446
179447
179448
179449
179450
179451
179452
179453
179454
179455
179456
179457
179458
179459
179460
179514
179515
179516
179517
179518
179519
179520
179521
179522
179523
179524
179525
179526
179527
179528
179529
179530
179531
179532
179533
179534
179535
179536
179537
179538
179539
179540
179541
179595
179596
179597
179598
179599
179600
179601
179602
179603
179604
179605
179606
179607
179608
179609
179610
179611
179612
179613
179614
179615
179616
179617
179618
179619
179620
179621
179622
179676
179677
179678
179679
179680
179681
179682
179683
179684
179685
179686
179687
179688
179689
179690
179691
179692
179693
179694
179695
179696
179697
179698
179699
179700
179701
179702
179703
179757
179758
179759
179760
179761
179762
179763
179764
179765
179766
179767
179768
179769
179770
179771
179772
179773
179774
179775
179776
179777
179778
179779
179780
179781
179782
179783
179784
179838
179839
179840
179841
179842
179843
179844
179845
179846
179847
179848
179849
179850
179851
179852
179853
179854
179855
179856
179857
179858
179859
179860
179861
179862
179863
179864
179865
179919
179920
179921
179922
179923
179924
179925
179926
179927
179928
179929
179930
179931
179932
179933
179934
179935
179936
179937
179938
179939
179940
179941
179942
179943
179944
179945
179946
180000
180001
180002
180003
180004
180005
180006
180007
180008
180009
180010
180011
180012
180013
180014
180015
180016
180017
180018
180019
180020
180021
180022
180023
180024
180025
180026
180027
180081
180082
180083
180084
180085
180086
180087
180088
180089
180090
180091
180092
180093
180094
180095
180096
180097
180098
180099
180100
180101
180102
180103
180104
180105
180106
180107
180108
180162
180163
180164
180165
180166
180167
180168
180169
180170
180171
180172
180173
180174
180175
180176
180177
180178
180179
180180
180181
180182
180183
180184
180185
180186
180187
180188
180189
180243
180244
180245
180246
180247
180248
180249
180250
180251
180252
180253
180254
180255
180256
180257
180258
180259
180260
180261
180262
180263
180264
180265
180266
180267
180268
180269
180270
180324
180325
180326
180327
180328
180329
180330
180331
180332
180333
180334
180335
180336
180337
180338
180339
180340
180341
180342
180343
180344
180345
180346
180347
180348
180349
180350
180351
180405
180406
180407
180408
180409
180410
180411
180412
180413
180414
180415
180416
180417
180418
180419
180420
180421
180422
180423
180424
180425
180426
180427
180428
180429
180430
180431
180432
180486
180487
180488
180489
180490
180491
180492
180493
180494
180495
180496
180497
180498
180499
180500
180501
180502
180503
180504
180505
180506
180507
180508
180509
180510
180511
180512
180513
180567
180568
180569
180570
180571
180572
180573
180574
180575
180576
180577
180578
180579
180580
180581
180582
180583
180584
180585
180586
180587
180588
180589
180590
180591
180592
180593
180594
180648
180649
180650
180651
180652
180653
180654
180655
180656
180657
180658
180659
180660
180661
180662
180663
180664
180665
180666
180667
180668
180669
180670
180671
180672
180673
180674
180675
180729
180730
180731
180732
180733
180734
180735
180736
180737
180738
180739
180740
180741
180742
180743
180744
180745
180746
180747
180748
180749
180750
180751
180752
180753
180754
180755
180756
180810
180811
180812
180813
180814
180815
180816
180817
180818
180819
180820
180821
180822
180823
180824
180825
180826
180827
180828
180829
180830
180831
180832
180833
180834
180835
180836
180837
180891
180892
180893
180894
180895
180896
180897
180898
180899
180900
180901
180902
180903
180904
180905
180906
180907
180908
180909
180910
180911
180912
180913
180914
180915
180916
180917
180918
180972
180973
180974
180975
180976
180977
180978
180979
180980
180981
180982
180983
180984
180985
180986
180987
180988
180989
180990
180991
180992
180993
180994
180995
180996
180997
180998
180999
181053
181054
181055
181056
181057
181058
181059
181060
181061
181062
181063
181064
181065
181066
181067
181068
181069
181070
181071
181072
181073
181074
181075
181076
181077
181078
181079
181080
181134
181135
181136
181137
181138
181139
181140
181141
181142
181143
181144
181145
181146
181147
181148
181149
181150
181151
181152
181153
181154
181155
181156
181157
181158
181159
181160
181161
181215
181216
181217
181218
181219
181220
181221
181222
181223
181224
181225
181226
181227
181228
181229
181230
181231
181232
181233
181234
181235
181236
181237
181238
181239
181240
181241
181242
181296
181297
181298
181299
181300
181301
181302
181303
181304
181305
181306
181307
181308
181309
181310
181311
181312
181313
181314
181315
181316
181317
181318
181319
181320
181321
181322
181323
181377
181378
181379
181380
181381
181382
181383
181384
181385
181386
181387
181388
181389
181390
181391
181392
181393
181394
181395
181396
181397
181398
181399
181400
181401
181402
181403
181404
181458
181459
181460
181461
181462
181463
181464
181465
181466
181467
181468
181469
181470
181471
181472
181473
181474
181475
181476
181477
181478
181479
181480
181481
181482
181483
181484
181485
181539
181540
181541
181542
181543
181544
181545
181546
181547
181548
181549
181550
181551
181552
181553
181554
181555
181556
181557
181558
181559
181560
181561
181562
181563
181564
181565
181566
181620
181621
181622
181623
181624
181625
181626
181627
181628
181629
181630
181631
181632
181633
181634
181635
181636
181637
181638
181639
181640
181641
181642
181643
181644
181645
181646
181647
181701
181702
181703
181704
181705
181706
181707
181708
181709
181710
181711
181712
181713
181714
181715
181716
181717
181718
181719
181720
181721
181722
181723
181724
181725
181726
181727
181728
181782
181783
181784
181785
181786
181787
181788
181789
181790
181791
181792
181793
181794
181795
181796
181797
181798
181799
181800
181801
181802
181803
181804
181805
181806
181807
181808
181809
181863
181864
181865
181866
181867
181868
181869
181870
181871
181872
181873
181874
181875
181876
181877
181878
181879
181880
181881
181882
181883
181884
181885
181886
181887
181888
181889
181890
181944
181945
181946
181947
181948
181949
181950
181951
181952
181953
181954
181955
181956
181957
181958
181959
181960
181961
181962
181963
181964
181965
181966
181967
181968
181969
181970
181971
182025
182026
182027
182028
182029
182030
182031
182032
182033
182034
182035
182036
182037
182038
182039
182040
182041
182042
182043
182044
182045
182046
182047
182048
182049
182050
182051
182052
182106
182107
182108
182109
182110
182111
182112
182113
182114
182115
182116
182117
182118
182119
182120
182121
182122
182123
182124
182125
182126
182127
182128
182129
182130
182131
182132
182133
182187
182188
182189
182190
182191
182192
182193
182194
182195
182196
182197
182198
182199
182200
182201
182202
182203
182204
182205
182206
182207
182208
182209
182210
182211
182212
182213
182214
182268
182269
182270
182271
182272
182273
182274
182275
182276
182277
182278
182279
182280
182281
182282
182283
182284
182285
182286
182287
182288
182289
182290
182291
182292
182293
182294
182295
182349
182350
182351
182352
182353
182354
182355
182356
182357
182358
182359
182360
182361
182362
182363
182364
182365
182366
182367
182368
182369
182370
182371
182372
182373
182374
182375
182376
182430
182431
182432
182433
182434
182435
182436
182437
182438
182439
182440
182441
182442
182443
182444
182445
182446
182447
182448
182449
182450
182451
182452
182453
182454
182455
182456
182457
182511
182512
182513
182514
182515
182516
182517
182518
182519
182520
182521
182522
182523
182524
182525
182526
182527
182528
182529
182530
182531
182532
182533
182534
182535
182536
182537
182538
182592
182593
182594
182595
182596
182597
182598
182599
182600
182601
182602
182603
182604
182605
182606
182607
182608
182609
182610
182611
182612
182613
182614
182615
182616
182617
182618
182619
182673
182674
182675
182676
182677
182678
182679
182680
182681
182682
182683
182684
182685
182686
182687
182688
182689
182690
182691
182692
182693
182694
182695
182696
182697
182698
182699
182700
182754
182755
182756
182757
182758
182759
182760
182761
182762
182763
182764
182765
182766
182767
182768
182769
182770
182771
182772
182773
182774
182775
182776
182777
182778
182779
182780
182781
182835
182836
182837
182838
182839
182840
182841
182842
182843
182844
182845
182846
182847
182848
182849
182850
182851
182852
182853
182854
182855
182856
182857
182858
182859
182860
182861
182862
182916
182917
182918
182919
182920
182921
182922
182923
182924
182925
182926
182927
182928
182929
182930
182931
182932
182933
182934
182935
182936
182937
182938
182939
182940
182941
182942
182943
182997
182998
182999
183000
183001
183002
183003
183004
183005
183006
183007
183008
183009
183010
183011
183012
183013
183014
183015
183016
183017
183018
183019
183020
183021
183022
183023
183024
183078
183079
183080
183081
183082
183083
183084
183085
183086
183087
183088
183089
183090
183091
183092
183093
183094
183095
183096
183097
183098
183099
183100
183101
183102
183103
183104
183105
183159
183160
183161
183162
183163
183164
183165
183166
183167
183168
183169
183170
183171
183172
183173
183174
183175
183176
183177
183178
183179
183180
183181
183182
183183
183184
183185
183186
183240
183241
183242
183243
183244
183245
183246
183247
183248
183249
183250
183251
183252
183253
183254
183255
183256
183257
183258
183259
183260
183261
183262
183263
183264
183265
183266
183267
183321
183322
183323
183324
183325
183326
183327
183328
183329
183330
183331
183332
183333
183334
183335
183336
183337
183338
183339
183340
183341
183342
183343
183344
183345
183346
183347
183348
183402
183403
183404
183405
183406
183407
183408
183409
183410
183411
183412
183413
183414
183415
183416
183417
183418
183419
183420
183421
183422
183423
183424
183425
183426
183427
183428
183429
183483
183484
183485
183486
183487
183488
183489
183490
183491
183492
183493
183494
183495
183496
183497
183498
183499
183500
183501
183502
183503
183504
183505
183506
183507
183508
183509
183510
183564
183565
183566
183567
183568
183569
183570
183571
183572
183573
183574
183575
183576
183577
183578
183579
183580
183581
183582
183583
183584
183585
183586
183587
183588
183589
183590
183591
183645
183646
183647
183648
183649
183650
183651
183652
183653
183654
183655
183656
183657
183658
183659
183660
183661
183662
183663
183664
183665
183666
183667
183668
183669
183670
183671
183672
183726
183727
183728
183729
183730
183731
183732
183733
183734
183735
183736
183737
183738
183739
183740
183741
183742
183743
183744
183745
183746
183747
183748
183749
183750
183751
183752
183753
183807
183808
183809
183810
183811
183812
183813
183814
183815
183816
183817
183818
183819
183820
183821
183822
183823
183824
183825
183826
183827
183828
183829
183830
183831
183832
183833
183834
183888
183889
183890
183891
183892
183893
183894
183895
183896
183897
183898
183899
183900
183901
183902
183903
183904
183905
183906
183907
183908
183909
183910
183911
183912
183913
183914
183915
183969
183970
183971
183972
183973
183974
183975
183976
183977
183978
183979
183980
183981
183982
183983
183984
183985
183986
183987
183988
183989
183990
183991
183992
183993
183994
183995
183996
184050
184051
184052
184053
184054
184055
184056
184057
184058
184059
184060
184061
184062
184063
184064
184065
184066
184067
184068
184069
184070
184071
184072
184073
184074
184075
184076
184077
184131
184132
184133
184134
184135
184136
184137
184138
184139
184140
184141
184142
184143
184144
184145
184146
184147
184148
184149
184150
184151
184152
184153
184154
184155
184156
184157
184158
184212
184213
184214
184215
184216
184217
184218
184219
184220
184221
184222
184223
184224
184225
184226
184227
184228
184229
184230
184231
184232
184233
184234
184235
184236
184237
184238
184239
184293
184294
184295
184296
184297
184298
184299
184300
184301
184302
184303
184304
184305
184306
184307
184308
184309
184310
184311
184312
184313
184314
184315
184316
184317
184318
184319
184320
184374
184375
184376
184377
184378
184379
184380
184381
184382
184383
184384
184385
184386
184387
184388
184389
184390
184391
184392
184393
184394
184395
184396
184397
184398
184399
184400
184401
184455
184456
184457
184458
184459
184460
184461
184462
184463
184464
184465
184466
184467
184468
184469
184470
184471
184472
184473
184474
184475
184476
184477
184478
184479
184480
184481
184482
184536
184537
184538
184539
184540
184541
184542
184543
184544
184545
184546
184547
184548
184549
184550
184551
184552
184553
184554
184555
184556
184557
184558
184559
184560
184561
184562
184563
184617
184618
184619
184620
184621
184622
184623
184624
184625
184626
184627
184628
184629
184630
184631
184632
184633
184634
184635
184636
184637
184638
184639
184640
184641
184642
184643
184644
184698
184699
184700
184701
184702
184703
184704
184705
184706
184707
184708
184709
184710
184711
184712
184713
184714
184715
184716
184717
184718
184719
184720
184721
184722
184723
184724
184725
184779
184780
184781
184782
184783
184784
184785
184786
184787
184788
184789
184790
184791
184792
184793
184794
184795
184796
184797
184798
184799
184800
184801
184802
184803
184804
184805
184806
184860
184861
184862
184863
184864
184865
184866
184867
184868
184869
184870
184871
184872
184873
184874
184875
184876
184877
184878
184879
184880
184881
184882
184883
184884
184885
184886
184887
184941
184942
184943
184944
184945
184946
184947
184948
184949
184950
184951
184952
184953
184954
184955
184956
184957
184958
184959
184960
184961
184962
184963
184964
184965
184966
184967
184968
185022
185023
185024
185025
185026
185027
185028
185029
185030
185031
185032
185033
185034
185035
185036
185037
185038
185039
185040
185041
185042
185043
185044
185045
185046
185047
185048
185049
185103
185104
185105
185106
185107
185108
185109
185110
185111
185112
185113
185114
185115
185116
185117
185118
185119
185120
185121
185122
185123
185124
185125
185126
185127
185128
185129
185130
185184
185185
185186
185187
185188
185189
185190
185191
185192
185193
185194
185195
185196
185197
185198
185199
185200
185201
185202
185203
185204
185205
185206
185207
185208
185209
185210
185211
185265
185266
185267
185268
185269
185270
185271
185272
185273
185274
185275
185276
185277
185278
185279
185280
185281
185282
185283
185284
185285
185286
185287
185288
185289
185290
185291
185292
185346
185347
185348
185349
185350
185351
185352
185353
185354
185355
185356
185357
185358
185359
185360
185361
185362
185363
185364
185365
185366
185367
185368
185369
185370
185371
185372
185373
185427
185428
185429
185430
185431
185432
185433
185434
185435
185436
185437
185438
185439
185440
185441
185442
185443
185444
185445
185446
185447
185448
185449
185450
185451
185452
185453
185454
185508
185509
185510
185511
185512
185513
185514
185515
185516
185517
185518
185519
185520
185521
185522
185523
185524
185525
185526
185527
185528
185529
185530
185531
185532
185533
185534
185535
185589
185590
185591
185592
185593
185594
185595
185596
185597
185598
185599
185600
185601
185602
185603
185604
185605
185606
185607
185608
185609
185610
185611
185612
185613
185614
185615
185616
185670
185671
185672
185673
185674
185675
185676
185677
185678
185679
185680
185681
185682
185683
185684
185685
185686
185687
185688
185689
185690
185691
185692
185693
185694
185695
185696
185697
185751
185752
185753
185754
185755
185756
185757
185758
185759
185760
185761
185762
185763
185764
185765
185766
185767
185768
185769
185770
185771
185772
185773
185774
185775
185776
185777
185778
185832
185833
185834
185835
185836
185837
185838
185839
185840
185841
185842
185843
185844
185845
185846
185847
185848
185849
185850
185851
185852
185853
185854
185855
185856
185857
185858
185859
185913
185914
185915
185916
185917
185918
185919
185920
185921
185922
185923
185924
185925
185926
185927
185928
185929
185930
185931
185932
185933
185934
185935
185936
185937
185938
185939
185940
185994
185995
185996
185997
185998
185999
186000
186001
186002
186003
186004
186005
186006
186007
186008
186009
186010
186011
186012
186013
186014
186015
186016
186017
186018
186019
186020
186021
186075
186076
186077
186078
186079
186080
186081
186082
186083
186084
186085
186086
186087
186088
186089
186090
186091
186092
186093
186094
186095
186096
186097
186098
186099
186100
186101
186102
186156
186157
186158
186159
186160
186161
186162
186163
186164
186165
186166
186167
186168
186169
186170
186171
186172
186173
186174
186175
186176
186177
186178
186179
186180
186181
186182
186183
186237
186238
186239
186240
186241
186242
186243
186244
186245
186246
186247
186248
186249
186250
186251
186252
186253
186254
186255
186256
186257
186258
186259
186260
186261
186262
186263
186264
186318
186319
186320
186321
186322
186323
186324
186325
186326
186327
186328
186329
186330
186331
186332
186333
186334
186335
186336
186337
186338
186339
186340
186341
186342
186343
186344
186345
186399
186400
186401
186402
186403
186404
186405
186406
186407
186408
186409
186410
186411
186412
186413
186414
186415
186416
186417
186418
186419
186420
186421
186422
186423
186424
186425
186426
186480
186481
186482
186483
186484
186485
186486
186487
186488
186489
186490
186491
186492
186493
186494
186495
186496
186497
186498
186499
186500
186501
186502
186503
186504
186505
186506
186507
186561
186562
186563
186564
186565
186566
186567
186568
186569
186570
186571
186572
186573
186574
186575
186576
186577
186578
186579
186580
186581
186582
186583
186584
186585
186586
186587
186588
186642
186643
186644
186645
186646
186647
186648
186649
186650
186651
186652
186653
186654
186655
186656
186657
186658
186659
186660
186661
186662
186663
186664
186665
186666
186667
186668
186669
186723
186724
186725
186726
186727
186728
186729
186730
186731
186732
186733
186734
186735
186736
186737
186738
186739
186740
186741
186742
186743
186744
186745
186746
186747
186748
186749
186750
186804
186805
186806
186807
186808
186809
186810
186811
186812
186813
186814
186815
186816
186817
186818
186819
186820
186821
186822
186823
186824
186825
186826
186827
186828
186829
186830
186831
186885
186886
186887
186888
186889
186890
186891
186892
186893
186894
186895
186896
186897
186898
186899
186900
186901
186902
186903
186904
186905
186906
186907
186908
186909
186910
186911
186912
186966
186967
186968
186969
186970
186971
186972
186973
186974
186975
186976
186977
186978
186979
186980
186981
186982
186983
186984
186985
186986
186987
186988
186989
186990
186991
186992
186993
187047
187048
187049
187050
187051
187052
187053
187054
187055
187056
187057
187058
187059
187060
187061
187062
187063
187064
187065
187066
187067
187068
187069
187070
187071
187072
187073
187074
187128
187129
187130
187131
187132
187133
187134
187135
187136
187137
187138
187139
187140
187141
187142
187143
187144
187145
187146
187147
187148
187149
187150
187151
187152
187153
187154
187155
187209
187210
187211
187212
187213
187214
187215
187216
187217
187218
187219
187220
187221
187222
187223
187224
187225
187226
187227
187228
187229
187230
187231
187232
187233
187234
187235
187236
187290
187291
187292
187293
187294
187295
187296
187297
187298
187299
187300
187301
187302
187303
187304
187305
187306
187307
187308
187309
187310
187311
187312
187313
187314
187315
187316
187317
187371
187372
187373
187374
187375
187376
187377
187378
187379
187380
187381
187382
187383
187384
187385
187386
187387
187388
187389
187390
187391
187392
187393
187394
187395
187396
187397
187398
187452
187453
187454
187455
187456
187457
187458
187459
187460
187461
187462
187463
187464
187465
187466
187467
187468
187469
187470
187471
187472
187473
187474
187475
187476
187477
187478
187479
187533
187534
187535
187536
187537
187538
187539
187540
187541
187542
187543
187544
187545
187546
187547
187548
187549
187550
187551
187552
187553
187554
187555
187556
187557
187558
187559
187560
187614
187615
187616
187617
187618
187619
187620
187621
187622
187623
187624
187625
187626
187627
187628
187629
187630
187631
187632
187633
187634
187635
187636
187637
187638
187639
187640
187641
187695
187696
187697
187698
187699
187700
187701
187702
187703
187704
187705
187706
187707
187708
187709
187710
187711
187712
187713
187714
187715
187716
187717
187718
187719
187720
187721
187722
187776
187777
187778
187779
187780
187781
187782
187783
187784
187785
187786
187787
187788
187789
187790
187791
187792
187793
187794
187795
187796
187797
187798
187799
187800
187801
187802
187803
187857
187858
187859
187860
187861
187862
187863
187864
187865
187866
187867
187868
187869
187870
187871
187872
187873
187874
187875
187876
187877
187878
187879
187880
187881
187882
187883
187884
187938
187939
187940
187941
187942
187943
187944
187945
187946
187947
187948
187949
187950
187951
187952
187953
187954
187955
187956
187957
187958
187959
187960
187961
187962
187963
187964
187965
188019
188020
188021
188022
188023
188024
188025
188026
188027
188028
188029
188030
188031
188032
188033
188034
188035
188036
188037
188038
188039
188040
188041
188042
188043
188044
188045
188046
188100
188101
188102
188103
188104
188105
188106
188107
188108
188109
188110
188111
188112
188113
188114
188115
188116
188117
188118
188119
188120
188121
188122
188123
188124
188125
188126
188127
188181
188182
188183
188184
188185
188186
188187
188188
188189
188190
188191
188192
188193
188194
188195
188196
188197
188198
188199
188200
188201
188202
188203
188204
188205
188206
188207
188208
188262
188263
188264
188265
188266
188267
188268
188269
188270
188271
188272
188273
188274
188275
188276
188277
188278
188279
188280
188281
188282
188283
188284
188285
188286
188287
188288
188289
188343
188344
188345
188346
188347
188348
188349
188350
188351
188352
188353
188354
188355
188356
188357
188358
188359
188360
188361
188362
188363
188364
188365
188366
188367
188368
188369
188370
188424
188425
188426
188427
188428
188429
188430
188431
188432
188433
188434
188435
188436
188437
188438
188439
188440
188441
188442
188443
188444
188445
188446
188447
188448
188449
188450
188451
188505
188506
188507
188508
188509
188510
188511
188512
188513
188514
188515
188516
188517
188518
188519
188520
188521
188522
188523
188524
188525
188526
188527
188528
188529
188530
188531
188532
188586
188587
188588
188589
188590
188591
188592
188593
188594
188595
188596
188597
188598
188599
188600
188601
188602
188603
188604
188605
188606
188607
188608
188609
188610
188611
188612
188613
188667
188668
188669
188670
188671
188672
188673
188674
188675
188676
188677
188678
188679
188680
188681
188682
188683
188684
188685
188686
188687
188688
188689
188690
188691
188692
188693
188694
188748
188749
188750
188751
188752
188753
188754
188755
188756
188757
188758
188759
188760
188761
188762
188763
188764
188765
188766
188767
188768
188769
188770
188771
188772
188773
188774
188775
188829
188830
188831
188832
188833
188834
188835
188836
188837
188838
188839
188840
188841
188842
188843
188844
188845
188846
188847
188848
188849
188850
188851
188852
188853
188854
188855
188856
188910
188911
188912
188913
188914
188915
188916
188917
188918
188919
188920
188921
188922
188923
188924
188925
188926
188927
188928
188929
188930
188931
188932
188933
188934
188935
188936
188937
188991
188992
188993
188994
188995
188996
188997
188998
188999
189000
189001
189002
189003
189004
189005
189006
189007
189008
189009
189010
189011
189012
189013
189014
189015
189016
189017
189018
189072
189073
189074
189075
189076
189077
189078
189079
189080
189081
189082
189083
189084
189085
189086
189087
189088
189089
189090
189091
189092
189093
189094
189095
189096
189097
189098
189099
189153
189154
189155
189156
189157
189158
189159
189160
189161
189162
189163
189164
189165
189166
189167
189168
189169
189170
189171
189172
189173
189174
189175
189176
189177
189178
189179
189180
189234
189235
189236
189237
189238
189239
189240
189241
189242
189243
189244
189245
189246
189247
189248
189249
189250
189251
189252
189253
189254
189255
189256
189257
189258
189259
189260
189261
189315
189316
189317
189318
189319
189320
189321
189322
189323
189324
189325
189326
189327
189328
189329
189330
189331
189332
189333
189334
189335
189336
189337
189338
189339
189340
189341
189342
189396
189397
189398
189399
189400
189401
189402
189403
189404
189405
189406
189407
189408
189409
189410
189411
189412
189413
189414
189415
189416
189417
189418
189419
189420
189421
189422
189423
189477
189478
189479
189480
189481
189482
189483
189484
189485
189486
189487
189488
189489
189490
189491
189492
189493
189494
189495
189496
189497
189498
189499
189500
189501
189502
189503
189504
189558
189559
189560
189561
189562
189563
189564
189565
189566
189567
189568
189569
189570
189571
189572
189573
189574
189575
189576
189577
189578
189579
189580
189581
189582
189583
189584
189585
189639
189640
189641
189642
189643
189644
189645
189646
189647
189648
189649
189650
189651
189652
189653
189654
189655
189656
189657
189658
189659
189660
189661
189662
189663
189664
189665
189666
189720
189721
189722
189723
189724
189725
189726
189727
189728
189729
189730
189731
189732
189733
189734
189735
189736
189737
189738
189739
189740
189741
189742
189743
189744
189745
189746
189747
189801
189802
189803
189804
189805
189806
189807
189808
189809
189810
189811
189812
189813
189814
189815
189816
189817
189818
189819
189820
189821
189822
189823
189824
189825
189826
189827
189828
189882
189883
189884
189885
189886
189887
189888
189889
189890
189891
189892
189893
189894
189895
189896
189897
189898
189899
189900
189901
189902
189903
189904
189905
189906
189907
189908
189909
189963
189964
189965
189966
189967
189968
189969
189970
189971
189972
189973
189974
189975
189976
189977
189978
189979
189980
189981
189982
189983
189984
189985
189986
189987
189988
189989
189990
190044
190045
190046
190047
190048
190049
190050
190051
190052
190053
190054
190055
190056
190057
190058
190059
190060
190061
190062
190063
190064
190065
190066
190067
190068
190069
190070
190071
190125
190126
190127
190128
190129
190130
190131
190132
190133
190134
190135
190136
190137
190138
190139
190140
190141
190142
190143
190144
190145
190146
190147
190148
190149
190150
190151
190152
190206
190207
190208
190209
190210
190211
190212
190213
190214
190215
190216
190217
190218
190219
190220
190221
190222
190223
190224
190225
190226
190227
190228
190229
190230
190231
190232
190233
190287
190288
190289
190290
190291
190292
190293
190294
190295
190296
190297
190298
190299
190300
190301
190302
190303
190304
190305
190306
190307
190308
190309
190310
190311
190312
190313
190314
190368
190369
190370
190371
190372
190373
190374
190375
190376
190377
190378
190379
190380
190381
190382
190383
190384
190385
190386
190387
190388
190389
190390
190391
190392
190393
190394
190395
190449
190450
190451
190452
190453
190454
190455
190456
190457
190458
190459
190460
190461
190462
190463
190464
190465
190466
190467
190468
190469
190470
190471
190472
190473
190474
190475
190476
190530
190531
190532
190533
190534
190535
190536
190537
190538
190539
190540
190541
190542
190543
190544
190545
190546
190547
190548
190549
190550
190551
190552
190553
190554
190555
190556
190557
190611
190612
190613
190614
190615
190616
190617
190618
190619
190620
190621
190622
190623
190624
190625
190626
190627
190628
190629
190630
190631
190632
190633
190634
190635
190636
190637
190638
190692
190693
190694
190695
190696
190697
190698
190699
190700
190701
190702
190703
190704
190705
190706
190707
190708
190709
190710
190711
190712
190713
190714
190715
190716
190717
190718
190719
190773
190774
190775
190776
190777
190778
190779
190780
190781
190782
190783
190784
190785
190786
190787
190788
190789
190790
190791
190792
190793
190794
190795
190796
190797
190798
190799
190800
190854
190855
190856
190857
190858
190859
190860
190861
190862
190863
190864
190865
190866
190867
190868
190869
190870
190871
190872
190873
190874
190875
190876
190877
190878
190879
190880
190881
190935
190936
190937
190938
190939
190940
190941
190942
190943
190944
190945
190946
190947
190948
190949
190950
190951
190952
190953
190954
190955
190956
190957
190958
190959
190960
190961
190962
191016
191017
191018
191019
191020
191021
191022
191023
191024
191025
191026
191027
191028
191029
191030
191031
191032
191033
191034
191035
191036
191037
191038
191039
191040
191041
191042
191043
191097
191098
191099
191100
191101
191102
191103
191104
191105
191106
191107
191108
191109
191110
191111
191112
191113
191114
191115
191116
191117
191118
191119
191120
191121
191122
191123
191124
191178
191179
191180
191181
191182
191183
191184
191185
191186
191187
191188
191189
191190
191191
191192
191193
191194
191195
191196
191197
191198
191199
191200
191201
191202
191203
191204
191205
191259
191260
191261
191262
191263
191264
191265
191266
191267
191268
191269
191270
191271
191272
191273
191274
191275
191276
191277
191278
191279
191280
191281
191282
191283
191284
191285
191286
191340
191341
191342
191343
191344
191345
191346
191347
191348
191349
191350
191351
191352
191353
191354
191355
191356
191357
191358
191359
191360
191361
191362
191363
191364
191365
191366
191367
191421
191422
191423
191424
191425
191426
191427
191428
191429
191430
191431
191432
191433
191434
191435
191436
191437
191438
191439
191440
191441
191442
191443
191444
191445
191446
191447
191448
191502
191503
191504
191505
191506
191507
191508
191509
191510
191511
191512
191513
191514
191515
191516
191517
191518
191519
191520
191521
191522
191523
191524
191525
191526
191527
191528
191529
191583
191584
191585
191586
191587
191588
191589
191590
191591
191592
191593
191594
191595
191596
191597
191598
191599
191600
191601
191602
191603
191604
191605
191606
191607
191608
191609
191610
191664
191665
191666
191667
191668
191669
191670
191671
191672
191673
191674
191675
191676
191677
191678
191679
191680
191681
191682
191683
191684
191685
191686
191687
191688
191689
191690
191691
191745
191746
191747
191748
191749
191750
191751
191752
191753
191754
191755
191756
191757
191758
191759
191760
191761
191762
191763
191764
191765
191766
191767
191768
191769
191770
191771
191772
191826
191827
191828
191829
191830
191831
191832
191833
191834
191835
191836
191837
191838
191839
191840
191841
191842
191843
191844
191845
191846
191847
191848
191849
191850
191851
191852
191853
191907
191908
191909
191910
191911
191912
191913
191914
191915
191916
191917
191918
191919
191920
191921
191922
191923
191924
191925
191926
191927
191928
191929
191930
191931
191932
191933
191934
191988
191989
191990
191991
191992
191993
191994
191995
191996
191997
191998
191999
192000
192001
192002
192003
192004
192005
192006
192007
192008
192009
192010
192011
192012
192013
192014
192015
192069
192070
192071
192072
192073
192074
192075
192076
192077
192078
192079
192080
192081
192082
192083
192084
192085
192086
192087
192088
192089
192090
192091
192092
192093
192094
192095
192096
192150
192151
192152
192153
192154
192155
192156
192157
192158
192159
192160
192161
192162
192163
192164
192165
192166
192167
192168
192169
192170
192171
192172
192173
192174
192175
192176
192177
192231
192232
192233
192234
192235
192236
192237
192238
192239
192240
192241
192242
192243
192244
192245
192246
192247
192248
192249
192250
192251
192252
192253
192254
192255
192256
192257
192258
192312
192313
192314
192315
192316
192317
192318
192319
192320
192321
192322
192323
192324
192325
192326
192327
192328
192329
192330
192331
192332
192333
192334
192335
192336
192337
192338
192339
192393
192394
192395
192396
192397
192398
192399
192400
192401
192402
192403
192404
192405
192406
192407
192408
192409
192410
192411
192412
192413
192414
192415
192416
192417
192418
192419
192420
192474
192475
192476
192477
192478
192479
192480
192481
192482
192483
192484
192485
192486
192487
192488
192489
192490
192491
192492
192493
192494
192495
192496
192497
192498
192499
192500
192501
192555
192556
192557
192558
192559
192560
192561
192562
192563
192564
192565
192566
192567
192568
192569
192570
192571
192572
192573
192574
192575
192576
192577
192578
192579
192580
192581
192582
192636
192637
192638
192639
192640
192641
192642
192643
192644
192645
192646
192647
192648
192649
192650
192651
192652
192653
192654
192655
192656
192657
192658
192659
192660
192661
192662
192663
192717
192718
192719
192720
192721
192722
192723
192724
192725
192726
192727
192728
192729
192730
192731
192732
192733
192734
192735
192736
192737
192738
192739
192740
192741
192742
192743
192744
192798
192799
192800
192801
192802
192803
192804
192805
192806
192807
192808
192809
192810
192811
192812
192813
192814
192815
192816
192817
192818
192819
192820
192821
192822
192823
192824
192825
192879
192880
192881
192882
192883
192884
192885
192886
192887
192888
192889
192890
192891
192892
192893
192894
192895
192896
192897
192898
192899
192900
192901
192902
192903
192904
192905
192906
192960
192961
192962
192963
192964
192965
192966
192967
192968
192969
192970
192971
192972
192973
192974
192975
192976
192977
192978
192979
192980
192981
192982
192983
192984
192985
192986
192987
193041
193042
193043
193044
193045
193046
193047
193048
193049
193050
193051
193052
193053
193054
193055
193056
193057
193058
193059
193060
193061
193062
193063
193064
193065
193066
193067
193068
193122
193123
193124
193125
193126
193127
193128
193129
193130
193131
193132
193133
193134
193135
193136
193137
193138
193139
193140
193141
193142
193143
193144
193145
193146
193147
193148
193149
193203
193204
193205
193206
193207
193208
193209
193210
193211
193212
193213
193214
193215
193216
193217
193218
193219
193220
193221
193222
193223
193224
193225
193226
193227
193228
193229
193230
193284
193285
193286
193287
193288
193289
193290
193291
193292
193293
193294
193295
193296
193297
193298
193299
193300
193301
193302
193303
193304
193305
193306
193307
193308
193309
193310
193311
193365
193366
193367
193368
193369
193370
193371
193372
193373
193374
193375
193376
193377
193378
193379
193380
193381
193382
193383
193384
193385
193386
193387
193388
193389
193390
193391
193392
193446
193447
193448
193449
193450
193451
193452
193453
193454
193455
193456
193457
193458
193459
193460
193461
193462
193463
193464
193465
193466
193467
193468
193469
193470
193471
193472
193473
193527
193528
193529
193530
193531
193532
193533
193534
193535
193536
193537
193538
193539
193540
193541
193542
193543
193544
193545
193546
193547
193548
193549
193550
193551
193552
193553
193554
193608
193609
193610
193611
193612
193613
193614
193615
193616
193617
193618
193619
193620
193621
193622
193623
193624
193625
193626
193627
193628
193629
193630
193631
193632
193633
193634
193635
193689
193690
193691
193692
193693
193694
193695
193696
193697
193698
193699
193700
193701
193702
193703
193704
193705
193706
193707
193708
193709
193710
193711
193712
193713
193714
193715
193716
193770
193771
193772
193773
193774
193775
193776
193777
193778
193779
193780
193781
193782
193783
193784
193785
193786
193787
193788
193789
193790
193791
193792
193793
193794
193795
193796
193797
193851
193852
193853
193854
193855
193856
193857
193858
193859
193860
193861
193862
193863
193864
193865
193866
193867
193868
193869
193870
193871
193872
193873
193874
193875
193876
193877
193878
193932
193933
193934
193935
193936
193937
193938
193939
193940
193941
193942
193943
193944
193945
193946
193947
193948
193949
193950
193951
193952
193953
193954
193955
193956
193957
193958
193959
)


// ************************************************************************* //
