/*--------------------------------*- C++ -*----------------------------------*\
  =========                 |
  \\      /  F ield         | OpenFOAM: The Open Source CFD Toolbox
   \\    /   O peration     | Website:  https://openfoam.org
    \\  /    A nd           | Version:  7
     \\/     M anipulation  |
\*---------------------------------------------------------------------------*/
FoamFile
{
    version     2.0;
    format      ascii;
    class       volVectorField;
    location    "0.1";
    object      U;
}
// * * * * * * * * * * * * * * * * * * * * * * * * * * * * * * * * * * * * * //

dimensions      [0 1 -1 0 0 0 0];

internalField   nonuniform List<vector> 
3225
(
(1.10123 -1.07002e-14 0)
(1.10074 8.54555e-15 0)
(1.10032 -1.58791e-15 0)
(1.10007 -8.03745e-16 0)
(1.10001 4.63423e-16 0)
(1.1 1.02607e-15 0)
(1.1 7.66467e-16 0)
(1.1 7.70073e-16 0)
(1.1 4.73122e-16 0)
(1.1 1.33906e-15 0)
(1.1 -7.48508e-16 0)
(1.1 -1.72702e-15 0)
(1.1 -1.52776e-15 0)
(1.1 -4.42032e-16 0)
(1.1 -4.46751e-16 0)
(1.1 3.53867e-16 0)
(1.1 7.51137e-16 0)
(1.1 1.28907e-15 0)
(1.1 -4.51061e-16 0)
(1.1 -1.37952e-16 0)
(1.1 -5.87852e-16 0)
(1.1 2.77918e-16 0)
(1.1 5.18994e-16 0)
(1.1 7.02165e-16 0)
(1.1 1.31271e-16 0)
(1.1 -1.05248e-15 0)
(1.1 3.49534e-16 0)
(1.10123 -9.68453e-15 0)
(1.10074 9.04083e-15 0)
(1.10032 -2.51796e-15 0)
(1.1 -8.25341e-16 0)
(1.1 -1.29188e-15 0)
(1.1 -9.90961e-16 0)
(1.1 -2.48914e-16 0)
(1.1 1.59191e-15 0)
(1.1 -1.28434e-16 0)
(1.1 -7.82629e-16 0)
(1.1 1.12908e-16 0)
(1.1 -1.35922e-15 0)
(1.10123 -4.7684e-15 0)
(1.10074 2.37813e-15 0)
(1.10032 -5.81478e-15 0)
(1.10007 -1.41609e-15 0)
(1.10001 8.56778e-15 0)
(1.1 -2.65358e-15 0)
(1.1 -4.59512e-16 0)
(1.1 -8.32741e-17 0)
(1.1 2.86049e-16 0)
(1.1 -4.0773e-16 0)
(1.1 -1.43987e-15 0)
(1.1 1.20767e-15 0)
(1.1 2.60952e-15 0)
(1.1 -3.7415e-16 0)
(1.1 -1.11491e-15 0)
(1.1 3.47525e-16 0)
(1.1 -6.36643e-16 0)
(1.1 -3.09004e-16 0)
(1.1 -5.88979e-16 0)
(1.1 -1.28784e-15 0)
(1.1 -7.66658e-16 0)
(1.1 -9.28034e-16 0)
(1.1 2.07629e-15 0)
(1.1 6.26963e-16 0)
(1.1 -1.14237e-15 0)
(1.1 -8.48535e-16 0)
(1.1 -2.10373e-15 0)
(1.10123 -8.39429e-15 0)
(1.10074 5.02439e-15 0)
(1.10032 -4.84974e-15 0)
(1.10007 -1.12821e-15 0)
(1.10001 9.06283e-15 0)
(1.1 -2.10845e-15 0)
(1.1 -1.87551e-15 0)
(1.1 -5.22456e-17 0)
(1.1 -3.87643e-16 0)
(1.1 -2.07714e-16 0)
(1.1 -1.42291e-15 0)
(1.1 2.1315e-15 0)
(1.1 2.78902e-15 0)
(1.1 -4.86882e-16 0)
(1.1 -1.15074e-16 0)
(1.1 -2.41286e-16 0)
(1.1 -1.7529e-15 0)
(1.1 7.91107e-16 0)
(1.1 -4.39248e-16 0)
(1.1 -1.93262e-15 0)
(1.1 -1.12269e-15 0)
(1.1 -4.33436e-16 0)
(1.1 1.65446e-15 0)
(1.1 2.17555e-16 0)
(1.1 -1.16398e-15 0)
(1.1 -1.5656e-15 0)
(1.1 -2.31861e-15 0)
(1.10123 -9.78633e-15 0)
(1.10074 6.7665e-15 0)
(1.10032 -4.12102e-15 0)
(1.10007 8.09258e-16 0)
(1.10001 7.45746e-15 0)
(1.1 -1.65165e-15 0)
(1.1 -7.06048e-16 0)
(1.1 -4.25359e-17 0)
(1.1 -1.17259e-15 0)
(1.1 -6.64384e-16 0)
(1.1 -1.27844e-15 0)
(1.1 1.29523e-15 0)
(1.1 2.57564e-15 0)
(1.1 1.14182e-16 0)
(1.1 -4.60867e-16 0)
(1.1 -2.68939e-16 0)
(1.1 -2.24201e-15 0)
(1.1 3.23966e-16 0)
(1.1 -1.44838e-15 0)
(1.1 -1.48369e-15 0)
(1.1 -8.84224e-16 0)
(1.1 -5.41622e-17 0)
(1.1 9.49557e-16 0)
(1.1 2.90917e-16 0)
(1.1 -1.49674e-15 0)
(1.1 -1.47792e-15 0)
(1.1 -1.9439e-15 0)
(1.10123 -9.96805e-15 0)
(1.10074 6.9794e-15 0)
(1.10032 -5.20324e-15 0)
(1.10007 2.16154e-15 0)
(1.10001 5.72424e-15 0)
(1.1 -1.67364e-15 0)
(1.1 -5.79109e-17 0)
(1.1 5.88383e-17 0)
(1.1 -1.87622e-15 0)
(1.1 -1.09802e-15 0)
(1.1 -1.76582e-15 0)
(1.1 6.89107e-16 0)
(1.1 2.25607e-15 0)
(1.1 -4.55535e-16 0)
(1.1 -1.08446e-15 0)
(1.1 6.61604e-16 0)
(1.1 -9.63764e-16 0)
(1.1 2.4275e-18 0)
(1.1 -1.65667e-15 0)
(1.1 -1.3797e-15 0)
(1.1 -5.14783e-16 0)
(1.1 -9.7984e-16 0)
(1.1 1.18305e-15 0)
(1.1 1.61019e-15 0)
(1.1 -1.57466e-15 0)
(1.1 -1.76479e-15 0)
(1.1 -2.3338e-15 0)
(1.10123 -6.90637e-15 0)
(1.10074 6.96655e-15 0)
(1.10032 -6.67976e-15 0)
(1.10007 1.94227e-15 0)
(1.10001 3.57361e-15 0)
(1.1 -9.4045e-16 0)
(1.1 -1.91541e-16 0)
(1.1 -4.93532e-16 0)
(1.1 -1.65585e-15 0)
(1.1 -9.17668e-16 0)
(1.1 -2.29857e-15 0)
(1.1 4.99919e-16 0)
(1.1 3.90976e-16 0)
(1.1 3.34606e-17 0)
(1.1 -5.46896e-16 0)
(1.1 5.93925e-16 0)
(1.1 3.71398e-16 0)
(1.1 9.45145e-17 0)
(1.1 -2.04339e-15 0)
(1.1 -9.8483e-16 0)
(1.1 -1.35499e-15 0)
(1.1 -1.31927e-15 0)
(1.1 7.8462e-16 0)
(1.1 1.60854e-15 0)
(1.1 1.01106e-16 0)
(1.1 -1.11268e-15 0)
(1.1 -2.16176e-15 0)
(1.10123 -3.19071e-15 0)
(1.10074 5.55993e-15 0)
(1.10032 -7.83912e-15 0)
(1.10007 1.61621e-15 0)
(1.10001 2.76991e-15 0)
(1.1 -8.75632e-16 0)
(1.1 -7.1179e-17 0)
(1.1 -5.29463e-16 0)
(1.1 -9.66548e-16 0)
(1.1 -1.41334e-15 0)
(1.1 -2.29756e-15 0)
(1.1 -9.32485e-17 0)
(1.1 -1.29071e-16 0)
(1.1 -5.30046e-16 0)
(1.1 -8.59033e-16 0)
(1.1 2.71784e-16 0)
(1.1 1.32923e-15 0)
(1.1 4.79143e-16 0)
(1.1 -1.94162e-15 0)
(1.1 -1.21515e-15 0)
(1.1 -1.50818e-15 0)
(1.1 -1.27823e-15 0)
(1.1 1.74448e-17 0)
(1.1 1.23179e-15 0)
(1.1 -2.3676e-17 0)
(1.1 -1.02102e-15 0)
(1.1 -2.19776e-15 0)
(1.10123 1.11912e-15 0)
(1.10074 4.6606e-15 0)
(1.10032 -9.05244e-15 0)
(1.10007 1.80379e-15 0)
(1.10001 2.79872e-15 0)
(1.1 -1.70261e-15 0)
(1.1 6.5193e-16 0)
(1.1 1.38768e-16 0)
(1.1 -1.41136e-15 0)
(1.1 -1.05859e-15 0)
(1.1 -2.54897e-15 0)
(1.1 -1.88368e-16 0)
(1.1 -6.51411e-16 0)
(1.1 -7.7485e-16 0)
(1.1 -5.0869e-16 0)
(1.1 6.51999e-16 0)
(1.1 2.37055e-15 0)
(1.1 7.66033e-16 0)
(1.1 -2.01665e-15 0)
(1.1 -2.02604e-15 0)
(1.1 -6.11677e-16 0)
(1.1 -1.17644e-15 0)
(1.1 -9.52952e-16 0)
(1.1 2.5661e-16 0)
(1.1 -1.2937e-16 0)
(1.1 -9.07738e-16 0)
(1.1 -2.33302e-15 0)
(1.10123 5.17586e-15 0)
(1.10074 3.99327e-15 0)
(1.10032 -8.76592e-15 0)
(1.10007 -1.22528e-15 0)
(1.10001 2.64497e-15 0)
(1.1 -3.25992e-15 0)
(1.1 3.74684e-17 0)
(1.1 8.17557e-17 0)
(1.1 -8.04092e-16 0)
(1.1 -4.99092e-16 0)
(1.1 -2.44252e-15 0)
(1.1 -1.17005e-15 0)
(1.1 -1.17874e-15 0)
(1.1 -1.01406e-15 0)
(1.1 4.87364e-16 0)
(1.1 4.97869e-16 0)
(1.1 2.39693e-15 0)
(1.1 8.56942e-16 0)
(1.1 -1.52378e-15 0)
(1.1 -1.08459e-15 0)
(1.1 -1.11757e-15 0)
(1.1 -8.02614e-16 0)
(1.1 -1.91826e-15 0)
(1.1 -1.72263e-16 0)
(1.1 7.82904e-16 0)
(1.1 -1.21957e-15 0)
(1.1 -1.28924e-15 0)
(1.10123 7.14632e-15 0)
(1.10074 3.79731e-15 0)
(1.10032 -7.86322e-15 0)
(1.10007 -1.95727e-15 0)
(1.10001 2.5294e-15 0)
(1.1 -3.12116e-15 0)
(1.1 -8.29962e-16 0)
(1.1 -1.35194e-16 0)
(1.1 -7.93914e-17 0)
(1.1 -4.64236e-16 0)
(1.1 -1.68311e-15 0)
(1.1 -1.52487e-15 0)
(1.1 -9.78475e-16 0)
(1.1 -2.68311e-16 0)
(1.1 8.53957e-16 0)
(1.1 8.49355e-16 0)
(1.1 3.50503e-15 0)
(1.1 7.78845e-16 0)
(1.1 -6.50879e-16 0)
(1.1 -5.44489e-16 0)
(1.1 -1.11094e-15 0)
(1.1 -5.64388e-16 0)
(1.1 -2.11963e-15 0)
(1.1 -4.14833e-17 0)
(1.1 6.47887e-16 0)
(1.1 -2.06261e-15 0)
(1.1 -1.37018e-15 0)
(1.10123 8.24317e-15 0)
(1.10074 2.4289e-15 0)
(1.10032 -7.70271e-15 0)
(1.10007 -1.30753e-15 0)
(1.10001 1.61793e-15 0)
(1.1 -2.52934e-15 0)
(1.1 -1.04465e-15 0)
(1.1 -3.4809e-16 0)
(1.1 -1.77933e-16 0)
(1.1 -5.70554e-16 0)
(1.1 -1.51339e-15 0)
(1.1 -1.46489e-15 0)
(1.1 -6.31243e-16 0)
(1.1 -1.30133e-16 0)
(1.1 1.4119e-15 0)
(1.1 1.08879e-15 0)
(1.1 3.10826e-15 0)
(1.1 1.1198e-15 0)
(1.1 -8.27067e-16 0)
(1.1 4.42674e-17 0)
(1.1 -8.6151e-16 0)
(1.1 -1.69255e-16 0)
(1.1 -9.16827e-16 0)
(1.1 -8.30293e-16 0)
(1.1 -3.09023e-16 0)
(1.1 -1.27726e-15 0)
(1.1 -1.41456e-15 0)
(1.10123 6.28428e-15 0)
(1.10074 1.24647e-15 0)
(1.10032 -4.68133e-15 0)
(1.10007 -1.87608e-15 0)
(1.10001 1.79772e-16 0)
(1.1 -1.63338e-15 0)
(1.1 -1.06065e-15 0)
(1.1 -6.46825e-16 0)
(1.1 -1.94447e-16 0)
(1.1 -6.1748e-16 0)
(1.1 -1.58694e-15 0)
(1.1 -9.99346e-16 0)
(1.1 1.72969e-16 0)
(1.1 -4.38667e-16 0)
(1.1 7.38457e-16 0)
(1.1 -3.3605e-16 0)
(1.1 2.20918e-15 0)
(1.1 6.54055e-16 0)
(1.1 -1.24259e-15 0)
(1.1 -3.76786e-16 0)
(1.1 -7.78383e-16 0)
(1.1 1.44879e-16 0)
(1.1 -3.92454e-16 0)
(1.1 -1.22574e-15 0)
(1.1 -4.98423e-16 0)
(1.1 -3.16132e-16 0)
(1.1 -8.71375e-16 0)
(1.10123 3.10817e-15 0)
(1.10074 1.16738e-15 0)
(1.10032 -1.78048e-15 0)
(1.10007 -6.30727e-16 0)
(1.10001 -2.83332e-15 0)
(1.1 2.22218e-16 0)
(1.1 -1.20218e-15 0)
(1.1 -7.51316e-16 0)
(1.1 -1.55306e-16 0)
(1.1 -8.17474e-16 0)
(1.1 -8.86442e-16 0)
(1.1 -3.69879e-17 0)
(1.1 8.26341e-16 0)
(1.1 -3.6914e-16 0)
(1.1 5.86156e-16 0)
(1.1 2.52874e-16 0)
(1.1 6.37996e-16 0)
(1.1 -2.74102e-16 0)
(1.1 -1.16158e-15 0)
(1.1 -1.40977e-15 0)
(1.1 -4.22866e-16 0)
(1.1 -3.47165e-16 0)
(1.1 -1.40732e-16 0)
(1.1 -3.08396e-16 0)
(1.1 -9.39625e-16 0)
(1.1 -9.22862e-16 0)
(1.1 -1.07164e-15 0)
(1.10123 -6.06624e-16 0)
(1.10074 8.22454e-16 0)
(1.10032 -5.57893e-16 0)
(1.10007 1.57163e-15 0)
(1.10001 -6.15286e-15 0)
(1.1 2.14768e-15 0)
(1.1 -1.03489e-15 0)
(1.1 -1.82451e-16 0)
(1.1 5.16644e-16 0)
(1.1 -9.59271e-16 0)
(1.1 -4.47527e-16 0)
(1.1 9.07344e-16 0)
(1.1 2.59409e-16 0)
(1.1 -1.25025e-16 0)
(1.1 1.77235e-15 0)
(1.1 1.64314e-16 0)
(1.1 -9.08238e-16 0)
(1.1 -7.98077e-16 0)
(1.1 -2.06847e-15 0)
(1.1 -8.95236e-16 0)
(1.1 -1.70888e-16 0)
(1.1 -3.76861e-16 0)
(1.1 -5.27657e-16 0)
(1.1 -1.92081e-16 0)
(1.1 -1.20102e-15 0)
(1.1 -1.83891e-15 0)
(1.1 -8.75665e-16 0)
(1.10123 -4.48067e-15 0)
(1.10074 2.66033e-15 0)
(1.10032 -1.15642e-15 0)
(1.10007 1.14354e-15 0)
(1.10001 -5.14869e-15 0)
(1.1 1.43148e-15 0)
(1.1 -4.17643e-16 0)
(1.1 -1.83702e-16 0)
(1.1 2.80587e-16 0)
(1.1 -7.6299e-16 0)
(1.1 -3.5579e-16 0)
(1.1 5.20743e-16 0)
(1.1 -4.83221e-16 0)
(1.1 1.56238e-16 0)
(1.1 1.23389e-15 0)
(1.1 6.70923e-16 0)
(1.1 -1.81897e-15 0)
(1.1 -1.06953e-15 0)
(1.1 -1.05891e-15 0)
(1.1 3.46742e-16 0)
(1.1 -1.08625e-15 0)
(1.1 -1.77203e-16 0)
(1.1 -1.06269e-15 0)
(1.1 -8.88013e-16 0)
(1.1 -8.84119e-16 0)
(1.1 -1.38026e-15 0)
(1.1 -1.74821e-16 0)
(1.10123 -6.73014e-15 0)
(1.10074 5.18388e-15 0)
(1.10032 -3.5276e-15 0)
(1.10007 3.0576e-15 0)
(1.10001 -6.16973e-15 0)
(1.1 -4.03507e-16 0)
(1.1 4.71772e-16 0)
(1.1 -2.79433e-16 0)
(1.1 -5.81402e-16 0)
(1.1 -1.22424e-15 0)
(1.1 -6.99993e-16 0)
(1.1 1.95327e-16 0)
(1.1 -1.51976e-16 0)
(1.1 9.18254e-16 0)
(1.1 2.42414e-15 0)
(1.1 1.69373e-15 0)
(1.1 -1.77564e-15 0)
(1.1 -2.17718e-15 0)
(1.1 -1.07539e-15 0)
(1.1 3.00714e-16 0)
(1.1 -1.98083e-15 0)
(1.1 -6.52973e-16 0)
(1.1 -1.209e-15 0)
(1.1 -3.24529e-16 0)
(1.1 -8.48729e-16 0)
(1.1 -1.21604e-15 0)
(1.1 3.03951e-16 0)
(1.10123 -8.925e-15 0)
(1.10074 6.58676e-15 0)
(1.10032 -3.25898e-15 0)
(1.10007 3.20301e-15 0)
(1.10001 -4.44965e-15 0)
(1.1 -6.72486e-16 0)
(1.1 9.46547e-16 0)
(1.1 -8.22422e-16 0)
(1.1 -4.65627e-16 0)
(1.1 -7.28214e-16 0)
(1.1 -1.14343e-15 0)
(1.1 2.8232e-17 0)
(1.1 -2.84398e-17 0)
(1.1 1.89436e-16 0)
(1.1 1.50973e-15 0)
(1.1 1.16281e-15 0)
(1.1 -7.96127e-16 0)
(1.1 -2.01318e-15 0)
(1.1 -1.64756e-15 0)
(1.1 -2.4761e-16 0)
(1.1 -9.83616e-16 0)
(1.1 -7.89718e-16 0)
(1.1 -1.42536e-15 0)
(1.1 -7.74332e-16 0)
(1.1 -9.18188e-16 0)
(1.1 -7.94172e-16 0)
(1.1 5.04462e-16 0)
(1.10123 -1.00719e-14 0)
(1.10074 6.89702e-15 0)
(1.10032 -2.01356e-15 0)
(1.10007 1.65849e-15 0)
(1.10001 -2.18763e-15 0)
(1.1 -1.20063e-15 0)
(1.1 7.8976e-16 0)
(1.1 -7.7365e-16 0)
(1.1 -7.23195e-16 0)
(1.1 2.5781e-17 0)
(1.1 -8.23251e-16 0)
(1.1 -1.47786e-15 0)
(1.1 1.31099e-15 0)
(1.1 -6.42477e-16 0)
(1.1 5.65317e-17 0)
(1.1 6.163e-16 0)
(1.1 -5.35208e-16 0)
(1.1 -3.78846e-16 0)
(1.1 -1.04598e-15 0)
(1.1 -2.39322e-17 0)
(1.1 -8.80142e-17 0)
(1.1 -4.21806e-17 0)
(1.1 -9.54091e-16 0)
(1.1 -1.02557e-15 0)
(1.1 -2.4115e-16 0)
(1.1 2.71864e-16 0)
(1.1 1.34288e-15 0)
(1.10123 -7.80972e-15 0)
(1.10074 5.83267e-15 0)
(1.10032 -3.86152e-16 0)
(1.10007 6.16262e-16 0)
(1.10001 7.98494e-16 0)
(1.1 -2.51307e-15 0)
(1.1 2.64137e-16 0)
(1.1 -5.30462e-16 0)
(1.1 -5.41326e-16 0)
(1.1 2.16432e-16 0)
(1.1 -6.59378e-16 0)
(1.1 -1.79144e-15 0)
(1.1 2.21678e-15 0)
(1.1 -8.99407e-16 0)
(1.1 7.32904e-16 0)
(1.1 -2.14714e-16 0)
(1.1 3.84815e-16 0)
(1.1 -2.59048e-16 0)
(1.1 2.67973e-16 0)
(1.1 7.49305e-17 0)
(1.1 -3.90928e-17 0)
(1.1 3.4901e-16 0)
(1.1 -6.79907e-16 0)
(1.1 -1.34741e-16 0)
(1.1 -6.33739e-16 0)
(1.1 5.96309e-16 0)
(1.1 9.82745e-16 0)
(1.10123 -4.71532e-15 0)
(1.10074 5.10323e-15 0)
(1.10032 7.50812e-16 0)
(1.10007 -7.55102e-16 0)
(1.10001 1.99049e-15 0)
(1.1 -2.45908e-15 0)
(1.1 -2.18678e-16 0)
(1.1 -4.8727e-16 0)
(1.1 9.88733e-17 0)
(1.1 3.7297e-16 0)
(1.1 -6.12332e-16 0)
(1.1 -1.74538e-15 0)
(1.1 2.29071e-15 0)
(1.1 -1.03941e-15 0)
(1.1 3.4954e-16 0)
(1.1 -9.88424e-17 0)
(1.1 6.37503e-16 0)
(1.1 3.95241e-16 0)
(1.1 1.64935e-15 0)
(1.1 4.49757e-17 0)
(1.1 6.65688e-17 0)
(1.1 8.74381e-16 0)
(1.1 6.59532e-17 0)
(1.1 6.09141e-16 0)
(1.1 -6.19214e-16 0)
(1.1 2.30885e-16 0)
(1.1 -7.44555e-17 0)
(1.10123 -1.8046e-15 0)
(1.10074 4.96681e-15 0)
(1.10032 1.64447e-15 0)
(1.10007 -9.23946e-16 0)
(1.10001 1.37829e-15 0)
(1.1 -2.24291e-15 0)
(1.1 -1.35134e-16 0)
(1.1 -9.52771e-16 0)
(1.1 -9.59836e-16 0)
(1.1 -3.50827e-16 0)
(1.1 -3.85151e-16 0)
(1.1 -1.45281e-15 0)
(1.1 2.06923e-15 0)
(1.1 -1.29472e-15 0)
(1.1 -1.15662e-15 0)
(1.1 -1.23857e-15 0)
(1.1 -7.16009e-16 0)
(1.1 1.02999e-15 0)
(1.1 2.89735e-15 0)
(1.1 -1.96075e-16 0)
(1.1 8.40477e-17 0)
(1.1 -1.05824e-16 0)
(1.1 -9.06557e-17 0)
(1.1 3.87423e-16 0)
(1.1 -2.24633e-16 0)
(1.1 -6.68273e-17 0)
(1.1 8.78893e-16 0)
(1.10123 4.82602e-16 0)
(1.10074 4.52731e-15 0)
(1.10032 1.79719e-15 0)
(1.10007 -3.54544e-16 0)
(1.10001 -6.67714e-16 0)
(1.1 -1.34679e-15 0)
(1.1 6.32395e-16 0)
(1.1 -1.78622e-15 0)
(1.1 -1.46723e-15 0)
(1.1 -9.60564e-16 0)
(1.1 -7.69429e-16 0)
(1.1 -2.33355e-16 0)
(1.1 1.93437e-15 0)
(1.1 -1.63461e-16 0)
(1.1 -8.12818e-16 0)
(1.1 -1.0139e-15 0)
(1.1 -3.90397e-16 0)
(1.1 1.92247e-15 0)
(1.1 2.1175e-15 0)
(1.1 2.99486e-16 0)
(1.1 -5.67668e-17 0)
(1.1 -2.84334e-16 0)
(1.1 -2.70064e-18 0)
(1.1 2.8651e-16 0)
(1.1 -6.91868e-16 0)
(1.1 -1.36294e-16 0)
(1.1 3.36078e-16 0)
(1.10123 2.36524e-15 0)
(1.10074 4.76625e-15 0)
(1.10032 8.62267e-16 0)
(1.10007 -2.55371e-16 0)
(1.10001 -2.57131e-15 0)
(1.1 8.6768e-16 0)
(1.1 3.7917e-16 0)
(1.1 -2.4225e-15 0)
(1.1 -1.55879e-15 0)
(1.1 -8.27187e-16 0)
(1.1 -1.54937e-15 0)
(1.1 9.70751e-16 0)
(1.1 1.04145e-15 0)
(1.1 5.2545e-16 0)
(1.1 -5.33087e-16 0)
(1.1 -6.02474e-16 0)
(1.1 7.31564e-17 0)
(1.1 1.64715e-15 0)
(1.1 7.08323e-16 0)
(1.1 -2.03557e-16 0)
(1.1 1.47109e-15 0)
(1.1 3.02238e-16 0)
(1.1 3.06706e-16 0)
(1.1 -3.01667e-16 0)
(1.1 -1.42352e-15 0)
(1.1 -6.99285e-16 0)
(1.1 -4.8409e-16 0)
(1.10123 2.94373e-15 0)
(1.10074 6.35506e-15 0)
(1.10032 -5.17153e-17 0)
(1.10007 6.49856e-16 0)
(1.10001 -3.08212e-15 0)
(1.1 2.80666e-15 0)
(1.1 -8.55204e-16 0)
(1.1 -1.43112e-15 0)
(1.1 -1.83548e-15 0)
(1.1 -1.39107e-16 0)
(1.1 -1.29389e-15 0)
(1.1 5.40727e-16 0)
(1.1 5.90376e-16 0)
(1.1 7.82916e-16 0)
(1.1 -1.05432e-16 0)
(1.1 2.33984e-16 0)
(1.1 -6.53342e-17 0)
(1.1 8.207e-16 0)
(1.1 8.94898e-16 0)
(1.1 1.4145e-16 0)
(1.1 1.29154e-15 0)
(1.1 9.50372e-16 0)
(1.1 -2.60105e-16 0)
(1.1 -3.73702e-16 0)
(1.1 -1.53026e-15 0)
(1.1 -7.38922e-16 0)
(1.1 -1.24422e-15 0)
(1.10123 2.27828e-15 0)
(1.10074 7.08945e-15 0)
(1.10032 -1.93285e-15 0)
(1.10007 6.30575e-16 0)
(1.10001 -2.27253e-15 0)
(1.1 2.94629e-15 0)
(1.1 -1.70371e-15 0)
(1.1 -9.04734e-16 0)
(1.1 -1.31199e-15 0)
(1.1 7.06055e-16 0)
(1.1 -9.09385e-16 0)
(1.1 7.06677e-16 0)
(1.1 6.05059e-16 0)
(1.1 2.36965e-16 0)
(1.1 5.32173e-16 0)
(1.1 1.48459e-15 0)
(1.1 -3.0436e-16 0)
(1.1 2.84198e-16 0)
(1.1 9.49054e-16 0)
(1.1 -2.27075e-16 0)
(1.1 8.70305e-16 0)
(1.1 7.15753e-16 0)
(1.1 -3.11444e-16 0)
(1.1 -2.69575e-16 0)
(1.1 -8.11165e-16 0)
(1.1 -6.13446e-17 0)
(1.1 -1.61764e-15 0)
(1.10123 -4.43192e-16 0)
(1.10074 6.65217e-15 0)
(1.10032 -2.60116e-15 0)
(1.10007 -5.63324e-16 0)
(1.10001 4.25552e-16 0)
(1.1 3.54561e-16 0)
(1.1 -1.13172e-15 0)
(1.1 -2.50265e-16 0)
(1.1 -2.01873e-16 0)
(1.1 1.23168e-15 0)
(1.1 -5.54438e-16 0)
(1.1 6.94102e-16 0)
(1.1 2.70527e-16 0)
(1.1 -5.59915e-16 0)
(1.1 1.14038e-15 0)
(1.1 9.01671e-16 0)
(1.1 -2.54075e-16 0)
(1.1 5.44167e-16 0)
(1.1 2.85057e-16 0)
(1.1 -1.48733e-15 0)
(1.1 2.11147e-16 0)
(1.1 1.4306e-16 0)
(1.1 -4.56525e-17 0)
(1.1 -3.80711e-16 0)
(1.1 -4.99954e-17 0)
(1.1 5.2252e-16 0)
(1.1 -3.54441e-16 0)
(1.10123 -2.74816e-15 0)
(1.10074 5.73158e-15 0)
(1.10032 -3.76162e-15 0)
(1.10007 -2.7388e-15 0)
(1.10001 3.93621e-15 0)
(1.1 -2.5222e-15 0)
(1.1 4.921e-16 0)
(1.1 -8.57113e-16 0)
(1.1 1.20063e-16 0)
(1.1 1.31394e-15 0)
(1.1 -1.19948e-15 0)
(1.1 9.18927e-16 0)
(1.1 -1.95237e-16 0)
(1.1 -1.44015e-17 0)
(1.1 1.30543e-15 0)
(1.1 -4.09097e-16 0)
(1.1 -3.44378e-16 0)
(1.1 6.37517e-17 0)
(1.1 -3.97913e-16 0)
(1.1 -6.95285e-16 0)
(1.1 -2.25751e-16 0)
(1.1 -7.51962e-16 0)
(1.1 2.87365e-16 0)
(1.1 -3.09187e-16 0)
(1.1 -5.86336e-17 0)
(1.1 6.83063e-16 0)
(1.1 -7.62951e-16 0)
(1.10123 -5.01466e-15 0)
(1.10074 3.14729e-15 0)
(1.10032 -4.21008e-15 0)
(1.10007 -2.73202e-15 0)
(1.10001 6.93905e-15 0)
(1.1 -4.12837e-15 0)
(1.1 5.32097e-16 0)
(1.1 -6.9858e-16 0)
(1.1 7.82167e-17 0)
(1.1 1.47937e-15 0)
(1.1 -1.49972e-15 0)
(1.1 1.37479e-15 0)
(1.1 -1.30072e-18 0)
(1.1 5.26446e-16 0)
(1.1 1.13651e-15 0)
(1.1 -5.87717e-16 0)
(1.1 -1.28022e-15 0)
(1.1 -6.22126e-16 0)
(1.1 -1.35189e-15 0)
(1.1 -2.69671e-16 0)
(1.1 -2.26827e-16 0)
(1.1 -9.97653e-16 0)
(1.1 4.14291e-17 0)
(1.1 -7.51219e-16 0)
(1.1 -8.61889e-16 0)
(1.1 8.80015e-16 0)
(1.1 -1.19674e-15 0)
(1.10123 -4.8612e-15 0)
(1.10074 1.10997e-15 0)
(1.10032 -3.99558e-15 0)
(1.10007 -1.35018e-15 0)
(1.10001 7.7478e-15 0)
(1.1 -5.65893e-15 0)
(1.1 7.39e-18 0)
(1.1 -1.28151e-16 0)
(1.1 9.12008e-16 0)
(1.1 1.26443e-15 0)
(1.1 -1.02179e-15 0)
(1.1 1.89499e-15 0)
(1.1 -9.74239e-16 0)
(1.1 6.15083e-16 0)
(1.1 7.36569e-16 0)
(1.1 -7.43147e-16 0)
(1.1 -1.81763e-15 0)
(1.1 -8.236e-16 0)
(1.1 -6.71336e-16 0)
(1.1 -7.60367e-16 0)
(1.1 -1.05115e-16 0)
(1.1 -4.63138e-16 0)
(1.1 5.43944e-17 0)
(1.1 -7.5104e-16 0)
(1.1 -1.72457e-15 0)
(1.1 1.25233e-15 0)
(1.1 -3.3054e-16 0)
(1.10123 -4.37917e-15 0)
(1.10074 2.23815e-16 0)
(1.10032 -3.85706e-15 0)
(1.10007 5.4778e-16 0)
(1.10001 5.5362e-15 0)
(1.1 -4.63932e-15 0)
(1.1 -6.44123e-16 0)
(1.1 1.86277e-16 0)
(1.1 1.14332e-15 0)
(1.1 3.87105e-16 0)
(1.1 -1.35373e-15 0)
(1.1 1.91784e-15 0)
(1.1 -1.84697e-15 0)
(1.1 1.42101e-16 0)
(1.1 2.00635e-16 0)
(1.1 -1.68094e-16 0)
(1.1 -1.18549e-15 0)
(1.1 -3.91397e-16 0)
(1.1 -5.35033e-16 0)
(1.1 9.92134e-17 0)
(1.1 3.38129e-16 0)
(1.1 -6.18437e-17 0)
(1.1 4.78687e-16 0)
(1.1 2.07672e-16 0)
(1.1 -8.77921e-16 0)
(1.1 3.13579e-16 0)
(1.1 -1.10595e-16 0)
(1.10123 -3.17008e-15 0)
(1.10074 -1.42773e-15 0)
(1.10032 -5.28317e-15 0)
(1.10007 2.76547e-15 0)
(1.10001 3.48906e-15 0)
(1.1 -3.35092e-15 0)
(1.1 -9.99548e-16 0)
(1.1 3.11724e-16 0)
(1.1 1.0411e-15 0)
(1.1 1.32051e-16 0)
(1.1 -1.72065e-15 0)
(1.1 2.1042e-15 0)
(1.1 -1.94884e-15 0)
(1.1 2.70232e-16 0)
(1.1 -6.26023e-16 0)
(1.1 -8.38126e-16 0)
(1.1 -1.97775e-16 0)
(1.1 -2.32638e-16 0)
(1.1 -3.66572e-17 0)
(1.1 6.46167e-16 0)
(1.1 8.2476e-16 0)
(1.1 -8.2222e-17 0)
(1.1 1.338e-15 0)
(1.1 5.71316e-18 0)
(1.1 4.52427e-16 0)
(1.1 4.50874e-17 0)
(1.1 -6.01937e-16 0)
(1.10123 -9.80435e-16 0)
(1.10074 -2.86908e-15 0)
(1.10032 -6.42515e-15 0)
(1.10007 3.46987e-15 0)
(1.10001 1.68773e-15 0)
(1.1 -1.83445e-15 0)
(1.1 -3.8292e-16 0)
(1.1 6.18888e-17 0)
(1.1 9.4972e-16 0)
(1.1 1.66208e-16 0)
(1.1 -1.53567e-15 0)
(1.1 1.63327e-15 0)
(1.1 -1.42575e-15 0)
(1.1 2.94541e-16 0)
(1.1 -2.41357e-16 0)
(1.1 -1.11076e-15 0)
(1.1 9.80263e-16 0)
(1.1 2.67941e-16 0)
(1.1 7.44166e-16 0)
(1.1 -2.9571e-16 0)
(1.1 5.60573e-17 0)
(1.1 6.77508e-16 0)
(1.1 1.21389e-15 0)
(1.1 -7.32583e-16 0)
(1.1 8.67355e-16 0)
(1.1 6.46814e-17 0)
(1.1 -4.70485e-16 0)
(1.10123 2.44664e-15 0)
(1.10074 -2.53324e-15 0)
(1.10032 -6.14193e-15 0)
(1.10007 4.57323e-15 0)
(1.10001 8.12135e-16 0)
(1.1 -1.08942e-15 0)
(1.1 1.46232e-16 0)
(1.1 2.3959e-17 0)
(1.1 5.87546e-16 0)
(1.1 4.01324e-16 0)
(1.1 -7.78863e-16 0)
(1.1 7.7301e-16 0)
(1.1 -6.29534e-16 0)
(1.1 -1.80932e-16 0)
(1.1 3.57747e-17 0)
(1.1 -6.16895e-16 0)
(1.1 1.42668e-15 0)
(1.1 7.37755e-16 0)
(1.1 5.55882e-16 0)
(1.1 -1.07167e-15 0)
(1.1 -5.62873e-16 0)
(1.1 1.6326e-16 0)
(1.1 2.15407e-17 0)
(1.1 -8.05036e-16 0)
(1.1 3.27373e-16 0)
(1.1 1.9206e-16 0)
(1.1 6.31071e-16 0)
(1.10123 4.81711e-15 0)
(1.10074 -2.92936e-15 0)
(1.10032 -4.81646e-15 0)
(1.10007 2.95829e-15 0)
(1.10001 -1.41911e-15 0)
(1.1 1.48678e-15 0)
(1.1 6.99022e-16 0)
(1.1 -9.39086e-17 0)
(1.1 -2.11717e-16 0)
(1.1 5.43035e-16 0)
(1.1 2.3934e-16 0)
(1.1 8.80461e-16 0)
(1.1 -1.13712e-15 0)
(1.1 -1.51383e-17 0)
(1.1 -1.87564e-15 0)
(1.1 -4.40593e-16 0)
(1.1 6.78053e-16 0)
(1.1 -4.52133e-17 0)
(1.1 2.45343e-16 0)
(1.1 -7.68843e-16 0)
(1.1 -8.34169e-16 0)
(1.1 -1.49204e-15 0)
(1.1 -3.26375e-16 0)
(1.1 -4.30645e-16 0)
(1.1 1.18994e-17 0)
(1.1 7.64315e-16 0)
(1.1 6.0763e-16 0)
(1.10123 7.06039e-15 0)
(1.10074 -4.35671e-15 0)
(1.10032 -2.83374e-15 0)
(1.10007 1.37672e-15 0)
(1.10001 -3.29299e-15 0)
(1.1 3.25846e-15 0)
(1.1 4.35452e-16 0)
(1.1 1.68685e-16 0)
(1.1 1.05884e-16 0)
(1.1 1.0764e-15 0)
(1.1 1.04808e-15 0)
(1.1 1.54979e-16 0)
(1.1 -1.70463e-15 0)
(1.1 -1.0176e-17 0)
(1.1 -2.11664e-15 0)
(1.1 -6.49095e-16 0)
(1.1 4.27613e-17 0)
(1.1 3.33162e-16 0)
(1.1 4.22099e-16 0)
(1.1 -5.60353e-16 0)
(1.1 -1.20041e-15 0)
(1.1 -7.94629e-16 0)
(1.1 -1.91267e-16 0)
(1.1 -2.87294e-16 0)
(1.1 -1.04455e-16 0)
(1.1 4.98037e-16 0)
(1.1 8.92441e-16 0)
(1.10123 8.43177e-15 0)
(1.10074 -5.1783e-15 0)
(1.10032 2.41852e-16 0)
(1.10007 1.8209e-15 0)
(1.10001 -4.9284e-15 0)
(1.1 5.42456e-15 0)
(1.1 -6.2839e-16 0)
(1.1 6.9033e-16 0)
(1.1 9.78641e-16 0)
(1.1 1.49973e-15 0)
(1.1 1.59181e-15 0)
(1.1 -8.34183e-17 0)
(1.1 -1.21069e-15 0)
(1.1 -1.50224e-16 0)
(1.1 -1.63244e-15 0)
(1.1 -2.37539e-16 0)
(1.1 8.20143e-16 0)
(1.1 6.4778e-16 0)
(1.1 1.56275e-16 0)
(1.1 -8.24525e-16 0)
(1.1 -6.55759e-16 0)
(1.1 2.95262e-16 0)
(1.1 -1.0536e-15 0)
(1.1 -7.45225e-16 0)
(1.1 5.28358e-16 0)
(1.1 -9.65184e-17 0)
(1.1 1.59165e-15 0)
(1.10123 8.40539e-15 0)
(1.10074 -5.03144e-15 0)
(1.10032 1.34051e-15 0)
(1.10007 1.57884e-15 0)
(1.10001 -5.2116e-15 0)
(1.1 5.93207e-15 0)
(1.1 -2.5904e-16 0)
(1.1 4.90554e-16 0)
(1.1 1.70739e-15 0)
(1.1 1.12227e-15 0)
(1.1 1.90277e-15 0)
(1.1 -3.25937e-16 0)
(1.1 -9.30126e-16 0)
(1.1 3.33517e-17 0)
(1.1 -1.72425e-15 0)
(1.1 -1.13511e-16 0)
(1.1 1.32941e-15 0)
(1.1 1.27172e-16 0)
(1.1 5.43001e-16 0)
(1.1 -4.57766e-17 0)
(1.1 5.91472e-16 0)
(1.1 -3.08189e-16 0)
(1.1 -1.39641e-15 0)
(1.1 -1.22508e-15 0)
(1.1 1.82075e-15 0)
(1.1 6.60537e-16 0)
(1.1 1.18531e-15 0)
(1.10123 7.23536e-15 0)
(1.10074 -4.77083e-15 0)
(1.10032 2.73775e-15 0)
(1.10007 -4.19535e-16 0)
(1.10001 -5.55103e-15 0)
(1.1 6.4876e-15 0)
(1.1 -1.09877e-16 0)
(1.1 7.06416e-16 0)
(1.1 2.35808e-15 0)
(1.1 1.10285e-15 0)
(1.1 2.03265e-15 0)
(1.1 -6.42001e-16 0)
(1.1 -4.60497e-16 0)
(1.1 7.45318e-16 0)
(1.1 -1.28485e-15 0)
(1.1 -1.01664e-15 0)
(1.1 3.5146e-16 0)
(1.1 8.55899e-16 0)
(1.1 -3.32895e-16 0)
(1.1 2.50576e-17 0)
(1.1 8.54832e-16 0)
(1.1 -9.35749e-17 0)
(1.1 -1.3128e-15 0)
(1.1 3.6116e-17 0)
(1.1 2.4693e-15 0)
(1.1 8.03364e-16 0)
(1.1 8.53786e-16 0)
(1.10123 5.89461e-15 0)
(1.10074 -2.12763e-15 0)
(1.10032 1.88216e-15 0)
(1.10007 -2.33725e-15 0)
(1.10001 -2.35928e-15 0)
(1.1 3.73814e-15 0)
(1.1 4.21373e-16 0)
(1.1 1.30927e-15 0)
(1.1 1.36708e-15 0)
(1.1 1.02112e-15 0)
(1.1 1.74807e-15 0)
(1.1 -6.06052e-16 0)
(1.1 -1.1772e-16 0)
(1.1 6.49882e-16 0)
(1.1 -1.11043e-15 0)
(1.1 -7.19971e-16 0)
(1.1 5.82563e-16 0)
(1.1 1.59851e-15 0)
(1.1 -6.92646e-16 0)
(1.1 -3.33295e-16 0)
(1.1 -7.86114e-17 0)
(1.1 1.92741e-16 0)
(1.1 -6.73748e-16 0)
(1.1 8.89301e-16 0)
(1.1 2.2079e-15 0)
(1.1 4.87312e-16 0)
(1.1 4.05999e-16 0)
(1.10123 3.31137e-15 0)
(1.10074 -2.10837e-16 0)
(1.10032 8.67012e-16 0)
(1.10007 -3.39497e-15 0)
(1.10001 4.80369e-16 0)
(1.1 8.77979e-16 0)
(1.1 8.6473e-16 0)
(1.1 1.58989e-15 0)
(1.1 7.96531e-16 0)
(1.1 1.30259e-15 0)
(1.1 1.60094e-15 0)
(1.1 -8.10492e-16 0)
(1.1 -1.32263e-17 0)
(1.1 7.98637e-16 0)
(1.1 -1.22629e-15 0)
(1.1 -1.44391e-16 0)
(1.1 4.97823e-17 0)
(1.1 8.79535e-16 0)
(1.1 1.08581e-16 0)
(1.1 -1.18617e-15 0)
(1.1 -6.71187e-17 0)
(1.1 1.89532e-16 0)
(1.1 3.65764e-16 0)
(1.1 1.06644e-15 0)
(1.1 1.95086e-15 0)
(1.1 8.20364e-16 0)
(1.1 4.43824e-17 0)
(1.10123 9.63494e-16 0)
(1.10074 4.45471e-16 0)
(1.10032 1.88088e-15 0)
(1.10007 -4.06652e-15 0)
(1.10001 4.32963e-15 0)
(1.1 -3.24425e-15 0)
(1.1 3.02817e-16 0)
(1.1 1.34098e-15 0)
(1.1 7.14282e-16 0)
(1.1 1.30044e-15 0)
(1.1 1.73261e-15 0)
(1.1 -9.25218e-16 0)
(1.1 -4.62959e-16 0)
(1.1 4.02378e-16 0)
(1.1 -2.55664e-16 0)
(1.1 4.1284e-16 0)
(1.1 -9.04005e-16 0)
(1.1 5.23117e-16 0)
(1.1 -1.96975e-16 0)
(1.1 -2.84224e-16 0)
(1.1 -3.99405e-16 0)
(1.1 1.76802e-17 0)
(1.1 1.08279e-15 0)
(1.1 1.49642e-15 0)
(1.1 2.23944e-15 0)
(1.1 2.93763e-16 0)
(1.1 3.36052e-16 0)
(1.10123 -6.67497e-16 0)
(1.10074 7.51227e-17 0)
(1.10032 3.03466e-15 0)
(1.10007 -4.48338e-15 0)
(1.10001 5.86775e-15 0)
(1.1 -6.07484e-15 0)
(1.1 1.87417e-15 0)
(1.1 1.54131e-15 0)
(1.1 1.46011e-17 0)
(1.1 7.27646e-16 0)
(1.1 8.92701e-16 0)
(1.1 -5.46913e-16 0)
(1.1 -6.38774e-16 0)
(1.1 1.84568e-16 0)
(1.1 9.32107e-17 0)
(1.1 -7.55732e-17 0)
(1.1 -1.50682e-15 0)
(1.1 -2.4048e-16 0)
(1.1 -3.96349e-16 0)
(1.1 1.51081e-15 0)
(1.1 -1.51839e-16 0)
(1.1 8.32257e-16 0)
(1.1 1.3508e-15 0)
(1.1 2.0788e-15 0)
(1.1 2.62531e-15 0)
(1.1 3.81017e-16 0)
(1.1 1.1743e-15 0)
(1.10123 -1.33521e-15 0)
(1.10074 -1.74966e-15 0)
(1.10032 5.86445e-15 0)
(1.10007 -3.5588e-15 0)
(1.10001 5.75495e-15 0)
(1.1 -6.65098e-15 0)
(1.1 1.91029e-15 0)
(1.1 1.18923e-15 0)
(1.1 3.7454e-16 0)
(1.1 3.10048e-16 0)
(1.1 1.07535e-15 0)
(1.1 -1.35292e-16 0)
(1.1 -4.928e-16 0)
(1.1 3.08208e-16 0)
(1.1 -1.91909e-16 0)
(1.1 -1.3539e-15 0)
(1.1 -1.79156e-15 0)
(1.1 -3.82152e-16 0)
(1.1 -1.75588e-16 0)
(1.1 2.02476e-15 0)
(1.1 -2.44392e-16 0)
(1.1 1.28038e-15 0)
(1.1 1.86685e-15 0)
(1.1 3.03131e-15 0)
(1.1 2.41863e-15 0)
(1.1 1.19639e-15 0)
(1.1 9.84799e-16 0)
(1.10123 -1.36969e-15 0)
(1.10074 -3.98559e-15 0)
(1.10032 8.03892e-15 0)
(1.10007 -4.35596e-15 0)
(1.10001 5.68796e-15 0)
(1.1 -6.4796e-15 0)
(1.1 1.48523e-15 0)
(1.1 1.02407e-15 0)
(1.1 2.29923e-16 0)
(1.1 1.93313e-16 0)
(1.1 1.81341e-15 0)
(1.1 -4.77426e-16 0)
(1.1 -4.1997e-16 0)
(1.1 5.32479e-17 0)
(1.1 -4.81036e-16 0)
(1.1 -8.61304e-16 0)
(1.1 -1.07014e-15 0)
(1.1 -4.35879e-16 0)
(1.1 -3.29599e-16 0)
(1.1 1.09743e-15 0)
(1.1 -9.51921e-17 0)
(1.1 1.57143e-15 0)
(1.1 2.69943e-15 0)
(1.1 2.48389e-15 0)
(1.1 1.27176e-15 0)
(1.1 1.32523e-15 0)
(1.1 7.89793e-16 0)
(1.10123 -6.45086e-16 0)
(1.10074 -4.30921e-15 0)
(1.10032 7.97646e-15 0)
(1.10007 -1.03465e-15 0)
(1.10001 -5.04828e-16 0)
(1.1 -1.69245e-15 0)
(1.1 -8.25311e-16 0)
(1.1 1.2834e-15 0)
(1.1 -7.40421e-18 0)
(1.1 2.67689e-16 0)
(1.1 2.26744e-15 0)
(1.1 8.07038e-16 0)
(1.1 -7.16947e-16 0)
(1.1 1.91568e-16 0)
(1.1 3.84175e-16 0)
(1.1 -2.72189e-16 0)
(1.1 -2.35275e-16 0)
(1.1 -9.36944e-16 0)
(1.1 7.196e-16 0)
(1.1 4.3737e-16 0)
(1.1 4.28264e-16 0)
(1.1 1.72141e-15 0)
(1.1 2.56517e-15 0)
(1.1 6.83913e-16 0)
(1.1 4.59608e-16 0)
(1.1 1.19949e-15 0)
(1.1 5.30511e-16 0)
(1.10123 9.09734e-16 0)
(1.10074 -5.15656e-15 0)
(1.10032 6.33299e-15 0)
(1.10007 3.06831e-15 0)
(1.10001 -5.22091e-15 0)
(1.1 1.01805e-15 0)
(1.1 -6.71574e-16 0)
(1.1 8.08991e-17 0)
(1.1 3.80227e-16 0)
(1.1 4.37908e-16 0)
(1.1 1.94212e-15 0)
(1.1 1.09047e-15 0)
(1.1 -1.17921e-15 0)
(1.1 3.48812e-16 0)
(1.1 5.89788e-16 0)
(1.1 -1.27222e-15 0)
(1.1 -9.0756e-16 0)
(1.1 -6.39122e-16 0)
(1.1 3.96518e-16 0)
(1.1 1.26207e-15 0)
(1.1 8.29481e-16 0)
(1.1 1.45462e-15 0)
(1.1 1.52646e-15 0)
(1.1 1.67772e-15 0)
(1.1 -3.15002e-16 0)
(1.1 8.96846e-17 0)
(1.1 3.91417e-16 0)
(1.10123 2.44333e-15 0)
(1.10074 -4.90178e-15 0)
(1.10032 4.61608e-15 0)
(1.10007 3.67153e-15 0)
(1.10001 -5.69159e-15 0)
(1.1 2.92812e-15 0)
(1.1 5.9347e-16 0)
(1.1 -7.71496e-16 0)
(1.1 -4.5556e-16 0)
(1.1 2.01782e-16 0)
(1.1 2.07709e-15 0)
(1.1 2.01177e-18 0)
(1.1 -1.36159e-15 0)
(1.1 3.04207e-16 0)
(1.1 1.92158e-16 0)
(1.1 -1.95715e-15 0)
(1.1 -1.13092e-15 0)
(1.1 6.38679e-16 0)
(1.1 -3.59025e-16 0)
(1.1 1.91406e-15 0)
(1.1 1.47378e-15 0)
(1.1 8.23456e-16 0)
(1.1 9.20041e-16 0)
(1.1 2.51009e-15 0)
(1.1 2.85426e-16 0)
(1.1 -1.37554e-16 0)
(1.1 5.70515e-16 0)
(1.10123 1.82586e-15 0)
(1.10074 -4.89618e-15 0)
(1.10032 2.0882e-15 0)
(1.10007 5.20939e-15 0)
(1.10001 -6.17082e-15 0)
(1.1 3.82832e-15 0)
(1.1 1.49177e-15 0)
(1.1 -1.07295e-15 0)
(1.1 9.40031e-17 0)
(1.1 1.59866e-16 0)
(1.1 1.71437e-15 0)
(1.1 6.85738e-16 0)
(1.1 -9.0051e-16 0)
(1.1 -9.98133e-16 0)
(1.1 -4.22159e-16 0)
(1.1 -1.51928e-15 0)
(1.1 1.24846e-16 0)
(1.1 1.1651e-15 0)
(1.1 -3.66277e-16 0)
(1.1 1.76431e-16 0)
(1.1 1.62344e-15 0)
(1.1 9.35294e-17 0)
(1.1 6.23242e-16 0)
(1.1 1.7895e-15 0)
(1.1 8.65637e-16 0)
(1.1 -8.25865e-16 0)
(1.1 8.54264e-16 0)
(1.10123 3.06646e-15 0)
(1.10074 -4.18332e-15 0)
(1.10032 1.06837e-15 0)
(1.10007 4.0574e-15 0)
(1.10001 -6.38283e-15 0)
(1.1 3.19718e-15 0)
(1.1 1.48717e-15 0)
(1.1 -1.18324e-15 0)
(1.1 1.10924e-15 0)
(1.1 -1.19128e-16 0)
(1.1 9.09845e-16 0)
(1.1 1.54465e-15 0)
(1.1 -7.86544e-17 0)
(1.1 -1.19731e-15 0)
(1.1 -4.24705e-16 0)
(1.1 -8.74926e-16 0)
(1.1 -6.95868e-16 0)
(1.1 3.93833e-16 0)
(1.1 -7.65906e-16 0)
(1.1 6.71197e-16 0)
(1.1 1.0415e-15 0)
(1.1 -9.05223e-16 0)
(1.1 3.57149e-17 0)
(1.1 7.9668e-16 0)
(1.1 1.39779e-15 0)
(1.1 -5.21174e-16 0)
(1.1 1.32359e-16 0)
(1.10123 5.13983e-15 0)
(1.10074 -3.29196e-15 0)
(1.10032 -1.88635e-15 0)
(1.10007 5.72258e-15 0)
(1.10001 -5.90746e-15 0)
(1.1 3.08466e-15 0)
(1.1 6.83294e-16 0)
(1.1 -9.84731e-16 0)
(1.1 1.34114e-16 0)
(1.1 -1.57854e-16 0)
(1.1 5.7422e-16 0)
(1.1 2.13206e-15 0)
(1.1 3.11884e-17 0)
(1.1 -2.34276e-16 0)
(1.1 -3.72936e-16 0)
(1.1 -1.88034e-16 0)
(1.1 -8.54872e-16 0)
(1.1 -9.86486e-17 0)
(1.1 -1.18467e-15 0)
(1.1 5.5259e-16 0)
(1.1 -3.07912e-16 0)
(1.1 -1.33093e-15 0)
(1.1 -3.65648e-16 0)
(1.1 1.72591e-16 0)
(1.1 1.76443e-15 0)
(1.1 9.57586e-16 0)
(1.1 -1.58338e-17 0)
(1.10123 7.9646e-15 0)
(1.10074 -1.93421e-15 0)
(1.10032 -3.76232e-15 0)
(1.10007 3.56781e-15 0)
(1.10001 -2.58851e-15 0)
(1.1 2.49382e-15 0)
(1.1 -4.29243e-16 0)
(1.1 -3.67874e-16 0)
(1.1 -1.70448e-16 0)
(1.1 8.14765e-17 0)
(1.1 2.70774e-16 0)
(1.1 3.14923e-15 0)
(1.1 2.88994e-16 0)
(1.1 -4.53281e-17 0)
(1.1 1.05667e-16 0)
(1.1 1.42267e-16 0)
(1.1 -8.41559e-16 0)
(1.1 -6.81461e-17 0)
(1.1 1.01642e-16 0)
(1.1 -8.54761e-16 0)
(1.1 -8.48828e-16 0)
(1.1 -4.05496e-16 0)
(1.1 -6.79219e-16 0)
(1.1 8.24424e-16 0)
(1.1 2.15496e-15 0)
(1.1 1.75731e-15 0)
(1.1 8.23839e-16 0)
(1.10123 1.01281e-14 0)
(1.10074 -1.12943e-15 0)
(1.10032 -4.69178e-15 0)
(1.10007 -2.51166e-15 0)
(1.10001 2.50962e-15 0)
(1.1 1.1585e-16 0)
(1.1 -8.29564e-16 0)
(1.1 3.37688e-16 0)
(1.1 -7.65536e-16 0)
(1.1 1.72555e-17 0)
(1.1 4.07293e-17 0)
(1.1 3.8382e-15 0)
(1.1 -1.45882e-16 0)
(1.1 5.60956e-16 0)
(1.1 8.33471e-16 0)
(1.1 7.40104e-16 0)
(1.1 -7.71648e-16 0)
(1.1 4.36854e-16 0)
(1.1 7.06279e-16 0)
(1.1 -1.04392e-15 0)
(1.1 -4.84355e-16 0)
(1.1 -2.0108e-16 0)
(1.1 -5.68938e-17 0)
(1.1 1.04877e-15 0)
(1.1 1.85831e-15 0)
(1.1 1.96036e-15 0)
(1.1 1.61123e-15 0)
(1.10123 1.01494e-14 0)
(1.10074 -1.55984e-15 0)
(1.10032 -2.81374e-15 0)
(1.10007 -5.55478e-15 0)
(1.10001 8.03368e-15 0)
(1.1 -2.40906e-15 0)
(1.1 -4.39789e-16 0)
(1.1 2.87937e-16 0)
(1.1 -2.10045e-16 0)
(1.1 5.26375e-16 0)
(1.1 8.21532e-16 0)
(1.1 4.01791e-15 0)
(1.1 -1.27714e-15 0)
(1.1 -2.31276e-17 0)
(1.1 6.68849e-16 0)
(1.1 1.08205e-15 0)
(1.1 2.82786e-16 0)
(1.1 4.11136e-16 0)
(1.1 7.8887e-16 0)
(1.1 -9.08366e-16 0)
(1.1 -8.25564e-17 0)
(1.1 -1.98594e-17 0)
(1.1 1.53372e-16 0)
(1.1 6.98867e-16 0)
(1.1 9.74278e-16 0)
(1.1 1.27385e-15 0)
(1.1 2.32037e-15 0)
(1.10123 9.12132e-15 0)
(1.10074 -3.20819e-15 0)
(1.10032 -1.86649e-15 0)
(1.10007 -7.89042e-15 0)
(1.10001 1.07778e-14 0)
(1.1 -3.76602e-15 0)
(1.1 -1.27968e-16 0)
(1.1 4.02989e-17 0)
(1.1 6.05051e-17 0)
(1.1 3.09433e-16 0)
(1.1 1.13827e-15 0)
(1.1 3.14475e-15 0)
(1.1 -2.58735e-15 0)
(1.1 -4.56691e-16 0)
(1.1 1.22062e-15 0)
(1.1 1.65826e-15 0)
(1.1 1.01673e-15 0)
(1.1 -1.73e-16 0)
(1.1 7.31351e-16 0)
(1.1 -4.73271e-16 0)
(1.1 -3.97437e-16 0)
(1.1 -5.17774e-17 0)
(1.1 1.53052e-16 0)
(1.1 4.21786e-16 0)
(1.1 1.336e-15 0)
(1.1 6.24558e-16 0)
(1.1 1.7838e-15 0)
(1.10123 7.37668e-15 0)
(1.10074 -4.15506e-15 0)
(1.10032 1.24228e-16 0)
(1.10007 -8.00358e-15 0)
(1.10001 8.95622e-15 0)
(1.1 -2.9674e-15 0)
(1.1 -4.29808e-16 0)
(1.1 9.58888e-16 0)
(1.1 -1.18747e-16 0)
(1.1 4.64172e-16 0)
(1.1 1.24703e-15 0)
(1.1 2.19625e-15 0)
(1.1 -2.0566e-15 0)
(1.1 2.72596e-16 0)
(1.1 7.2714e-16 0)
(1.1 1.37793e-15 0)
(1.1 1.40839e-15 0)
(1.1 5.90855e-16 0)
(1.1 1.1064e-15 0)
(1.1 -4.2029e-16 0)
(1.1 -1.17757e-15 0)
(1.1 -9.59884e-16 0)
(1.1 3.64103e-17 0)
(1.1 1.5125e-15 0)
(1.1 1.4083e-15 0)
(1.1 1.08655e-15 0)
(1.1 1.35685e-15 0)
(1.10123 5.22426e-15 0)
(1.10074 -4.65329e-15 0)
(1.10032 2.08882e-15 0)
(1.10007 -7.97355e-15 0)
(1.10001 6.21722e-15 0)
(1.1 -1.96656e-15 0)
(1.1 -1.10269e-15 0)
(1.1 1.19467e-15 0)
(1.1 5.58111e-17 0)
(1.1 6.27707e-16 0)
(1.1 1.38047e-15 0)
(1.1 9.53267e-16 0)
(1.1 -1.31615e-15 0)
(1.1 3.99396e-16 0)
(1.1 -4.35356e-17 0)
(1.1 1.80018e-15 0)
(1.1 1.40063e-15 0)
(1.1 -1.40797e-16 0)
(1.1 1.0402e-15 0)
(1.1 5.7103e-19 0)
(1.1 -1.22283e-15 0)
(1.1 -1.02512e-15 0)
(1.1 1.56655e-16 0)
(1.1 1.80816e-15 0)
(1.1 1.27433e-15 0)
(1.1 2.08138e-15 0)
(1.1 1.15128e-15 0)
(1.10123 2.44787e-15 0)
(1.10074 -2.7034e-15 0)
(1.10032 2.39276e-15 0)
(1.10007 -4.03929e-15 0)
(1.10001 4.12369e-17 0)
(1.1 4.72356e-16 0)
(1.1 -2.13899e-15 0)
(1.1 1.3293e-15 0)
(1.1 -5.62372e-16 0)
(1.1 4.33523e-16 0)
(1.1 8.491e-16 0)
(1.1 -1.12711e-16 0)
(1.1 -7.61293e-16 0)
(1.1 8.24715e-16 0)
(1.1 1.81584e-16 0)
(1.1 1.07959e-15 0)
(1.1 1.82182e-15 0)
(1.1 -1.88287e-16 0)
(1.1 9.72225e-16 0)
(1.1 2.84198e-16 0)
(1.1 -8.07586e-16 0)
(1.1 -6.154e-16 0)
(1.1 4.33293e-16 0)
(1.1 1.2728e-15 0)
(1.1 5.44485e-16 0)
(1.1 1.74947e-15 0)
(1.1 1.56908e-15 0)
(1.10123 -1.55716e-15 0)
(1.10074 -6.66499e-16 0)
(1.10032 3.02204e-15 0)
(1.10007 -8.8877e-16 0)
(1.10001 -4.40673e-15 0)
(1.1 2.62593e-15 0)
(1.1 -2.04021e-15 0)
(1.1 1.172e-15 0)
(1.1 -4.27115e-16 0)
(1.1 6.67352e-16 0)
(1.1 1.32562e-15 0)
(1.1 -1.32243e-15 0)
(1.1 -5.20455e-16 0)
(1.1 1.58381e-15 0)
(1.1 1.23659e-15 0)
(1.1 1.29458e-15 0)
(1.1 1.75849e-15 0)
(1.1 -5.79892e-16 0)
(1.1 -2.1041e-16 0)
(1.1 2.53268e-16 0)
(1.1 -2.84658e-16 0)
(1.1 -8.67919e-16 0)
(1.1 -1.40641e-16 0)
(1.1 1.00571e-15 0)
(1.1 5.18614e-16 0)
(1.1 1.39344e-15 0)
(1.1 1.8037e-15 0)
(1.10123 -4.71369e-15 0)
(1.10074 1.74976e-15 0)
(1.10032 5.65984e-15 0)
(1.10007 1.66693e-15 0)
(1.10001 -6.55054e-15 0)
(1.1 3.34669e-15 0)
(1.1 -1.70347e-15 0)
(1.1 5.66313e-16 0)
(1.1 -5.45616e-17 0)
(1.1 1.06303e-15 0)
(1.1 1.90207e-15 0)
(1.1 -1.55694e-15 0)
(1.1 -1.46077e-15 0)
(1.1 1.42543e-15 0)
(1.1 1.27479e-15 0)
(1.1 1.85151e-15 0)
(1.1 1.23653e-15 0)
(1.1 3.77564e-16 0)
(1.1 -1.11674e-15 0)
(1.1 5.55548e-16 0)
(1.1 -5.1867e-16 0)
(1.1 -1.15817e-15 0)
(1.1 -4.70885e-16 0)
(1.1 1.11239e-15 0)
(1.1 4.9319e-16 0)
(1.1 1.80415e-15 0)
(1.1 1.71377e-15 0)
(1.10123 -5.1487e-15 0)
(1.10074 2.28083e-15 0)
(1.10032 6.02334e-15 0)
(1.10007 6.26985e-16 0)
(1.10001 -4.62232e-15 0)
(1.1 3.23128e-15 0)
(1.1 -1.15788e-15 0)
(1.1 4.75765e-16 0)
(1.1 -2.0765e-16 0)
(1.1 8.76787e-16 0)
(1.1 1.96127e-15 0)
(1.1 -1.91334e-15 0)
(1.1 -2.12348e-15 0)
(1.1 5.89374e-16 0)
(1.1 1.36264e-15 0)
(1.1 1.27303e-15 0)
(1.1 1.47479e-15 0)
(1.1 1.12562e-15 0)
(1.1 -1.49217e-15 0)
(1.1 2.3805e-17 0)
(1.1 -5.98928e-16 0)
(1.1 -1.46226e-15 0)
(1.1 -5.47273e-16 0)
(1.1 9.29707e-16 0)
(1.1 1.14738e-15 0)
(1.1 1.93203e-15 0)
(1.1 3.12855e-15 0)
(1.10123 -3.39943e-15 0)
(1.10074 1.83774e-15 0)
(1.10032 7.57842e-15 0)
(1.10007 -1.84076e-15 0)
(1.10001 -1.50858e-15 0)
(1.1 1.46647e-15 0)
(1.1 -8.51353e-16 0)
(1.1 7.09619e-16 0)
(1.1 -5.95897e-16 0)
(1.1 4.15138e-16 0)
(1.1 1.54367e-15 0)
(1.1 -2.23148e-15 0)
(1.1 -2.04835e-15 0)
(1.1 1.10202e-15 0)
(1.1 1.87147e-15 0)
(1.1 7.68332e-16 0)
(1.1 3.63724e-16 0)
(1.1 2.68482e-16 0)
(1.1 -1.40016e-15 0)
(1.1 6.95467e-18 0)
(1.1 -7.59119e-16 0)
(1.1 -1.48882e-15 0)
(1.1 -2.85516e-16 0)
(1.1 6.72478e-16 0)
(1.1 1.89252e-15 0)
(1.1 1.80164e-15 0)
(1.1 3.35096e-15 0)
(1.10123 -1.66011e-15 0)
(1.10074 -5.10163e-16 0)
(1.10032 1.00235e-14 0)
(1.10007 -5.49979e-15 0)
(1.10001 6.1004e-16 0)
(1.1 -3.97837e-16 0)
(1.1 3.93082e-17 0)
(1.1 6.29347e-16 0)
(1.1 -8.92534e-16 0)
(1.1 2.32575e-16 0)
(1.1 8.27583e-16 0)
(1.1 -2.23674e-15 0)
(1.1 -1.4404e-15 0)
(1.1 1.39728e-15 0)
(1.1 1.06328e-15 0)
(1.1 4.99159e-16 0)
(1.1 -9.29618e-16 0)
(1.1 1.39019e-16 0)
(1.1 -7.29462e-16 0)
(1.1 6.21911e-16 0)
(1.1 -5.81492e-16 0)
(1.1 -3.50759e-16 0)
(1.1 1.60047e-16 0)
(1.1 3.94958e-16 0)
(1.1 1.82794e-15 0)
(1.1 1.64374e-15 0)
(1.1 1.72492e-15 0)
(1.10123 1.07571e-16 0)
(1.10074 -3.73443e-15 0)
(1.10032 1.1984e-14 0)
(1.10007 -7.56257e-15 0)
(1.10001 2.05541e-15 0)
(1.1 -1.29739e-15 0)
(1.1 7.0918e-16 0)
(1.1 5.62181e-16 0)
(1.1 -7.76123e-16 0)
(1.1 7.81192e-16 0)
(1.1 7.8348e-16 0)
(1.1 -1.16796e-15 0)
(1.1 -6.56872e-16 0)
(1.1 1.63376e-15 0)
(1.1 7.65139e-16 0)
(1.1 5.73517e-16 0)
(1.1 -3.29683e-16 0)
(1.1 -4.86182e-17 0)
(1.1 3.33069e-16 0)
(1.1 2.58305e-16 0)
(1.1 -4.35719e-16 0)
(1.1 -6.9033e-16 0)
(1.1 -8.3384e-16 0)
(1.1 -1.17659e-16 0)
(1.1 1.63734e-15 0)
(1.1 1.8846e-15 0)
(1.1 1.06715e-15 0)
(1.10123 1.70696e-15 0)
(1.10074 -6.12613e-15 0)
(1.10032 1.21916e-14 0)
(1.10007 -7.82001e-15 0)
(1.10001 2.90543e-15 0)
(1.1 -1.21857e-15 0)
(1.1 3.34749e-16 0)
(1.1 4.60201e-16 0)
(1.1 -1.84767e-16 0)
(1.1 1.36567e-15 0)
(1.1 4.95947e-16 0)
(1.1 -1.50091e-15 0)
(1.1 -1.24803e-15 0)
(1.1 1.13567e-15 0)
(1.1 -1.13237e-15 0)
(1.1 8.3205e-16 0)
(1.1 9.13486e-16 0)
(1.1 5.46889e-16 0)
(1.1 7.3666e-16 0)
(1.1 1.0236e-16 0)
(1.1 -9.02111e-16 0)
(1.1 -1.2492e-15 0)
(1.1 -1.12845e-15 0)
(1.1 1.13724e-16 0)
(1.1 1.44878e-15 0)
(1.1 2.02093e-15 0)
(1.1 1.1864e-15 0)
(1.10123 1.21388e-15 0)
(1.10074 -8.25172e-15 0)
(1.10032 1.26285e-14 0)
(1.10007 -7.12877e-15 0)
(1.10001 2.80283e-15 0)
(1.1 -8.2632e-16 0)
(1.1 -1.68478e-16 0)
(1.1 1.0138e-15 0)
(1.1 1.69572e-16 0)
(1.1 1.11784e-15 0)
(1.1 -1.7302e-16 0)
(1.1 -7.18149e-16 0)
(1.1 -1.56527e-15 0)
(1.1 7.78923e-16 0)
(1.1 -1.09743e-15 0)
(1.1 8.49094e-16 0)
(1.1 1.38128e-15 0)
(1.1 1.04705e-15 0)
(1.1 8.54577e-16 0)
(1.1 -5.94753e-16 0)
(1.1 -9.22613e-16 0)
(1.1 -5.54838e-16 0)
(1.1 -1.56191e-15 0)
(1.1 -2.6539e-16 0)
(1.1 1.51233e-15 0)
(1.1 1.71476e-15 0)
(1.1 1.63749e-16 0)
(1.10123 2.59145e-16 0)
(1.10074 -9.44715e-15 0)
(1.10032 1.43732e-14 0)
(1.10007 -4.75528e-15 0)
(1.10001 9.69016e-16 0)
(1.1 -3.55173e-16 0)
(1.1 -5.8605e-16 0)
(1.1 1.66765e-15 0)
(1.1 5.47639e-16 0)
(1.1 3.52495e-16 0)
(1.1 -5.49841e-16 0)
(1.1 -2.03152e-16 0)
(1.1 -1.19804e-15 0)
(1.1 4.29611e-16 0)
(1.1 1.92493e-16 0)
(1.1 1.10828e-16 0)
(1.1 1.50308e-15 0)
(1.1 5.47627e-16 0)
(1.1 9.79168e-16 0)
(1.1 -1.71017e-15 0)
(1.1 -6.51975e-16 0)
(1.1 -7.58177e-16 0)
(1.1 -2.17562e-15 0)
(1.1 -1.21533e-15 0)
(1.1 1.32745e-15 0)
(1.1 1.9547e-15 0)
(1.1 -2.73047e-17 0)
(1.10123 -8.15762e-16 0)
(1.10074 -7.83166e-15 0)
(1.10032 1.19971e-14 0)
(1.10007 -2.09182e-15 0)
(1.10001 -1.16066e-15 0)
(1.1 -6.69122e-16 0)
(1.1 3.08334e-16 0)
(1.1 9.38209e-16 0)
(1.1 3.6994e-16 0)
(1.1 -2.26637e-16 0)
(1.1 -1.21771e-15 0)
(1.1 6.82275e-16 0)
(1.1 -3.822e-16 0)
(1.1 2.75534e-16 0)
(1.1 7.21905e-16 0)
(1.1 -5.37548e-16 0)
(1.1 1.53195e-15 0)
(1.1 3.83608e-16 0)
(1.1 9.02344e-16 0)
(1.1 -1.69297e-15 0)
(1.1 -1.16247e-15 0)
(1.1 -9.29268e-16 0)
(1.1 -1.54489e-15 0)
(1.1 -1.75429e-16 0)
(1.1 1.9225e-15 0)
(1.1 2.1105e-15 0)
(1.1 4.13957e-16 0)
(1.10123 -2.04444e-15 0)
(1.10074 -3.01739e-15 0)
(1.10032 7.24187e-15 0)
(1.10007 1.16949e-15 0)
(1.10001 -2.27546e-15 0)
(1.1 -1.65272e-15 0)
(1.1 7.36705e-16 0)
(1.1 1.85351e-16 0)
(1.1 5.78332e-16 0)
(1.1 -3.18217e-16 0)
(1.1 -1.14339e-15 0)
(1.1 1.44717e-15 0)
(1.1 3.4934e-16 0)
(1.1 6.45505e-16 0)
(1.1 3.51115e-16 0)
(1.1 2.61899e-16 0)
(1.1 7.99586e-16 0)
(1.1 7.81867e-16 0)
(1.1 7.97349e-16 0)
(1.1 -1.00825e-15 0)
(1.1 -1.00994e-15 0)
(1.1 -8.81849e-16 0)
(1.1 -9.06313e-16 0)
(1.1 7.93289e-16 0)
(1.1 2.15313e-15 0)
(1.1 1.18275e-15 0)
(1.1 9.21701e-17 0)
(1.10123 -4.35795e-15 0)
(1.10074 3.51759e-15 0)
(1.10032 1.80173e-15 0)
(1.10007 4.96774e-15 0)
(1.10001 -2.67191e-15 0)
(1.1 -2.36671e-15 0)
(1.1 1.05827e-15 0)
(1.1 1.61804e-16 0)
(1.1 9.06788e-16 0)
(1.1 -6.19258e-16 0)
(1.1 -7.32014e-16 0)
(1.1 5.98685e-16 0)
(1.1 3.25191e-16 0)
(1.1 4.38916e-16 0)
(1.1 7.47437e-16 0)
(1.1 5.56384e-16 0)
(1.1 7.40871e-16 0)
(1.1 2.31952e-16 0)
(1.1 -1.29034e-16 0)
(1.1 -3.53637e-16 0)
(1.1 -3.8692e-16 0)
(1.1 -1.47016e-15 0)
(1.1 -5.69067e-16 0)
(1.1 1.24492e-15 0)
(1.1 2.09909e-15 0)
(1.1 2.27402e-16 0)
(1.1 -1.44099e-16 0)
(1.10123 -6.20912e-15 0)
(1.10074 7.31471e-15 0)
(1.10032 -1.78452e-15 0)
(1.10007 5.68939e-15 0)
(1.10001 -1.49768e-15 0)
(1.1 -2.78198e-15 0)
(1.1 1.25881e-15 0)
(1.1 4.12144e-16 0)
(1.1 5.6951e-16 0)
(1.1 -9.50115e-16 0)
(1.1 -9.8413e-16 0)
(1.1 1.02083e-15 0)
(1.1 -2.28718e-18 0)
(1.1 5.751e-16 0)
(1.1 1.25412e-15 0)
(1.1 1.16836e-15 0)
(1.1 1.26019e-15 0)
(1.1 1.29563e-16 0)
(1.1 -8.22948e-16 0)
(1.1 1.11137e-16 0)
(1.1 -2.41161e-16 0)
(1.1 -6.83974e-16 0)
(1.1 7.68493e-17 0)
(1.1 1.29445e-15 0)
(1.1 9.57795e-16 0)
(1.1 -1.24964e-15 0)
(1.1 5.98856e-16 0)
(1.10123 -6.73392e-15 0)
(1.10074 7.18728e-15 0)
(1.10032 -3.10063e-15 0)
(1.10007 4.5573e-15 0)
(1.10001 -4.23449e-16 0)
(1.1 -2.78604e-15 0)
(1.1 1.24363e-15 0)
(1.1 5.62652e-16 0)
(1.1 6.21628e-16 0)
(1.1 -1.9246e-16 0)
(1.1 -7.15014e-16 0)
(1.1 7.48534e-16 0)
(1.1 -2.63489e-16 0)
(1.1 7.02402e-16 0)
(1.1 5.23291e-16 0)
(1.1 9.57821e-16 0)
(1.1 1.24932e-15 0)
(1.1 1.24041e-16 0)
(1.1 -2.89933e-16 0)
(1.1 6.74718e-16 0)
(1.1 -3.72394e-16 0)
(1.1 -4.13186e-16 0)
(1.1 1.38722e-16 0)
(1.1 1.02686e-15 0)
(1.1 -4.8578e-16 0)
(1.1 -9.08765e-16 0)
(1.1 1.64943e-15 0)
(1.10123 -5.94364e-15 0)
(1.10074 4.42326e-15 0)
(1.10032 -1.38569e-15 0)
(1.10007 2.67875e-15 0)
(1.10001 9.63735e-16 0)
(1.1 -3.39114e-15 0)
(1.1 1.17824e-15 0)
(1.1 1.37052e-16 0)
(1.1 6.0572e-16 0)
(1.1 9.48509e-16 0)
(1.1 -8.688e-16 0)
(1.1 -2.3475e-17 0)
(1.1 2.49104e-16 0)
(1.1 8.64085e-16 0)
(1.1 4.51505e-16 0)
(1.1 2.0709e-16 0)
(1.1 6.05588e-16 0)
(1.1 -2.9209e-16 0)
(1.1 -5.11636e-16 0)
(1.1 5.25114e-16 0)
(1.1 -7.16051e-16 0)
(1.1 5.97255e-16 0)
(1.1 8.69585e-16 0)
(1.1 3.02492e-16 0)
(1.1 -2.23888e-15 0)
(1.1 -1.72842e-16 0)
(1.1 1.38778e-15 0)
(1.10123 -3.81093e-15 0)
(1.10074 7.11726e-16 0)
(1.10032 5.05705e-16 0)
(1.10007 9.33058e-16 0)
(1.10001 1.15163e-15 0)
(1.1 -3.36629e-15 0)
(1.1 1.57747e-15 0)
(1.1 -1.03813e-16 0)
(1.1 1.03842e-15 0)
(1.1 1.04541e-15 0)
(1.1 -1.51844e-15 0)
(1.1 7.71951e-17 0)
(1.1 5.85873e-16 0)
(1.1 5.41538e-16 0)
(1.1 1.33367e-15 0)
(1.1 2.25216e-17 0)
(1.1 4.47211e-16 0)
(1.1 -3.22879e-16 0)
(1.1 -9.0831e-16 0)
(1.1 -8.57639e-16 0)
(1.1 -6.56995e-16 0)
(1.1 1.93215e-15 0)
(1.1 1.37459e-15 0)
(1.1 -2.00189e-16 0)
(1.1 -3.14687e-15 0)
(1.1 -6.43155e-16 0)
(1.1 5.66475e-16 0)
(1.10123 -1.14393e-15 0)
(1.10074 -3.52201e-15 0)
(1.10032 2.73545e-15 0)
(1.10007 6.81819e-16 0)
(1.10001 -5.91283e-16 0)
(1.1 -1.90369e-15 0)
(1.1 1.10377e-15 0)
(1.1 -5.26518e-17 0)
(1.1 1.65714e-15 0)
(1.1 8.51111e-16 0)
(1.1 -8.78805e-16 0)
(1.1 -3.35315e-17 0)
(1.1 9.50145e-16 0)
(1.1 7.6656e-16 0)
(1.1 1.18056e-15 0)
(1.1 -1.95369e-16 0)
(1.1 -9.0749e-17 0)
(1.1 -8.23798e-16 0)
(1.1 2.79123e-16 0)
(1.1 -1.17096e-15 0)
(1.1 5.46562e-16 0)
(1.1 1.79182e-15 0)
(1.1 1.88991e-15 0)
(1.1 -1.87273e-16 0)
(1.1 -2.40513e-15 0)
(1.1 -1.83874e-15 0)
(1.1 3.81184e-17 0)
(1.10123 2.32404e-15 0)
(1.10074 -6.46829e-15 0)
(1.10032 5.21193e-15 0)
(1.10007 5.65464e-16 0)
(1.10001 -3.91539e-15 0)
(1.1 6.1476e-16 0)
(1.1 2.97837e-16 0)
(1.1 -5.46256e-17 0)
(1.1 1.4045e-15 0)
(1.1 1.55097e-16 0)
(1.1 -4.89073e-16 0)
(1.1 1.49297e-16 0)
(1.1 1.36013e-15 0)
(1.1 1.24948e-15 0)
(1.1 1.28582e-15 0)
(1.1 -3.80985e-16 0)
(1.1 -7.40591e-16 0)
(1.1 -6.52401e-16 0)
(1.1 6.40979e-16 0)
(1.1 -3.22989e-17 0)
(1.1 1.62584e-15 0)
(1.1 1.24245e-15 0)
(1.1 1.77181e-15 0)
(1.1 -9.01368e-17 0)
(1.1 -2.63182e-15 0)
(1.1 -2.46369e-15 0)
(1.1 -1.01911e-15 0)
(1.10123 4.95422e-15 0)
(1.10074 -1.02272e-14 0)
(1.10032 6.44871e-15 0)
(1.10007 2.4297e-16 0)
(1.10001 -5.0196e-15 0)
(1.1 2.21761e-15 0)
(1.1 5.52687e-16 0)
(1.1 1.58872e-16 0)
(1.1 7.74237e-16 0)
(1.1 -3.06138e-16 0)
(1.1 -1.24638e-16 0)
(1.1 4.59641e-16 0)
(1.1 1.13598e-15 0)
(1.1 1.61041e-15 0)
(1.1 -2.15455e-16 0)
(1.1 1.14829e-16 0)
(1.1 -7.66321e-16 0)
(1.1 -2.96751e-16 0)
(1.1 6.82681e-16 0)
(1.1 7.9663e-16 0)
(1.1 1.02609e-15 0)
(1.1 2.97722e-16 0)
(1.1 1.14638e-15 0)
(1.1 -2.28331e-16 0)
(1.1 -2.07078e-15 0)
(1.1 -2.39617e-15 0)
(1.1 -1.22192e-15 0)
(1.10123 6.16562e-15 0)
(1.10074 -1.20498e-14 0)
(1.10032 8.96437e-15 0)
(1.10007 -2.75548e-15 0)
(1.10001 -4.46516e-15 0)
(1.1 3.50837e-15 0)
(1.1 6.24368e-16 0)
(1.1 1.30563e-16 0)
(1.1 6.21987e-16 0)
(1.1 -2.31338e-16 0)
(1.1 6.08196e-17 0)
(1.1 1.09453e-15 0)
(1.1 7.68339e-16 0)
(1.1 3.19242e-16 0)
(1.1 -6.62336e-16 0)
(1.1 -3.50151e-16 0)
(1.1 -9.56488e-16 0)
(1.1 -1.06121e-15 0)
(1.1 3.52409e-16 0)
(1.1 1.27305e-15 0)
(1.1 5.80897e-16 0)
(1.1 1.96441e-16 0)
(1.1 5.18223e-16 0)
(1.1 -6.42776e-16 0)
(1.1 -4.37001e-16 0)
(1.1 -1.11292e-15 0)
(1.1 -7.598e-16 0)
(1.10123 6.56174e-15 0)
(1.10074 -1.08695e-14 0)
(1.10032 9.61352e-15 0)
(1.10007 -5.04804e-15 0)
(1.10001 -3.23935e-15 0)
(1.1 3.04708e-15 0)
(1.1 1.04203e-15 0)
(1.1 3.38426e-16 0)
(1.1 3.38101e-16 0)
(1.1 2.15098e-16 0)
(1.1 2.16421e-16 0)
(1.1 5.82469e-16 0)
(1.1 8.03526e-17 0)
(1.1 -1.10078e-15 0)
(1.1 -2.91275e-16 0)
(1.1 -1.08232e-15 0)
(1.1 -1.17353e-15 0)
(1.1 -6.66089e-16 0)
(1.1 -1.02388e-15 0)
(1.1 4.21015e-16 0)
(1.1 4.42154e-16 0)
(1.1 7.97602e-16 0)
(1.1 -1.40984e-16 0)
(1.1 -6.96692e-16 0)
(1.1 -7.27902e-17 0)
(1.1 -3.25126e-16 0)
(1.1 -9.36104e-16 0)
(1.10123 4.46271e-15 0)
(1.10074 -7.12339e-15 0)
(1.10032 9.09496e-15 0)
(1.10007 -8.16789e-15 0)
(1.10001 1.46173e-16 0)
(1.1 1.84971e-15 0)
(1.1 8.2375e-16 0)
(1.1 8.49176e-16 0)
(1.1 4.34769e-16 0)
(1.1 3.95996e-16 0)
(1.1 7.8363e-16 0)
(1.1 2.21025e-17 0)
(1.1 4.30505e-16 0)
(1.1 -1.01753e-15 0)
(1.1 -1.30489e-15 0)
(1.1 -8.14827e-16 0)
(1.1 -1.43786e-15 0)
(1.1 -1.09879e-16 0)
(1.1 -1.80425e-15 0)
(1.1 3.14642e-16 0)
(1.1 2.07581e-16 0)
(1.1 -5.36825e-16 0)
(1.1 -1.05631e-15 0)
(1.1 -4.54258e-16 0)
(1.1 2.98834e-16 0)
(1.1 -3.18965e-16 0)
(1.1 -4.08542e-16 0)
(1.10123 1.31495e-15 0)
(1.10074 -2.93996e-15 0)
(1.10032 7.60145e-15 0)
(1.10007 -1.04829e-14 0)
(1.10001 2.46915e-15 0)
(1.1 1.29624e-15 0)
(1.1 5.9024e-16 0)
(1.1 6.88147e-16 0)
(1.1 8.48998e-16 0)
(1.1 1.04918e-15 0)
(1.1 1.03937e-15 0)
(1.1 1.96972e-16 0)
(1.1 7.53482e-16 0)
(1.1 -9.06006e-16 0)
(1.1 -2.7542e-15 0)
(1.1 -2.79137e-16 0)
(1.1 -1.63675e-15 0)
(1.1 -1.26965e-15 0)
(1.1 -7.90541e-16 0)
(1.1 4.79495e-17 0)
(1.1 7.06046e-16 0)
(1.1 -6.245e-16 0)
(1.1 -7.52436e-16 0)
(1.1 -7.77555e-16 0)
(1.1 4.29022e-16 0)
(1.1 -1.56082e-16 0)
(1.1 -4.40794e-16 0)
(1.10123 -2.81998e-15 0)
(1.10074 2.27825e-15 0)
(1.10032 5.20001e-15 0)
(1.10007 -1.21797e-14 0)
(1.10001 5.13185e-15 0)
(1.1 -1.1023e-15 0)
(1.1 8.05969e-17 0)
(1.1 3.7786e-16 0)
(1.1 7.88013e-16 0)
(1.1 1.19137e-15 0)
(1.1 1.34713e-15 0)
(1.1 -3.00707e-16 0)
(1.1 5.10164e-16 0)
(1.1 -7.08701e-16 0)
(1.1 -1.48443e-15 0)
(1.1 -1.62439e-16 0)
(1.1 -1.27992e-15 0)
(1.1 -2.25899e-15 0)
(1.1 2.96532e-17 0)
(1.1 7.84021e-16 0)
(1.1 1.20113e-15 0)
(1.1 -3.89793e-16 0)
(1.1 2.90315e-16 0)
(1.1 -1.75282e-15 0)
(1.1 -9.49491e-17 0)
(1.1 3.14902e-16 0)
(1.1 -1.27974e-15 0)
(1.10123 -5.81347e-15 0)
(1.10074 6.28127e-15 0)
(1.10032 1.25828e-15 0)
(1.10007 -1.07408e-14 0)
(1.10001 4.73282e-15 0)
(1.1 -1.36181e-15 0)
(1.1 1.00403e-15 0)
(1.1 -2.38848e-16 0)
(1.1 2.11929e-16 0)
(1.1 1.02045e-15 0)
(1.1 1.41376e-15 0)
(1.1 -1.53015e-15 0)
(1.1 3.33439e-16 0)
(1.1 -8.42709e-16 0)
(1.1 -2.53832e-16 0)
(1.1 -5.37674e-16 0)
(1.1 -4.95609e-16 0)
(1.1 -2.44039e-15 0)
(1.1 -1.09763e-15 0)
(1.1 4.47378e-16 0)
(1.1 6.93935e-16 0)
(1.1 1.22767e-16 0)
(1.1 -7.27072e-16 0)
(1.1 -1.21165e-15 0)
(1.1 1.7353e-16 0)
(1.1 1.60863e-16 0)
(1.1 -1.33983e-15 0)
(1.10123 -6.96592e-15 0)
(1.10074 8.72849e-15 0)
(1.10032 -2.4121e-15 0)
(1.10007 -6.26051e-15 0)
(1.10001 3.5656e-15 0)
(1.1 -8.576e-16 0)
(1.1 2.03904e-15 0)
(1.1 -9.42492e-16 0)
(1.1 -4.03707e-16 0)
(1.1 7.2089e-16 0)
(1.1 1.16004e-15 0)
(1.1 -2.56763e-15 0)
(1.1 4.57819e-16 0)
(1.1 -1.05587e-15 0)
(1.1 -1.2264e-19 0)
(1.1 -1.73881e-15 0)
(1.1 -3.20779e-16 0)
(1.1 -2.37012e-15 0)
(1.1 -5.80398e-16 0)
(1.1 1.99963e-15 0)
(1.1 1.09536e-15 0)
(1.1 3.59963e-16 0)
(1.1 -1.41035e-15 0)
(1.1 -1.58479e-15 0)
(1.1 -9.98367e-16 0)
(1.1 -2.00357e-16 0)
(1.1 -3.95735e-16 0)
(1.10123 -6.6035e-15 0)
(1.10074 9.53116e-15 0)
(1.10032 -5.75148e-15 0)
(1.10007 4.68882e-16 0)
(1.10001 -7.03996e-16 0)
(1.1 1.47483e-15 0)
(1.1 1.03511e-15 0)
(1.1 -6.27547e-16 0)
(1.1 -5.88112e-16 0)
(1.1 4.89666e-16 0)
(1.1 1.10468e-15 0)
(1.1 -2.20679e-15 0)
(1.1 1.27162e-15 0)
(1.1 -7.08189e-16 0)
(1.1 -8.91367e-17 0)
(1.1 -1.51778e-15 0)
(1.1 -1.40486e-15 0)
(1.1 -2.11159e-15 0)
(1.1 -3.21206e-16 0)
(1.1 2.72755e-15 0)
(1.1 9.29818e-16 0)
(1.1 -1.94113e-16 0)
(1.1 -1.85731e-15 0)
(1.1 -1.69685e-15 0)
(1.1 -1.39147e-15 0)
(1.1 3.93819e-16 0)
(1.1 1.57136e-16 0)
(1.10123 -5.40128e-15 0)
(1.10074 8.71029e-15 0)
(1.10032 -6.07987e-15 0)
(1.10007 5.65105e-15 0)
(1.10001 -4.34811e-15 0)
(1.1 3.99729e-15 0)
(1.1 -5.40503e-17 0)
(1.1 -1.25019e-16 0)
(1.1 -7.97859e-16 0)
(1.1 2.44199e-16 0)
(1.1 9.8951e-16 0)
(1.1 -1.17717e-15 0)
(1.1 2.22954e-15 0)
(1.1 -5.21238e-16 0)
(1.1 3.28504e-16 0)
(1.1 -7.97403e-16 0)
(1.1 -1.14193e-15 0)
(1.1 -2.36319e-15 0)
(1.1 4.09118e-16 0)
(1.1 1.82997e-15 0)
(1.1 3.68671e-16 0)
(1.1 -7.4401e-17 0)
(1.1 -1.76212e-15 0)
(1.1 -1.2973e-15 0)
(1.1 -1.13244e-15 0)
(1.1 2.1466e-16 0)
(1.1 3.69101e-16 0)
(1.10123 -3.82991e-15 0)
(1.10074 8.1855e-15 0)
(1.10032 -7.43664e-15 0)
(1.10007 1.07274e-14 0)
(1.10001 -6.4729e-15 0)
(1.1 4.53399e-15 0)
(1.1 -1.51982e-16 0)
(1.1 -1.44287e-17 0)
(1.1 7.29761e-16 0)
(1.1 7.95551e-17 0)
(1.1 5.47224e-16 0)
(1.1 -8.61546e-16 0)
(1.1 1.46363e-15 0)
(1.1 -3.34901e-16 0)
(1.1 1.25077e-15 0)
(1.1 -3.95717e-17 0)
(1.1 -1.19105e-15 0)
(1.1 -1.19808e-15 0)
(1.1 1.31038e-15 0)
(1.1 3.58886e-16 0)
(1.1 3.178e-16 0)
(1.1 -6.86446e-17 0)
(1.1 -6.87914e-17 0)
(1.1 -1.52321e-15 0)
(1.1 -9.36085e-16 0)
(1.1 6.3948e-16 0)
(1.1 4.68061e-16 0)
(1.10123 -3.59677e-15 0)
(1.10074 6.70432e-15 0)
(1.10032 -8.61285e-15 0)
(1.10007 1.40974e-14 0)
(1.10001 -7.20817e-15 0)
(1.1 4.11129e-15 0)
(1.1 2.0896e-16 0)
(1.1 2.24046e-16 0)
(1.1 9.09478e-16 0)
(1.1 6.08698e-16 0)
(1.1 5.31488e-16 0)
(1.1 -5.70089e-16 0)
(1.1 5.76234e-16 0)
(1.1 -3.9028e-16 0)
(1.1 1.75937e-15 0)
(1.1 7.93254e-16 0)
(1.1 -1.72613e-15 0)
(1.1 1.87041e-16 0)
(1.1 1.5638e-15 0)
(1.1 -6.73611e-17 0)
(1.1 3.35306e-16 0)
(1.1 -8.70119e-16 0)
(1.1 4.53434e-16 0)
(1.1 -1.70316e-15 0)
(1.1 -6.7241e-16 0)
(1.1 1.05657e-15 0)
(1.1 1.76604e-16 0)
(1.10123 -4.91263e-15 0)
(1.10074 6.77878e-15 0)
(1.10032 -1.0969e-14 0)
(1.10007 1.39834e-14 0)
(1.10001 -6.55999e-15 0)
(1.1 2.94151e-15 0)
(1.1 6.12419e-16 0)
(1.1 6.51419e-16 0)
(1.1 1.36527e-17 0)
(1.1 2.43766e-16 0)
(1.1 4.55988e-17 0)
(1.1 -1.06739e-15 0)
(1.1 4.8344e-16 0)
(1.1 7.67737e-17 0)
(1.1 1.31826e-15 0)
(1.1 6.11609e-16 0)
(1.1 -5.80272e-16 0)
(1.1 -3.742e-16 0)
(1.1 3.1771e-16 0)
(1.1 -9.10987e-17 0)
(1.1 4.48293e-16 0)
(1.1 -6.93187e-16 0)
(1.1 3.90479e-16 0)
(1.1 -1.2588e-15 0)
(1.1 -5.25065e-16 0)
(1.1 1.37489e-15 0)
(1.1 -4.55071e-16 0)
(1.10123 -5.27841e-15 0)
(1.10074 5.02453e-15 0)
(1.10032 -1.20772e-14 0)
(1.10007 1.32546e-14 0)
(1.10001 -5.55223e-15 0)
(1.1 -3.35259e-16 0)
(1.1 2.1419e-15 0)
(1.1 5.4705e-16 0)
(1.1 3.01037e-16 0)
(1.1 4.75415e-16 0)
(1.1 -2.56676e-16 0)
(1.1 -8.37293e-16 0)
(1.1 2.33544e-16 0)
(1.1 -1.1328e-16 0)
(1.1 1.75339e-15 0)
(1.1 2.51194e-16 0)
(1.1 1.67662e-17 0)
(1.1 -5.18184e-16 0)
(1.1 5.92196e-16 0)
(1.1 -8.36995e-16 0)
(1.1 4.34127e-16 0)
(1.1 -2.50505e-16 0)
(1.1 1.39576e-15 0)
(1.1 -6.62449e-16 0)
(1.1 -5.87508e-16 0)
(1.1 9.97197e-16 0)
(1.1 -5.50398e-17 0)
(1.10123 -6.5098e-15 0)
(1.10074 3.81035e-15 0)
(1.10032 -1.07435e-14 0)
(1.10007 1.16196e-14 0)
(1.10001 -4.65759e-15 0)
(1.1 -9.76426e-16 0)
(1.1 1.3168e-15 0)
(1.1 4.90998e-16 0)
(1.1 1.18161e-15 0)
(1.1 9.49309e-16 0)
(1.1 -4.63833e-16 0)
(1.1 -1.20196e-15 0)
(1.1 7.6528e-17 0)
(1.1 4.93284e-16 0)
(1.1 1.47844e-15 0)
(1.1 -1.41679e-15 0)
(1.1 3.08011e-16 0)
(1.1 -3.00348e-16 0)
(1.1 8.26444e-16 0)
(1.1 -5.64041e-17 0)
(1.1 2.45452e-16 0)
(1.1 3.13459e-16 0)
(1.1 1.49863e-15 0)
(1.1 2.44974e-16 0)
(1.1 9.96925e-17 0)
(1.1 1.102e-15 0)
(1.1 -1.04291e-15 0)
(1.10123 -6.57419e-15 0)
(1.10074 1.85245e-15 0)
(1.10032 -5.47499e-15 0)
(1.10007 4.88507e-15 0)
(1.10001 -3.24937e-15 0)
(1.1 -4.20813e-16 0)
(1.1 1.22479e-15 0)
(1.1 1.37833e-15 0)
(1.1 1.40872e-15 0)
(1.1 1.3966e-15 0)
(1.1 -8.71559e-16 0)
(1.1 -1.50078e-15 0)
(1.1 -2.82585e-16 0)
(1.1 6.67112e-16 0)
(1.1 1.01318e-17 0)
(1.1 -1.40891e-15 0)
(1.1 -2.00425e-16 0)
(1.1 -4.36251e-16 0)
(1.1 4.80452e-16 0)
(1.1 -3.65849e-17 0)
(1.1 5.01571e-16 0)
(1.1 7.99561e-16 0)
(1.1 1.03674e-15 0)
(1.1 1.64807e-15 0)
(1.1 1.40641e-15 0)
(1.1 8.30461e-16 0)
(1.1 -1.19638e-15 0)
(1.10123 -6.86986e-15 0)
(1.10074 2.36471e-16 0)
(1.10032 9.95467e-16 0)
(1.10007 -1.92736e-15 0)
(1.10001 2.17354e-17 0)
(1.1 -2.84907e-16 0)
(1.1 3.41977e-16 0)
(1.1 1.55739e-15 0)
(1.1 1.14468e-15 0)
(1.1 1.76472e-15 0)
(1.1 -4.02013e-16 0)
(1.1 -1.11963e-15 0)
(1.1 -8.60682e-16 0)
(1.1 5.0161e-16 0)
(1.1 1.19537e-16 0)
(1.1 -2.02143e-16 0)
(1.1 -6.24283e-16 0)
(1.1 -5.06976e-16 0)
(1.1 -3.10734e-16 0)
(1.1 -5.60293e-16 0)
(1.1 7.78981e-16 0)
(1.1 3.32397e-16 0)
(1.1 5.69494e-16 0)
(1.1 2.1141e-15 0)
(1.1 1.24367e-15 0)
(1.1 2.11786e-16 0)
(1.1 -7.70708e-18 0)
(1.10123 -4.74605e-15 0)
(1.10074 -1.64714e-15 0)
(1.10032 6.59582e-15 0)
(1.10007 -6.81181e-15 0)
(1.10001 2.67274e-15 0)
(1.1 -4.98166e-16 0)
(1.1 8.26536e-16 0)
(1.1 6.42097e-16 0)
(1.1 8.32344e-16 0)
(1.1 9.85441e-16 0)
(1.1 4.51836e-16 0)
(1.1 -7.36353e-16 0)
(1.1 -1.42391e-15 0)
(1.1 9.14128e-16 0)
(1.1 1.0655e-15 0)
(1.1 8.32269e-16 0)
(1.1 6.14642e-16 0)
(1.1 -2.02048e-16 0)
(1.1 -1.22747e-15 0)
(1.1 1.5585e-16 0)
(1.1 6.6919e-16 0)
(1.1 -3.10357e-16 0)
(1.1 -2.49686e-16 0)
(1.1 1.39654e-15 0)
(1.1 1.09054e-15 0)
(1.1 -1.60549e-16 0)
(1.1 6.33749e-16 0)
(1.10123 -2.00379e-15 0)
(1.10074 -5.28299e-15 0)
(1.10032 1.08237e-14 0)
(1.10007 -9.73125e-15 0)
(1.10001 3.86575e-15 0)
(1.1 -1.59241e-15 0)
(1.1 9.58334e-16 0)
(1.1 5.4176e-16 0)
(1.1 5.48932e-16 0)
(1.1 3.93245e-16 0)
(1.1 7.30081e-16 0)
(1.1 -1.44427e-15 0)
(1.1 -1.53391e-15 0)
(1.1 1.33728e-15 0)
(1.1 1.14474e-15 0)
(1.1 5.07029e-16 0)
(1.1 6.52397e-16 0)
(1.1 -1.98143e-16 0)
(1.1 -1.03527e-15 0)
(1.1 4.3131e-16 0)
(1.1 4.42739e-16 0)
(1.1 4.81291e-17 0)
(1.1 -4.54949e-16 0)
(1.1 1.32101e-15 0)
(1.1 1.41749e-15 0)
(1.1 4.82721e-16 0)
(1.1 1.143e-15 0)
(1.10123 1.28432e-15 0)
(1.10074 -9.10246e-15 0)
(1.10032 1.1702e-14 0)
(1.10007 -1.00208e-14 0)
(1.10001 4.84087e-15 0)
(1.1 -2.71362e-15 0)
(1.1 9.24861e-16 0)
(1.1 1.26695e-15 0)
(1.1 -2.39484e-16 0)
(1.1 -8.62069e-17 0)
(1.1 9.59004e-16 0)
(1.1 -1.85039e-15 0)
(1.1 -6.05412e-16 0)
(1.1 2.17304e-15 0)
(1.1 4.89378e-16 0)
(1.1 7.55213e-16 0)
(1.1 -1.83359e-16 0)
(1.1 1.61241e-16 0)
(1.1 -2.68374e-16 0)
(1.1 -3.69228e-16 0)
(1.1 -7.7059e-16 0)
(1.1 1.03256e-15 0)
(1.1 3.68123e-17 0)
(1.1 1.18176e-15 0)
(1.1 1.93281e-15 0)
(1.1 9.69215e-16 0)
(1.1 1.43729e-15 0)
(1.10123 4.85352e-15 0)
(1.10074 -1.09439e-14 0)
(1.10032 1.12257e-14 0)
(1.10007 -7.43144e-15 0)
(1.10001 5.81351e-15 0)
(1.1 -2.92593e-15 0)
(1.1 4.07573e-16 0)
(1.1 5.95786e-16 0)
(1.1 -3.14199e-16 0)
(1.1 -2.63733e-17 0)
(1.1 1.24029e-15 0)
(1.1 -1.00414e-15 0)
(1.1 -3.74534e-16 0)
(1.1 1.89199e-15 0)
(1.1 3.69714e-16 0)
(1.1 1.48059e-15 0)
(1.1 -9.53967e-17 0)
(1.1 7.01387e-16 0)
(1.1 1.11923e-16 0)
(1.1 -8.29694e-16 0)
(1.1 -3.81952e-16 0)
(1.1 2.1641e-15 0)
(1.1 1.02098e-15 0)
(1.1 8.95653e-16 0)
(1.1 1.8378e-15 0)
(1.1 1.197e-15 0)
(1.1 1.03061e-15 0)
(1.10123 6.95123e-15 0)
(1.10074 -1.1024e-14 0)
(1.10032 9.50996e-15 0)
(1.10007 -4.70427e-15 0)
(1.10001 5.97966e-15 0)
(1.1 -4.02278e-15 0)
(1.1 2.56631e-16 0)
(1.1 5.01348e-16 0)
(1.1 -9.06815e-17 0)
(1.1 5.40702e-17 0)
(1.1 1.21377e-15 0)
(1.1 -1.09884e-15 0)
(1.1 -6.5902e-17 0)
(1.1 1.78657e-15 0)
(1.1 7.77588e-16 0)
(1.1 1.0686e-15 0)
(1.1 -5.01762e-16 0)
(1.1 8.47178e-16 0)
(1.1 -1.06202e-15 0)
(1.1 -2.3335e-16 0)
(1.1 7.6858e-16 0)
(1.1 2.31565e-15 0)
(1.1 8.19498e-16 0)
(1.1 1.35101e-15 0)
(1.1 1.82026e-15 0)
(1.1 1.22068e-15 0)
(1.1 -9.75076e-17 0)
(1.10123 7.3988e-15 0)
(1.10074 -9.86079e-15 0)
(1.10032 5.82104e-15 0)
(1.10007 -1.31421e-15 0)
(1.10001 5.4768e-15 0)
(1.1 -4.55339e-15 0)
(1.1 9.35707e-17 0)
(1.1 7.13245e-16 0)
(1.1 3.16455e-16 0)
(1.1 -4.32307e-16 0)
(1.1 8.76272e-16 0)
(1.1 -2.38369e-16 0)
(1.1 8.9623e-16 0)
(1.1 6.9311e-16 0)
(1.1 8.99821e-16 0)
(1.1 -2.98196e-16 0)
(1.1 -8.8722e-16 0)
(1.1 1.64536e-15 0)
(1.1 -3.9152e-16 0)
(1.1 -5.34432e-16 0)
(1.1 8.57469e-16 0)
(1.1 2.84832e-15 0)
(1.1 1.23355e-15 0)
(1.1 2.0251e-15 0)
(1.1 1.15436e-15 0)
(1.1 4.03848e-16 0)
(1.1 -3.86064e-16 0)
(1.10123 7.90492e-15 0)
(1.10074 -7.49399e-15 0)
(1.10032 2.64531e-15 0)
(1.10007 -1.93073e-16 0)
(1.10001 5.64095e-15 0)
(1.1 -5.35936e-15 0)
(1.1 -2.15381e-16 0)
(1.1 4.36423e-16 0)
(1.1 7.68968e-16 0)
(1.1 2.41487e-16 0)
(1.1 2.00224e-16 0)
(1.1 8.25545e-16 0)
(1.1 9.04927e-16 0)
(1.1 -1.00773e-15 0)
(1.1 -2.30227e-16 0)
(1.1 -4.72789e-16 0)
(1.1 -5.64668e-16 0)
(1.1 2.47902e-15 0)
(1.1 1.14583e-15 0)
(1.1 -1.27141e-15 0)
(1.1 1.18927e-15 0)
(1.1 2.90272e-15 0)
(1.1 1.33876e-15 0)
(1.1 1.86468e-15 0)
(1.1 4.76963e-16 0)
(1.1 4.47237e-16 0)
(1.1 -1.55223e-16 0)
(1.10123 8.86239e-15 0)
(1.10074 -4.18829e-15 0)
(1.10032 -3.59809e-16 0)
(1.10007 1.5455e-15 0)
(1.10001 4.50136e-15 0)
(1.1 -6.13726e-15 0)
(1.1 -2.28437e-16 0)
(1.1 -7.6169e-17 0)
(1.1 2.63236e-16 0)
(1.1 6.46119e-16 0)
(1.1 5.43305e-16 0)
(1.1 2.03964e-15 0)
(1.1 7.51062e-16 0)
(1.1 -1.50725e-15 0)
(1.1 -6.92785e-17 0)
(1.1 -6.99601e-17 0)
(1.1 -3.84729e-16 0)
(1.1 2.10796e-15 0)
(1.1 8.2945e-16 0)
(1.1 -9.51086e-16 0)
(1.1 8.21849e-16 0)
(1.1 1.68442e-15 0)
(1.1 4.4713e-16 0)
(1.1 1.22914e-15 0)
(1.1 7.27173e-16 0)
(1.1 1.51314e-16 0)
(1.1 -6.1918e-16 0)
(1.10123 8.56153e-15 0)
(1.10074 -1.82229e-15 0)
(1.10032 -2.06301e-15 0)
(1.10007 2.82459e-15 0)
(1.10001 3.53552e-15 0)
(1.1 -5.25607e-15 0)
(1.1 7.24586e-16 0)
(1.1 1.19703e-16 0)
(1.1 7.90158e-18 0)
(1.1 -4.12684e-16 0)
(1.1 7.19314e-16 0)
(1.1 2.03301e-15 0)
(1.1 9.13186e-16 0)
(1.1 -6.55804e-16 0)
(1.1 -5.24935e-16 0)
(1.1 -1.08082e-15 0)
(1.1 -5.8132e-17 0)
(1.1 1.3492e-15 0)
(1.1 2.40607e-16 0)
(1.1 -1.52888e-15 0)
(1.1 -6.04376e-17 0)
(1.1 2.8522e-16 0)
(1.1 1.0714e-15 0)
(1.1 1.56301e-15 0)
(1.1 4.88724e-16 0)
(1.1 -3.17914e-16 0)
(1.1 -7.94064e-16 0)
(1.10123 5.91657e-15 0)
(1.10074 1.33023e-15 0)
(1.10032 -3.13955e-15 0)
(1.10007 3.14315e-15 0)
(1.10001 2.91129e-15 0)
(1.1 -3.17901e-15 0)
(1.1 1.37851e-15 0)
(1.1 2.25851e-17 0)
(1.1 2.08131e-16 0)
(1.1 -1.59551e-15 0)
(1.1 4.07212e-16 0)
(1.1 1.65459e-15 0)
(1.1 1.25214e-15 0)
(1.1 1.21316e-16 0)
(1.1 -9.72799e-16 0)
(1.1 -1.89319e-16 0)
(1.1 1.66074e-16 0)
(1.1 1.37829e-15 0)
(1.1 6.32276e-16 0)
(1.1 -9.0269e-16 0)
(1.1 -6.44039e-16 0)
(1.1 -2.253e-16 0)
(1.1 1.12323e-15 0)
(1.1 1.49055e-15 0)
(1.1 6.34707e-16 0)
(1.1 -3.16331e-16 0)
(1.1 -1.21114e-15 0)
(1.10123 2.58388e-15 0)
(1.10074 3.36344e-15 0)
(1.10032 -2.40907e-15 0)
(1.10007 1.70714e-15 0)
(1.10001 3.79491e-16 0)
(1.1 -1.18996e-15 0)
(1.1 1.20003e-15 0)
(1.1 1.41786e-16 0)
(1.1 -4.13842e-16 0)
(1.1 -9.10532e-16 0)
(1.1 1.75012e-16 0)
(1.1 1.90869e-15 0)
(1.1 1.99637e-15 0)
(1.1 -1.50582e-16 0)
(1.1 -8.39829e-16 0)
(1.1 1.26788e-16 0)
(1.1 -9.5741e-17 0)
(1.1 2.33433e-15 0)
(1.1 1.39541e-15 0)
(1.1 3.78577e-16 0)
(1.1 -1.22904e-15 0)
(1.1 1.43267e-15 0)
(1.1 6.53254e-16 0)
(1.1 9.50105e-16 0)
(1.1 8.7653e-16 0)
(1.1 1.04614e-16 0)
(1.1 -1.84513e-15 0)
(1.10123 3.08468e-16 0)
(1.10074 3.34224e-15 0)
(1.10032 -7.29655e-16 0)
(1.10007 -2.7126e-17 0)
(1.10001 9.63518e-16 0)
(1.1 1.46826e-16 0)
(1.1 5.60532e-16 0)
(1.1 4.09342e-16 0)
(1.1 -4.43262e-16 0)
(1.1 -7.87149e-17 0)
(1.1 -3.79776e-16 0)
(1.1 1.86372e-15 0)
(1.1 1.73462e-15 0)
(1.1 -2.56999e-16 0)
(1.1 -1.36995e-15 0)
(1.1 -3.66158e-16 0)
(1.1 1.81285e-15 0)
(1.1 2.66609e-15 0)
(1.1 1.12822e-15 0)
(1.1 1.43347e-15 0)
(1.1 -6.37771e-16 0)
(1.1 5.9517e-16 0)
(1.1 3.42423e-16 0)
(1.1 4.8986e-16 0)
(1.1 4.74213e-16 0)
(1.1 -6.87737e-16 0)
(1.1 -8.36376e-16 0)
(1.10123 -1.47824e-15 0)
(1.10074 2.00855e-15 0)
(1.10032 9.87536e-16 0)
(1.10007 -3.76497e-15 0)
(1.10001 2.75785e-15 0)
(1.1 -7.01326e-16 0)
(1.1 7.96266e-16 0)
(1.1 2.75591e-17 0)
(1.1 1.60647e-16 0)
(1.1 2.86563e-16 0)
(1.1 -3.74014e-16 0)
(1.1 1.67699e-15 0)
(1.1 1.46029e-15 0)
(1.1 3.52397e-16 0)
(1.1 -9.21685e-16 0)
(1.1 -5.14019e-16 0)
(1.1 2.42172e-15 0)
(1.1 2.59199e-15 0)
(1.1 1.7726e-15 0)
(1.1 4.51892e-16 0)
(1.1 -1.87683e-16 0)
(1.1 -5.15069e-17 0)
(1.1 4.53934e-16 0)
(1.1 6.1558e-16 0)
(1.1 3.74482e-17 0)
(1.1 -1.01481e-15 0)
(1.1 2.22704e-16 0)
(1.10123 -2.90473e-15 0)
(1.10074 6.33699e-16 0)
(1.10032 3.36431e-15 0)
(1.10007 -6.65007e-15 0)
(1.10001 4.42857e-15 0)
(1.1 -1.79756e-15 0)
(1.1 1.67758e-15 0)
(1.1 -2.10798e-16 0)
(1.1 -1.04278e-16 0)
(1.1 1.67619e-16 0)
(1.1 1.90444e-17 0)
(1.1 5.49588e-16 0)
(1.1 1.87067e-15 0)
(1.1 8.87229e-16 0)
(1.1 -5.73065e-16 0)
(1.1 -3.85331e-16 0)
(1.1 2.21248e-15 0)
(1.1 2.09782e-15 0)
(1.1 5.82893e-16 0)
(1.1 -8.80926e-16 0)
(1.1 -9.55073e-17 0)
(1.1 -4.08764e-16 0)
(1.1 1.56639e-16 0)
(1.1 6.37545e-16 0)
(1.1 3.53996e-17 0)
(1.1 -7.77194e-16 0)
(1.1 3.46225e-16 0)
(1.10123 -4.11951e-15 0)
(1.10074 -6.19897e-16 0)
(1.10032 3.63819e-15 0)
(1.10007 -7.1625e-15 0)
(1.10001 3.46268e-15 0)
(1.1 -1.03233e-15 0)
(1.1 1.67324e-15 0)
(1.1 -6.50481e-16 0)
(1.1 1.0679e-16 0)
(1.1 -1.33089e-16 0)
(1.1 2.02903e-16 0)
(1.1 4.19209e-16 0)
(1.1 1.01566e-15 0)
(1.1 1.34388e-15 0)
(1.1 -8.55013e-16 0)
(1.1 -1.64338e-16 0)
(1.1 1.57279e-15 0)
(1.1 1.13545e-15 0)
(1.1 -1.32031e-15 0)
(1.1 -3.98489e-16 0)
(1.1 -1.25356e-16 0)
(1.1 -2.34816e-16 0)
(1.1 1.68447e-16 0)
(1.1 -6.16729e-16 0)
(1.1 -2.0679e-16 0)
(1.1 -7.74473e-16 0)
(1.1 4.99365e-16 0)
(1.10123 -3.62412e-15 0)
(1.10074 -5.58104e-16 0)
(1.10032 2.82611e-15 0)
(1.10007 -3.5465e-15 0)
(1.10001 1.71749e-16 0)
(1.1 -1.16686e-15 0)
(1.1 1.35596e-15 0)
(1.1 -1.10926e-15 0)
(1.1 8.038e-16 0)
(1.1 -6.4333e-16 0)
(1.1 1.32439e-16 0)
(1.1 1.18731e-15 0)
(1.1 -2.04812e-16 0)
(1.1 1.04868e-16 0)
(1.1 -3.63359e-16 0)
(1.1 1.12539e-15 0)
(1.1 4.31574e-16 0)
(1.1 6.76692e-16 0)
(1.1 2.14035e-16 0)
(1.1 4.00027e-16 0)
(1.1 -7.40492e-16 0)
(1.1 2.28388e-16 0)
(1.1 -4.88701e-16 0)
(1.1 -1.25157e-15 0)
(1.1 -4.13047e-16 0)
(1.1 -8.1409e-16 0)
(1.1 2.95585e-16 0)
(1.10123 -2.14729e-15 0)
(1.10074 1.75602e-16 0)
(1.10032 3.71977e-16 0)
(1.10007 4.42829e-16 0)
(1.10001 -3.17212e-15 0)
(1.1 8.47257e-16 0)
(1.1 9.16179e-16 0)
(1.1 -9.63943e-16 0)
(1.1 1.25149e-15 0)
(1.1 -1.65289e-16 0)
(1.1 2.55675e-16 0)
(1.1 1.95007e-15 0)
(1.1 -5.7541e-16 0)
(1.1 -8.33631e-16 0)
(1.1 5.42914e-16 0)
(1.1 4.72891e-16 0)
(1.1 -2.59435e-16 0)
(1.1 2.89705e-16 0)
(1.1 3.6069e-16 0)
(1.1 1.05372e-15 0)
(1.1 2.35195e-16 0)
(1.1 4.11145e-16 0)
(1.1 -6.26673e-18 0)
(1.1 -1.2382e-15 0)
(1.1 3.92216e-16 0)
(1.1 4.97969e-17 0)
(1.1 -2.21572e-16 0)
(1.10123 -1.20272e-15 0)
(1.10074 9.73063e-16 0)
(1.10032 -2.66225e-15 0)
(1.10007 5.66451e-15 0)
(1.10001 -5.30446e-15 0)
(1.1 2.67473e-15 0)
(1.1 -2.32687e-16 0)
(1.1 -1.31218e-15 0)
(1.1 6.62298e-16 0)
(1.1 5.36322e-17 0)
(1.1 7.0077e-16 0)
(1.1 1.89411e-15 0)
(1.1 -1.50935e-15 0)
(1.1 -6.64727e-16 0)
(1.1 5.41739e-16 0)
(1.1 -5.7679e-16 0)
(1.1 -1.35092e-15 0)
(1.1 -7.62606e-16 0)
(1.1 1.36611e-15 0)
(1.1 1.23828e-15 0)
(1.1 1.15572e-15 0)
(1.1 3.84407e-16 0)
(1.1 9.3276e-16 0)
(1.1 -6.85789e-16 0)
(1.1 5.29277e-16 0)
(1.1 3.20272e-16 0)
(1.1 -5.68934e-16 0)
(1.10123 1.70498e-15 0)
(1.10074 6.3322e-16 0)
(1.10032 -6.70948e-15 0)
(1.10007 9.59782e-15 0)
(1.10001 -8.44662e-15 0)
(1.1 3.86919e-15 0)
(1.1 -3.18461e-16 0)
(1.1 -2.3045e-15 0)
(1.1 2.43156e-16 0)
(1.1 -2.06877e-16 0)
(1.1 7.4656e-16 0)
(1.1 1.16443e-15 0)
(1.1 -1.83292e-15 0)
(1.1 -1.19518e-15 0)
(1.1 5.21585e-16 0)
(1.1 -3.45415e-17 0)
(1.1 -1.3061e-15 0)
(1.1 -4.23724e-16 0)
(1.1 2.35626e-15 0)
(1.1 9.7918e-16 0)
(1.1 4.18567e-16 0)
(1.1 1.29595e-16 0)
(1.1 5.50675e-16 0)
(1.1 1.06297e-16 0)
(1.1 8.08809e-17 0)
(1.1 5.46163e-16 0)
(1.1 -8.17202e-16 0)
(1.10123 3.81611e-15 0)
(1.10074 2.29156e-16 0)
(1.10032 -9.49225e-15 0)
(1.10007 1.18895e-14 0)
(1.10001 -8.93051e-15 0)
(1.1 2.87369e-15 0)
(1.1 -1.07904e-15 0)
(1.1 -1.6044e-15 0)
(1.1 3.33688e-16 0)
(1.1 -4.27866e-16 0)
(1.1 3.0129e-16 0)
(1.1 2.89476e-16 0)
(1.1 -1.96324e-15 0)
(1.1 -1.49482e-15 0)
(1.1 -4.61486e-17 0)
(1.1 1.11351e-15 0)
(1.1 -1.03817e-15 0)
(1.1 -3.04091e-16 0)
(1.1 1.47908e-15 0)
(1.1 1.22222e-15 0)
(1.1 -4.45322e-16 0)
(1.1 1.73206e-16 0)
(1.1 -2.08814e-16 0)
(1.1 -5.13606e-16 0)
(1.1 -8.05983e-16 0)
(1.1 1.23717e-15 0)
(1.1 -1.00944e-15 0)
(1.10123 4.82244e-15 0)
(1.10074 1.28942e-15 0)
(1.10032 -9.62492e-15 0)
(1.10007 1.21878e-14 0)
(1.10001 -6.26513e-15 0)
(1.1 2.06181e-15 0)
(1.1 -1.36431e-15 0)
(1.1 -5.67848e-16 0)
(1.1 2.65101e-16 0)
(1.1 -7.20528e-17 0)
(1.1 2.26111e-16 0)
(1.1 4.40745e-16 0)
(1.1 -1.27837e-15 0)
(1.1 -1.14063e-15 0)
(1.1 -1.8322e-16 0)
(1.1 9.29351e-16 0)
(1.1 -7.13441e-16 0)
(1.1 -8.71638e-16 0)
(1.1 1.90318e-16 0)
(1.1 3.85617e-16 0)
(1.1 -7.57959e-16 0)
(1.1 8.82133e-16 0)
(1.1 5.71616e-17 0)
(1.1 -4.02755e-16 0)
(1.1 -8.40915e-16 0)
(1.1 8.92116e-16 0)
(1.1 1.65398e-16 0)
(1.10123 4.47753e-15 0)
(1.10074 1.43011e-15 0)
(1.10032 -8.31338e-15 0)
(1.10007 7.47813e-15 0)
(1.10001 -2.72649e-15 0)
(1.1 1.74536e-15 0)
(1.1 -1.88642e-15 0)
(1.1 -5.73159e-16 0)
(1.1 -5.70633e-16 0)
(1.1 -6.27036e-16 0)
(1.1 1.83921e-18 0)
(1.1 8.92659e-16 0)
(1.1 -1.00355e-15 0)
(1.1 -3.73174e-16 0)
(1.1 -1.08624e-15 0)
(1.1 8.59292e-17 0)
(1.1 1.73502e-16 0)
(1.1 -1.0043e-15 0)
(1.1 -7.70209e-16 0)
(1.1 -2.073e-16 0)
(1.1 -7.38425e-17 0)
(1.1 8.17254e-16 0)
(1.1 1.28902e-16 0)
(1.1 4.25202e-16 0)
(1.1 -6.02537e-16 0)
(1.1 1.44274e-16 0)
(1.1 5.8721e-16 0)
(1.10123 3.1968e-15 0)
(1.10074 2.21219e-15 0)
(1.10032 -6.26979e-15 0)
(1.10007 1.81152e-15 0)
(1.10001 3.64104e-15 0)
(1.1 -7.90043e-16 0)
(1.1 -1.51331e-15 0)
(1.1 -4.57589e-16 0)
(1.1 -1.19159e-15 0)
(1.1 -5.63223e-16 0)
(1.1 -5.22134e-16 0)
(1.1 1.49501e-16 0)
(1.1 -1.40308e-15 0)
(1.1 7.94847e-17 0)
(1.1 -1.56104e-15 0)
(1.1 -4.33157e-16 0)
(1.1 -5.14796e-17 0)
(1.1 -1.9836e-15 0)
(1.1 -1.84562e-15 0)
(1.1 -1.16846e-15 0)
(1.1 6.05596e-16 0)
(1.1 4.80207e-16 0)
(1.1 2.01436e-16 0)
(1.1 1.11661e-15 0)
(1.1 -3.79103e-16 0)
(1.1 6.25564e-17 0)
(1.1 4.90778e-16 0)
(1.10123 2.89781e-16 0)
(1.10074 3.65986e-15 0)
(1.10032 -3.95941e-15 0)
(1.10007 -3.74347e-15 0)
(1.10001 7.65041e-15 0)
(1.1 -3.61599e-15 0)
(1.1 -1.09078e-15 0)
(1.1 -7.64439e-16 0)
(1.1 -7.72333e-16 0)
(1.1 1.5272e-18 0)
(1.1 -1.35792e-15 0)
(1.1 -1.26001e-15 0)
(1.1 -8.10462e-16 0)
(1.1 3.8378e-16 0)
(1.1 -8.93724e-16 0)
(1.1 -4.84546e-17 0)
(1.1 -5.10523e-16 0)
(1.1 -2.46583e-15 0)
(1.1 -1.64244e-15 0)
(1.1 -1.72163e-16 0)
(1.1 4.42439e-16 0)
(1.1 7.84189e-16 0)
(1.1 -2.01208e-16 0)
(1.1 7.6472e-16 0)
(1.1 6.46706e-16 0)
(1.1 -6.25733e-17 0)
(1.1 -2.17696e-16 0)
(1.10123 -2.99672e-15 0)
(1.10074 5.33782e-15 0)
(1.10032 -1.8103e-15 0)
(1.10007 -4.60855e-15 0)
(1.10001 9.4929e-15 0)
(1.1 -3.08143e-15 0)
(1.1 -1.16406e-15 0)
(1.1 -4.60315e-16 0)
(1.1 5.2784e-16 0)
(1.1 4.22366e-16 0)
(1.1 -8.17483e-16 0)
(1.1 -2.39524e-15 0)
(1.1 -5.9154e-16 0)
(1.1 2.43433e-16 0)
(1.1 -3.13529e-16 0)
(1.1 -8.64145e-16 0)
(1.1 -1.16177e-15 0)
(1.1 -2.20302e-15 0)
(1.1 -9.66726e-16 0)
(1.1 1.12525e-15 0)
(1.1 2.86543e-16 0)
(1.1 4.88969e-17 0)
(1.1 -3.56043e-17 0)
(1.1 2.40765e-16 0)
(1.1 8.06169e-16 0)
(1.1 7.3207e-17 0)
(1.1 6.0121e-17 0)
(1.10123 -6.20989e-15 0)
(1.10074 5.97126e-15 0)
(1.10032 -2.08974e-15 0)
(1.10007 -5.53265e-15 0)
(1.10001 8.49987e-15 0)
(1.1 -3.15065e-15 0)
(1.1 -2.06544e-16 0)
(1.1 3.67091e-16 0)
(1.1 4.62088e-16 0)
(1.1 7.35373e-16 0)
(1.1 -1.62742e-16 0)
(1.1 -2.1728e-15 0)
(1.1 -9.42372e-16 0)
(1.1 -1.59532e-16 0)
(1.1 -5.73523e-17 0)
(1.1 -8.14618e-16 0)
(1.1 -1.65457e-15 0)
(1.1 -8.09736e-16 0)
(1.1 -2.72751e-16 0)
(1.1 9.9313e-16 0)
(1.1 5.91505e-16 0)
(1.1 4.916e-16 0)
(1.1 -1.88116e-16 0)
(1.1 3.83214e-16 0)
(1.1 2.6371e-16 0)
(1.1 4.4799e-16 0)
(1.1 -1.96043e-16 0)
(1.10123 -9.21628e-15 0)
(1.10074 7.53508e-15 0)
(1.10032 -2.10099e-15 0)
(1.10007 -3.36457e-15 0)
(1.10001 4.98519e-15 0)
(1.1 -2.22279e-15 0)
(1.1 3.89932e-16 0)
(1.1 6.20863e-16 0)
(1.1 2.31172e-17 0)
(1.1 1.13643e-15 0)
(1.1 -4.4256e-16 0)
(1.1 -2.02628e-15 0)
(1.1 -1.31223e-15 0)
(1.1 -1.51762e-16 0)
(1.1 -5.29777e-16 0)
(1.1 1.06481e-16 0)
(1.1 -6.28703e-16 0)
(1.1 4.10308e-16 0)
(1.1 4.20566e-17 0)
(1.1 8.5096e-16 0)
(1.1 3.55939e-16 0)
(1.1 6.21537e-16 0)
(1.1 -3.06613e-16 0)
(1.1 5.39025e-16 0)
(1.1 1.16788e-16 0)
(1.1 3.35012e-16 0)
(1.1 -1.22838e-16 0)
)
;

boundaryField
{
    inlet
    {
        type            uniformFixedValue;
        uniformValue    table
        
2
(
(0 (1.1 0 0))
(8 (3 0 0))
)
;
        value           nonuniform 0();
    }
    outlet
    {
        type            inletOutlet;
        inletValue      nonuniform 0();
        value           nonuniform 0();
    }
    triangle
    {
        type            slip;
    }
    top
    {
        type            symmetryPlane;
    }
    bottom
    {
        type            symmetryPlane;
    }
    defaultFaces
    {
        type            empty;
    }
    procBoundary9to1
    {
        type            processor;
        value           nonuniform List<vector> 
28
(
(1.1 -3.12311e-16 0)
(1.1 -7.56183e-16 0)
(1.1 -2.57259e-17 0)
(1.1 -3.68388e-16 0)
(1.1 1.12367e-15 0)
(1.1 1.0979e-16 0)
(1.1 2.01413e-16 0)
(1.1 1.00989e-15 0)
(1.1 -1.89005e-15 0)
(1.10123 -3.28344e-16 0)
(1.10074 1.59996e-15 0)
(1.10032 -6.22803e-15 0)
(1.10007 -1.6785e-15 0)
(1.10001 8.32167e-15 0)
(1.1 -3.51893e-15 0)
(1.1 7.39533e-16 0)
(1.1 -1.97366e-16 0)
(1.1 1.08036e-15 0)
(1.1 -1.18594e-16 0)
(1.1 -1.00587e-15 0)
(1.1 4.76188e-16 0)
(1.1 2.7671e-15 0)
(1.1 5.79625e-16 0)
(1.1 -6.69393e-16 0)
(1.1 -2.05912e-17 0)
(1.1 -2.78657e-16 0)
(1.1 -1.31347e-15 0)
(1.1 -1.31347e-15 0)
)
;
    }
    procBoundary9to8
    {
        type            processor;
        value           nonuniform List<vector> 
119
(
(1.1017 1.03914e-14 0)
(1.1017 1.98198e-15 0)
(1.1017 3.9186e-15 0)
(1.1017 6.37644e-15 0)
(1.1017 6.20495e-15 0)
(1.1017 3.59725e-15 0)
(1.1017 3.51791e-16 0)
(1.1017 -3.49348e-15 0)
(1.1017 -7.06276e-15 0)
(1.1017 -9.63437e-15 0)
(1.1017 -9.4197e-15 0)
(1.1017 -6.4506e-15 0)
(1.1017 -3.27904e-15 0)
(1.1017 5.64552e-16 0)
(1.1017 5.5182e-15 0)
(1.1017 9.69625e-15 0)
(1.1017 1.24749e-14 0)
(1.1017 1.1996e-14 0)
(1.1017 8.75567e-15 0)
(1.1017 4.9697e-15 0)
(1.1017 -1.0208e-15 0)
(1.1017 -6.10126e-15 0)
(1.1017 -8.78024e-15 0)
(1.1017 -9.20806e-15 0)
(1.1017 -7.72626e-15 0)
(1.1017 -3.92346e-15 0)
(1.1017 1.42241e-15 0)
(1.1017 6.47721e-15 0)
(1.1017 1.0342e-14 0)
(1.1017 1.21325e-14 0)
(1.1017 1.18055e-14 0)
(1.1017 8.66274e-15 0)
(1.1017 4.67477e-15 0)
(1.1017 1.24814e-16 0)
(1.1017 -4.3834e-15 0)
(1.1017 -9.02126e-15 0)
(1.1017 -1.15989e-14 0)
(1.1017 -1.32995e-14 0)
(1.1017 -1.3613e-14 0)
(1.1017 -1.18893e-14 0)
(1.1017 -8.87217e-15 0)
(1.1017 -6.3093e-15 0)
(1.1017 -3.61489e-15 0)
(1.1017 -2.38616e-15 0)
(1.1017 -7.39092e-16 0)
(1.1017 1.62745e-15 0)
(1.1017 3.1862e-15 0)
(1.1017 2.90663e-15 0)
(1.1017 6.4536e-16 0)
(1.1017 -3.70581e-15 0)
(1.1017 -7.36847e-15 0)
(1.1017 -9.00922e-15 0)
(1.1017 -9.60196e-15 0)
(1.1017 -9.00219e-15 0)
(1.1017 -6.86929e-15 0)
(1.1017 -3.78057e-15 0)
(1.1017 -6.34896e-16 0)
(1.1017 2.20056e-15 0)
(1.1017 3.57951e-15 0)
(1.1017 2.48695e-15 0)
(1.1017 1.44567e-15 0)
(1.1017 1.12849e-15 0)
(1.1017 -4.60846e-16 0)
(1.1017 -2.01311e-15 0)
(1.1017 -2.80582e-15 0)
(1.1017 -3.335e-15 0)
(1.1017 -2.83857e-15 0)
(1.1017 -2.22211e-15 0)
(1.1017 -1.59258e-15 0)
(1.1017 -4.13073e-16 0)
(1.1017 7.31331e-16 0)
(1.1017 7.79304e-16 0)
(1.1017 8.9955e-16 0)
(1.1017 2.14999e-15 0)
(1.1017 1.8647e-15 0)
(1.1017 1.27739e-15 0)
(1.1017 -2.13443e-16 0)
(1.1017 -1.43369e-15 0)
(1.1017 -1.99819e-15 0)
(1.1017 -2.62347e-15 0)
(1.1017 -1.4445e-15 0)
(1.1017 2.39904e-16 0)
(1.1017 1.69696e-15 0)
(1.1017 2.23234e-15 0)
(1.1017 1.26914e-15 0)
(1.1017 8.63861e-16 0)
(1.1017 9.94964e-16 0)
(1.1017 1.90232e-15 0)
(1.1017 3.27263e-15 0)
(1.1017 4.39187e-15 0)
(1.1017 5.59414e-15 0)
(1.1017 6.90542e-15 0)
(1.1017 6.70588e-15 0)
(1.1017 4.97301e-15 0)
(1.1017 2.19312e-15 0)
(1.1017 -7.24598e-16 0)
(1.1017 -2.64396e-15 0)
(1.1017 -4.97055e-15 0)
(1.1017 -6.32703e-15 0)
(1.1017 -6.33648e-15 0)
(1.1017 -5.67562e-15 0)
(1.1017 -3.44109e-15 0)
(1.1017 -3.08664e-17 0)
(1.1017 2.19191e-15 0)
(1.1017 3.87516e-15 0)
(1.1017 5.63672e-15 0)
(1.1017 4.8396e-15 0)
(1.1017 2.4078e-15 0)
(1.1017 -2.02246e-15 0)
(1.1017 -5.12931e-15 0)
(1.1017 -7.44412e-15 0)
(1.1017 -9.28576e-15 0)
(1.1017 -9.78173e-15 0)
(1.1017 -7.35644e-15 0)
(1.1017 -4.60744e-15 0)
(1.1017 -4.77413e-16 0)
(1.1017 4.22873e-15 0)
(1.1017 7.79765e-15 0)
(1.1017 1.04484e-14 0)
)
;
    }
    procBoundary9to10
    {
        type            processor;
        value           nonuniform List<vector> 
120
(
(1.1 -6.04546e-16 0)
(1.1 -8.92677e-16 0)
(1.1 -6.14607e-16 0)
(1.1 -3.66326e-16 0)
(1.1 -8.77358e-16 0)
(1.1 -1.88466e-15 0)
(1.1 -1.85639e-15 0)
(1.1 -8.32976e-16 0)
(1.1 -9.04412e-16 0)
(1.1 -1.79712e-15 0)
(1.1 -2.01493e-15 0)
(1.1 -2.36981e-15 0)
(1.1 -1.82672e-15 0)
(1.1 -9.41989e-16 0)
(1.1 -7.37724e-16 0)
(1.1 -1.51176e-15 0)
(1.1 -2.00683e-15 0)
(1.1 -4.71425e-16 0)
(1.1 5.85267e-16 0)
(1.1 -8.01882e-16 0)
(1.1 -1.58695e-15 0)
(1.1 -9.91145e-16 0)
(1.1 -5.35934e-16 0)
(1.1 -3.83302e-16 0)
(1.1 -4.18146e-18 0)
(1.1 5.01741e-16 0)
(1.1 2.13537e-16 0)
(1.1 5.61598e-16 0)
(1.1 1.72822e-15 0)
(1.1 1.72125e-15 0)
(1.1 1.22724e-15 0)
(1.1 9.60884e-16 0)
(1.1 6.44643e-16 0)
(1.1 5.25589e-16 0)
(1.1 6.40744e-16 0)
(1.1 8.11028e-16 0)
(1.1 5.4282e-16 0)
(1.1 3.48507e-16 0)
(1.1 -4.25579e-16 0)
(1.1 -8.00494e-16 0)
(1.1 -1.7514e-16 0)
(1.1 3.73049e-16 0)
(1.1 9.93237e-17 0)
(1.1 8.09761e-16 0)
(1.1 1.14076e-15 0)
(1.1 5.45509e-16 0)
(1.1 9.86791e-16 0)
(1.1 1.21212e-15 0)
(1.1 2.72815e-16 0)
(1.1 4.71162e-17 0)
(1.1 1.91301e-16 0)
(1.1 2.76773e-16 0)
(1.1 3.91074e-16 0)
(1.1 8.67499e-16 0)
(1.1 1.06592e-15 0)
(1.1 1.25452e-15 0)
(1.1 9.02821e-16 0)
(1.1 8.05958e-16 0)
(1.1 2.22854e-15 0)
(1.1 2.77123e-15 0)
(1.1 1.94108e-15 0)
(1.1 1.81556e-15 0)
(1.1 1.33344e-15 0)
(1.1 1.58125e-15 0)
(1.1 2.13448e-15 0)
(1.1 1.23632e-15 0)
(1.1 7.30778e-16 0)
(1.1 1.02019e-15 0)
(1.1 4.2129e-16 0)
(1.1 2.96491e-16 0)
(1.1 6.18288e-16 0)
(1.1 5.55842e-16 0)
(1.1 1.18492e-17 0)
(1.1 1.24832e-16 0)
(1.1 2.37988e-16 0)
(1.1 -4.52262e-16 0)
(1.1 -7.58681e-16 0)
(1.1 -7.88146e-16 0)
(1.1 -1.2411e-15 0)
(1.1 -1.32952e-15 0)
(1.1 6.87316e-17 0)
(1.1 -5.01023e-16 0)
(1.1 -1.0889e-15 0)
(1.1 -7.67963e-16 0)
(1.1 -1.10777e-15 0)
(1.1 -1.41059e-15 0)
(1.1 -9.95811e-16 0)
(1.1 -1.49218e-15 0)
(1.1 -5.8559e-16 0)
(1.1 -2.86507e-16 0)
(1.1 -4.47166e-16 0)
(1.1 -1.73999e-16 0)
(1.1 -7.44359e-17 0)
(1.1 -1.59223e-16 0)
(1.1 -5.47196e-17 0)
(1.1 6.16932e-16 0)
(1.1 1.04514e-15 0)
(1.1 3.85373e-16 0)
(1.1 3.16285e-16 0)
(1.1 5.75011e-16 0)
(1.1 5.44684e-17 0)
(1.1 -2.81487e-16 0)
(1.1 2.75789e-16 0)
(1.1 3.41791e-16 0)
(1.1 1.13348e-16 0)
(1.1 -6.30399e-16 0)
(1.1 -6.03874e-16 0)
(1.1 1.22263e-16 0)
(1.1 1.28325e-16 0)
(1.1 -5.20411e-16 0)
(1.1 -2.83733e-16 0)
(1.1 2.26206e-16 0)
(1.1 -1.20769e-16 0)
(1.1 -9.90039e-16 0)
(1.1 -1.50565e-15 0)
(1.1 -1.13272e-15 0)
(1.1 -7.84528e-16 0)
(1.1 2.05924e-16 0)
(1.1 8.08297e-16 0)
(1.1 -3.16742e-16 0)
)
;
    }
    procBoundary9to16
    {
        type            processor;
        value           uniform (1.1017 7.92862e-15 0);
    }
    procBoundary9to17
    {
        type            processor;
        value           nonuniform List<vector> 
28
(
(1.10007 6.18572e-16 0)
(1.10001 -4.0159e-15 0)
(1.1 2.37869e-15 0)
(1.1 5.17221e-16 0)
(1.1 1.38482e-15 0)
(1.1 6.78629e-16 0)
(1.1 1.34756e-15 0)
(1.1 -1.29774e-15 0)
(1.1 -1.46678e-15 0)
(1.1 -1.10796e-15 0)
(1.1 -3.2282e-16 0)
(1.1 -9.83617e-16 0)
(1.1 4.49338e-16 0)
(1.1 1.18389e-15 0)
(1.1 1.30425e-15 0)
(1.1 -1.25208e-15 0)
(1.1 -5.41596e-16 0)
(1.1 -7.97484e-16 0)
(1.1 2.28661e-16 0)
(1.1 4.72754e-16 0)
(1.1 3.32757e-16 0)
(1.1 -7.47557e-17 0)
(1.1 -1.71841e-15 0)
(1.1 1.46106e-16 0)
(1.10123 -6.93714e-15 0)
(1.10074 7.84113e-15 0)
(1.10007 6.18572e-16 0)
(1.10032 -2.78531e-15 0)
)
;
    }
}


// ************************************************************************* //
