/*--------------------------------*- C++ -*----------------------------------*\
  =========                 |
  \\      /  F ield         | OpenFOAM: The Open Source CFD Toolbox
   \\    /   O peration     | Website:  https://openfoam.org
    \\  /    A nd           | Version:  7
     \\/     M anipulation  |
\*---------------------------------------------------------------------------*/
FoamFile
{
    version     2.0;
    format      ascii;
    class       volVectorField;
    location    "0.2";
    object      U;
}
// * * * * * * * * * * * * * * * * * * * * * * * * * * * * * * * * * * * * * //

dimensions      [0 1 -1 0 0 0 0];

internalField   nonuniform List<vector> 
3225
(
(1.1 1.08073e-13 0)
(1.1 1.59544e-13 0)
(1.1 2.32689e-13 0)
(1.1 3.3628e-13 0)
(1.1 4.77472e-13 0)
(1.1 6.71711e-13 0)
(1.1 1.04347e-12 0)
(1.1 1.55695e-12 0)
(1.1 -3.43471e-11 0)
(1.1 -1.13449e-06 0)
(1.09967 -0.000698433 0)
(1.08233 -0.0289606 0)
(0.970124 -0.148808 0)
(0.853623 -0.251764 0)
(0.839947 -0.281651 0)
(0.833016 -0.286861 0)
(0.832906 -0.285537 0)
(0.836455 -0.282892 0)
(0.839113 -0.283875 0)
(0.841767 -0.284569 0)
(0.845213 -0.284317 0)
(0.850295 -0.284151 0)
(0.855787 -0.28411 0)
(0.8598 -0.284528 0)
(0.863146 -0.284386 0)
(0.867372 -0.283719 0)
(0.872446 -0.283053 0)
(1.1 9.48315e-14 0)
(1.1 1.48253e-13 0)
(1.1 2.25154e-13 0)
(1.1 3.26759e-13 0)
(1.1 4.63591e-13 0)
(1.1 6.52888e-13 0)
(1.1 1.18627e-12 0)
(1.1 -1.99599e-13 0)
(1.1 -1.02535e-07 0)
(1.09991 -0.000197719 0)
(1.09001 -0.0163475 0)
(1.00372 -0.13297 0)
(0.868116 -0.243088 0)
(0.826462 -0.275511 0)
(0.825652 -0.283265 0)
(0.828418 -0.285965 0)
(0.830911 -0.285801 0)
(0.833918 -0.284627 0)
(0.836591 -0.284262 0)
(0.840066 -0.283743 0)
(0.844176 -0.283169 0)
(0.849065 -0.282456 0)
(0.853943 -0.283403 0)
(0.85823 -0.284791 0)
(0.862368 -0.284787 0)
(0.867178 -0.283488 0)
(0.872259 -0.28221 0)
(1.1 -5.83456e-12 0)
(1.1 -3.83521e-12 0)
(1.1 -3.12037e-12 0)
(1.1 -5.9536e-12 0)
(1.1 -7.16838e-12 0)
(1.1 -1.63053e-12 0)
(1.1 8.66381e-13 0)
(1.1 -1.5233e-08 0)
(1.09998 -3.91506e-05 0)
(1.09619 -0.00660394 0)
(1.02534 -0.0911484 0)
(0.897704 -0.232756 0)
(0.820722 -0.27728 0)
(0.816736 -0.280987 0)
(0.820341 -0.280931 0)
(0.825002 -0.282623 0)
(0.829304 -0.284017 0)
(0.832462 -0.284858 0)
(0.835704 -0.28425 0)
(0.839548 -0.283414 0)
(0.843666 -0.282993 0)
(0.847993 -0.283296 0)
(0.852359 -0.283767 0)
(0.857048 -0.284525 0)
(0.862249 -0.284487 0)
(0.8674 -0.283331 0)
(0.872207 -0.282294 0)
(1.1 -5.09179e-10 0)
(1.1 -4.22676e-10 0)
(1.1 -4.75743e-10 0)
(1.1 -7.08507e-10 0)
(1.1 -5.86332e-10 0)
(1.1 -1.25978e-10 0)
(1.1 -2.49754e-09 0)
(1.1 -1.1297e-05 0)
(1.09859 -0.00271144 0)
(1.05889 -0.0562508 0)
(0.903973 -0.193767 0)
(0.839234 -0.270152 0)
(0.817032 -0.283559 0)
(0.816604 -0.282805 0)
(0.820901 -0.2811 0)
(0.824214 -0.282162 0)
(0.828147 -0.282961 0)
(0.831901 -0.283391 0)
(0.835631 -0.284064 0)
(0.839511 -0.283694 0)
(0.843569 -0.283278 0)
(0.847676 -0.283408 0)
(0.851986 -0.283749 0)
(0.856784 -0.283708 0)
(0.862417 -0.283706 0)
(0.867869 -0.283366 0)
(0.872485 -0.283043 0)
(1.1 -8.10478e-09 0)
(1.1 -8.32747e-09 0)
(1.1 -1.07943e-08 0)
(1.1 -1.23933e-08 0)
(1.1 -7.48333e-09 0)
(1.1 -2.03983e-09 0)
(1.1 -2.36272e-06 0)
(1.09941 -0.00114457 0)
(1.0756 -0.0382688 0)
(0.950249 -0.165636 0)
(0.826441 -0.251184 0)
(0.820571 -0.275399 0)
(0.816103 -0.283256 0)
(0.817024 -0.282905 0)
(0.82095 -0.282395 0)
(0.824276 -0.282505 0)
(0.827766 -0.283196 0)
(0.831419 -0.283416 0)
(0.835565 -0.283375 0)
(0.839761 -0.283708 0)
(0.843611 -0.28387 0)
(0.847607 -0.283677 0)
(0.852069 -0.283368 0)
(0.856891 -0.283243 0)
(0.862267 -0.283404 0)
(0.867927 -0.28397 0)
(0.872799 -0.283957 0)
(1.1 -4.23408e-08 0)
(1.1 -5.10168e-08 0)
(1.1 -6.61365e-08 0)
(1.1 -5.95316e-08 0)
(1.1 -3.15162e-08 0)
(1.1 -3.28853e-07 0)
(1.09983 -0.000337982 0)
(1.08544 -0.0212024 0)
(0.982835 -0.146185 0)
(0.848504 -0.246897 0)
(0.810751 -0.271132 0)
(0.812 -0.276656 0)
(0.814123 -0.281317 0)
(0.817081 -0.282257 0)
(0.820559 -0.282691 0)
(0.823853 -0.283077 0)
(0.827443 -0.283279 0)
(0.831359 -0.283485 0)
(0.8354 -0.283582 0)
(0.839636 -0.283775 0)
(0.843672 -0.284119 0)
(0.847745 -0.283982 0)
(0.852293 -0.28338 0)
(0.857069 -0.282939 0)
(0.861995 -0.283238 0)
(0.867341 -0.283992 0)
(0.872965 -0.284286 0)
(1.1 -1.20123e-07 0)
(1.1 -1.58115e-07 0)
(1.1 -1.71243e-07 0)
(1.1 -1.39122e-07 0)
(1.1 -1.79357e-07 0)
(1.09995 -9.85541e-05 0)
(1.09375 -0.00991823 0)
(1.00549 -0.103801 0)
(0.876366 -0.236315 0)
(0.811506 -0.275187 0)
(0.805481 -0.27863 0)
(0.808397 -0.276339 0)
(0.812011 -0.278235 0)
(0.816179 -0.279744 0)
(0.820038 -0.281526 0)
(0.823639 -0.282565 0)
(0.827167 -0.283115 0)
(0.831207 -0.283341 0)
(0.835283 -0.283504 0)
(0.839349 -0.283875 0)
(0.843539 -0.284037 0)
(0.848051 -0.284058 0)
(0.852565 -0.283663 0)
(0.857091 -0.283085 0)
(0.861763 -0.283089 0)
(0.866895 -0.283582 0)
(0.872879 -0.284013 0)
(1.1 -2.5601e-07 0)
(1.1 -3.1652e-07 0)
(1.1 -2.95913e-07 0)
(1.1 -2.71945e-07 0)
(1.09998 -3.73097e-05 0)
(1.09691 -0.00528581 0)
(1.04247 -0.073851 0)
(0.87962 -0.202205 0)
(0.824182 -0.266048 0)
(0.807011 -0.280371 0)
(0.806294 -0.279893 0)
(0.809378 -0.277995 0)
(0.811908 -0.27748 0)
(0.815149 -0.278084 0)
(0.818664 -0.279389 0)
(0.822668 -0.281418 0)
(0.826939 -0.282389 0)
(0.830986 -0.282787 0)
(0.835048 -0.283212 0)
(0.839158 -0.283536 0)
(0.843419 -0.283814 0)
(0.848046 -0.284121 0)
(0.852804 -0.284029 0)
(0.857222 -0.283676 0)
(0.861787 -0.28321 0)
(0.866813 -0.283034 0)
(0.872632 -0.283387 0)
(1.1 -4.74854e-07 0)
(1.1 -4.71469e-07 0)
(1.1 -4.48109e-07 0)
(1.1 -8.97643e-06 0)
(1.09851 -0.0024829 0)
(1.05891 -0.0560106 0)
(0.924555 -0.188572 0)
(0.809291 -0.254119 0)
(0.807752 -0.269702 0)
(0.806003 -0.278503 0)
(0.806897 -0.279031 0)
(0.809658 -0.278969 0)
(0.812106 -0.279069 0)
(0.814765 -0.279208 0)
(0.817857 -0.279488 0)
(0.821701 -0.280006 0)
(0.826232 -0.281502 0)
(0.83076 -0.282564 0)
(0.834788 -0.283062 0)
(0.838886 -0.283536 0)
(0.843157 -0.284075 0)
(0.847773 -0.284297 0)
(0.852819 -0.284606 0)
(0.85762 -0.284405 0)
(0.862044 -0.283748 0)
(0.866887 -0.282986 0)
(0.872396 -0.282879 0)
(1.1 -6.89262e-07 0)
(1.1 -6.6468e-07 0)
(1.1 -2.75936e-06 0)
(1.09947 -0.000909547 0)
(1.07396 -0.0330365 0)
(0.945902 -0.167922 0)
(0.832783 -0.256043 0)
(0.80098 -0.270887 0)
(0.80136 -0.271201 0)
(0.803072 -0.275813 0)
(0.805674 -0.277772 0)
(0.808907 -0.279525 0)
(0.811908 -0.280231 0)
(0.81477 -0.280244 0)
(0.81795 -0.2798 0)
(0.821479 -0.279874 0)
(0.825464 -0.280502 0)
(0.829949 -0.281919 0)
(0.834471 -0.282981 0)
(0.838634 -0.283457 0)
(0.843001 -0.283722 0)
(0.8476 -0.284054 0)
(0.852556 -0.284522 0)
(0.857716 -0.284875 0)
(0.862498 -0.284429 0)
(0.867182 -0.283499 0)
(0.872451 -0.282703 0)
(1.1 -9.26243e-07 0)
(1.1 -1.70286e-06 0)
(1.09978 -0.000412855 0)
(1.08646 -0.0197677 0)
(0.970354 -0.127712 0)
(0.846039 -0.239553 0)
(0.8071 -0.272403 0)
(0.797957 -0.276503 0)
(0.799096 -0.273933 0)
(0.800825 -0.274747 0)
(0.803781 -0.276269 0)
(0.807659 -0.277861 0)
(0.811752 -0.279548 0)
(0.814992 -0.280181 0)
(0.818055 -0.280371 0)
(0.821355 -0.280285 0)
(0.824954 -0.280605 0)
(0.82904 -0.281291 0)
(0.833723 -0.282495 0)
(0.83839 -0.283149 0)
(0.842775 -0.283518 0)
(0.847308 -0.283859 0)
(0.852155 -0.284353 0)
(0.857434 -0.28484 0)
(0.862829 -0.284965 0)
(0.867796 -0.284232 0)
(0.872769 -0.283097 0)
(1.1 -1.46094e-06 0)
(1.0999 -0.000181157 0)
(1.09103 -0.0130511 0)
(1.00902 -0.109687 0)
(0.847267 -0.217821 0)
(0.808699 -0.260242 0)
(0.800019 -0.275298 0)
(0.79776 -0.277458 0)
(0.799505 -0.276702 0)
(0.800973 -0.275776 0)
(0.803295 -0.275472 0)
(0.806492 -0.276183 0)
(0.810323 -0.27802 0)
(0.814357 -0.280017 0)
(0.817874 -0.280659 0)
(0.821249 -0.280792 0)
(0.824821 -0.280698 0)
(0.828685 -0.28094 0)
(0.832955 -0.281756 0)
(0.837803 -0.282957 0)
(0.842535 -0.283453 0)
(0.847123 -0.283758 0)
(0.85191 -0.284087 0)
(0.857102 -0.284533 0)
(0.862755 -0.285022 0)
(0.868267 -0.284812 0)
(0.873402 -0.28389 0)
(1.09997 -5.78058e-05 0)
(1.09513 -0.00693665 0)
(1.02253 -0.0875487 0)
(0.887057 -0.219326 0)
(0.798512 -0.259058 0)
(0.794682 -0.26323 0)
(0.796399 -0.271181 0)
(0.797555 -0.274625 0)
(0.799802 -0.275563 0)
(0.801329 -0.276348 0)
(0.803375 -0.276848 0)
(0.805958 -0.277105 0)
(0.809085 -0.277784 0)
(0.813078 -0.278964 0)
(0.817413 -0.28044 0)
(0.82127 -0.280954 0)
(0.824801 -0.281217 0)
(0.8284 -0.281467 0)
(0.832352 -0.281919 0)
(0.83702 -0.282722 0)
(0.84222 -0.283492 0)
(0.847072 -0.283706 0)
(0.85184 -0.2839 0)
(0.856894 -0.284253 0)
(0.862471 -0.284768 0)
(0.868413 -0.285112 0)
(0.873993 -0.284609 0)
(1.09766 -0.00358097 0)
(1.04652 -0.0593735 0)
(0.891228 -0.192709 0)
(0.820959 -0.261338 0)
(0.794176 -0.272193 0)
(0.792186 -0.268878 0)
(0.792798 -0.269389 0)
(0.794912 -0.271499 0)
(0.797808 -0.275027 0)
(0.800665 -0.277187 0)
(0.803067 -0.278119 0)
(0.805784 -0.278271 0)
(0.808842 -0.278111 0)
(0.812313 -0.278659 0)
(0.816433 -0.279692 0)
(0.820814 -0.280988 0)
(0.824609 -0.281651 0)
(0.828224 -0.28206 0)
(0.832157 -0.282253 0)
(0.836638 -0.282583 0)
(0.841827 -0.283321 0)
(0.847025 -0.283786 0)
(0.851833 -0.283993 0)
(0.856812 -0.2842 0)
(0.862251 -0.284601 0)
(0.86827 -0.284983 0)
(0.874374 -0.285051 0)
(1.06445 -0.046337 0)
(0.917997 -0.165336 0)
(0.815049 -0.242457 0)
(0.800754 -0.267115 0)
(0.794116 -0.272919 0)
(0.792949 -0.271984 0)
(0.792487 -0.27117 0)
(0.793168 -0.271624 0)
(0.795249 -0.273693 0)
(0.799122 -0.27617 0)
(0.80291 -0.277898 0)
(0.805813 -0.278596 0)
(0.808769 -0.278763 0)
(0.812086 -0.278712 0)
(0.815754 -0.279314 0)
(0.819878 -0.280621 0)
(0.824275 -0.281874 0)
(0.828257 -0.282347 0)
(0.832185 -0.282499 0)
(0.83655 -0.282569 0)
(0.841473 -0.283053 0)
(0.846749 -0.283822 0)
(0.851811 -0.284346 0)
(0.856786 -0.284486 0)
(0.862222 -0.284495 0)
(0.86814 -0.284673 0)
(0.874391 -0.285031 0)
(0.951327 -0.161601 0)
(0.818727 -0.236889 0)
(0.792167 -0.257443 0)
(0.792299 -0.266376 0)
(0.792155 -0.272311 0)
(0.792092 -0.273184 0)
(0.792207 -0.273665 0)
(0.792675 -0.273568 0)
(0.794342 -0.27385 0)
(0.797552 -0.27501 0)
(0.801695 -0.276797 0)
(0.80555 -0.278305 0)
(0.8088 -0.278908 0)
(0.811943 -0.279287 0)
(0.815309 -0.27973 0)
(0.81913 -0.280524 0)
(0.823581 -0.281713 0)
(0.828086 -0.282554 0)
(0.832237 -0.282882 0)
(0.836492 -0.283023 0)
(0.84115 -0.283312 0)
(0.846284 -0.283947 0)
(0.851618 -0.284594 0)
(0.856856 -0.284812 0)
(0.862271 -0.284744 0)
(0.868052 -0.284677 0)
(0.874203 -0.284957 0)
(0.847022 -0.241532 0)
(0.79306 -0.264357 0)
(0.786565 -0.261359 0)
(0.787484 -0.262408 0)
(0.789045 -0.267578 0)
(0.790993 -0.271971 0)
(0.791586 -0.274044 0)
(0.792672 -0.274918 0)
(0.79448 -0.275221 0)
(0.797077 -0.275272 0)
(0.800298 -0.276066 0)
(0.804266 -0.277819 0)
(0.808241 -0.279366 0)
(0.811594 -0.280003 0)
(0.814991 -0.280265 0)
(0.81873 -0.280626 0)
(0.822887 -0.281453 0)
(0.827464 -0.282594 0)
(0.831981 -0.283266 0)
(0.836309 -0.283574 0)
(0.840912 -0.283768 0)
(0.845896 -0.284094 0)
(0.851267 -0.284642 0)
(0.856769 -0.28505 0)
(0.86231 -0.285274 0)
(0.867994 -0.28518 0)
(0.874079 -0.285091 0)
(0.805942 -0.260737 0)
(0.792588 -0.267895 0)
(0.788541 -0.265685 0)
(0.786329 -0.264949 0)
(0.785714 -0.266281 0)
(0.787301 -0.269765 0)
(0.789973 -0.273818 0)
(0.79231 -0.27524 0)
(0.794544 -0.275945 0)
(0.797017 -0.276319 0)
(0.799686 -0.276773 0)
(0.802857 -0.277752 0)
(0.807088 -0.279215 0)
(0.811347 -0.280242 0)
(0.814929 -0.280691 0)
(0.81843 -0.281093 0)
(0.822225 -0.281677 0)
(0.8266 -0.282607 0)
(0.831528 -0.283581 0)
(0.836279 -0.283962 0)
(0.840817 -0.284127 0)
(0.845653 -0.284258 0)
(0.850909 -0.284654 0)
(0.856485 -0.285173 0)
(0.86223 -0.285628 0)
(0.868068 -0.285756 0)
(0.874105 -0.285501 0)
(0.791483 -0.259964 0)
(0.7901 -0.268232 0)
(0.788073 -0.269141 0)
(0.786267 -0.268957 0)
(0.78477 -0.268204 0)
(0.78512 -0.269217 0)
(0.78751 -0.272181 0)
(0.790954 -0.275362 0)
(0.793976 -0.27643 0)
(0.796558 -0.277154 0)
(0.799298 -0.27735 0)
(0.802336 -0.277752 0)
(0.806062 -0.278809 0)
(0.810539 -0.280254 0)
(0.814533 -0.281002 0)
(0.817982 -0.281553 0)
(0.821714 -0.282078 0)
(0.825914 -0.282741 0)
(0.830844 -0.283602 0)
(0.835971 -0.284235 0)
(0.840747 -0.284568 0)
(0.845486 -0.284763 0)
(0.850614 -0.285048 0)
(0.856176 -0.285408 0)
(0.862077 -0.285831 0)
(0.868132 -0.286046 0)
(0.874295 -0.285893 0)
(0.782729 -0.257894 0)
(0.785834 -0.263738 0)
(0.787017 -0.268252 0)
(0.785986 -0.270001 0)
(0.78502 -0.270454 0)
(0.784529 -0.270536 0)
(0.785714 -0.271707 0)
(0.78873 -0.274049 0)
(0.793005 -0.276003 0)
(0.796313 -0.276989 0)
(0.799097 -0.277566 0)
(0.802042 -0.278022 0)
(0.80537 -0.27866 0)
(0.809474 -0.279936 0)
(0.8139 -0.281317 0)
(0.817725 -0.282018 0)
(0.821401 -0.282446 0)
(0.825551 -0.282757 0)
(0.83029 -0.283407 0)
(0.835464 -0.284251 0)
(0.840481 -0.284872 0)
(0.845308 -0.285253 0)
(0.850452 -0.285518 0)
(0.85607 -0.285615 0)
(0.862021 -0.285839 0)
(0.868167 -0.286127 0)
(0.874472 -0.286133 0)
(0.781831 -0.258531 0)
(0.781143 -0.260937 0)
(0.783419 -0.265982 0)
(0.784543 -0.269812 0)
(0.784359 -0.271119 0)
(0.784207 -0.271808 0)
(0.78488 -0.27263 0)
(0.787176 -0.273648 0)
(0.791377 -0.275022 0)
(0.795654 -0.276776 0)
(0.798848 -0.277753 0)
(0.80173 -0.278474 0)
(0.804868 -0.279195 0)
(0.808557 -0.280095 0)
(0.813014 -0.281243 0)
(0.817359 -0.282183 0)
(0.82129 -0.282749 0)
(0.825341 -0.283199 0)
(0.829852 -0.283755 0)
(0.83495 -0.28453 0)
(0.84023 -0.285234 0)
(0.845296 -0.285603 0)
(0.850556 -0.28588 0)
(0.856169 -0.285953 0)
(0.862067 -0.285964 0)
(0.868193 -0.2862 0)
(0.874593 -0.286334 0)
(0.78162 -0.262383 0)
(0.779524 -0.262545 0)
(0.779518 -0.264718 0)
(0.781785 -0.268935 0)
(0.782812 -0.271877 0)
(0.783243 -0.272927 0)
(0.784274 -0.273506 0)
(0.78662 -0.273826 0)
(0.79009 -0.274546 0)
(0.794296 -0.276363 0)
(0.798184 -0.278012 0)
(0.801265 -0.27883 0)
(0.804372 -0.279367 0)
(0.807944 -0.280034 0)
(0.812192 -0.281034 0)
(0.816734 -0.282229 0)
(0.820928 -0.282987 0)
(0.825003 -0.283593 0)
(0.829475 -0.284172 0)
(0.834515 -0.284755 0)
(0.839927 -0.285322 0)
(0.845224 -0.285646 0)
(0.850583 -0.285998 0)
(0.856255 -0.286279 0)
(0.862173 -0.286322 0)
(0.868277 -0.286453 0)
(0.874681 -0.286459 0)
(0.780999 -0.265208 0)
(0.778959 -0.265193 0)
(0.778025 -0.265681 0)
(0.778668 -0.267825 0)
(0.780626 -0.271282 0)
(0.782019 -0.273113 0)
(0.783682 -0.27372 0)
(0.786185 -0.274256 0)
(0.789229 -0.274926 0)
(0.792931 -0.276215 0)
(0.797095 -0.277875 0)
(0.80074 -0.278934 0)
(0.803962 -0.279447 0)
(0.807443 -0.280026 0)
(0.811479 -0.280916 0)
(0.815966 -0.2822 0)
(0.820501 -0.283274 0)
(0.824768 -0.283927 0)
(0.829247 -0.284389 0)
(0.834246 -0.284859 0)
(0.839696 -0.28541 0)
(0.845171 -0.285793 0)
(0.850623 -0.286214 0)
(0.85633 -0.286628 0)
(0.862289 -0.286646 0)
(0.868491 -0.28661 0)
(0.874926 -0.286399 0)
(0.780292 -0.264477 0)
(0.778682 -0.265765 0)
(0.777029 -0.266989 0)
(0.776917 -0.268077 0)
(0.778302 -0.270263 0)
(0.780558 -0.272547 0)
(0.782952 -0.273695 0)
(0.785587 -0.274585 0)
(0.788572 -0.275451 0)
(0.792005 -0.276512 0)
(0.796031 -0.277645 0)
(0.799944 -0.278688 0)
(0.803398 -0.279425 0)
(0.806893 -0.280333 0)
(0.81082 -0.281301 0)
(0.815238 -0.282387 0)
(0.819876 -0.283259 0)
(0.824379 -0.2839 0)
(0.829018 -0.284589 0)
(0.834007 -0.2852 0)
(0.839424 -0.285782 0)
(0.844986 -0.286147 0)
(0.850537 -0.286422 0)
(0.856305 -0.286756 0)
(0.862389 -0.286833 0)
(0.868736 -0.286855 0)
(0.875173 -0.286584 0)
(0.777913 -0.26436 0)
(0.776912 -0.266558 0)
(0.775655 -0.267946 0)
(0.775531 -0.268885 0)
(0.776522 -0.269958 0)
(0.778746 -0.271925 0)
(0.781748 -0.273456 0)
(0.784814 -0.274721 0)
(0.787961 -0.275821 0)
(0.791344 -0.276656 0)
(0.795144 -0.27745 0)
(0.798937 -0.278481 0)
(0.802549 -0.279418 0)
(0.806196 -0.280477 0)
(0.810244 -0.28149 0)
(0.814679 -0.282354 0)
(0.819308 -0.283063 0)
(0.823921 -0.283826 0)
(0.828649 -0.284708 0)
(0.833655 -0.285488 0)
(0.839064 -0.286134 0)
(0.844724 -0.286502 0)
(0.850422 -0.286646 0)
(0.856293 -0.28687 0)
(0.862437 -0.286878 0)
(0.868872 -0.286995 0)
(0.875405 -0.286861 0)
(0.774408 -0.263524 0)
(0.774959 -0.266689 0)
(0.774314 -0.268174 0)
(0.774354 -0.269293 0)
(0.775169 -0.270362 0)
(0.777258 -0.271861 0)
(0.780483 -0.273217 0)
(0.784027 -0.274556 0)
(0.787402 -0.275801 0)
(0.790777 -0.276846 0)
(0.794286 -0.27765 0)
(0.797905 -0.278586 0)
(0.801666 -0.279526 0)
(0.805578 -0.280751 0)
(0.809759 -0.28173 0)
(0.814153 -0.282524 0)
(0.81873 -0.283248 0)
(0.823399 -0.284091 0)
(0.828227 -0.28506 0)
(0.8333 -0.28583 0)
(0.838724 -0.286393 0)
(0.844468 -0.286816 0)
(0.85029 -0.286986 0)
(0.856237 -0.287243 0)
(0.862412 -0.287247 0)
(0.86891 -0.287338 0)
(0.8756 -0.287269 0)
(0.771874 -0.263142 0)
(0.773004 -0.265788 0)
(0.772826 -0.26773 0)
(0.772854 -0.269353 0)
(0.77388 -0.270761 0)
(0.776246 -0.27188 0)
(0.779674 -0.273059 0)
(0.783301 -0.274426 0)
(0.786657 -0.275669 0)
(0.78991 -0.276784 0)
(0.793374 -0.277679 0)
(0.797097 -0.278635 0)
(0.801009 -0.279625 0)
(0.804984 -0.280883 0)
(0.809152 -0.281912 0)
(0.813513 -0.282745 0)
(0.818108 -0.283513 0)
(0.822873 -0.284392 0)
(0.827808 -0.285333 0)
(0.83295 -0.286044 0)
(0.838398 -0.286492 0)
(0.844145 -0.286943 0)
(0.850038 -0.287246 0)
(0.856095 -0.287658 0)
(0.862356 -0.287726 0)
(0.86893 -0.287664 0)
(0.875752 -0.287643 0)
(0.77 -0.263513 0)
(0.770897 -0.265433 0)
(0.770847 -0.267505 0)
(0.771012 -0.269434 0)
(0.772511 -0.270873 0)
(0.77538 -0.272126 0)
(0.779097 -0.273213 0)
(0.78252 -0.274493 0)
(0.785657 -0.275645 0)
(0.788899 -0.276735 0)
(0.792556 -0.277686 0)
(0.796489 -0.27877 0)
(0.800472 -0.279845 0)
(0.804387 -0.281124 0)
(0.808465 -0.282149 0)
(0.812827 -0.283057 0)
(0.817539 -0.283884 0)
(0.822454 -0.284794 0)
(0.827467 -0.285735 0)
(0.832641 -0.286499 0)
(0.838069 -0.286948 0)
(0.843793 -0.287384 0)
(0.849728 -0.287625 0)
(0.855905 -0.288101 0)
(0.862357 -0.288311 0)
(0.869006 -0.288166 0)
(0.875884 -0.288147 0)
(0.76865 -0.263802 0)
(0.768914 -0.265682 0)
(0.768903 -0.267543 0)
(0.769374 -0.269148 0)
(0.771332 -0.270396 0)
(0.774521 -0.271978 0)
(0.778323 -0.273338 0)
(0.78168 -0.274506 0)
(0.784772 -0.275452 0)
(0.788039 -0.276509 0)
(0.79181 -0.277662 0)
(0.795889 -0.279039 0)
(0.79992 -0.280252 0)
(0.80376 -0.281539 0)
(0.807772 -0.282472 0)
(0.812185 -0.283314 0)
(0.816995 -0.284186 0)
(0.821949 -0.285113 0)
(0.826957 -0.285989 0)
(0.832151 -0.286814 0)
(0.837653 -0.287389 0)
(0.843444 -0.287923 0)
(0.849402 -0.288102 0)
(0.855636 -0.28845 0)
(0.862225 -0.288839 0)
(0.86896 -0.288726 0)
(0.875891 -0.288697 0)
(0.766591 -0.263945 0)
(0.767118 -0.266083 0)
(0.7674 -0.267688 0)
(0.768211 -0.268922 0)
(0.770313 -0.270371 0)
(0.773615 -0.272152 0)
(0.777342 -0.273689 0)
(0.780729 -0.274694 0)
(0.783917 -0.275405 0)
(0.787242 -0.276398 0)
(0.791006 -0.277726 0)
(0.79511 -0.279376 0)
(0.799191 -0.280585 0)
(0.803066 -0.281649 0)
(0.807106 -0.282508 0)
(0.811552 -0.283534 0)
(0.816416 -0.284616 0)
(0.821404 -0.285654 0)
(0.826438 -0.286541 0)
(0.831694 -0.287349 0)
(0.837309 -0.287865 0)
(0.84323 -0.288467 0)
(0.849285 -0.288722 0)
(0.855505 -0.288995 0)
(0.862134 -0.289496 0)
(0.868975 -0.289475 0)
(0.875915 -0.289335 0)
(0.764286 -0.263874 0)
(0.765291 -0.26587 0)
(0.766207 -0.267693 0)
(0.767344 -0.269148 0)
(0.769401 -0.270776 0)
(0.772571 -0.272302 0)
(0.776266 -0.273425 0)
(0.779768 -0.274305 0)
(0.783044 -0.275244 0)
(0.786361 -0.276566 0)
(0.790102 -0.278124 0)
(0.794252 -0.279772 0)
(0.79842 -0.280861 0)
(0.802413 -0.281864 0)
(0.806499 -0.282787 0)
(0.810903 -0.283902 0)
(0.81571 -0.285061 0)
(0.820725 -0.286114 0)
(0.825846 -0.286872 0)
(0.831205 -0.287644 0)
(0.836875 -0.288098 0)
(0.842818 -0.288711 0)
(0.848965 -0.289179 0)
(0.855247 -0.289481 0)
(0.861899 -0.290019 0)
(0.868856 -0.290124 0)
(0.875856 -0.28991 0)
(0.762701 -0.263423 0)
(0.763804 -0.265124 0)
(0.764859 -0.267544 0)
(0.766195 -0.269724 0)
(0.768436 -0.271271 0)
(0.771645 -0.272351 0)
(0.775232 -0.27316 0)
(0.778678 -0.274117 0)
(0.781967 -0.275323 0)
(0.785381 -0.276844 0)
(0.789229 -0.278445 0)
(0.793402 -0.279869 0)
(0.797573 -0.280711 0)
(0.801548 -0.281841 0)
(0.805664 -0.283034 0)
(0.810098 -0.284399 0)
(0.814928 -0.285524 0)
(0.820048 -0.286476 0)
(0.825383 -0.287259 0)
(0.830892 -0.288157 0)
(0.836572 -0.288658 0)
(0.842462 -0.289243 0)
(0.848667 -0.289822 0)
(0.855115 -0.290134 0)
(0.861846 -0.290568 0)
(0.868871 -0.29072 0)
(0.875902 -0.290518 0)
(0.761488 -0.263418 0)
(0.762176 -0.265375 0)
(0.763162 -0.267936 0)
(0.764836 -0.270077 0)
(0.767456 -0.271477 0)
(0.770838 -0.272208 0)
(0.774174 -0.273002 0)
(0.777399 -0.274173 0)
(0.780769 -0.275604 0)
(0.784427 -0.277317 0)
(0.788449 -0.27878 0)
(0.792561 -0.279941 0)
(0.796568 -0.280812 0)
(0.800501 -0.282104 0)
(0.804732 -0.283511 0)
(0.809315 -0.28489 0)
(0.814217 -0.285854 0)
(0.819392 -0.286699 0)
(0.824781 -0.287375 0)
(0.830338 -0.288348 0)
(0.836061 -0.289033 0)
(0.841987 -0.289672 0)
(0.848283 -0.290295 0)
(0.85486 -0.290563 0)
(0.861676 -0.290867 0)
(0.868734 -0.291107 0)
(0.875857 -0.291035 0)
(0.760058 -0.263924 0)
(0.760536 -0.266149 0)
(0.761527 -0.268394 0)
(0.763627 -0.269783 0)
(0.766607 -0.270901 0)
(0.76983 -0.271889 0)
(0.772953 -0.27301 0)
(0.776169 -0.274377 0)
(0.779691 -0.275913 0)
(0.783561 -0.277553 0)
(0.78764 -0.278898 0)
(0.791557 -0.28008 0)
(0.79541 -0.281006 0)
(0.799394 -0.282382 0)
(0.803804 -0.283859 0)
(0.808558 -0.285212 0)
(0.813549 -0.28608 0)
(0.818743 -0.286999 0)
(0.824207 -0.28784 0)
(0.829855 -0.288906 0)
(0.835656 -0.289593 0)
(0.84168 -0.290149 0)
(0.84807 -0.290719 0)
(0.854784 -0.291078 0)
(0.861636 -0.291393 0)
(0.86867 -0.291684 0)
(0.875866 -0.291675 0)
(0.758162 -0.264936 0)
(0.758937 -0.266932 0)
(0.760306 -0.268185 0)
(0.762462 -0.269324 0)
(0.765265 -0.270733 0)
(0.768367 -0.272031 0)
(0.77166 -0.273359 0)
(0.775085 -0.274752 0)
(0.778754 -0.276135 0)
(0.782618 -0.277679 0)
(0.786521 -0.279108 0)
(0.790342 -0.280382 0)
(0.794286 -0.281362 0)
(0.798432 -0.282743 0)
(0.802986 -0.284162 0)
(0.807812 -0.28544 0)
(0.81281 -0.286345 0)
(0.818014 -0.287397 0)
(0.8235 -0.288299 0)
(0.829232 -0.289278 0)
(0.835163 -0.28981 0)
(0.841319 -0.290298 0)
(0.847779 -0.290967 0)
(0.854516 -0.291487 0)
(0.861411 -0.291875 0)
(0.868499 -0.292263 0)
(0.875799 -0.292256 0)
(0.756262 -0.265372 0)
(0.757652 -0.266909 0)
(0.759173 -0.267994 0)
(0.760948 -0.269373 0)
(0.763532 -0.270701 0)
(0.766823 -0.272115 0)
(0.770499 -0.273571 0)
(0.774195 -0.274967 0)
(0.777798 -0.276448 0)
(0.781403 -0.278125 0)
(0.785187 -0.279526 0)
(0.789136 -0.28074 0)
(0.793287 -0.28167 0)
(0.79759 -0.283052 0)
(0.802178 -0.284485 0)
(0.806949 -0.285802 0)
(0.811956 -0.286785 0)
(0.817275 -0.287929 0)
(0.822905 -0.288785 0)
(0.828781 -0.289714 0)
(0.834846 -0.290278 0)
(0.841074 -0.290829 0)
(0.847502 -0.291547 0)
(0.854245 -0.292231 0)
(0.861232 -0.292635 0)
(0.868426 -0.292965 0)
(0.87585 -0.292929 0)
(0.754904 -0.264976 0)
(0.756421 -0.266421 0)
(0.757534 -0.268107 0)
(0.759206 -0.269764 0)
(0.761985 -0.270928 0)
(0.765638 -0.272257 0)
(0.769618 -0.273627 0)
(0.773166 -0.275259 0)
(0.776494 -0.277 0)
(0.780011 -0.278614 0)
(0.783927 -0.279832 0)
(0.788114 -0.280918 0)
(0.792492 -0.281898 0)
(0.796759 -0.283491 0)
(0.801223 -0.285006 0)
(0.805957 -0.286267 0)
(0.81108 -0.287213 0)
(0.816552 -0.288375 0)
(0.822287 -0.289138 0)
(0.828211 -0.289983 0)
(0.834288 -0.290605 0)
(0.84055 -0.291318 0)
(0.847019 -0.292143 0)
(0.853806 -0.292881 0)
(0.86091 -0.293202 0)
(0.868266 -0.293502 0)
(0.875816 -0.293576 0)
(0.753598 -0.264498 0)
(0.754462 -0.266499 0)
(0.755378 -0.268678 0)
(0.757554 -0.270021 0)
(0.760821 -0.27113 0)
(0.764787 -0.272255 0)
(0.76844 -0.273917 0)
(0.771647 -0.275887 0)
(0.774992 -0.277605 0)
(0.778731 -0.278955 0)
(0.782919 -0.279837 0)
(0.787258 -0.28092 0)
(0.791482 -0.282329 0)
(0.795657 -0.284187 0)
(0.800153 -0.285657 0)
(0.805016 -0.28682 0)
(0.810331 -0.287703 0)
(0.815985 -0.288861 0)
(0.821775 -0.289639 0)
(0.827649 -0.290576 0)
(0.833701 -0.291336 0)
(0.840038 -0.292153 0)
(0.846635 -0.292886 0)
(0.853563 -0.293599 0)
(0.860782 -0.293907 0)
(0.868161 -0.294138 0)
(0.875748 -0.294327 0)
(0.751558 -0.264551 0)
(0.751895 -0.266957 0)
(0.753331 -0.26891 0)
(0.756252 -0.27006 0)
(0.760118 -0.270998 0)
(0.763703 -0.272509 0)
(0.766733 -0.274522 0)
(0.769941 -0.276477 0)
(0.773599 -0.277952 0)
(0.777721 -0.278903 0)
(0.782101 -0.279717 0)
(0.786057 -0.281283 0)
(0.790076 -0.283035 0)
(0.794396 -0.284983 0)
(0.79912 -0.286298 0)
(0.804189 -0.287241 0)
(0.809633 -0.287987 0)
(0.815267 -0.289211 0)
(0.820991 -0.290145 0)
(0.826848 -0.291201 0)
(0.832932 -0.291994 0)
(0.839364 -0.292796 0)
(0.84612 -0.293444 0)
(0.853164 -0.29412 0)
(0.860431 -0.294482 0)
(0.867885 -0.29475 0)
(0.875541 -0.295018 0)
(0.749239 -0.265138 0)
(0.749758 -0.267418 0)
(0.751834 -0.268803 0)
(0.7555 -0.269729 0)
(0.759269 -0.271126 0)
(0.762061 -0.273128 0)
(0.764981 -0.275164 0)
(0.768445 -0.276835 0)
(0.772536 -0.277839 0)
(0.776968 -0.278645 0)
(0.780847 -0.280033 0)
(0.784448 -0.281945 0)
(0.788563 -0.283857 0)
(0.793203 -0.285635 0)
(0.798213 -0.286629 0)
(0.803494 -0.28742 0)
(0.808921 -0.288326 0)
(0.814429 -0.289873 0)
(0.820168 -0.290959 0)
(0.82616 -0.292015 0)
(0.832386 -0.292764 0)
(0.838964 -0.293592 0)
(0.845792 -0.294249 0)
(0.852855 -0.294922 0)
(0.860148 -0.295371 0)
(0.867653 -0.295625 0)
(0.875394 -0.295758 0)
(0.747083 -0.265879 0)
(0.748212 -0.267336 0)
(0.750922 -0.2684 0)
(0.754783 -0.269665 0)
(0.757677 -0.271669 0)
(0.760335 -0.273815 0)
(0.763492 -0.275572 0)
(0.767327 -0.276719 0)
(0.771843 -0.277467 0)
(0.775751 -0.278907 0)
(0.779151 -0.28072 0)
(0.782865 -0.282773 0)
(0.787287 -0.284527 0)
(0.792257 -0.285958 0)
(0.797506 -0.286678 0)
(0.802703 -0.287671 0)
(0.807916 -0.288937 0)
(0.813366 -0.290593 0)
(0.819215 -0.291636 0)
(0.825372 -0.292643 0)
(0.831745 -0.293393 0)
(0.838367 -0.294312 0)
(0.845232 -0.295035 0)
(0.852316 -0.295737 0)
(0.859655 -0.296159 0)
(0.867305 -0.296434 0)
(0.875206 -0.296453 0)
(0.745367 -0.265867 0)
(0.747087 -0.266959 0)
(0.7502 -0.268086 0)
(0.753201 -0.270054 0)
(0.755793 -0.272346 0)
(0.758794 -0.274273 0)
(0.762348 -0.275535 0)
(0.766629 -0.276298 0)
(0.770695 -0.277611 0)
(0.773964 -0.279554 0)
(0.777509 -0.2815 0)
(0.781571 -0.283438 0)
(0.786307 -0.284855 0)
(0.791499 -0.285915 0)
(0.796598 -0.28683 0)
(0.801519 -0.288253 0)
(0.806714 -0.289662 0)
(0.812361 -0.291323 0)
(0.818426 -0.292305 0)
(0.824716 -0.293313 0)
(0.831111 -0.29414 0)
(0.837795 -0.295191 0)
(0.844761 -0.295963 0)
(0.851983 -0.296611 0)
(0.859452 -0.297 0)
(0.867245 -0.29732 0)
(0.875266 -0.297321 0)
(0.744058 -0.265469 0)
(0.746286 -0.266593 0)
(0.748781 -0.268373 0)
(0.751176 -0.270712 0)
(0.754072 -0.272805 0)
(0.757555 -0.274315 0)
(0.761627 -0.275146 0)
(0.765653 -0.276306 0)
(0.76885 -0.278195 0)
(0.772198 -0.280294 0)
(0.776112 -0.282152 0)
(0.780589 -0.283797 0)
(0.78561 -0.284833 0)
(0.79052 -0.286067 0)
(0.795232 -0.287401 0)
(0.800152 -0.288995 0)
(0.805607 -0.290419 0)
(0.811485 -0.291973 0)
(0.817602 -0.29283 0)
(0.823856 -0.293911 0)
(0.830309 -0.294895 0)
(0.837119 -0.296027 0)
(0.844214 -0.296716 0)
(0.851548 -0.297326 0)
(0.859031 -0.297699 0)
(0.866869 -0.298106 0)
(0.874987 -0.298218 0)
(0.743064 -0.26507 0)
(0.745032 -0.266684 0)
(0.74683 -0.268966 0)
(0.749341 -0.271167 0)
(0.752665 -0.272891 0)
(0.756717 -0.273976 0)
(0.760835 -0.275049 0)
(0.763915 -0.276845 0)
(0.76702 -0.278889 0)
(0.770674 -0.280891 0)
(0.775038 -0.282465 0)
(0.779938 -0.283797 0)
(0.784682 -0.285066 0)
(0.789086 -0.286669 0)
(0.793729 -0.288112 0)
(0.798901 -0.289735 0)
(0.804627 -0.291004 0)
(0.810588 -0.292471 0)
(0.816622 -0.293466 0)
(0.822862 -0.2947 0)
(0.829479 -0.295685 0)
(0.836511 -0.296753 0)
(0.843737 -0.297382 0)
(0.8511 -0.298079 0)
(0.85863 -0.298589 0)
(0.866538 -0.299114 0)
(0.874833 -0.299297 0)
(0.741718 -0.265 0)
(0.743064 -0.26721 0)
(0.744931 -0.269556 0)
(0.747815 -0.271275 0)
(0.751657 -0.272577 0)
(0.755995 -0.273726 0)
(0.759232 -0.275509 0)
(0.762088 -0.277554 0)
(0.765437 -0.279465 0)
(0.769484 -0.281164 0)
(0.774344 -0.282444 0)
(0.779055 -0.284051 0)
(0.783274 -0.285734 0)
(0.787559 -0.287386 0)
(0.792396 -0.288798 0)
(0.797844 -0.290276 0)
(0.803691 -0.291484 0)
(0.80953 -0.293129 0)
(0.815479 -0.294247 0)
(0.821852 -0.295473 0)
(0.828702 -0.296382 0)
(0.835903 -0.297343 0)
(0.843104 -0.297988 0)
(0.850462 -0.298874 0)
(0.85803 -0.299587 0)
(0.866071 -0.300186 0)
(0.874628 -0.300234 0)
(0.739647 -0.265312 0)
(0.740899 -0.2679 0)
(0.743289 -0.269722 0)
(0.746664 -0.271032 0)
(0.750862 -0.272204 0)
(0.754437 -0.274042 0)
(0.757252 -0.27619 0)
(0.760403 -0.278138 0)
(0.764155 -0.279729 0)
(0.768698 -0.281091 0)
(0.773486 -0.282644 0)
(0.777627 -0.284769 0)
(0.781738 -0.28654 0)
(0.786217 -0.288092 0)
(0.791335 -0.28928 0)
(0.796896 -0.290719 0)
(0.802571 -0.292151 0)
(0.80829 -0.293973 0)
(0.814344 -0.295087 0)
(0.820932 -0.296196 0)
(0.828005 -0.29692 0)
(0.83521 -0.297986 0)
(0.842332 -0.298828 0)
(0.849684 -0.299926 0)
(0.857375 -0.300686 0)
(0.865764 -0.301157 0)
(0.874612 -0.300981 0)
(0.737216 -0.265934 0)
(0.738984 -0.2682 0)
(0.741983 -0.269561 0)
(0.745823 -0.270661 0)
(0.749404 -0.272334 0)
(0.752226 -0.274562 0)
(0.755317 -0.276694 0)
(0.758955 -0.278384 0)
(0.763271 -0.279655 0)
(0.767838 -0.281186 0)
(0.771962 -0.28328 0)
(0.775966 -0.285486 0)
(0.780347 -0.28716 0)
(0.785178 -0.288499 0)
(0.790428 -0.28964 0)
(0.79575 -0.291388 0)
(0.801241 -0.293044 0)
(0.80707 -0.294858 0)
(0.813394 -0.29581 0)
(0.820263 -0.296709 0)
(0.827272 -0.29752 0)
(0.83426 -0.298852 0)
(0.841337 -0.299965 0)
(0.848802 -0.3011 0)
(0.856883 -0.301593 0)
(0.865656 -0.301904 0)
(0.874604 -0.301685 0)
(0.735064 -0.266389 0)
(0.737458 -0.26802 0)
(0.741062 -0.26918 0)
(0.744598 -0.270687 0)
(0.747262 -0.272811 0)
(0.75014 -0.275063 0)
(0.753675 -0.276919 0)
(0.7579 -0.27832 0)
(0.762398 -0.279694 0)
(0.766306 -0.281753 0)
(0.77016 -0.283964 0)
(0.774445 -0.286028 0)
(0.779234 -0.287428 0)
(0.784243 -0.288727 0)
(0.789267 -0.290254 0)
(0.794361 -0.292304 0)
(0.799947 -0.293927 0)
(0.806083 -0.295553 0)
(0.812742 -0.296203 0)
(0.819519 -0.297244 0)
(0.82621 -0.298423 0)
(0.833077 -0.300054 0)
(0.840278 -0.301201 0)
(0.848181 -0.302075 0)
(0.856605 -0.302297 0)
(0.865506 -0.302561 0)
(0.874437 -0.302495 0)
(0.733421 -0.266231 0)
(0.736379 -0.26758 0)
(0.739997 -0.269083 0)
(0.742618 -0.271205 0)
(0.745206 -0.273488 0)
(0.748419 -0.275386 0)
(0.752445 -0.276891 0)
(0.75696 -0.278278 0)
(0.760848 -0.280207 0)
(0.764417 -0.282475 0)
(0.768496 -0.284489 0)
(0.773172 -0.286183 0)
(0.778209 -0.287508 0)
(0.782989 -0.289228 0)
(0.787782 -0.291126 0)
(0.792995 -0.293191 0)
(0.798916 -0.294576 0)
(0.80544 -0.295877 0)
(0.812006 -0.29666 0)
(0.818392 -0.298181 0)
(0.824911 -0.299661 0)
(0.831892 -0.301297 0)
(0.839508 -0.302193 0)
(0.847812 -0.302842 0)
(0.856363 -0.302863 0)
(0.865169 -0.303263 0)
(0.874097 -0.303524 0)
(0.732219 -0.265727 0)
(0.735322 -0.267284 0)
(0.738094 -0.2695 0)
(0.74054 -0.271861 0)
(0.743474 -0.273848 0)
(0.747106 -0.275405 0)
(0.751463 -0.276787 0)
(0.755407 -0.278696 0)
(0.758861 -0.28095 0)
(0.762656 -0.283039 0)
(0.767123 -0.284676 0)
(0.77208 -0.286208 0)
(0.776838 -0.287921 0)
(0.781351 -0.290013 0)
(0.786292 -0.291968 0)
(0.79189 -0.293845 0)
(0.798267 -0.294806 0)
(0.804672 -0.296261 0)
(0.810811 -0.297548 0)
(0.816992 -0.299398 0)
(0.823649 -0.300884 0)
(0.831017 -0.302308 0)
(0.839056 -0.302854 0)
(0.847541 -0.303345 0)
(0.855965 -0.303649 0)
(0.864681 -0.304265 0)
(0.873616 -0.304758 0)
(0.731145 -0.265356 0)
(0.73355 -0.267571 0)
(0.735958 -0.270047 0)
(0.7388 -0.272191 0)
(0.742177 -0.273836 0)
(0.746161 -0.275247 0)
(0.749993 -0.27712 0)
(0.753371 -0.27945 0)
(0.757017 -0.281595 0)
(0.761236 -0.283344 0)
(0.766081 -0.284733 0)
(0.770671 -0.286563 0)
(0.775034 -0.288648 0)
(0.77968 -0.290793 0)
(0.785045 -0.29257 0)
(0.791167 -0.294071 0)
(0.797508 -0.295109 0)
(0.803392 -0.297072 0)
(0.809301 -0.298715 0)
(0.81565 -0.300592 0)
(0.8227 -0.301864 0)
(0.830541 -0.302861 0)
(0.838746 -0.303231 0)
(0.847 -0.304077 0)
(0.855268 -0.304703 0)
(0.863965 -0.305495 0)
(0.873039 -0.305922 0)
(0.729591 -0.265461 0)
(0.7315 -0.268028 0)
(0.734197 -0.270289 0)
(0.737523 -0.272072 0)
(0.741287 -0.273566 0)
(0.744837 -0.275459 0)
(0.747988 -0.277826 0)
(0.751439 -0.280115 0)
(0.755529 -0.281933 0)
(0.760235 -0.283376 0)
(0.764753 -0.285055 0)
(0.768805 -0.287301 0)
(0.773197 -0.289423 0)
(0.778245 -0.29138 0)
(0.784207 -0.292765 0)
(0.790376 -0.294337 0)
(0.796193 -0.295902 0)
(0.80177 -0.298175 0)
(0.807848 -0.299837 0)
(0.814611 -0.301543 0)
(0.822169 -0.302288 0)
(0.830207 -0.303171 0)
(0.838133 -0.303905 0)
(0.846138 -0.305089 0)
(0.854404 -0.306041 0)
(0.863261 -0.306793 0)
(0.872631 -0.306958 0)
(0.727877 -0.265847 0)
(0.729865 -0.268241 0)
(0.732927 -0.270091 0)
(0.736658 -0.271723 0)
(0.740122 -0.273645 0)
(0.742939 -0.276048 0)
(0.746044 -0.278456 0)
(0.749871 -0.280425 0)
(0.754513 -0.281896 0)
(0.759042 -0.283572 0)
(0.762887 -0.285791 0)
(0.766877 -0.288108 0)
(0.77159 -0.290036 0)
(0.777217 -0.291636 0)
(0.783416 -0.292988 0)
(0.789045 -0.295075 0)
(0.794468 -0.296973 0)
(0.800205 -0.299239 0)
(0.806676 -0.300703 0)
(0.813981 -0.30195 0)
(0.821789 -0.302548 0)
(0.829547 -0.303821 0)
(0.837174 -0.304937 0)
(0.845117 -0.306412 0)
(0.853555 -0.307355 0)
(0.862757 -0.307891 0)
(0.872286 -0.307899 0)
(0.726498 -0.265985 0)
(0.728719 -0.267959 0)
(0.732065 -0.269707 0)
(0.735655 -0.271706 0)
(0.738354 -0.27414 0)
(0.741073 -0.276674 0)
(0.744469 -0.278739 0)
(0.748756 -0.280328 0)
(0.75346 -0.281914 0)
(0.757229 -0.284194 0)
(0.760896 -0.286598 0)
(0.765154 -0.28876 0)
(0.770378 -0.290372 0)
(0.776387 -0.291812 0)
(0.782111 -0.293649 0)
(0.787272 -0.296126 0)
(0.792785 -0.298006 0)
(0.798888 -0.300102 0)
(0.805895 -0.301083 0)
(0.813511 -0.302219 0)
(0.821076 -0.303187 0)
(0.828492 -0.304851 0)
(0.836036 -0.306272 0)
(0.844188 -0.307678 0)
(0.852973 -0.308425 0)
(0.86237 -0.30891 0)
(0.871892 -0.30899 0)
(0.725499 -0.265654 0)
(0.727917 -0.267514 0)
(0.731248 -0.269568 0)
(0.734074 -0.272103 0)
(0.736579 -0.274748 0)
(0.739555 -0.276947 0)
(0.743308 -0.278617 0)
(0.747813 -0.28019 0)
(0.751769 -0.282385 0)
(0.755197 -0.284953 0)
(0.759106 -0.287219 0)
(0.763794 -0.289118 0)
(0.769499 -0.290489 0)
(0.775149 -0.292346 0)
(0.780271 -0.294712 0)
(0.785486 -0.297198 0)
(0.791312 -0.298868 0)
(0.79794 -0.300548 0)
(0.805316 -0.301315 0)
(0.812713 -0.302829 0)
(0.819905 -0.304256 0)
(0.827225 -0.306174 0)
(0.835018 -0.307494 0)
(0.843514 -0.308764 0)
(0.852493 -0.309375 0)
(0.861861 -0.309959 0)
(0.871339 -0.31026 0)
(0.724762 -0.265192 0)
(0.727233 -0.267235 0)
(0.729966 -0.269803 0)
(0.732422 -0.272606 0)
(0.735142 -0.275021 0)
(0.738458 -0.276795 0)
(0.742453 -0.278383 0)
(0.746334 -0.280515 0)
(0.749715 -0.283084 0)
(0.753378 -0.285533 0)
(0.757698 -0.287498 0)
(0.762857 -0.289122 0)
(0.768345 -0.290834 0)
(0.773287 -0.293348 0)
(0.778332 -0.29579 0)
(0.783868 -0.298114 0)
(0.790211 -0.299349 0)
(0.797225 -0.300798 0)
(0.804417 -0.301873 0)
(0.811392 -0.303896 0)
(0.818492 -0.305578 0)
(0.82609 -0.307398 0)
(0.834232 -0.30854 0)
(0.842975 -0.309644 0)
(0.851951 -0.310314 0)
(0.861236 -0.311128 0)
(0.870793 -0.3116 0)
(0.724079 -0.264835 0)
(0.726189 -0.26726 0)
(0.728471 -0.270096 0)
(0.731083 -0.272758 0)
(0.734166 -0.27475 0)
(0.73767 -0.276479 0)
(0.741204 -0.278577 0)
(0.744387 -0.281176 0)
(0.747879 -0.283674 0)
(0.751938 -0.285755 0)
(0.756738 -0.287343 0)
(0.761798 -0.289228 0)
(0.766526 -0.291651 0)
(0.771238 -0.294373 0)
(0.776562 -0.296669 0)
(0.782603 -0.298681 0)
(0.789389 -0.299602 0)
(0.796224 -0.301306 0)
(0.802977 -0.302931 0)
(0.809829 -0.305174 0)
(0.817189 -0.30682 0)
(0.825162 -0.308457 0)
(0.833591 -0.309316 0)
(0.842372 -0.310526 0)
(0.851255 -0.311449 0)
(0.860573 -0.312378 0)
(0.870398 -0.312811 0)
(0.723112 -0.264678 0)
(0.72484 -0.267338 0)
(0.727183 -0.270038 0)
(0.730159 -0.272348 0)
(0.733466 -0.274341 0)
(0.736619 -0.276509 0)
(0.739462 -0.279124 0)
(0.742628 -0.281748 0)
(0.746435 -0.283879 0)
(0.750974 -0.285537 0)
(0.75585 -0.287307 0)
(0.760125 -0.289821 0)
(0.764456 -0.292561 0)
(0.769382 -0.2952 0)
(0.775158 -0.297188 0)
(0.781636 -0.29897 0)
(0.788322 -0.300083 0)
(0.794705 -0.302295 0)
(0.801282 -0.304183 0)
(0.808352 -0.30644 0)
(0.816085 -0.307846 0)
(0.824397 -0.309202 0)
(0.832863 -0.310134 0)
(0.841543 -0.311641 0)
(0.850479 -0.312691 0)
(0.860036 -0.313538 0)
(0.870108 -0.313868 0)
(0.721813 -0.264629 0)
(0.723514 -0.26723 0)
(0.72612 -0.269635 0)
(0.729422 -0.271906 0)
(0.732574 -0.274216 0)
(0.735117 -0.276833 0)
(0.737856 -0.279573 0)
(0.741254 -0.281859 0)
(0.745491 -0.283626 0)
(0.750206 -0.285392 0)
(0.754343 -0.287768 0)
(0.75816 -0.290641 0)
(0.762625 -0.293301 0)
(0.767905 -0.295666 0)
(0.77414 -0.297385 0)
(0.780478 -0.299369 0)
(0.786718 -0.301043 0)
(0.792895 -0.303506 0)
(0.799644 -0.305405 0)
(0.807095 -0.307427 0)
(0.815183 -0.308533 0)
(0.823501 -0.309993 0)
(0.831844 -0.311224 0)
(0.840572 -0.312867 0)
(0.84979 -0.313888 0)
(0.85967 -0.314548 0)
(0.86978 -0.314868 0)
(0.720289 -0.264755 0)
(0.72225 -0.267031 0)
(0.725116 -0.269233 0)
(0.728531 -0.271689 0)
(0.731261 -0.274328 0)
(0.733666 -0.277124 0)
(0.736616 -0.279541 0)
(0.740344 -0.281506 0)
(0.7448 -0.283365 0)
(0.748893 -0.285742 0)
(0.752464 -0.288561 0)
(0.756434 -0.291347 0)
(0.761202 -0.293703 0)
(0.766911 -0.295769 0)
(0.773006 -0.297677 0)
(0.778822 -0.30019 0)
(0.78479 -0.302186 0)
(0.791134 -0.304625 0)
(0.79826 -0.306264 0)
(0.806071 -0.308052 0)
(0.814134 -0.309267 0)
(0.822271 -0.311059 0)
(0.830646 -0.312483 0)
(0.839682 -0.314085 0)
(0.849272 -0.314872 0)
(0.859279 -0.315533 0)
(0.869309 -0.316052 0)
(0.718475 -0.264903 0)
(0.720871 -0.266846 0)
(0.723986 -0.268975 0)
(0.727221 -0.271664 0)
(0.729814 -0.274528 0)
(0.732499 -0.277097 0)
(0.735749 -0.279149 0)
(0.739662 -0.281153 0)
(0.743678 -0.283565 0)
(0.747114 -0.286428 0)
(0.750792 -0.289211 0)
(0.755092 -0.291645 0)
(0.760295 -0.293667 0)
(0.765868 -0.29595 0)
(0.771388 -0.298415 0)
(0.776894 -0.301218 0)
(0.782965 -0.303213 0)
(0.789671 -0.305382 0)
(0.797155 -0.306757 0)
(0.804897 -0.308703 0)
(0.812723 -0.310305 0)
(0.820827 -0.312308 0)
(0.829499 -0.313734 0)
(0.838961 -0.315086 0)
(0.848714 -0.315797 0)
(0.858624 -0.31677 0)
(0.868564 -0.317647 0)
(0.716394 -0.265025 0)
(0.719232 -0.266806 0)
(0.722412 -0.268976 0)
(0.72552 -0.271804 0)
(0.728474 -0.2746 0)
(0.731576 -0.276837 0)
(0.735022 -0.278869 0)
(0.738647 -0.281217 0)
(0.742028 -0.284046 0)
(0.745514 -0.28693 0)
(0.749536 -0.289335 0)
(0.75421 -0.291448 0)
(0.759365 -0.293758 0)
(0.764371 -0.296598 0)
(0.769538 -0.299407 0)
(0.775133 -0.302177 0)
(0.781502 -0.303917 0)
(0.788539 -0.305797 0)
(0.795918 -0.307315 0)
(0.803341 -0.309676 0)
(0.811073 -0.311527 0)
(0.819432 -0.313528 0)
(0.828532 -0.314741 0)
(0.838216 -0.316016 0)
(0.84783 -0.317023 0)
(0.857651 -0.318395 0)
(0.867755 -0.319359 0)
(0.714146 -0.26525 0)
(0.717178 -0.267024 0)
(0.720328 -0.269204 0)
(0.723599 -0.271875 0)
(0.727124 -0.27445 0)
(0.730659 -0.276673 0)
(0.733996 -0.278922 0)
(0.737135 -0.281588 0)
(0.74049 -0.284413 0)
(0.744322 -0.286896 0)
(0.748684 -0.289005 0)
(0.753326 -0.291414 0)
(0.757916 -0.294307 0)
(0.7626 -0.29751 0)
(0.767886 -0.300294 0)
(0.773815 -0.302825 0)
(0.780469 -0.304281 0)
(0.787282 -0.306309 0)
(0.794281 -0.308271 0)
(0.801551 -0.310845 0)
(0.809485 -0.312692 0)
(0.818252 -0.31449 0)
(0.827604 -0.315614 0)
(0.837152 -0.317225 0)
(0.846617 -0.318568 0)
(0.85661 -0.320106 0)
(0.867242 -0.320814 0)
(0.71205 -0.265624 0)
(0.714838 -0.267539 0)
(0.71794 -0.269622 0)
(0.721505 -0.271886 0)
(0.725594 -0.274273 0)
(0.729414 -0.276683 0)
(0.732487 -0.279261 0)
(0.735593 -0.282029 0)
(0.739292 -0.28447 0)
(0.743509 -0.286596 0)
(0.747861 -0.288933 0)
(0.751917 -0.291817 0)
(0.756183 -0.295017 0)
(0.761047 -0.298147 0)
(0.766732 -0.300615 0)
(0.772879 -0.302997 0)
(0.779283 -0.304782 0)
(0.785665 -0.307258 0)
(0.79244 -0.309481 0)
(0.799866 -0.312 0)
(0.808177 -0.313599 0)
(0.817206 -0.315271 0)
(0.826402 -0.316708 0)
(0.835703 -0.318721 0)
(0.845299 -0.320216 0)
(0.85577 -0.321587 0)
(0.867027 -0.321858 0)
(0.710424 -0.265791 0)
(0.712576 -0.268029 0)
(0.715502 -0.270098 0)
(0.719275 -0.272038 0)
(0.723695 -0.274235 0)
(0.727564 -0.276874 0)
(0.730767 -0.279636 0)
(0.734256 -0.282153 0)
(0.738376 -0.284338 0)
(0.742687 -0.286616 0)
(0.746524 -0.289289 0)
(0.750303 -0.292391 0)
(0.754705 -0.29543 0)
(0.759956 -0.298122 0)
(0.765916 -0.300474 0)
(0.771747 -0.303262 0)
(0.777712 -0.305719 0)
(0.783871 -0.3085 0)
(0.790752 -0.310723 0)
(0.798567 -0.312953 0)
(0.807134 -0.3143 0)
(0.815932 -0.316241 0)
(0.824787 -0.318102 0)
(0.834108 -0.320292 0)
(0.84414 -0.321673 0)
(0.855287 -0.32258 0)
(0.866923 -0.322709 0)
(0.709321 -0.265463 0)
(0.710751 -0.268258 0)
(0.713309 -0.270568 0)
(0.717008 -0.272506 0)
(0.72133 -0.274629 0)
(0.725221 -0.277178 0)
(0.72888 -0.279725 0)
(0.732915 -0.282048 0)
(0.737319 -0.284373 0)
(0.741284 -0.287052 0)
(0.744912 -0.290001 0)
(0.748933 -0.292873 0)
(0.753728 -0.295295 0)
(0.759194 -0.297797 0)
(0.764859 -0.300596 0)
(0.770161 -0.303948 0)
(0.775909 -0.306783 0)
(0.782234 -0.309606 0)
(0.789537 -0.311606 0)
(0.797599 -0.313617 0)
(0.80588 -0.3152 0)
(0.814254 -0.317575 0)
(0.823033 -0.319598 0)
(0.832696 -0.321699 0)
(0.84338 -0.322635 0)
(0.854952 -0.323347 0)
(0.866367 -0.323925 0)
(0.708285 -0.265052 0)
(0.709392 -0.268203 0)
(0.71157 -0.270905 0)
(0.714896 -0.273189 0)
(0.718831 -0.275374 0)
(0.722772 -0.277565 0)
(0.726886 -0.279681 0)
(0.73136 -0.281915 0)
(0.735687 -0.284611 0)
(0.739499 -0.287726 0)
(0.743493 -0.290635 0)
(0.748034 -0.292942 0)
(0.753112 -0.295157 0)
(0.758235 -0.297886 0)
(0.763236 -0.301112 0)
(0.768381 -0.304668 0)
(0.774331 -0.307502 0)
(0.781077 -0.310113 0)
(0.788651 -0.312047 0)
(0.79642 -0.31444 0)
(0.804253 -0.316531 0)
(0.812451 -0.31908 0)
(0.82145 -0.32102 0)
(0.831688 -0.322676 0)
(0.842812 -0.323333 0)
(0.854182 -0.324456 0)
(0.865346 -0.325455 0)
(0.707109 -0.264095 0)
(0.708103 -0.267864 0)
(0.710208 -0.271074 0)
(0.71313 -0.273876 0)
(0.716631 -0.276227 0)
(0.720527 -0.278103 0)
(0.724854 -0.279862 0)
(0.729324 -0.282038 0)
(0.733406 -0.284929 0)
(0.737549 -0.28803 0)
(0.742237 -0.290709 0)
(0.747298 -0.293008 0)
(0.752187 -0.295484 0)
(0.756703 -0.298511 0)
(0.761531 -0.301767 0)
(0.766894 -0.305099 0)
(0.773221 -0.307639 0)
(0.780194 -0.310184 0)
(0.787507 -0.31261 0)
(0.794806 -0.315658 0)
(0.802438 -0.318089 0)
(0.810801 -0.320628 0)
(0.820331 -0.322064 0)
(0.830968 -0.323324 0)
(0.841868 -0.324327 0)
(0.852896 -0.325996 0)
(0.86401 -0.327484 0)
(0.705581 -0.263365 0)
(0.70679 -0.266846 0)
(0.708738 -0.270581 0)
(0.711585 -0.274078 0)
(0.714949 -0.276752 0)
(0.718693 -0.278681 0)
(0.722774 -0.280429 0)
(0.72682 -0.282595 0)
(0.730891 -0.285227 0)
(0.735556 -0.288038 0)
(0.740948 -0.290656 0)
(0.746167 -0.293311 0)
(0.750613 -0.296293 0)
(0.755018 -0.299514 0)
(0.760082 -0.302372 0)
(0.765836 -0.305086 0)
(0.772361 -0.30752 0)
(0.779007 -0.310486 0)
(0.785822 -0.313598 0)
(0.792946 -0.316973 0)
(0.800775 -0.319487 0)
(0.809702 -0.321626 0)
(0.819588 -0.32268 0)
(0.829953 -0.324254 0)
(0.840382 -0.325866 0)
(0.851253 -0.328036 0)
(0.862715 -0.329453 0)
(0.70349 -0.263267 0)
(0.705127 -0.266128 0)
(0.707224 -0.269455 0)
(0.710214 -0.273145 0)
(0.71385 -0.276474 0)
(0.717286 -0.27899 0)
(0.720616 -0.28125 0)
(0.724245 -0.283503 0)
(0.728408 -0.285659 0)
(0.733508 -0.287966 0)
(0.739322 -0.290593 0)
(0.744354 -0.293766 0)
(0.748759 -0.297144 0)
(0.753566 -0.300215 0)
(0.759151 -0.30254 0)
(0.765068 -0.305068 0)
(0.771189 -0.307789 0)
(0.777301 -0.311211 0)
(0.783974 -0.314601 0)
(0.791335 -0.318 0)
(0.799732 -0.320095 0)
(0.808976 -0.322109 0)
(0.818588 -0.32359 0)
(0.828403 -0.32581 0)
(0.83853 -0.327852 0)
(0.84965 -0.330011 0)
(0.861767 -0.331058 0)
(0.700618 -0.264223 0)
(0.703263 -0.265803 0)
(0.705701 -0.268412 0)
(0.709057 -0.27166 0)
(0.713044 -0.275368 0)
(0.71618 -0.278804 0)
(0.718707 -0.281961 0)
(0.721962 -0.284532 0)
(0.726153 -0.28642 0)
(0.731406 -0.288251 0)
(0.737012 -0.290772 0)
(0.741885 -0.29411 0)
(0.746823 -0.297393 0)
(0.75234 -0.300258 0)
(0.758338 -0.302755 0)
(0.763933 -0.30561 0)
(0.769567 -0.308656 0)
(0.775544 -0.312055 0)
(0.782407 -0.315292 0)
(0.790287 -0.318225 0)
(0.798998 -0.320269 0)
(0.807982 -0.322839 0)
(0.81707 -0.325078 0)
(0.826506 -0.327739 0)
(0.836767 -0.329805 0)
(0.848376 -0.331711 0)
(0.861149 -0.33217 0)
(0.696383 -0.266506 0)
(0.700565 -0.266947 0)
(0.703948 -0.268136 0)
(0.707672 -0.270454 0)
(0.711759 -0.274111 0)
(0.714727 -0.278377 0)
(0.717082 -0.282186 0)
(0.720097 -0.285215 0)
(0.724218 -0.287296 0)
(0.729224 -0.289053 0)
(0.734306 -0.291348 0)
(0.739297 -0.294251 0)
(0.744883 -0.297274 0)
(0.751031 -0.300243 0)
(0.757002 -0.303303 0)
(0.762293 -0.30672 0)
(0.767883 -0.309905 0)
(0.774101 -0.31292 0)
(0.781421 -0.315388 0)
(0.789493 -0.318207 0)
(0.797942 -0.320776 0)
(0.806361 -0.324106 0)
(0.815109 -0.326858 0)
(0.824659 -0.329647 0)
(0.835312 -0.331533 0)
(0.847558 -0.33281 0)
(0.860567 -0.333181 0)
(0.690971 -0.268938 0)
(0.696408 -0.268993 0)
(0.701252 -0.269112 0)
(0.70583 -0.270239 0)
(0.710053 -0.273009 0)
(0.712915 -0.277136 0)
(0.715319 -0.281717 0)
(0.718575 -0.285387 0)
(0.722607 -0.288091 0)
(0.727094 -0.290228 0)
(0.731758 -0.292255 0)
(0.736871 -0.294449 0)
(0.742889 -0.297008 0)
(0.7492 -0.300246 0)
(0.754947 -0.303924 0)
(0.760402 -0.307707 0)
(0.766482 -0.310707 0)
(0.773243 -0.313162 0)
(0.780733 -0.315522 0)
(0.788361 -0.318625 0)
(0.79623 -0.32182 0)
(0.804345 -0.32559 0)
(0.81325 -0.328507 0)
(0.823203 -0.33121 0)
(0.834456 -0.332453 0)
(0.846805 -0.333737 0)
(0.859507 -0.334642 0)
(0.685255 -0.270691 0)
(0.69133 -0.27134 0)
(0.69745 -0.271307 0)
(0.703224 -0.271629 0)
(0.707672 -0.273395 0)
(0.710601 -0.276576 0)
(0.713367 -0.280592 0)
(0.716762 -0.284918 0)
(0.720867 -0.288435 0)
(0.725067 -0.291114 0)
(0.729589 -0.293136 0)
(0.734773 -0.29498 0)
(0.740728 -0.2972 0)
(0.746601 -0.300569 0)
(0.752439 -0.304439 0)
(0.758629 -0.308165 0)
(0.76547 -0.310932 0)
(0.772518 -0.313469 0)
(0.779626 -0.316183 0)
(0.786641 -0.319677 0)
(0.794219 -0.323135 0)
(0.802483 -0.326922 0)
(0.811869 -0.329577 0)
(0.822383 -0.33177 0)
(0.833658 -0.33322 0)
(0.845633 -0.335075 0)
(0.857971 -0.336569 0)
(0.680092 -0.271554 0)
(0.685917 -0.273068 0)
(0.692473 -0.27355 0)
(0.69898 -0.273593 0)
(0.704426 -0.274445 0)
(0.70806 -0.276608 0)
(0.711089 -0.279858 0)
(0.714715 -0.283817 0)
(0.719034 -0.2881 0)
(0.723552 -0.291371 0)
(0.728021 -0.293654 0)
(0.732936 -0.295611 0)
(0.738244 -0.297952 0)
(0.743666 -0.301195 0)
(0.749841 -0.304755 0)
(0.756875 -0.308284 0)
(0.764373 -0.31116 0)
(0.771277 -0.314198 0)
(0.777901 -0.317478 0)
(0.784717 -0.321171 0)
(0.792413 -0.324434 0)
(0.801189 -0.327661 0)
(0.811055 -0.32977 0)
(0.821524 -0.332315 0)
(0.832468 -0.334422 0)
(0.843985 -0.336924 0)
(0.856243 -0.338746 0)
(0.675972 -0.271534 0)
(0.680844 -0.27405 0)
(0.687151 -0.275631 0)
(0.694034 -0.276583 0)
(0.700255 -0.277035 0)
(0.705104 -0.277781 0)
(0.70892 -0.279562 0)
(0.712813 -0.282769 0)
(0.717581 -0.286868 0)
(0.722544 -0.290769 0)
(0.726915 -0.293745 0)
(0.731091 -0.296436 0)
(0.73567 -0.299199 0)
(0.740863 -0.302142 0)
(0.747335 -0.30508 0)
(0.754994 -0.308352 0)
(0.76272 -0.311562 0)
(0.769282 -0.315218 0)
(0.775839 -0.318806 0)
(0.78297 -0.322385 0)
(0.79123 -0.325 0)
(0.800348 -0.327838 0)
(0.810129 -0.330211 0)
(0.820212 -0.333348 0)
(0.830793 -0.336133 0)
(0.842236 -0.338958 0)
(0.854783 -0.340766 0)
(0.673159 -0.271143 0)
(0.676629 -0.274297 0)
(0.681899 -0.276935 0)
(0.688261 -0.278575 0)
(0.694853 -0.279479 0)
(0.700947 -0.279919 0)
(0.706178 -0.280686 0)
(0.710874 -0.282479 0)
(0.716117 -0.285737 0)
(0.72155 -0.289805 0)
(0.725713 -0.293659 0)
(0.729188 -0.297202 0)
(0.733303 -0.300384 0)
(0.738432 -0.303167 0)
(0.745102 -0.305598 0)
(0.752834 -0.308594 0)
(0.76025 -0.312223 0)
(0.766907 -0.316263 0)
(0.77398 -0.319736 0)
(0.781735 -0.322908 0)
(0.790361 -0.325317 0)
(0.799299 -0.328408 0)
(0.808686 -0.331233 0)
(0.818443 -0.334837 0)
(0.829036 -0.33792 0)
(0.840788 -0.34088 0)
(0.853819 -0.34237 0)
(0.671602 -0.270688 0)
(0.673595 -0.274084 0)
(0.67745 -0.277382 0)
(0.682885 -0.280055 0)
(0.689228 -0.281609 0)
(0.695757 -0.282175 0)
(0.702094 -0.28234 0)
(0.70816 -0.28311 0)
(0.714278 -0.285186 0)
(0.719983 -0.288892 0)
(0.723935 -0.293428 0)
(0.727259 -0.29776 0)
(0.731333 -0.301177 0)
(0.736489 -0.303947 0)
(0.743068 -0.306228 0)
(0.750182 -0.309299 0)
(0.757203 -0.313031 0)
(0.76434 -0.31697 0)
(0.772227 -0.32018 0)
(0.780501 -0.323354 0)
(0.789141 -0.326056 0)
(0.797711 -0.329576 0)
(0.806833 -0.33273 0)
(0.816636 -0.336464 0)
(0.827632 -0.339447 0)
(0.839937 -0.342002 0)
(0.85316 -0.343381 0)
(0.670759 -0.270368 0)
(0.671768 -0.273658 0)
(0.674227 -0.277258 0)
(0.678406 -0.280599 0)
(0.684008 -0.282966 0)
(0.690406 -0.284151 0)
(0.697229 -0.284463 0)
(0.704439 -0.284697 0)
(0.711644 -0.285919 0)
(0.717524 -0.288961 0)
(0.721565 -0.29329 0)
(0.72525 -0.297801 0)
(0.729699 -0.301451 0)
(0.734966 -0.304416 0)
(0.741041 -0.307009 0)
(0.747296 -0.310304 0)
(0.754105 -0.313792 0)
(0.761728 -0.317412 0)
(0.770289 -0.320564 0)
(0.778772 -0.324071 0)
(0.787238 -0.327249 0)
(0.795698 -0.331083 0)
(0.804966 -0.334263 0)
(0.81526 -0.337696 0)
(0.826766 -0.340131 0)
(0.839192 -0.342769 0)
(0.85226 -0.344639 0)
(0.669997 -0.270106 0)
(0.670691 -0.273216 0)
(0.672206 -0.276828 0)
(0.675169 -0.280469 0)
(0.679713 -0.283611 0)
(0.685548 -0.285589 0)
(0.692233 -0.286409 0)
(0.699763 -0.286588 0)
(0.707662 -0.287149 0)
(0.714234 -0.289512 0)
(0.718854 -0.293364 0)
(0.723193 -0.297531 0)
(0.728165 -0.301261 0)
(0.73348 -0.30458 0)
(0.738933 -0.307681 0)
(0.744613 -0.31112 0)
(0.751305 -0.314381 0)
(0.759157 -0.317785 0)
(0.767895 -0.321102 0)
(0.77634 -0.325133 0)
(0.784885 -0.328653 0)
(0.793724 -0.332503 0)
(0.803545 -0.335256 0)
(0.814263 -0.338291 0)
(0.825824 -0.34084 0)
(0.838063 -0.343959 0)
(0.851001 -0.346341 0)
(0.669107 -0.269837 0)
(0.669856 -0.272752 0)
(0.670953 -0.276167 0)
(0.673056 -0.280006 0)
(0.676519 -0.283567 0)
(0.68142 -0.286321 0)
(0.687546 -0.287965 0)
(0.694756 -0.288831 0)
(0.702677 -0.289613 0)
(0.709968 -0.291201 0)
(0.715789 -0.293792 0)
(0.720989 -0.297213 0)
(0.72651 -0.300973 0)
(0.731977 -0.304734 0)
(0.737119 -0.308129 0)
(0.742455 -0.311518 0)
(0.74889 -0.314751 0)
(0.756462 -0.318344 0)
(0.764849 -0.322057 0)
(0.773341 -0.326391 0)
(0.782401 -0.32989 0)
(0.791981 -0.33342 0)
(0.802305 -0.335838 0)
(0.81305 -0.339097 0)
(0.824435 -0.342041 0)
(0.836556 -0.345572 0)
(0.849677 -0.348174 0)
(0.667917 -0.269454 0)
(0.668943 -0.27226 0)
(0.670096 -0.275422 0)
(0.671748 -0.279131 0)
(0.674382 -0.283088 0)
(0.6782 -0.286508 0)
(0.683346 -0.289048 0)
(0.689675 -0.290738 0)
(0.696937 -0.291933 0)
(0.704573 -0.293149 0)
(0.711811 -0.294853 0)
(0.718292 -0.297436 0)
(0.724492 -0.300837 0)
(0.730383 -0.304621 0)
(0.735669 -0.308052 0)
(0.740744 -0.311523 0)
(0.746651 -0.315147 0)
(0.7535 -0.319267 0)
(0.761454 -0.323271 0)
(0.770232 -0.327558 0)
(0.780031 -0.330761 0)
(0.790236 -0.334107 0)
(0.800709 -0.336689 0)
(0.81131 -0.340365 0)
(0.822635 -0.343627 0)
(0.834971 -0.347315 0)
(0.848608 -0.349752 0)
(0.666092 -0.269057 0)
(0.667724 -0.271841 0)
(0.669107 -0.274774 0)
(0.670828 -0.278189 0)
(0.672978 -0.28226 0)
(0.675883 -0.286247 0)
(0.679796 -0.289588 0)
(0.685016 -0.292174 0)
(0.691402 -0.29406 0)
(0.698808 -0.295368 0)
(0.70681 -0.296415 0)
(0.714628 -0.298037 0)
(0.721922 -0.300783 0)
(0.728682 -0.304285 0)
(0.734372 -0.307807 0)
(0.739099 -0.311615 0)
(0.744287 -0.315814 0)
(0.750503 -0.320309 0)
(0.75827 -0.324349 0)
(0.767393 -0.3284 0)
(0.777728 -0.331404 0)
(0.788108 -0.334952 0)
(0.798498 -0.33795 0)
(0.809107 -0.341961 0)
(0.820709 -0.345267 0)
(0.833589 -0.348784 0)
(0.847716 -0.350967 0)
(0.663559 -0.269122 0)
(0.665949 -0.271564 0)
(0.667839 -0.274324 0)
(0.669754 -0.27744 0)
(0.671919 -0.281269 0)
(0.674247 -0.28568 0)
(0.677082 -0.28964 0)
(0.681072 -0.292959 0)
(0.68646 -0.295438 0)
(0.693207 -0.297144 0)
(0.701243 -0.298332 0)
(0.709947 -0.299482 0)
(0.718624 -0.301326 0)
(0.726592 -0.304199 0)
(0.73269 -0.307757 0)
(0.737107 -0.311887 0)
(0.741895 -0.31645 0)
(0.747864 -0.321101 0)
(0.755638 -0.325027 0)
(0.764929 -0.328921 0)
(0.775251 -0.332095 0)
(0.785385 -0.336109 0)
(0.795728 -0.339494 0)
(0.806681 -0.343609 0)
(0.818864 -0.346674 0)
(0.832269 -0.34997 0)
(0.84655 -0.352368 0)
(0.660273 -0.269755 0)
(0.663521 -0.271704 0)
(0.666107 -0.27412 0)
(0.668409 -0.276937 0)
(0.670723 -0.280401 0)
(0.672967 -0.284718 0)
(0.675185 -0.289247 0)
(0.678088 -0.293107 0)
(0.682444 -0.296234 0)
(0.688319 -0.298525 0)
(0.6957 -0.300023 0)
(0.704464 -0.301003 0)
(0.714162 -0.302038 0)
(0.72342 -0.304295 0)
(0.730122 -0.307977 0)
(0.73474 -0.31234 0)
(0.739664 -0.316956 0)
(0.745731 -0.321491 0)
(0.753583 -0.325347 0)
(0.762639 -0.329392 0)
(0.772383 -0.333098 0)
(0.782184 -0.337521 0)
(0.792724 -0.341039 0)
(0.804253 -0.345037 0)
(0.816981 -0.347891 0)
(0.830591 -0.351309 0)
(0.844863 -0.354185 0)
(0.656258 -0.270786 0)
(0.660351 -0.272256 0)
(0.663763 -0.27427 0)
(0.666634 -0.27674 0)
(0.669278 -0.279781 0)
(0.671707 -0.283682 0)
(0.673815 -0.28829 0)
(0.676066 -0.292702 0)
(0.679374 -0.296356 0)
(0.684245 -0.299247 0)
(0.69075 -0.301341 0)
(0.699042 -0.302752 0)
(0.708949 -0.303735 0)
(0.718922 -0.305461 0)
(0.726587 -0.308745 0)
(0.732044 -0.31289 0)
(0.737548 -0.317171 0)
(0.743979 -0.321555 0)
(0.751805 -0.325568 0)
(0.760228 -0.330048 0)
(0.769272 -0.334269 0)
(0.778929 -0.338863 0)
(0.789796 -0.34233 0)
(0.801778 -0.346265 0)
(0.814724 -0.349277 0)
(0.828357 -0.353026 0)
(0.842789 -0.356228 0)
(0.651751 -0.272097 0)
(0.656447 -0.273187 0)
(0.660697 -0.274748 0)
(0.664301 -0.276852 0)
(0.66744 -0.279496 0)
(0.67025 -0.282866 0)
(0.672673 -0.28711 0)
(0.674706 -0.291726 0)
(0.677227 -0.295918 0)
(0.681048 -0.299424 0)
(0.686566 -0.302176 0)
(0.693929 -0.304141 0)
(0.703139 -0.305489 0)
(0.713073 -0.307148 0)
(0.721843 -0.30971 0)
(0.728813 -0.313297 0)
(0.735348 -0.317261 0)
(0.742322 -0.321591 0)
(0.74999 -0.325888 0)
(0.757769 -0.330746 0)
(0.766355 -0.33525 0)
(0.775951 -0.339888 0)
(0.786989 -0.343409 0)
(0.799028 -0.347587 0)
(0.811922 -0.351008 0)
(0.825707 -0.355004 0)
(0.840697 -0.358068 0)
(0.647046 -0.27353 0)
(0.651995 -0.274419 0)
(0.656884 -0.275555 0)
(0.661296 -0.277207 0)
(0.665106 -0.279476 0)
(0.668421 -0.282378 0)
(0.671329 -0.286072 0)
(0.673723 -0.290514 0)
(0.675776 -0.29501 0)
(0.678675 -0.299036 0)
(0.683091 -0.302477 0)
(0.689351 -0.305287 0)
(0.697439 -0.307461 0)
(0.706785 -0.30948 0)
(0.71627 -0.311488 0)
(0.724895 -0.314148 0)
(0.732785 -0.317551 0)
(0.740406 -0.321737 0)
(0.748024 -0.326223 0)
(0.755464 -0.331236 0)
(0.76379 -0.33588 0)
(0.773214 -0.340697 0)
(0.784081 -0.344602 0)
(0.79587 -0.349224 0)
(0.808762 -0.352927 0)
(0.823011 -0.356891 0)
(0.838823 -0.359475 0)
(0.64237 -0.274994 0)
(0.647305 -0.27587 0)
(0.652507 -0.276756 0)
(0.657597 -0.277917 0)
(0.662181 -0.279696 0)
(0.666134 -0.282173 0)
(0.669585 -0.285345 0)
(0.672545 -0.289339 0)
(0.674865 -0.293861 0)
(0.677025 -0.298283 0)
(0.680298 -0.302348 0)
(0.685298 -0.305969 0)
(0.692105 -0.308929 0)
(0.700531 -0.311363 0)
(0.710127 -0.313248 0)
(0.719995 -0.315259 0)
(0.729388 -0.318078 0)
(0.737975 -0.322055 0)
(0.745928 -0.32654 0)
(0.753297 -0.331564 0)
(0.761376 -0.336468 0)
(0.770434 -0.341698 0)
(0.78091 -0.346113 0)
(0.792561 -0.350994 0)
(0.805716 -0.354665 0)
(0.820604 -0.358344 0)
(0.836969 -0.360696 0)
(0.637839 -0.276373 0)
(0.64259 -0.277318 0)
(0.647818 -0.278147 0)
(0.653306 -0.279001 0)
(0.658596 -0.280268 0)
(0.663297 -0.282252 0)
(0.667378 -0.284967 0)
(0.670952 -0.288438 0)
(0.673819 -0.292685 0)
(0.675893 -0.297287 0)
(0.678183 -0.301869 0)
(0.681884 -0.30617 0)
(0.687468 -0.309871 0)
(0.694902 -0.312906 0)
(0.70408 -0.3151 0)
(0.71443 -0.316903 0)
(0.725021 -0.319104 0)
(0.734844 -0.32258 0)
(0.743497 -0.326889 0)
(0.750927 -0.332018 0)
(0.758726 -0.337334 0)
(0.767463 -0.342949 0)
(0.777782 -0.347622 0)
(0.789577 -0.352486 0)
(0.803137 -0.355903 0)
(0.818362 -0.359433 0)
(0.834718 -0.36215 0)
(0.633522 -0.277598 0)
(0.638011 -0.278705 0)
(0.64309 -0.279607 0)
(0.648661 -0.28037 0)
(0.654405 -0.281265 0)
(0.65984 -0.2827 0)
(0.664651 -0.284912 0)
(0.668863 -0.287914 0)
(0.672359 -0.291734 0)
(0.674814 -0.296221 0)
(0.676625 -0.301075 0)
(0.679253 -0.305887 0)
(0.68366 -0.310147 0)
(0.690033 -0.313754 0)
(0.698403 -0.316466 0)
(0.70852 -0.318531 0)
(0.719728 -0.320452 0)
(0.730751 -0.323415 0)
(0.740281 -0.327557 0)
(0.747943 -0.332852 0)
(0.755747 -0.338407 0)
(0.764542 -0.344163 0)
(0.775061 -0.348802 0)
(0.787196 -0.353404 0)
(0.800961 -0.356705 0)
(0.815893 -0.360555 0)
(0.831834 -0.364104 0)
(0.629482 -0.278631 0)
(0.633613 -0.279958 0)
(0.638441 -0.280982 0)
(0.643875 -0.281829 0)
(0.649795 -0.282596 0)
(0.65579 -0.283591 0)
(0.66136 -0.285225 0)
(0.666246 -0.287719 0)
(0.67037 -0.291086 0)
(0.67344 -0.295234 0)
(0.675445 -0.299977 0)
(0.677371 -0.305053 0)
(0.680761 -0.30982 0)
(0.686036 -0.314 0)
(0.693396 -0.31739 0)
(0.702795 -0.320016 0)
(0.71391 -0.322067 0)
(0.725528 -0.324782 0)
(0.735832 -0.328732 0)
(0.744159 -0.334014 0)
(0.752491 -0.339509 0)
(0.761806 -0.345072 0)
(0.77288 -0.349426 0)
(0.785275 -0.353862 0)
(0.798695 -0.357571 0)
(0.812889 -0.362168 0)
(0.828352 -0.366453 0)
(0.625624 -0.279503 0)
(0.629397 -0.281085 0)
(0.633946 -0.282291 0)
(0.639134 -0.283289 0)
(0.645003 -0.284074 0)
(0.651293 -0.284829 0)
(0.657499 -0.285929 0)
(0.663093 -0.287842 0)
(0.667839 -0.290711 0)
(0.671587 -0.294419 0)
(0.67422 -0.298823 0)
(0.676137 -0.303763 0)
(0.678681 -0.308903 0)
(0.682911 -0.313627 0)
(0.689119 -0.317718 0)
(0.697494 -0.321091 0)
(0.707889 -0.323726 0)
(0.719301 -0.3267 0)
(0.730126 -0.330447 0)
(0.739579 -0.335385 0)
(0.748996 -0.340443 0)
(0.75928 -0.345577 0)
(0.771003 -0.34972 0)
(0.783192 -0.354451 0)
(0.795864 -0.358983 0)
(0.809429 -0.364186 0)
(0.824866 -0.368718 0)
(0.621847 -0.280304 0)
(0.625352 -0.282057 0)
(0.629588 -0.283445 0)
(0.63452 -0.284618 0)
(0.640218 -0.285528 0)
(0.64656 -0.286257 0)
(0.65315 -0.287027 0)
(0.659397 -0.288335 0)
(0.66481 -0.290613 0)
(0.669223 -0.293823 0)
(0.67261 -0.297755 0)
(0.675086 -0.302378 0)
(0.677355 -0.307495 0)
(0.680597 -0.312719 0)
(0.685596 -0.317507 0)
(0.69271 -0.321769 0)
(0.701935 -0.32531 0)
(0.712554 -0.328851 0)
(0.723582 -0.332461 0)
(0.734284 -0.336805 0)
(0.745195 -0.341226 0)
(0.756667 -0.34596 0)
(0.768762 -0.350236 0)
(0.780457 -0.3556 0)
(0.792592 -0.360754 0)
(0.80604 -0.366262 0)
(0.82177 -0.370671 0)
(0.618078 -0.28101 0)
(0.621454 -0.282836 0)
(0.625392 -0.28444 0)
(0.630089 -0.28578 0)
(0.635549 -0.286871 0)
(0.641753 -0.287698 0)
(0.64846 -0.288375 0)
(0.655177 -0.289225 0)
(0.661289 -0.290837 0)
(0.666397 -0.293477 0)
(0.670506 -0.296921 0)
(0.673738 -0.301062 0)
(0.676388 -0.305957 0)
(0.678997 -0.311404 0)
(0.682795 -0.316857 0)
(0.688449 -0.322026 0)
(0.696275 -0.32658 0)
(0.705873 -0.33078 0)
(0.716782 -0.334393 0)
(0.728464 -0.3382 0)
(0.740824 -0.342031 0)
(0.753336 -0.346601 0)
(0.765596 -0.351301 0)
(0.777117 -0.357139 0)
(0.789308 -0.362506 0)
(0.80301 -0.367989 0)
(0.819125 -0.372214 0)
(0.614362 -0.28164 0)
(0.61766 -0.283454 0)
(0.621339 -0.285225 0)
(0.625823 -0.286724 0)
(0.631024 -0.288037 0)
(0.636988 -0.289063 0)
(0.643606 -0.289828 0)
(0.650553 -0.290476 0)
(0.657259 -0.291477 0)
(0.663114 -0.293437 0)
(0.667938 -0.296366 0)
(0.6719 -0.300029 0)
(0.675166 -0.304512 0)
(0.677826 -0.309917 0)
(0.680628 -0.31593 0)
(0.684812 -0.321877 0)
(0.69118 -0.327329 0)
(0.699714 -0.332171 0)
(0.710226 -0.335986 0)
(0.722339 -0.33957 0)
(0.735582 -0.343133 0)
(0.748775 -0.34779 0)
(0.761413 -0.352759 0)
(0.773454 -0.358634 0)
(0.78619 -0.363854 0)
(0.800313 -0.369253 0)
(0.816602 -0.373699 0)
(0.610758 -0.282153 0)
(0.613941 -0.283962 0)
(0.617441 -0.285847 0)
(0.621708 -0.287494 0)
(0.626644 -0.289021 0)
(0.632319 -0.290288 0)
(0.638712 -0.291236 0)
(0.645667 -0.291902 0)
(0.652759 -0.292522 0)
(0.659329 -0.293782 0)
(0.664908 -0.296098 0)
(0.669567 -0.299327 0)
(0.67345 -0.303383 0)
(0.676519 -0.308496 0)
(0.678947 -0.314695 0)
(0.681955 -0.321283 0)
(0.686925 -0.32743 0)
(0.694329 -0.33288 0)
(0.704157 -0.337142 0)
(0.716041 -0.340938 0)
(0.729384 -0.344641 0)
(0.742992 -0.349384 0)
(0.756434 -0.354217 0)
(0.769491 -0.359807 0)
(0.783004 -0.36489 0)
(0.79747 -0.370469 0)
(0.813741 -0.375481 0)
(0.607287 -0.282469 0)
(0.610302 -0.284342 0)
(0.61368 -0.286313 0)
(0.617718 -0.288097 0)
(0.622384 -0.289802 0)
(0.627748 -0.291328 0)
(0.63385 -0.292536 0)
(0.640657 -0.293369 0)
(0.647914 -0.293882 0)
(0.655045 -0.29456 0)
(0.661388 -0.296179 0)
(0.666734 -0.298904 0)
(0.671208 -0.302586 0)
(0.674796 -0.307299 0)
(0.677529 -0.313264 0)
(0.679864 -0.320125 0)
(0.683672 -0.326842 0)
(0.689811 -0.332921 0)
(0.698625 -0.337904 0)
(0.709727 -0.342291 0)
(0.722611 -0.346362 0)
(0.736455 -0.351077 0)
(0.750804 -0.355568 0)
(0.764923 -0.360915 0)
(0.779142 -0.366096 0)
(0.793936 -0.372012 0)
(0.810369 -0.377407 0)
(0.603897 -0.282742 0)
(0.606763 -0.284674 0)
(0.610028 -0.286653 0)
(0.613835 -0.288568 0)
(0.618222 -0.290444 0)
(0.623259 -0.292205 0)
(0.629041 -0.293693 0)
(0.635611 -0.294755 0)
(0.642855 -0.295351 0)
(0.650336 -0.29571 0)
(0.657361 -0.296638 0)
(0.663405 -0.298781 0)
(0.668456 -0.302052 0)
(0.672604 -0.306352 0)
(0.675934 -0.311865 0)
(0.678467 -0.318519 0)
(0.681338 -0.325669 0)
(0.686171 -0.332399 0)
(0.693636 -0.338269 0)
(0.703639 -0.343421 0)
(0.715807 -0.347925 0)
(0.729588 -0.352668 0)
(0.744443 -0.357039 0)
(0.759238 -0.362431 0)
(0.774079 -0.36782 0)
(0.789578 -0.373884 0)
(0.80679 -0.379222 0)
(0.600511 -0.282795 0)
(0.603295 -0.284857 0)
(0.606437 -0.286876 0)
(0.610008 -0.288899 0)
(0.6141 -0.290934 0)
(0.61882 -0.292912 0)
(0.624293 -0.294672 0)
(0.630603 -0.296004 0)
(0.637713 -0.296782 0)
(0.645333 -0.297086 0)
(0.652852 -0.297486 0)
(0.659587 -0.298966 0)
(0.665247 -0.301753 0)
(0.669986 -0.305624 0)
(0.674006 -0.31059 0)
(0.677179 -0.316828 0)
(0.679826 -0.323998 0)
(0.683379 -0.331389 0)
(0.689334 -0.338141 0)
(0.698066 -0.34411 0)
(0.709354 -0.349172 0)
(0.722612 -0.354236 0)
(0.73726 -0.358922 0)
(0.752275 -0.364558 0)
(0.76787 -0.370007 0)
(0.784602 -0.375863 0)
(0.803174 -0.380678 0)
(0.597073 -0.282842 0)
(0.599823 -0.284928 0)
(0.602834 -0.287001 0)
(0.606171 -0.289129 0)
(0.609988 -0.291313 0)
(0.614429 -0.293479 0)
(0.619628 -0.295464 0)
(0.625676 -0.297057 0)
(0.632572 -0.298073 0)
(0.640145 -0.298507 0)
(0.647936 -0.298659 0)
(0.655277 -0.299492 0)
(0.661618 -0.301689 0)
(0.666991 -0.305093 0)
(0.671675 -0.309546 0)
(0.675594 -0.315222 0)
(0.678648 -0.322183 0)
(0.681375 -0.329903 0)
(0.685909 -0.337411 0)
(0.693188 -0.344237 0)
(0.703336 -0.350112 0)
(0.715604 -0.355855 0)
(0.729498 -0.36115 0)
(0.744512 -0.367019 0)
(0.760992 -0.372297 0)
(0.77927 -0.377622 0)
(0.799394 -0.381823 0)
(0.593484 -0.28272 0)
(0.596245 -0.284843 0)
(0.599136 -0.286992 0)
(0.602282 -0.289216 0)
(0.605877 -0.29152 0)
(0.61009 -0.293838 0)
(0.61505 -0.29602 0)
(0.620835 -0.297873 0)
(0.627465 -0.299179 0)
(0.634855 -0.299857 0)
(0.642716 -0.300014 0)
(0.650502 -0.300352 0)
(0.657556 -0.301866 0)
(0.663628 -0.304735 0)
(0.668963 -0.308725 0)
(0.673569 -0.313876 0)
(0.677315 -0.320403 0)
(0.680093 -0.328098 0)
(0.683394 -0.336171 0)
(0.689051 -0.343899 0)
(0.697725 -0.350836 0)
(0.708761 -0.357408 0)
(0.721775 -0.363278 0)
(0.736706 -0.369228 0)
(0.753996 -0.374164 0)
(0.773638 -0.378978 0)
(0.794842 -0.383061 0)
(0.58963 -0.282801 0)
(0.592464 -0.284818 0)
(0.595297 -0.286956 0)
(0.598337 -0.289209 0)
(0.601783 -0.291585 0)
(0.605808 -0.294023 0)
(0.61054 -0.296384 0)
(0.616053 -0.298481 0)
(0.622384 -0.300096 0)
(0.629511 -0.301079 0)
(0.637297 -0.30142 0)
(0.645348 -0.301518 0)
(0.653039 -0.302377 0)
(0.659851 -0.304636 0)
(0.665837 -0.308156 0)
(0.671095 -0.312857 0)
(0.675535 -0.31884 0)
(0.678837 -0.326262 0)
(0.681544 -0.334736 0)
(0.685624 -0.343324 0)
(0.69263 -0.351304 0)
(0.702454 -0.358595 0)
(0.714728 -0.364825 0)
(0.729518 -0.370731 0)
(0.747263 -0.375459 0)
(0.767496 -0.38026 0)
(0.78892 -0.384934 0)
(0.585349 -0.282693 0)
(0.588387 -0.284591 0)
(0.591289 -0.286699 0)
(0.594318 -0.288966 0)
(0.597673 -0.291401 0)
(0.601531 -0.293957 0)
(0.606035 -0.296502 0)
(0.611274 -0.298855 0)
(0.6173 -0.300794 0)
(0.624135 -0.302121 0)
(0.631743 -0.302735 0)
(0.63989 -0.302824 0)
(0.648057 -0.30318 0)
(0.655596 -0.304789 0)
(0.662259 -0.307803 0)
(0.668163 -0.31208 0)
(0.673273 -0.317615 0)
(0.677226 -0.324614 0)
(0.680008 -0.333146 0)
(0.682937 -0.342492 0)
(0.688399 -0.351331 0)
(0.697067 -0.359205 0)
(0.708735 -0.365648 0)
(0.723209 -0.371601 0)
(0.74072 -0.376576 0)
(0.760448 -0.382045 0)
(0.78136 -0.387603 0)
(0.580616 -0.283088 0)
(0.583972 -0.284622 0)
(0.587062 -0.286524 0)
(0.590161 -0.288698 0)
(0.593473 -0.291131 0)
(0.597194 -0.293774 0)
(0.601488 -0.296486 0)
(0.606462 -0.299074 0)
(0.612188 -0.30131 0)
(0.618725 -0.302982 0)
(0.626101 -0.303925 0)
(0.634212 -0.30419 0)
(0.642678 -0.304298 0)
(0.650847 -0.305302 0)
(0.6582 -0.307764 0)
(0.664734 -0.311598 0)
(0.670471 -0.316742 0)
(0.67508 -0.323305 0)
(0.678363 -0.331577 0)
(0.680899 -0.341151 0)
(0.685271 -0.35067 0)
(0.692793 -0.359119 0)
(0.703747 -0.36598 0)
(0.717529 -0.372335 0)
(0.734014 -0.378067 0)
(0.752497 -0.384504 0)
(0.772824 -0.39064 0)
(0.575305 -0.283138 0)
(0.579131 -0.284349 0)
(0.582537 -0.286079 0)
(0.585778 -0.288192 0)
(0.5891 -0.290642 0)
(0.59273 -0.293363 0)
(0.596846 -0.296219 0)
(0.601569 -0.299025 0)
(0.607005 -0.301568 0)
(0.613248 -0.303609 0)
(0.620369 -0.304916 0)
(0.628345 -0.305445 0)
(0.636938 -0.305499 0)
(0.645586 -0.306014 0)
(0.653621 -0.307889 0)
(0.660795 -0.311281 0)
(0.667122 -0.31607 0)
(0.672365 -0.322279 0)
(0.676428 -0.330129 0)
(0.679383 -0.339497 0)
(0.683107 -0.349367 0)
(0.689551 -0.358479 0)
(0.699418 -0.3662 0)
(0.712071 -0.373356 0)
(0.727128 -0.379999 0)
(0.744356 -0.387117 0)
(0.76425 -0.393487 0)
(0.569546 -0.283995 0)
(0.573831 -0.28464 0)
(0.577609 -0.285968 0)
(0.581063 -0.287842 0)
(0.584477 -0.290164 0)
(0.588098 -0.292867 0)
(0.592085 -0.295832 0)
(0.596576 -0.298866 0)
(0.601732 -0.3017 0)
(0.607694 -0.304079 0)
(0.614563 -0.30575 0)
(0.622363 -0.30661 0)
(0.63096 -0.306816 0)
(0.639913 -0.307073 0)
(0.648538 -0.308397 0)
(0.656343 -0.311293 0)
(0.663241 -0.315684 0)
(0.66913 -0.321498 0)
(0.674066 -0.328797 0)
(0.678038 -0.337785 0)
(0.681765 -0.347738 0)
(0.687062 -0.357563 0)
(0.695468 -0.36647 0)
(0.706765 -0.374662 0)
(0.720536 -0.382061 0)
(0.73678 -0.389467 0)
(0.75626 -0.395824 0)
(0.563184 -0.284185 0)
(0.567949 -0.284467 0)
(0.57219 -0.285504 0)
(0.575971 -0.287224 0)
(0.579568 -0.289492 0)
(0.583242 -0.292201 0)
(0.587141 -0.295242 0)
(0.591427 -0.298437 0)
(0.59633 -0.301538 0)
(0.602044 -0.304248 0)
(0.608686 -0.306267 0)
(0.616282 -0.307462 0)
(0.624767 -0.307901 0)
(0.633834 -0.308086 0)
(0.642906 -0.308974 0)
(0.651338 -0.311388 0)
(0.658858 -0.315399 0)
(0.665464 -0.320862 0)
(0.671265 -0.327681 0)
(0.676263 -0.336042 0)
(0.680568 -0.345965 0)
(0.685059 -0.356545 0)
(0.69194 -0.366647 0)
(0.701904 -0.37588 0)
(0.714678 -0.383881 0)
(0.730143 -0.391415 0)
(0.749048 -0.397764 0)
(0.556434 -0.285389 0)
(0.561527 -0.285225 0)
(0.566186 -0.285725 0)
(0.570377 -0.28695 0)
(0.574285 -0.288844 0)
(0.5781 -0.291386 0)
(0.581964 -0.294485 0)
(0.586084 -0.297924 0)
(0.590787 -0.30133 0)
(0.596308 -0.304362 0)
(0.602757 -0.306725 0)
(0.610152 -0.308266 0)
(0.61846 -0.309025 0)
(0.627505 -0.30935 0)
(0.636845 -0.309993 0)
(0.645825 -0.3119 0)
(0.653998 -0.315401 0)
(0.66137 -0.320379 0)
(0.66806 -0.326751 0)
(0.673972 -0.334628 0)
(0.679071 -0.344306 0)
(0.68332 -0.355366 0)
(0.689027 -0.366454 0)
(0.697783 -0.376628 0)
(0.709743 -0.38524 0)
(0.724495 -0.393076 0)
(0.742556 -0.399659 0)
(0.548974 -0.285345 0)
(0.554348 -0.285011 0)
(0.559452 -0.285262 0)
(0.564141 -0.286312 0)
(0.568437 -0.288134 0)
(0.572458 -0.29062 0)
(0.576374 -0.293657 0)
(0.580439 -0.29709 0)
(0.585016 -0.300645 0)
(0.590391 -0.303912 0)
(0.596667 -0.306554 0)
(0.603851 -0.308414 0)
(0.611926 -0.309534 0)
(0.620826 -0.310175 0)
(0.630271 -0.310855 0)
(0.639717 -0.312448 0)
(0.648591 -0.315545 0)
(0.656748 -0.320153 0)
(0.664303 -0.326151 0)
(0.671091 -0.333682 0)
(0.676968 -0.343015 0)
(0.681646 -0.35412 0)
(0.686758 -0.365874 0)
(0.694511 -0.376887 0)
(0.70567 -0.386218 0)
(0.719676 -0.394551 0)
(0.736729 -0.401598 0)
(0.540666 -0.286316 0)
(0.546194 -0.285817 0)
(0.551654 -0.285627 0)
(0.556855 -0.28598 0)
(0.561706 -0.287131 0)
(0.566158 -0.289262 0)
(0.570224 -0.29237 0)
(0.574284 -0.296085 0)
(0.578805 -0.299967 0)
(0.584098 -0.303621 0)
(0.590264 -0.306662 0)
(0.597292 -0.308888 0)
(0.605158 -0.31035 0)
(0.613872 -0.311243 0)
(0.623314 -0.312016 0)
(0.633106 -0.313384 0)
(0.642635 -0.316027 0)
(0.651545 -0.320198 0)
(0.659881 -0.325826 0)
(0.667534 -0.333038 0)
(0.674273 -0.34209 0)
(0.679742 -0.353118 0)
(0.684963 -0.365299 0)
(0.692085 -0.377045 0)
(0.702461 -0.387129 0)
(0.715672 -0.395918 0)
(0.731684 -0.403384 0)
(0.531238 -0.285179 0)
(0.53678 -0.28473 0)
(0.542491 -0.284546 0)
(0.548118 -0.285028 0)
(0.553444 -0.286328 0)
(0.558333 -0.288423 0)
(0.562859 -0.291114 0)
(0.567294 -0.294405 0)
(0.571995 -0.298169 0)
(0.577298 -0.301932 0)
(0.583383 -0.305232 0)
(0.590237 -0.307885 0)
(0.597876 -0.309907 0)
(0.606388 -0.311541 0)
(0.615768 -0.312887 0)
(0.625817 -0.314347 0)
(0.635986 -0.316738 0)
(0.645697 -0.320636 0)
(0.654825 -0.326067 0)
(0.663351 -0.333072 0)
(0.671029 -0.341833 0)
(0.67749 -0.352669 0)
(0.683374 -0.365161 0)
(0.69022 -0.377506 0)
(0.699932 -0.388081 0)
(0.712517 -0.397142 0)
(0.727603 -0.404771 0)
(0.52065 -0.284488 0)
(0.526003 -0.28417 0)
(0.531773 -0.283874 0)
(0.537731 -0.28383 0)
(0.543589 -0.284457 0)
(0.549053 -0.286164 0)
(0.55403 -0.289034 0)
(0.558775 -0.292803 0)
(0.563701 -0.297016 0)
(0.569116 -0.301225 0)
(0.575223 -0.304969 0)
(0.582071 -0.307956 0)
(0.589679 -0.310293 0)
(0.598148 -0.311945 0)
(0.607577 -0.31329 0)
(0.617873 -0.314967 0)
(0.628615 -0.317354 0)
(0.639153 -0.32106 0)
(0.649159 -0.326339 0)
(0.658611 -0.333252 0)
(0.667362 -0.341987 0)
(0.675005 -0.35286 0)
(0.68194 -0.3656 0)
(0.689249 -0.378559 0)
(0.698754 -0.389573 0)
(0.710495 -0.398474 0)
(0.724338 -0.405626 0)
(0.509921 -0.282009 0)
(0.514785 -0.28182 0)
(0.520245 -0.281706 0)
(0.52612 -0.28199 0)
(0.532162 -0.282808 0)
(0.538101 -0.284287 0)
(0.543757 -0.286628 0)
(0.549175 -0.289854 0)
(0.554529 -0.293832 0)
(0.560124 -0.298053 0)
(0.566196 -0.302039 0)
(0.572912 -0.305558 0)
(0.580413 -0.308585 0)
(0.588823 -0.311388 0)
(0.598338 -0.313913 0)
(0.608943 -0.316053 0)
(0.620303 -0.318468 0)
(0.631795 -0.322029 0)
(0.642906 -0.32725 0)
(0.653457 -0.33429 0)
(0.663456 -0.343135 0)
(0.672574 -0.353961 0)
(0.6808 -0.366504 0)
(0.688679 -0.379497 0)
(0.697716 -0.390752 0)
(0.708607 -0.399331 0)
(0.721338 -0.406028 0)
(0.503939 -0.28026 0)
(0.508818 -0.280173 0)
(0.51437 -0.280221 0)
(0.520362 -0.280738 0)
(0.526511 -0.282058 0)
(0.532584 -0.284389 0)
(0.538468 -0.287741 0)
(0.544204 -0.291865 0)
(0.549947 -0.296386 0)
(0.556065 -0.300683 0)
(0.562825 -0.304414 0)
(0.570356 -0.307655 0)
(0.578842 -0.310424 0)
(0.588405 -0.313014 0)
(0.599127 -0.315766 0)
(0.610913 -0.318878 0)
(0.623297 -0.322865 0)
(0.635632 -0.32831 0)
(0.6474 -0.335558 0)
(0.658604 -0.344541 0)
(0.669208 -0.355255 0)
(0.67904 -0.367519 0)
(0.688076 -0.380303 0)
(0.696921 -0.391681 0)
(0.706893 -0.400328 0)
(0.718542 -0.406701 0)
(0.504211 -0.278378 0)
(0.509704 -0.278967 0)
(0.51573 -0.280114 0)
(0.522051 -0.282072 0)
(0.528399 -0.285035 0)
(0.534539 -0.288998 0)
(0.540543 -0.293492 0)
(0.546747 -0.297949 0)
(0.553499 -0.301968 0)
(0.56098 -0.305541 0)
(0.569314 -0.309001 0)
(0.578726 -0.312455 0)
(0.589384 -0.315941 0)
(0.601301 -0.319651 0)
(0.614213 -0.32399 0)
(0.627528 -0.329495 0)
(0.640487 -0.336698 0)
(0.65289 -0.345675 0)
(0.664989 -0.356283 0)
(0.676627 -0.368347 0)
(0.687176 -0.381218 0)
(0.69634 -0.392795 0)
(0.705567 -0.401533 0)
(0.716126 -0.40766 0)
(0.501556 -0.278943 0)
(0.507055 -0.280085 0)
(0.513159 -0.281999 0)
(0.519575 -0.284883 0)
(0.525957 -0.28875 0)
(0.532197 -0.293275 0)
(0.538561 -0.297853 0)
(0.545382 -0.302035 0)
(0.552851 -0.305778 0)
(0.561113 -0.309271 0)
(0.570326 -0.312826 0)
(0.580685 -0.316684 0)
(0.592376 -0.320955 0)
(0.605371 -0.325881 0)
(0.619276 -0.331857 0)
(0.633375 -0.339224 0)
(0.647116 -0.348202 0)
(0.660627 -0.358603 0)
(0.673689 -0.370219 0)
(0.6855 -0.382304 0)
(0.695292 -0.393413 0)
(0.704302 -0.402347 0)
(0.714374 -0.408857 0)
(0.507462 -0.281714 0)
(0.513711 -0.284498 0)
(0.520205 -0.288244 0)
(0.526717 -0.292644 0)
(0.533287 -0.297166 0)
(0.540135 -0.301391 0)
(0.54746 -0.305287 0)
(0.555443 -0.309089 0)
(0.564288 -0.313029 0)
(0.574202 -0.317268 0)
(0.585415 -0.321942 0)
(0.598073 -0.327348 0)
(0.612068 -0.333987 0)
(0.627053 -0.342214 0)
(0.642488 -0.351879 0)
(0.657789 -0.362495 0)
(0.672147 -0.37362 0)
(0.684637 -0.384596 0)
(0.694277 -0.394466 0)
(0.702851 -0.402531 0)
(0.712523 -0.409048 0)
(0.510407 -0.288513 0)
(0.516922 -0.292234 0)
(0.523658 -0.296437 0)
(0.53046 -0.300728 0)
(0.537373 -0.304825 0)
(0.544646 -0.308762 0)
(0.552509 -0.312762 0)
(0.561125 -0.317021 0)
(0.570669 -0.321663 0)
(0.581388 -0.326784 0)
(0.593539 -0.332608 0)
(0.607197 -0.339497 0)
(0.622159 -0.347648 0)
(0.638032 -0.356788 0)
(0.653859 -0.36672 0)
(0.668809 -0.37704 0)
(0.682331 -0.387012 0)
(0.692771 -0.395763 0)
(0.701557 -0.402836 0)
(0.710856 -0.408954 0)
(0.524338 -0.29848 0)
(0.531022 -0.30235 0)
(0.537868 -0.30621 0)
(0.545141 -0.310155 0)
(0.553072 -0.314351 0)
(0.561816 -0.318963 0)
(0.571501 -0.324111 0)
(0.582314 -0.329888 0)
(0.594515 -0.336394 0)
(0.608242 -0.343773 0)
(0.623284 -0.352168 0)
(0.639138 -0.361148 0)
(0.655001 -0.370141 0)
(0.669766 -0.37887 0)
(0.682818 -0.387166 0)
(0.693434 -0.394977 0)
(0.702029 -0.401543 0)
(0.711073 -0.407044 0)
(1.07382 -0.0322637 0)
(0.964822 -0.138974 0)
(0.886652 -0.242592 0)
(0.836385 -0.28168 0)
(0.832617 -0.284767 0)
(0.8371 -0.282818 0)
(0.84169 -0.285132 0)
(0.843964 -0.286076 0)
(0.846848 -0.286787 0)
(0.850808 -0.285647 0)
(0.856076 -0.28379 0)
(0.860765 -0.282975 0)
(0.864623 -0.28326 0)
(0.868619 -0.28375 0)
(0.873569 -0.284102 0)
)
;

boundaryField
{
    inlet
    {
        type            uniformFixedValue;
        uniformValue    table
        
2
(
(0 (1.1 0 0))
(8 (3 0 0))
)
;
        value           nonuniform 0();
    }
    outlet
    {
        type            inletOutlet;
        inletValue      nonuniform 0();
        value           nonuniform 0();
    }
    triangle
    {
        type            slip;
    }
    top
    {
        type            symmetryPlane;
    }
    bottom
    {
        type            symmetryPlane;
    }
    defaultFaces
    {
        type            empty;
    }
    procBoundary12to4
    {
        type            processor;
        value           nonuniform List<vector> 
28
(
(1.1 8.27564e-14 0)
(1.1 1.19806e-13 0)
(1.1 1.7154e-13 0)
(1.1 2.47361e-13 0)
(1.1 3.54585e-13 0)
(1.1 4.9285e-13 0)
(1.1 6.91856e-13 0)
(1.1 1.1655e-12 0)
(1.1 6.74286e-13 0)
(1.1 -2.69469e-08 0)
(1.09999 -2.53921e-05 0)
(1.09866 -0.00215471 0)
(1.09912 -0.00124595 0)
(1.08234 -0.0213847 0)
(1.00885 -0.106436 0)
(0.914964 -0.20356 0)
(0.840679 -0.261239 0)
(0.84034 -0.273833 0)
(0.843687 -0.284527 0)
(0.844102 -0.286658 0)
(0.846219 -0.286295 0)
(0.849584 -0.285275 0)
(0.854585 -0.28483 0)
(0.860117 -0.284557 0)
(0.865201 -0.285028 0)
(0.869401 -0.285495 0)
(0.873918 -0.28538 0)
(1.09866 -0.00215471 0)
)
;
    }
    procBoundary12to5
    {
        type            processor;
        value           nonuniform List<vector> 
21
(
(0.87835 -0.283031 0)
(0.87742 -0.282092 0)
(0.876887 -0.282168 0)
(0.877068 -0.282489 0)
(0.877526 -0.282956 0)
(0.878219 -0.283285 0)
(0.87892 -0.283579 0)
(0.879082 -0.28371 0)
(0.878699 -0.28337 0)
(0.878376 -0.282776 0)
(0.878427 -0.282364 0)
(0.878732 -0.282673 0)
(0.879368 -0.283532 0)
(0.880041 -0.284379 0)
(0.880443 -0.28494 0)
(0.880499 -0.285135 0)
(0.88046 -0.285155 0)
(0.880473 -0.285268 0)
(0.880624 -0.285528 0)
(0.880905 -0.285909 0)
(0.879485 -0.283892 0)
)
;
    }
    procBoundary12to11
    {
        type            processor;
        value           nonuniform List<vector> 
114
(
(1.1 7.24794e-14 0)
(1.1 5.85632e-14 0)
(1.1 -7.11021e-12 0)
(1.1 -5.54627e-10 0)
(1.1 -8.1372e-09 0)
(1.1 -3.93692e-08 0)
(1.1 -1.0275e-07 0)
(1.1 -2.03812e-07 0)
(1.1 -3.66503e-07 0)
(1.1 -6.32511e-07 0)
(1.1 -9.55367e-07 0)
(1.1 -1.24186e-06 0)
(1.1 -1.71074e-06 0)
(1.09999 -2.61823e-05 0)
(1.09858 -0.00219176 0)
(1.07164 -0.0342022 0)
(0.957783 -0.134353 0)
(0.835309 -0.217477 0)
(0.792693 -0.248246 0)
(0.782753 -0.257833 0)
(0.783847 -0.261167 0)
(0.784822 -0.26275 0)
(0.782971 -0.264082 0)
(0.780844 -0.261777 0)
(0.776498 -0.260113 0)
(0.773542 -0.260178 0)
(0.771784 -0.261684 0)
(0.769809 -0.262306 0)
(0.768309 -0.262474 0)
(0.766561 -0.262127 0)
(0.76459 -0.26216 0)
(0.762713 -0.262459 0)
(0.761116 -0.262403 0)
(0.760058 -0.261998 0)
(0.758108 -0.262326 0)
(0.755529 -0.263032 0)
(0.753572 -0.263531 0)
(0.752218 -0.263241 0)
(0.751205 -0.262902 0)
(0.749523 -0.262922 0)
(0.747318 -0.263442 0)
(0.744789 -0.264012 0)
(0.742753 -0.264164 0)
(0.741199 -0.263698 0)
(0.739959 -0.26318 0)
(0.738493 -0.262964 0)
(0.736506 -0.263182 0)
(0.734195 -0.263758 0)
(0.732098 -0.264295 0)
(0.730521 -0.264189 0)
(0.729327 -0.263751 0)
(0.728325 -0.263341 0)
(0.727095 -0.263247 0)
(0.725705 -0.263297 0)
(0.724459 -0.263248 0)
(0.723475 -0.262994 0)
(0.722692 -0.262627 0)
(0.721803 -0.262406 0)
(0.720498 -0.262349 0)
(0.718675 -0.262483 0)
(0.716319 -0.262726 0)
(0.713744 -0.263053 0)
(0.711411 -0.263411 0)
(0.70969 -0.263697 0)
(0.708649 -0.263488 0)
(0.708237 -0.262628 0)
(0.707376 -0.261833 0)
(0.706192 -0.260683 0)
(0.704121 -0.260545 0)
(0.701144 -0.261247 0)
(0.696817 -0.263483 0)
(0.691241 -0.266091 0)
(0.685304 -0.268157 0)
(0.679903 -0.269063 0)
(0.675714 -0.269043 0)
(0.673077 -0.268521 0)
(0.671758 -0.267958 0)
(0.671164 -0.267663 0)
(0.670558 -0.267589 0)
(0.669668 -0.267501 0)
(0.66838 -0.267189 0)
(0.666396 -0.266659 0)
(0.663737 -0.266606 0)
(0.660386 -0.267286 0)
(0.656339 -0.268404 0)
(0.651815 -0.269794 0)
(0.647094 -0.271248 0)
(0.642443 -0.272697 0)
(0.63798 -0.274002 0)
(0.633795 -0.275146 0)
(0.629785 -0.276126 0)
(0.625889 -0.277054 0)
(0.622118 -0.277876 0)
(0.618467 -0.278638 0)
(0.614904 -0.279317 0)
(0.611451 -0.279852 0)
(0.608158 -0.280144 0)
(0.604937 -0.280326 0)
(0.601658 -0.280419 0)
(0.598217 -0.280435 0)
(0.594606 -0.280621 0)
(0.590717 -0.28065 0)
(0.586524 -0.281062 0)
(0.581828 -0.281263 0)
(0.576689 -0.282179 0)
(0.570911 -0.282645 0)
(0.564792 -0.283997 0)
(0.558098 -0.284476 0)
(0.551155 -0.28584 0)
(0.543588 -0.285908 0)
(0.5353 -0.286741 0)
(0.526052 -0.28557 0)
(0.515839 -0.284609 0)
(0.505698 -0.282062 0)
)
;
    }
    procBoundary12to13
    {
        type            processor;
        value           nonuniform List<vector> 
100
(
(0.88121 -0.286243 0)
(0.881467 -0.286423 0)
(0.881729 -0.286345 0)
(0.88193 -0.286389 0)
(0.882166 -0.286537 0)
(0.882427 -0.286802 0)
(0.882681 -0.287194 0)
(0.882876 -0.287785 0)
(0.88297 -0.288507 0)
(0.883064 -0.289237 0)
(0.883075 -0.289867 0)
(0.883112 -0.290489 0)
(0.88314 -0.291091 0)
(0.883263 -0.29172 0)
(0.883344 -0.292215 0)
(0.883518 -0.292792 0)
(0.883601 -0.293488 0)
(0.883684 -0.294418 0)
(0.883638 -0.295281 0)
(0.883664 -0.296059 0)
(0.883638 -0.296723 0)
(0.88373 -0.297506 0)
(0.883557 -0.298405 0)
(0.883651 -0.299418 0)
(0.883737 -0.300248 0)
(0.88384 -0.300982 0)
(0.883816 -0.301755 0)
(0.88363 -0.302688 0)
(0.883369 -0.303893 0)
(0.883077 -0.305131 0)
(0.882819 -0.306217 0)
(0.882632 -0.307235 0)
(0.882304 -0.308258 0)
(0.881867 -0.309448 0)
(0.881361 -0.310742 0)
(0.881068 -0.311981 0)
(0.880914 -0.313104 0)
(0.880694 -0.314224 0)
(0.880348 -0.315503 0)
(0.879781 -0.317072 0)
(0.879108 -0.318785 0)
(0.878853 -0.320097 0)
(0.878875 -0.321128 0)
(0.878966 -0.322003 0)
(0.878672 -0.323252 0)
(0.877976 -0.324854 0)
(0.876965 -0.326938 0)
(0.876035 -0.328975 0)
(0.87552 -0.330543 0)
(0.875247 -0.331645 0)
(0.874918 -0.332663 0)
(0.874103 -0.334093 0)
(0.872871 -0.335994 0)
(0.871378 -0.338282 0)
(0.870066 -0.340408 0)
(0.869112 -0.342244 0)
(0.868433 -0.343581 0)
(0.867562 -0.344952 0)
(0.866419 -0.346765 0)
(0.865221 -0.34882 0)
(0.864302 -0.350672 0)
(0.863737 -0.351979 0)
(0.863037 -0.353355 0)
(0.861832 -0.355205 0)
(0.860265 -0.357535 0)
(0.858753 -0.359687 0)
(0.857562 -0.361127 0)
(0.856426 -0.362305 0)
(0.854773 -0.363733 0)
(0.852337 -0.365661 0)
(0.849269 -0.36812 0)
(0.846013 -0.370838 0)
(0.843061 -0.373172 0)
(0.840587 -0.374901 0)
(0.838175 -0.376447 0)
(0.835459 -0.378354 0)
(0.832386 -0.380762 0)
(0.829245 -0.383096 0)
(0.826474 -0.384807 0)
(0.823933 -0.385767 0)
(0.820945 -0.386691 0)
(0.816723 -0.38834 0)
(0.810869 -0.391152 0)
(0.803594 -0.394525 0)
(0.795616 -0.397673 0)
(0.787527 -0.400149 0)
(0.77965 -0.402152 0)
(0.772003 -0.404133 0)
(0.764578 -0.406346 0)
(0.757545 -0.408666 0)
(0.751197 -0.410725 0)
(0.74571 -0.412104 0)
(0.740918 -0.412665 0)
(0.736364 -0.413024 0)
(0.732125 -0.413279 0)
(0.728589 -0.413721 0)
(0.726011 -0.414943 0)
(0.72392 -0.415529 0)
(0.721676 -0.415304 0)
(0.721742 -0.41271 0)
)
;
    }
    procBoundary12to20
    {
        type            processor;
        value           nonuniform List<vector> 
15
(
(0.499803 -0.280308 0)
(0.499803 -0.280308 0)
(0.495439 -0.278096 0)
(0.499431 -0.27814 0)
(0.499431 -0.27814 0)
(0.496835 -0.278317 0)
(0.496835 -0.278317 0)
(0.496966 -0.278715 0)
(0.501804 -0.279852 0)
(0.501804 -0.279852 0)
(0.504407 -0.285523 0)
(0.504407 -0.285523 0)
(0.511169 -0.290998 0)
(0.517668 -0.294637 0)
(0.517668 -0.294637 0)
)
;
    }
}


// ************************************************************************* //
