/*--------------------------------*- C++ -*----------------------------------*\
  =========                 |
  \\      /  F ield         | OpenFOAM: The Open Source CFD Toolbox
   \\    /   O peration     | Website:  https://openfoam.org
    \\  /    A nd           | Version:  7
     \\/     M anipulation  |
\*---------------------------------------------------------------------------*/
FoamFile
{
    version     2.0;
    format      ascii;
    class       volVectorField;
    location    "0.2";
    object      U;
}
// * * * * * * * * * * * * * * * * * * * * * * * * * * * * * * * * * * * * * //

dimensions      [0 1 -1 0 0 0 0];

internalField   nonuniform List<vector> 
3225
(
(1.1 5.61977e-16 0)
(1.1 6.01765e-16 0)
(1.1 6.36156e-16 0)
(1.1 9.23826e-16 0)
(1.1 8.4523e-16 0)
(1.1 7.98279e-16 0)
(1.1 9.04901e-16 0)
(1.1 2.73151e-16 0)
(1.1 4.13416e-16 0)
(1.1 2.69256e-16 0)
(1.1 3.3496e-16 0)
(1.1 6.06117e-17 0)
(1.1 -9.15753e-17 0)
(1.1 1.16886e-16 0)
(1.1 1.66477e-16 0)
(1.1 -2.88429e-16 0)
(1.1 -3.57969e-16 0)
(1.1 -3.42117e-16 0)
(1.1 -5.03463e-16 0)
(1.1 -6.09112e-16 0)
(1.1 -6.11123e-16 0)
(1.1 -4.24304e-16 0)
(1.1 -2.03979e-16 0)
(1.1 3.14675e-16 0)
(1.1 2.46975e-16 0)
(1.1 7.81213e-16 0)
(1.1 3.61591e-16 0)
(1.1 3.74222e-16 0)
(1.1 9.18542e-16 0)
(1.1 7.14064e-16 0)
(1.1 7.37546e-16 0)
(1.1 6.13743e-16 0)
(1.1 9.39007e-16 0)
(1.1 8.73755e-16 0)
(1.1 4.03521e-16 0)
(1.1 7.19477e-16 0)
(1.1 3.87924e-16 0)
(1.1 7.67468e-16 0)
(1.1 2.16532e-16 0)
(1.1 3.1946e-16 0)
(1.1 6.27251e-16 0)
(1.1 5.80862e-16 0)
(1.1 -9.4856e-17 0)
(1.1 -1.4823e-16 0)
(1.1 -3.8597e-16 0)
(1.1 -2.95203e-16 0)
(1.1 -6.00853e-16 0)
(1.1 -7.03221e-16 0)
(1.1 -4.32227e-16 0)
(1.1 -2.71711e-16 0)
(1.1 -8.27283e-17 0)
(1.1 -1.73797e-16 0)
(1.1 4.92752e-16 0)
(1.1 2.43453e-16 0)
(1.1 7.60591e-16 0)
(1.1 4.97367e-16 0)
(1.1 4.68188e-16 0)
(1.1 2.01995e-16 0)
(1.1 1.89017e-16 0)
(1.1 7.36189e-16 0)
(1.1 9.96185e-16 0)
(1.1 8.39979e-16 0)
(1.1 4.51691e-16 0)
(1.1 4.83239e-16 0)
(1.1 4.6291e-16 0)
(1.1 4.16266e-16 0)
(1.1 7.26296e-16 0)
(1.1 9.29074e-16 0)
(1.1 7.03126e-16 0)
(1.1 8.62184e-17 0)
(1.1 -5.62589e-16 0)
(1.1 -3.47448e-16 0)
(1.1 -3.13402e-16 0)
(1.1 -4.14218e-16 0)
(1.1 -5.50181e-16 0)
(1.1 -3.14785e-16 0)
(1.1 -4.27347e-16 0)
(1.1 -8.17555e-16 0)
(1.1 -1.96117e-16 0)
(1.1 -1.42509e-16 0)
(1.1 8.92807e-17 0)
(1.1 1.13162e-15 0)
(1.1 6.49372e-16 0)
(1.1 6.83406e-16 0)
(1.1 7.06711e-16 0)
(1.1 8.87053e-16 0)
(1.1 8.91932e-16 0)
(1.1 1.35415e-15 0)
(1.1 1.13478e-15 0)
(1.1 8.74915e-16 0)
(1.1 6.78393e-16 0)
(1.1 6.0579e-16 0)
(1.1 5.06318e-16 0)
(1.1 6.01606e-16 0)
(1.1 6.0937e-16 0)
(1.1 4.71603e-16 0)
(1.1 2.90069e-16 0)
(1.1 -1.23358e-16 0)
(1.1 -3.98739e-17 0)
(1.1 -2.44659e-16 0)
(1.1 -3.67359e-16 0)
(1.1 -4.25141e-16 0)
(1.1 -1.06826e-15 0)
(1.1 -7.88008e-16 0)
(1.1 -2.82205e-16 0)
(1.1 3.14521e-16 0)
(1.1 -2.75194e-16 0)
(1.1 -7.1798e-16 0)
(1.1 1.53789e-15 0)
(1.1 1.32691e-15 0)
(1.1 1.47349e-15 0)
(1.1 1.36489e-15 0)
(1.1 1.36597e-15 0)
(1.1 1.28633e-15 0)
(1.1 1.13089e-15 0)
(1.1 5.12689e-16 0)
(1.1 5.68442e-16 0)
(1.1 2.29022e-16 0)
(1.1 1.27452e-16 0)
(1.1 1.11646e-16 0)
(1.1 6.47722e-16 0)
(1.1 4.31755e-16 0)
(1.1 5.24225e-16 0)
(1.1 5.6101e-16 0)
(1.1 5.2872e-16 0)
(1.1 3.56736e-19 0)
(1.1 -4.95887e-17 0)
(1.1 1.26616e-16 0)
(1.1 -1.42483e-16 0)
(1.1 -1.0997e-15 0)
(1.1 -7.73305e-16 0)
(1.1 -1.61184e-16 0)
(1.1 -2.92893e-16 0)
(1.1 -8.86619e-16 0)
(1.1 -1.74278e-15 0)
(1.1 1.12683e-15 0)
(1.1 1.39881e-15 0)
(1.1 1.33304e-15 0)
(1.1 1.29279e-15 0)
(1.1 9.55506e-16 0)
(1.1 4.82048e-16 0)
(1.1 1.04899e-16 0)
(1.1 1.41199e-16 0)
(1.1 -1.07981e-16 0)
(1.1 6.47946e-17 0)
(1.1 -1.63269e-16 0)
(1.1 7.04648e-17 0)
(1.1 4.08435e-16 0)
(1.1 8.0797e-16 0)
(1.1 2.59589e-16 0)
(1.1 3.62676e-16 0)
(1.1 1.17306e-16 0)
(1.1 5.38564e-17 0)
(1.1 1.21697e-16 0)
(1.1 1.27352e-16 0)
(1.1 5.13542e-16 0)
(1.1 5.09432e-16 0)
(1.1 -2.74649e-16 0)
(1.1 -4.52452e-16 0)
(1.1 -8.74855e-16 0)
(1.1 -6.11486e-16 0)
(1.1 -6.28805e-16 0)
(1.1 5.55198e-16 0)
(1.1 1.03989e-15 0)
(1.1 8.23247e-16 0)
(1.1 8.19669e-16 0)
(1.1 5.16704e-16 0)
(1.1 -5.22036e-16 0)
(1.1 -6.08304e-16 0)
(1.1 -2.93937e-16 0)
(1.1 -5.41826e-16 0)
(1.1 -3.46135e-16 0)
(1.1 -5.71173e-16 0)
(1.1 -1.22338e-16 0)
(1.1 -6.60014e-18 0)
(1.1 8.7082e-16 0)
(1.1 7.66755e-16 0)
(1.1 8.15257e-16 0)
(1.1 -6.73847e-17 0)
(1.1 7.53105e-17 0)
(1.1 1.49786e-16 0)
(1.1 2.20163e-16 0)
(1.1 6.41517e-16 0)
(1.1 8.73519e-16 0)
(1.1 5.92423e-16 0)
(1.1 3.20632e-16 0)
(1.1 -1.76144e-16 0)
(1.1 -2.64995e-16 0)
(1.1 8.93139e-17 0)
(1.1 6.63502e-16 0)
(1.1 4.95484e-16 0)
(1.1 5.1169e-16 0)
(1.1 2.31125e-16 0)
(1.1 2.63497e-16 0)
(1.1 2.53876e-16 0)
(1.1 2.84717e-18 0)
(1.1 -6.08873e-16 0)
(1.1 -6.12177e-16 0)
(1.1 -6.98257e-16 0)
(1.1 -2.80707e-16 0)
(1.1 1.5527e-16 0)
(1.1 1.62391e-16 0)
(1.1 3.61465e-16 0)
(1.1 8.97633e-16 0)
(1.1 5.92018e-16 0)
(1.1 8.31371e-16 0)
(1.1 -1.02032e-16 0)
(1.1 -9.39786e-17 0)
(1.1 2.85471e-16 0)
(1.1 4.72303e-16 0)
(1.1 1.02648e-15 0)
(1.1 7.72773e-16 0)
(1.1 4.92553e-16 0)
(1.1 2.54275e-16 0)
(1.1 2.51377e-16 0)
(1.1 -1.29256e-16 0)
(1.1 5.15702e-16 0)
(1.1 1.26446e-16 0)
(1.1 4.97758e-17 0)
(1.1 -2.73241e-16 0)
(1.1 -3.7498e-16 0)
(1.1 1.16871e-16 0)
(1.1 -1.66257e-16 0)
(1.1 -2.04418e-16 0)
(1.1 -4.66913e-16 0)
(1.1 -5.52156e-16 0)
(1.1 -4.11448e-16 0)
(1.1 -1.25928e-17 0)
(1.1 -3.79821e-16 0)
(1.1 -7.19932e-16 0)
(1.1 -5.92584e-17 0)
(1.1 6.40551e-16 0)
(1.1 1.16033e-15 0)
(1.1 9.38059e-16 0)
(1.1 5.31017e-16 0)
(1.1 6.64495e-16 0)
(1.1 9.60213e-16 0)
(1.1 1.34352e-15 0)
(1.1 4.30563e-16 0)
(1.1 5.10567e-16 0)
(1.1 4.36542e-16 0)
(1.1 4.37786e-16 0)
(1.1 -3.10356e-17 0)
(1.1 -1.31227e-16 0)
(1.1 -6.83253e-17 0)
(1.1 -2.24856e-16 0)
(1.1 -8.03464e-17 0)
(1.1 -4.05276e-16 0)
(1.1 -1.32178e-16 0)
(1.1 -4.47004e-16 0)
(1.1 -7.14497e-17 0)
(1.1 -3.19119e-16 0)
(1.1 9.83551e-17 0)
(1.1 -9.17769e-17 0)
(1.1 3.2244e-17 0)
(1.1 1.80617e-16 0)
(1.1 -3.09107e-16 0)
(1.1 4.2239e-17 0)
(1.1 5.87403e-16 0)
(1.1 8.94744e-16 0)
(1.1 1.6106e-15 0)
(1.1 1.4407e-15 0)
(1.1 8.47215e-16 0)
(1.1 8.71098e-16 0)
(1.1 6.67471e-16 0)
(1.1 2.53121e-16 0)
(1.1 1.37546e-16 0)
(1.1 3.02231e-16 0)
(1.1 5.34035e-16 0)
(1.1 1.96306e-16 0)
(1.1 -5.61871e-16 0)
(1.1 -2.62086e-16 0)
(1.1 -4.03188e-16 0)
(1.1 -2.02434e-16 0)
(1.1 -1.35659e-16 0)
(1.1 -1.21427e-16 0)
(1.1 2.83404e-17 0)
(1.1 -5.09955e-17 0)
(1.1 2.96808e-16 0)
(1.1 1.44011e-17 0)
(1.1 3.39985e-16 0)
(1.1 -1.95604e-16 0)
(1.1 -7.28959e-17 0)
(1.1 4.45176e-16 0)
(1.1 8.63575e-16 0)
(1.1 6.02364e-16 0)
(1.1 7.38965e-16 0)
(1.1 1.07376e-15 0)
(1.1 1.33084e-15 0)
(1.1 1.45474e-15 0)
(1.1 7.13151e-16 0)
(1.1 1.15702e-17 0)
(1.1 3.36375e-16 0)
(1.1 -5.70059e-17 0)
(1.1 -8.19515e-17 0)
(1.1 3.83246e-16 0)
(1.1 3.71109e-16 0)
(1.1 -6.52376e-16 0)
(1.1 -6.66638e-16 0)
(1.1 -7.68498e-16 0)
(1.1 -5.39743e-16 0)
(1.1 -4.76337e-16 0)
(1.1 -6.05344e-16 0)
(1.1 6.68085e-17 0)
(1.1 4.27429e-17 0)
(1.1 5.37937e-17 0)
(1.1 3.71841e-16 0)
(1.1 5.2093e-16 0)
(1.1 3.68398e-16 0)
(1.1 5.47131e-16 0)
(1.1 8.71136e-16 0)
(1.1 7.26245e-16 0)
(1.1 8.00712e-16 0)
(1.1 9.23885e-17 0)
(1.1 2.00329e-16 0)
(1.1 6.50397e-16 0)
(1.1 6.59456e-16 0)
(1.1 5.73799e-16 0)
(1.1 5.68298e-16 0)
(1.1 7.49292e-16 0)
(1.1 4.63579e-17 0)
(1.1 -4.99511e-16 0)
(1.1 -7.56432e-17 0)
(1.1 -6.60875e-17 0)
(1.1 -9.38322e-16 0)
(1.1 -8.02567e-16 0)
(1.1 -4.09108e-16 0)
(1.1 -4.05519e-16 0)
(1.1 -4.73095e-16 0)
(1.1 -7.3505e-16 0)
(1.1 -6.18499e-16 0)
(1.1 -4.37507e-16 0)
(1.1 -1.46771e-17 0)
(1.1 7.87424e-16 0)
(1.1 9.24204e-16 0)
(1.1 1.05247e-15 0)
(1.1 9.58558e-16 0)
(1.1 5.48361e-16 0)
(1.1 5.79677e-16 0)
(1.1 7.0674e-16 0)
(1.1 7.73847e-16 0)
(1.1 2.6151e-16 0)
(1.1 5.72281e-16 0)
(1.1 1.27244e-16 0)
(1.1 2.68265e-16 0)
(1.1 4.16474e-16 0)
(1.1 5.50088e-16 0)
(1.1 1.80965e-16 0)
(1.1 -1.62947e-16 0)
(1.1 -8.8912e-16 0)
(1.1 -7.76175e-16 0)
(1.1 -5.17363e-16 0)
(1.1 -5.41222e-16 0)
(1.1 -1.72389e-16 0)
(1.1 -2.43252e-16 0)
(1.1 -2.17889e-16 0)
(1.1 -3.58403e-16 0)
(1.1 -4.8385e-16 0)
(1.1 -2.35748e-16 0)
(1.1 6.0426e-16 0)
(1.1 9.52883e-16 0)
(1.1 7.57333e-16 0)
(1.1 1.02637e-15 0)
(1.1 7.79818e-16 0)
(1.1 6.974e-16 0)
(1.1 7.26541e-16 0)
(1.1 5.78162e-16 0)
(1.1 1.19326e-15 0)
(1.1 5.72798e-16 0)
(1.1 1.79027e-16 0)
(1.1 1.34382e-16 0)
(1.1 -1.20183e-16 0)
(1.1 3.91341e-16 0)
(1.1 2.20357e-16 0)
(1.1 2.44439e-16 0)
(1.1 -2.79616e-16 0)
(1.1 -9.66552e-16 0)
(1.1 -8.90603e-16 0)
(1.1 -9.67929e-16 0)
(1.1 -7.31747e-16 0)
(1.1 -1.06023e-15 0)
(1.1 -8.17743e-16 0)
(1.1 -7.8344e-16 0)
(1.1 -1.86567e-16 0)
(1.1 -1.60862e-16 0)
(1.1 6.00523e-16 0)
(1.1 7.53599e-16 0)
(1.1 8.27249e-16 0)
(1.1 5.84545e-16 0)
(1.1 1.21881e-15 0)
(1.1 1.07733e-15 0)
(1.1 1.15522e-15 0)
(1.1 1.07528e-15 0)
(1.1 8.69818e-16 0)
(1.1 1.05116e-15 0)
(1.1 7.8242e-16 0)
(1.1 9.62786e-17 0)
(1.1 -2.99812e-18 0)
(1.1 -2.29307e-17 0)
(1.1 5.73705e-16 0)
(1.1 7.19966e-17 0)
(1.1 -1.36833e-16 0)
(1.1 -4.09084e-16 0)
(1.1 -7.27379e-16 0)
(1.1 -7.87722e-16 0)
(1.1 -1.24171e-15 0)
(1.1 -4.36704e-16 0)
(1.1 -4.74329e-16 0)
(1.1 -8.63219e-16 0)
(1.1 -4.87693e-16 0)
(1.1 2.96156e-16 0)
(1.1 8.33774e-16 0)
(1.1 6.79339e-16 0)
(1.1 8.34744e-16 0)
(1.1 1.21873e-15 0)
(1.1 9.32662e-16 0)
(1.1 1.1757e-15 0)
(1.1 1.01504e-15 0)
(1.1 8.34365e-16 0)
(1.1 1.03696e-15 0)
(1.1 1.10192e-15 0)
(1.1 6.24173e-16 0)
(1.1 7.92361e-16 0)
(1.1 4.73004e-16 0)
(1.1 -9.3627e-18 0)
(1.1 1.36425e-16 0)
(1.1 4.46205e-17 0)
(1.1 -6.60308e-16 0)
(1.1 -6.26442e-16 0)
(1.1 -1.18573e-15 0)
(1.1 -1.30247e-15 0)
(1.1 -1.24397e-15 0)
(1.1 -8.03648e-16 0)
(1.1 -6.61559e-16 0)
(1.1 -2.47273e-16 0)
(1.1 -4.5583e-16 0)
(1.1 3.23112e-17 0)
(1.1 4.08365e-16 0)
(1.1 2.33627e-16 0)
(1.1 1.24998e-16 0)
(1.1 5.72239e-16 0)
(1.1 5.90456e-16 0)
(1.1 6.6793e-16 0)
(1.1 7.8186e-16 0)
(1.1 5.84735e-16 0)
(1.1 6.72913e-16 0)
(1.1 1.00522e-15 0)
(1.1 9.09297e-16 0)
(1.1 2.44092e-16 0)
(1.1 4.22293e-16 0)
(1.1 2.57745e-16 0)
(1.1 -6.07781e-17 0)
(1.1 2.11241e-16 0)
(1.1 -7.17256e-16 0)
(1.1 -6.25772e-16 0)
(1.1 -3.90551e-16 0)
(1.1 -4.45413e-16 0)
(1.1 -8.43945e-16 0)
(1.1 -1.08785e-15 0)
(1.1 -7.28916e-16 0)
(1.1 -8.02842e-16 0)
(1.1 -6.32363e-16 0)
(1.1 -3.20987e-16 0)
(1.1 2.67671e-16 0)
(1.1 5.40155e-16 0)
(1.1 2.70237e-17 0)
(1.1 -5.67622e-17 0)
(1.1 1.47341e-16 0)
(1.1 1.2526e-16 0)
(1.1 6.41599e-16 0)
(1.1 3.53311e-16 0)
(1.1 5.36034e-16 0)
(1.1 7.66077e-16 0)
(1.1 6.79075e-16 0)
(1.1 7.72382e-16 0)
(1.1 5.41952e-16 0)
(1.1 3.54215e-16 0)
(1.1 1.21482e-16 0)
(1.1 -1.99896e-16 0)
(1.1 -4.81416e-17 0)
(1.1 -6.15406e-16 0)
(1.1 -5.63049e-16 0)
(1.1 -5.62864e-16 0)
(1.1 -7.70171e-17 0)
(1.1 -4.84671e-16 0)
(1.1 -6.77476e-16 0)
(1.1 -1.21175e-15 0)
(1.1 -1.33434e-15 0)
(1.1 -1.06045e-15 0)
(1.1 -8.58791e-16 0)
(1.1 -4.547e-16 0)
(1.1 -2.37496e-16 0)
(1.1 -2.8844e-17 0)
(1.1 -4.39959e-18 0)
(1.1 7.62825e-17 0)
(1.1 3.24345e-16 0)
(1.1 1.01434e-15 0)
(1.1 2.71406e-16 0)
(1.1 3.41414e-16 0)
(1.1 1.32803e-16 0)
(1.1 9.86568e-17 0)
(1.1 1.83276e-16 0)
(1.1 2.20907e-16 0)
(1.1 2.721e-16 0)
(1.1 1.38625e-16 0)
(1.1 -3.77486e-17 0)
(1.1 8.72658e-17 0)
(1.1 -4.00978e-16 0)
(1.1 1.02894e-16 0)
(1.1 -9.4367e-17 0)
(1.1 -1.8029e-16 0)
(1.1 -7.3265e-16 0)
(1.1 -1.10124e-15 0)
(1.1 -1.8918e-15 0)
(1.1 -1.80064e-15 0)
(1.1 -1.6453e-15 0)
(1.1 -1.2136e-15 0)
(1.1 -9.69658e-16 0)
(1.1 -9.92666e-16 0)
(1.1 -3.70006e-16 0)
(1.1 -4.59943e-16 0)
(1.1 -3.51863e-16 0)
(1.1 -7.32407e-17 0)
(1.1 4.60602e-17 0)
(1.1 1.43969e-16 0)
(1.1 -1.1107e-16 0)
(1.1 -2.65922e-16 0)
(1.1 -1.66777e-16 0)
(1.1 -3.54222e-16 0)
(1.1 -2.72346e-16 0)
(1.1 -4.9436e-17 0)
(1.1 -2.24158e-16 0)
(1.1 -1.33376e-17 0)
(1.1 -3.94377e-16 0)
(1.1 -6.56317e-16 0)
(1.1 -1.76443e-16 0)
(1.1 5.96339e-17 0)
(1.1 -1.71516e-16 0)
(1.1 -2.871e-16 0)
(1.1 -4.6678e-16 0)
(1.1 -1.67139e-15 0)
(1.1 -1.41899e-15 0)
(1.1 -1.4057e-15 0)
(1.1 -1.67103e-15 0)
(1.1 -1.30246e-15 0)
(1.1 -1.21629e-15 0)
(1.1 -9.47041e-16 0)
(1.1 -3.68886e-16 0)
(1.1 -2.30701e-16 0)
(1.1 -3.94337e-16 0)
(1.1 -4.33034e-16 0)
(1.1 -4.25065e-16 0)
(1.1 -3.20747e-16 0)
(1.1 -2.48795e-16 0)
(1.1 -1.80664e-16 0)
(1.1 -6.19255e-17 0)
(1.1 -1.11328e-16 0)
(1.1 -3.87027e-16 0)
(1.1 -6.42075e-16 0)
(1.1 -2.48848e-16 0)
(1.1 -5.73165e-16 0)
(1.1 -5.18924e-16 0)
(1.1 -2.45599e-16 0)
(1.1 1.74943e-16 0)
(1.1 -5.15128e-17 0)
(1.1 5.59226e-16 0)
(1.1 6.98649e-16 0)
(1.1 -1.21256e-15 0)
(1.1 -1.09539e-15 0)
(1.1 -1.16164e-15 0)
(1.1 -1.27398e-15 0)
(1.1 -1.5204e-15 0)
(1.1 -1.44915e-15 0)
(1.1 -1.29219e-15 0)
(1.1 -7.55953e-16 0)
(1.1 -7.41336e-16 0)
(1.1 -8.56728e-16 0)
(1.1 -5.02166e-16 0)
(1.1 -4.84659e-16 0)
(1.1 -1.85501e-16 0)
(1.1 -1.64315e-16 0)
(1.1 -2.02225e-16 0)
(1.1 1.76356e-16 0)
(1.1 -8.57442e-17 0)
(1.1 8.14977e-17 0)
(1.1 2.43303e-16 0)
(1.1 5.10071e-17 0)
(1.1 -1.13128e-16 0)
(1.1 9.80523e-17 0)
(1.1 3.58384e-16 0)
(1.1 3.02303e-16 0)
(1.1 4.75168e-16 0)
(1.1 4.05231e-16 0)
(1.1 3.82453e-16 0)
(1.1 -9.26607e-16 0)
(1.1 -6.78688e-16 0)
(1.1 -8.16103e-16 0)
(1.1 -9.25036e-16 0)
(1.1 -1.31417e-15 0)
(1.1 -1.25661e-15 0)
(1.1 -9.11047e-16 0)
(1.1 -8.08385e-16 0)
(1.1 -1.14416e-15 0)
(1.1 -9.97936e-16 0)
(1.1 -8.73752e-16 0)
(1.1 -4.83257e-16 0)
(1.1 -3.46846e-16 0)
(1.1 -7.41387e-17 0)
(1.1 2.16325e-16 0)
(1.1 1.70183e-16 0)
(1.1 2.36617e-16 0)
(1.1 -9.23696e-17 0)
(1.1 3.85192e-16 0)
(1.1 4.10151e-16 0)
(1.1 3.28239e-16 0)
(1.1 8.45907e-16 0)
(1.1 4.08113e-16 0)
(1.1 5.10005e-16 0)
(1.1 2.70957e-16 0)
(1.1 -6.54237e-17 0)
(1.1 -4.16956e-16 0)
(1.1 -1.14039e-15 0)
(1.1 -9.7725e-16 0)
(1.1 -9.78548e-16 0)
(1.1 -5.92296e-16 0)
(1.1 -9.112e-16 0)
(1.1 -7.47916e-16 0)
(1.1 -8.6594e-16 0)
(1.1 -4.22685e-16 0)
(1.1 -7.61066e-16 0)
(1.1 -6.4877e-16 0)
(1.1 -1.07486e-15 0)
(1.1 -6.67553e-16 0)
(1.1 -4.12265e-16 0)
(1.1 -1.92488e-16 0)
(1.1 7.53453e-17 0)
(1.1 2.92557e-16 0)
(1.1 4.09047e-16 0)
(1.1 3.33053e-16 0)
(1.1 1.429e-16 0)
(1.1 8.04458e-16 0)
(1.1 1.31609e-15 0)
(1.1 1.05926e-15 0)
(1.1 4.34477e-16 0)
(1.1 2.94741e-16 0)
(1.1 -1.99709e-16 0)
(1.1 -4.85742e-16 0)
(1.1 -1.62549e-16 0)
(1.1 -1.06614e-15 0)
(1.1 -9.76821e-16 0)
(1.1 -7.71914e-16 0)
(1.1 -5.36139e-16 0)
(1.1 -1.44761e-16 0)
(1.1 -4.86427e-16 0)
(1.1 -1.10447e-15 0)
(1.1 -7.99593e-16 0)
(1.1 -3.34594e-16 0)
(1.1 1.13876e-16 0)
(1.1 -4.0264e-16 0)
(1.1 -4.94288e-16 0)
(1.1 9.03451e-18 0)
(1.1 1.17938e-16 0)
(1.1 2.02998e-16 0)
(1.1 8.59258e-16 0)
(1.1 1.02829e-15 0)
(1.1 8.53066e-16 0)
(1.1 6.61411e-16 0)
(1.1 5.16206e-16 0)
(1.1 8.0965e-16 0)
(1.1 4.81323e-16 0)
(1.1 6.86334e-16 0)
(1.1 1.02206e-16 0)
(1.1 2.33742e-17 0)
(1.1 -1.34259e-16 0)
(1.1 -3.49882e-16 0)
(1.1 -2.90472e-17 0)
(1.1 -3.57492e-16 0)
(1.1 1.04405e-16 0)
(1.1 4.90675e-16 0)
(1.1 8.71527e-16 0)
(1.1 5.66787e-16 0)
(1.1 4.76382e-16 0)
(1.1 2.29868e-16 0)
(1.1 4.12462e-16 0)
(1.1 1.75176e-16 0)
(1.1 7.72172e-16 0)
(1.1 1.81001e-16 0)
(1.1 -3.96365e-17 0)
(1.1 4.78524e-16 0)
(1.1 4.45684e-16 0)
(1.1 4.5313e-16 0)
(1.1 4.27357e-16 0)
(1.1 4.25919e-16 0)
(1.1 5.64083e-16 0)
(1.1 1.91128e-16 0)
(1.1 -4.1148e-16 0)
(1.1 -1.78818e-16 0)
(1.1 -3.10215e-16 0)
(1.1 -3.99148e-16 0)
(1.1 -1.50186e-16 0)
(1.1 -3.5517e-16 0)
(1.1 -5.15205e-16 0)
(1.1 3.07184e-18 0)
(1.1 2.61627e-16 0)
(1.1 4.68486e-16 0)
(1.1 1.3577e-15 0)
(1.1 9.96871e-16 0)
(1.1 1.04897e-15 0)
(1.1 1.04401e-15 0)
(1.1 7.4784e-16 0)
(1.1 4.51793e-16 0)
(1.1 3.84428e-16 0)
(1.1 6.45351e-16 0)
(1.1 6.21023e-16 0)
(1.1 6.74398e-16 0)
(1.1 2.33181e-16 0)
(1.1 7.74896e-17 0)
(1.1 1.6535e-17 0)
(1.1 1.26582e-16 0)
(1.1 3.58015e-16 0)
(1.1 1.5929e-16 0)
(1.1 -6.03853e-16 0)
(1.1 -1.1413e-15 0)
(1.1 -1.01926e-15 0)
(1.1 -1.30406e-15 0)
(1.1 -6.46774e-16 0)
(1.1 -1.18765e-15 0)
(1.1 -9.3992e-16 0)
(1.1 -4.23103e-16 0)
(1.1 5.37615e-17 0)
(1.1 1.2296e-16 0)
(1.1 5.53027e-16 0)
(1.1 7.45742e-16 0)
(1.1 7.50706e-16 0)
(1.1 6.42304e-16 0)
(1.1 8.06226e-16 0)
(1.1 1.0722e-15 0)
(1.1 5.47004e-16 0)
(1.1 7.98907e-16 0)
(1.1 7.54869e-16 0)
(1.1 9.84501e-16 0)
(1.1 1.06371e-15 0)
(1.1 6.832e-16 0)
(1.1 4.05543e-16 0)
(1.1 6.52399e-16 0)
(1.1 2.51795e-16 0)
(1.1 6.93087e-17 0)
(1.1 -2.75884e-16 0)
(1.1 -5.01392e-16 0)
(1.1 -4.78796e-16 0)
(1.1 -6.67643e-16 0)
(1.1 -6.40156e-16 0)
(1.1 -4.38685e-16 0)
(1.1 -8.1066e-16 0)
(1.1 -5.12209e-16 0)
(1.1 -9.62479e-17 0)
(1.1 4.33719e-16 0)
(1.1 5.81625e-16 0)
(1.1 4.64652e-16 0)
(1.1 2.35337e-16 0)
(1.1 8.04715e-16 0)
(1.1 6.61901e-16 0)
(1.1 1.04123e-15 0)
(1.1 9.83945e-16 0)
(1.1 6.74187e-16 0)
(1.1 4.97461e-16 0)
(1.1 3.82822e-16 0)
(1.1 7.52399e-16 0)
(1.1 4.54962e-16 0)
(1.1 6.15731e-16 0)
(1.1 2.76914e-16 0)
(1.1 7.12162e-16 0)
(1.1 3.71348e-16 0)
(1.1 -2.82946e-16 0)
(1.1 -3.98429e-16 0)
(1.1 -6.24326e-16 0)
(1.1 -3.735e-16 0)
(1.1 -1.33103e-16 0)
(1.1 4.63658e-17 0)
(1.1 1.71411e-16 0)
(1.1 -1.548e-17 0)
(1.1 1.50991e-16 0)
(1.1 -1.4955e-16 0)
(1.1 7.49894e-16 0)
(1.1 7.55835e-16 0)
(1.1 7.05687e-16 0)
(1.1 6.6686e-16 0)
(1.1 5.52356e-16 0)
(1.1 7.21245e-16 0)
(1.1 1.009e-15 0)
(1.1 4.33641e-16 0)
(1.1 5.22016e-16 0)
(1.1 1.36912e-16 0)
(1.1 5.24879e-16 0)
(1.1 2.00226e-16 0)
(1.1 1.91781e-16 0)
(1.1 7.08249e-16 0)
(1.1 3.75252e-16 0)
(1.1 4.70154e-16 0)
(1.1 -2.04935e-17 0)
(1.1 -2.14942e-16 0)
(1.1 -2.97778e-16 0)
(1.1 4.0053e-17 0)
(1.1 2.57044e-17 0)
(1.1 7.85634e-18 0)
(1.1 -1.91213e-16 0)
(1.1 -2.17472e-16 0)
(1.1 1.59161e-16 0)
(1.1 5.38279e-16 0)
(1.1 2.54565e-17 0)
(1.1 6.73066e-16 0)
(1.1 4.57435e-16 0)
(1.1 5.74719e-16 0)
(1.1 1.63747e-16 0)
(1.1 -4.01431e-16 0)
(1.1 8.69508e-17 0)
(1.1 4.91843e-16 0)
(1.1 4.28265e-16 0)
(1.1 -7.63331e-17 0)
(1.1 6.42336e-16 0)
(1.1 3.97453e-16 0)
(1.1 3.29817e-16 0)
(1.1 3.31599e-16 0)
(1.1 2.89648e-16 0)
(1.1 9.80069e-18 0)
(1.1 -7.11106e-16 0)
(1.1 -5.3822e-16 0)
(1.1 -7.46623e-16 0)
(1.1 -4.13795e-16 0)
(1.1 4.98591e-16 0)
(1.1 -5.38357e-17 0)
(1.1 2.18708e-16 0)
(1.1 -4.43966e-18 0)
(1.1 -4.59302e-17 0)
(1.1 -2.76952e-16 0)
(1.1 2.46526e-16 0)
(1.1 1.68975e-17 0)
(1.1 9.11735e-16 0)
(1.1 9.59067e-16 0)
(1.1 4.44228e-16 0)
(1.1 -1.85343e-16 0)
(1.1 -4.94906e-16 0)
(1.1 -3.83309e-16 0)
(1.1 -1.54862e-16 0)
(1.1 1.66356e-16 0)
(1.1 8.07691e-17 0)
(1.1 -2.99734e-16 0)
(1.1 -6.90929e-16 0)
(1.1 -7.73158e-16 0)
(1.1 -6.48729e-16 0)
(1.1 -6.64985e-16 0)
(1.1 -8.54887e-16 0)
(1.1 -1.34808e-15 0)
(1.1 -9.5411e-16 0)
(1.1 -7.72634e-16 0)
(1.1 -1.5936e-17 0)
(1.1 1.50241e-16 0)
(1.1 1.50772e-16 0)
(1.1 3.47401e-16 0)
(1.1 1.96552e-16 0)
(1.1 -4.55466e-16 0)
(1.1 -8.22575e-16 0)
(1.1 -8.79725e-16 0)
(1.1 -3.77713e-16 0)
(1.1 9.24096e-16 0)
(1.1 5.84487e-16 0)
(1.1 4.43732e-16 0)
(1.1 4.5095e-16 0)
(1.1 9.28322e-16 0)
(1.1 4.65107e-16 0)
(1.1 -1.34278e-16 0)
(1.1 -2.07709e-16 0)
(1.1 -1.33638e-16 0)
(1.1 -7.00991e-16 0)
(1.1 -9.31154e-16 0)
(1.1 -1.12588e-15 0)
(1.1 -9.32507e-16 0)
(1.1 -1.23582e-15 0)
(1.1 -1.52708e-15 0)
(1.1 -1.72137e-15 0)
(1.1 -1.57773e-15 0)
(1.1 -6.45676e-16 0)
(1.1 2.046e-16 0)
(1.1 1.80112e-16 0)
(1.1 5.44123e-16 0)
(1.1 -9.27294e-18 0)
(1.1 -1.19227e-16 0)
(1.1 -8.18807e-16 0)
(1.1 -7.91375e-16 0)
(1.1 -7.37953e-16 0)
(1.1 -3.30981e-16 0)
(1.1 4.50679e-16 0)
(1.1 2.85544e-16 0)
(1.1 3.76845e-16 0)
(1.1 8.64914e-16 0)
(1.1 1.00577e-15 0)
(1.1 1.04498e-15 0)
(1.1 4.93145e-16 0)
(1.1 1.82994e-16 0)
(1.1 2.95121e-16 0)
(1.1 5.27143e-17 0)
(1.1 -2.18811e-16 0)
(1.1 -1.25697e-16 0)
(1.1 -1.75451e-16 0)
(1.1 -4.59008e-16 0)
(1.1 -8.84194e-16 0)
(1.1 -1.25614e-15 0)
(1.1 -1.64972e-15 0)
(1.1 -1.47025e-15 0)
(1.1 -1.05947e-15 0)
(1.1 -4.30912e-16 0)
(1.1 4.21395e-16 0)
(1.1 8.77817e-17 0)
(1.1 7.83937e-18 0)
(1.1 -3.35793e-16 0)
(1.1 -1.293e-16 0)
(1.1 -2.12878e-16 0)
(1.1 -5.25396e-16 0)
(1.1 5.01141e-16 0)
(1.1 4.9489e-16 0)
(1.1 9.5745e-16 0)
(1.1 1.22264e-15 0)
(1.1 1.04316e-15 0)
(1.1 1.01483e-15 0)
(1.1 3.5267e-16 0)
(1.1 3.04824e-16 0)
(1.1 2.20274e-16 0)
(1.1 4.96831e-16 0)
(1.1 5.5964e-16 0)
(1.1 5.56477e-16 0)
(1.1 -1.24024e-16 0)
(1.1 -3.09788e-16 0)
(1.1 -3.63699e-16 0)
(1.1 -7.64734e-16 0)
(1.1 -1.01882e-15 0)
(1.1 -1.66406e-15 0)
(1.1 -1.59179e-15 0)
(1.1 -9.29735e-16 0)
(1.1 1.31059e-16 0)
(1.1 1.95296e-16 0)
(1.1 -4.68123e-17 0)
(1.1 -7.54692e-17 0)
(1.1 7.51186e-16 0)
(1.1 4.90033e-16 0)
(1.1 -3.82844e-16 0)
(1.1 5.80539e-16 0)
(1.1 6.30123e-16 0)
(1.1 8.80809e-16 0)
(1.1 9.15385e-16 0)
(1.1 8.57927e-16 0)
(1.1 2.82526e-16 0)
(1.1 3.09308e-16 0)
(1.1 5.02717e-16 0)
(1.1 3.99498e-16 0)
(1.1 6.62964e-16 0)
(1.1 6.49242e-16 0)
(1.1 1.6562e-16 0)
(1.1 -1.70017e-16 0)
(1.1 -4.60852e-16 0)
(1.1 -2.92671e-16 0)
(1.1 -6.44977e-16 0)
(1.1 -5.94162e-16 0)
(1.1 -1.32953e-15 0)
(1.1 -1.33106e-15 0)
(1.1 -9.85844e-16 0)
(1.1 -3.62992e-16 0)
(1.1 2.26474e-16 0)
(1.1 1.48864e-16 0)
(1.1 1.92841e-16 0)
(1.1 7.27394e-16 0)
(1.1 6.09361e-16 0)
(1.1 2.74803e-16 0)
(1.1 1.71569e-16 0)
(1.1 2.63463e-16 0)
(1.1 9.59009e-17 0)
(1.1 2.52416e-16 0)
(1.1 6.73286e-17 0)
(1.1 -1.20396e-16 0)
(1.1 -7.97982e-17 0)
(1.1 1.18996e-16 0)
(1.1 2.0012e-16 0)
(1.1 2.71687e-16 0)
(1.1 -1.36864e-16 0)
(1.1 -2.90615e-17 0)
(1.1 -1.34504e-16 0)
(1.1 -4.89562e-16 0)
(1.1 -5.06231e-16 0)
(1.1 -7.74845e-16 0)
(1.1 -5.93827e-16 0)
(1.1 -8.02078e-16 0)
(1.1 -6.18377e-16 0)
(1.1 -5.38169e-16 0)
(1.1 -7.36356e-16 0)
(1.1 -2.86037e-16 0)
(1.1 -3.25168e-17 0)
(1.1 3.15759e-16 0)
(1.1 9.4575e-17 0)
(1.1 -1.33325e-16 0)
(1.1 4.36389e-16 0)
(1.1 4.33385e-17 0)
(1.1 -1.10737e-16 0)
(1.1 -3.27511e-16 0)
(1.1 -5.64435e-16 0)
(1.1 -8.35907e-16 0)
(1.1 -5.2433e-16 0)
(1.1 -3.88871e-16 0)
(1.1 -4.85891e-16 0)
(1.1 -6.37515e-16 0)
(1.1 -1.12166e-15 0)
(1.1 -9.36242e-16 0)
(1.1 -6.5417e-16 0)
(1.1 -8.69493e-16 0)
(1.1 -8.69469e-16 0)
(1.1 -1.20674e-15 0)
(1.1 -9.09726e-16 0)
(1.1 -6.75855e-16 0)
(1.1 -2.11998e-16 0)
(1.1 1.39884e-16 0)
(1.1 9.16104e-17 0)
(1.1 -2.04325e-16 0)
(1.1 -5.10813e-16 0)
(1.1 -3.68107e-16 0)
(1.1 1.14689e-17 0)
(1.1 -9.6769e-17 0)
(1.1 3.22214e-17 0)
(1.1 3.83487e-16 0)
(1.1 1.44637e-16 0)
(1.1 6.09769e-17 0)
(1.1 -2.2791e-16 0)
(1.1 -4.61163e-16 0)
(1.1 -1.01434e-15 0)
(1.1 -1.00523e-15 0)
(1.1 -1.06299e-15 0)
(1.1 -1.019e-15 0)
(1.1 -1.00032e-15 0)
(1.1 -1.28544e-15 0)
(1.1 -1.18134e-15 0)
(1.1 -1.57955e-15 0)
(1.1 -1.32999e-15 0)
(1.1 -8.62279e-16 0)
(1.1 -8.78848e-16 0)
(1.1 -7.05935e-16 0)
(1.1 -2.72209e-16 0)
(1.1 -1.32816e-16 0)
(1.1 -3.43376e-16 0)
(1.1 -2.72842e-16 0)
(1.1 -4.53502e-16 0)
(1.1 -6.5107e-16 0)
(1.1 -4.45854e-16 0)
(1.1 -2.6741e-16 0)
(1.1 8.95144e-17 0)
(1.1 3.8421e-16 0)
(1.1 5.68271e-16 0)
(1.1 -6.92237e-16 0)
(1.1 -5.03406e-16 0)
(1.1 -7.73725e-16 0)
(1.1 -7.94037e-16 0)
(1.1 -9.06686e-16 0)
(1.1 -1.26495e-15 0)
(1.1 -1.4619e-15 0)
(1.1 -1.18643e-15 0)
(1.1 -9.66611e-16 0)
(1.1 -8.41858e-16 0)
(1.1 -8.05735e-16 0)
(1.1 -1.23641e-15 0)
(1.1 -1.01788e-15 0)
(1.1 -8.0774e-16 0)
(1.1 -2.66629e-16 0)
(1.1 -1.20046e-16 0)
(1.1 -5.6532e-17 0)
(1.1 -5.05511e-16 0)
(1.1 -5.57993e-16 0)
(1.1 -6.54317e-16 0)
(1.1 -1.07563e-15 0)
(1.1 -8.16788e-16 0)
(1.1 -2.99003e-16 0)
(1.1 -1.09529e-16 0)
(1.1 -4.02887e-17 0)
(1.1 4.56659e-16 0)
(1.1 1.3722e-16 0)
(1.1 -9.87413e-17 0)
(1.1 -6.69018e-16 0)
(1.1 -5.64535e-16 0)
(1.1 -6.33393e-16 0)
(1.1 -6.46849e-16 0)
(1.1 -7.40211e-16 0)
(1.1 -7.84886e-16 0)
(1.1 -6.62003e-16 0)
(1.1 -7.65932e-16 0)
(1.1 -3.72278e-16 0)
(1.1 -5.52896e-16 0)
(1.1 -6.8954e-16 0)
(1.1 -6.14899e-16 0)
(1.1 -5.8142e-16 0)
(1.1 -7.21723e-17 0)
(1.1 5.13665e-17 0)
(1.1 -5.25015e-16 0)
(1.1 -9.3858e-16 0)
(1.1 -9.23752e-16 0)
(1.1 -1.07899e-15 0)
(1.1 -9.58744e-16 0)
(1.1 -6.37831e-16 0)
(1.1 -5.74748e-16 0)
(1.1 -2.76751e-16 0)
(1.1 -2.18211e-16 0)
(1.1 2.25343e-16 0)
(1.1 3.05615e-16 0)
(1.1 8.67649e-16 0)
(1.1 3.78568e-16 0)
(1.1 1.47803e-16 0)
(1.1 -8.81699e-16 0)
(1.1 -8.96658e-16 0)
(1.1 -8.89831e-16 0)
(1.1 -8.39749e-16 0)
(1.1 -5.96305e-16 0)
(1.1 -5.01483e-16 0)
(1.1 -5.73706e-16 0)
(1.1 -5.7479e-16 0)
(1.1 -3.91732e-16 0)
(1.1 -3.49314e-16 0)
(1.1 -3.73502e-16 0)
(1.1 -4.19177e-16 0)
(1.1 -5.64801e-16 0)
(1.1 -7.59375e-16 0)
(1.1 -5.55212e-16 0)
(1.1 -8.11159e-16 0)
(1.1 -1.28088e-15 0)
(1.1 -8.3328e-16 0)
(1.1 -9.85922e-16 0)
(1.1 -1.02848e-15 0)
(1.1 -1.0504e-15 0)
(1.1 -1.03521e-15 0)
(1.1 -1.78618e-16 0)
(1.1 5.07249e-16 0)
(1.1 1.33017e-15 0)
(1.1 1.15771e-15 0)
(1.1 5.11785e-16 0)
(1.1 4.75811e-17 0)
(1.1 -2.39571e-16 0)
(1.1 -1.59486e-16 0)
(1.1 -2.07903e-17 0)
(1.1 -9.96316e-17 0)
(1.1 -2.67456e-16 0)
(1.1 -7.14615e-16 0)
(1.1 -7.22447e-16 0)
(1.1 -1.08644e-16 0)
(1.1 -8.94511e-17 0)
(1.1 4.6966e-18 0)
(1.1 -2.43827e-16 0)
(1.1 -3.99181e-16 0)
(1.1 -5.76728e-16 0)
(1.1 -5.55976e-16 0)
(1.1 -6.45113e-16 0)
(1.1 -1.0946e-15 0)
(1.1 -9.49758e-16 0)
(1.1 -6.66173e-16 0)
(1.1 -7.51746e-16 0)
(1.1 -6.46371e-16 0)
(1.1 -8.64836e-16 0)
(1.1 -4.22978e-16 0)
(1.1 -8.61872e-16 0)
(1.1 1.19976e-15 0)
(1.1 9.48541e-16 0)
(1.1 3.56325e-16 0)
(1.1 4.57584e-16 0)
(1.1 3.26185e-16 0)
(1.1 5.75352e-16 0)
(1.1 5.91148e-16 0)
(1.1 3.80871e-16 0)
(1.1 -6.19437e-17 0)
(1.1 -4.4447e-17 0)
(1.1 -2.44549e-16 0)
(1.1 -8.22584e-17 0)
(1.1 -2.87843e-16 0)
(1.1 -7.91757e-17 0)
(1.1 -3.03848e-16 0)
(1.1 -2.72425e-16 0)
(1.1 -2.3732e-16 0)
(1.1 -3.06549e-16 0)
(1.1 -2.85672e-16 0)
(1.1 -3.68359e-16 0)
(1.1 -6.7813e-16 0)
(1.1 -3.91622e-16 0)
(1.1 -3.01451e-16 0)
(1.1 -4.45625e-16 0)
(1.1 -4.77448e-16 0)
(1.1 -5.86834e-16 0)
(1.1 -1.34269e-15 0)
(1.1 1.22482e-15 0)
(1.1 7.2493e-16 0)
(1.1 5.93751e-16 0)
(1.1 6.36807e-16 0)
(1.1 7.76128e-16 0)
(1.1 4.45972e-16 0)
(1.1 6.82387e-16 0)
(1.1 6.388e-16 0)
(1.1 3.363e-16 0)
(1.1 1.79092e-16 0)
(1.1 1.83598e-16 0)
(1.1 -4.23608e-16 0)
(1.1 -6.26385e-16 0)
(1.1 -2.1235e-16 0)
(1.1 -4.92787e-16 0)
(1.1 -3.11501e-16 0)
(1.1 -5.61414e-17 0)
(1.1 3.18322e-18 0)
(1.1 -6.94593e-17 0)
(1.1 -4.21957e-17 0)
(1.1 -3.61463e-16 0)
(1.1 -3.51132e-16 0)
(1.1 -5.15254e-16 0)
(1.1 -7.4714e-16 0)
(1.1 -6.69551e-16 0)
(1.1 -1.08107e-15 0)
(1.1 -1.30679e-15 0)
(1.1 1.45473e-15 0)
(1.1 9.99162e-16 0)
(1.1 1.18833e-15 0)
(1.1 7.79448e-16 0)
(1.1 8.50632e-16 0)
(1.1 4.96019e-16 0)
(1.1 6.75441e-16 0)
(1.1 6.32011e-16 0)
(1.1 2.0127e-16 0)
(1.1 -3.14256e-16 0)
(1.1 -2.8886e-16 0)
(1.1 -2.88479e-16 0)
(1.1 -4.60537e-16 0)
(1.1 -4.42066e-16 0)
(1.1 -3.30714e-16 0)
(1.1 -5.48384e-18 0)
(1.1 2.49282e-16 0)
(1.1 2.1965e-16 0)
(1.1 2.55875e-17 0)
(1.1 -1.48734e-16 0)
(1.1 -4.09645e-16 0)
(1.1 -3.52129e-16 0)
(1.1 -6.68379e-16 0)
(1.1 -6.26669e-16 0)
(1.1 -7.78004e-16 0)
(1.1 -1.37439e-15 0)
(1.1 -1.43216e-15 0)
(1.1 1.33587e-15 0)
(1.1 1.02409e-15 0)
(1.1 1.00363e-15 0)
(1.1 1.09161e-15 0)
(1.1 9.34623e-16 0)
(1.1 7.87673e-16 0)
(1.1 5.88134e-16 0)
(1.1 2.34704e-16 0)
(1.1 3.88938e-16 0)
(1.1 2.40953e-16 0)
(1.1 -8.17691e-17 0)
(1.1 -1.61796e-16 0)
(1.1 -3.42714e-17 0)
(1.1 -2.04717e-16 0)
(1.1 6.09795e-17 0)
(1.1 -7.96968e-17 0)
(1.1 5.5387e-17 0)
(1.1 7.32343e-17 0)
(1.1 -2.74217e-16 0)
(1.1 -3.06573e-16 0)
(1.1 -6.30617e-16 0)
(1.1 -7.24659e-16 0)
(1.1 -6.48554e-16 0)
(1.1 -8.86832e-16 0)
(1.1 -1.05114e-15 0)
(1.1 -1.16101e-15 0)
(1.1 -1.21405e-15 0)
(1.1 1.15169e-15 0)
(1.1 6.76185e-16 0)
(1.1 5.48438e-16 0)
(1.1 8.26538e-16 0)
(1.1 5.91877e-16 0)
(1.1 7.67484e-16 0)
(1.1 4.51453e-16 0)
(1.1 2.35473e-16 0)
(1.1 4.93295e-16 0)
(1.1 3.28822e-16 0)
(1.1 1.14416e-16 0)
(1.1 -5.93413e-17 0)
(1.1 5.46913e-17 0)
(1.1 4.43184e-17 0)
(1.1 2.75981e-17 0)
(1.1 -5.18082e-16 0)
(1.1 -8.17365e-16 0)
(1.1 -7.90024e-16 0)
(1.1 -2.92473e-16 0)
(1.1 -2.07675e-16 0)
(1.1 -1.01429e-16 0)
(1.1 -3.18053e-16 0)
(1.1 -5.27665e-16 0)
(1.1 -8.51258e-16 0)
(1.1 -1.14832e-15 0)
(1.1 -1.25134e-15 0)
(1.1 -6.08639e-16 0)
(1.1 4.72216e-16 0)
(1.1 2.79068e-16 0)
(1.1 -1.03701e-16 0)
(1.1 -1.49214e-16 0)
(1.1 -3.98093e-16 0)
(1.1 -2.98206e-16 0)
(1.1 -3.04231e-16 0)
(1.1 -2.28315e-16 0)
(1.1 -6.13437e-17 0)
(1.1 -7.43335e-17 0)
(1.1 -5.67162e-17 0)
(1.1 -3.03932e-16 0)
(1.1 1.41605e-16 0)
(1.1 -1.36217e-17 0)
(1.1 -3.16896e-17 0)
(1.1 -6.29503e-16 0)
(1.1 -5.55382e-16 0)
(1.1 -4.12596e-16 0)
(1.1 -2.91412e-16 0)
(1.1 1.7968e-16 0)
(1.1 2.80473e-16 0)
(1.1 -8.22796e-17 0)
(1.1 -6.48667e-16 0)
(1.1 -9.26811e-16 0)
(1.1 -8.97268e-16 0)
(1.1 -1.06694e-15 0)
(1.1 -7.4625e-16 0)
(1.1 -1.85848e-16 0)
(1.1 -3.16214e-16 0)
(1.1 -4.4117e-16 0)
(1.1 -3.75518e-16 0)
(1.1 -1.89292e-16 0)
(1.1 -2.68661e-16 0)
(1.1 -2.24398e-16 0)
(1.1 -6.07342e-17 0)
(1.1 -1.20365e-16 0)
(1.1 -1.36673e-16 0)
(1.1 1.33902e-16 0)
(1.1 -1.60436e-16 0)
(1.1 4.82838e-17 0)
(1.1 -1.50354e-16 0)
(1.1 -1.23537e-16 0)
(1.1 -7.39427e-16 0)
(1.1 -7.96357e-16 0)
(1.1 -2.96508e-16 0)
(1.1 -4.29861e-16 0)
(1.1 -4.46636e-16 0)
(1.1 -5.38165e-16 0)
(1.1 -5.36855e-16 0)
(1.1 -9.00837e-16 0)
(1.1 -7.74095e-16 0)
(1.1 -5.08204e-16 0)
(1.1 -7.10017e-16 0)
(1.1 -4.39915e-16 0)
(1.1 -4.22272e-16 0)
(1.1 -5.55368e-16 0)
(1.1 -2.42207e-16 0)
(1.1 -2.76728e-16 0)
(1.1 1.30382e-16 0)
(1.1 2.5406e-16 0)
(1.1 2.50409e-16 0)
(1.1 -1.38826e-16 0)
(1.1 -2.70847e-16 0)
(1.1 -2.10331e-16 0)
(1.1 -5.9018e-17 0)
(1.1 -4.78293e-17 0)
(1.1 -9.92278e-17 0)
(1.1 -5.10603e-16 0)
(1.1 -1.9608e-16 0)
(1.1 -4.23503e-16 0)
(1.1 -5.76974e-16 0)
(1.1 -6.60674e-16 0)
(1.1 -9.88125e-16 0)
(1.1 -8.60475e-16 0)
(1.1 -6.07148e-16 0)
(1.1 -6.62034e-16 0)
(1.1 -5.14806e-16 0)
(1.1 -2.4076e-16 0)
(1.1 -3.12478e-16 0)
(1.1 -5.29747e-16 0)
(1.1 -1.95119e-16 0)
(1.1 -2.82398e-16 0)
(1.1 -2.06636e-16 0)
(1.1 -2.20797e-16 0)
(1.1 -4.54004e-16 0)
(1.1 -1.05094e-16 0)
(1.1 -5.09535e-17 0)
(1.1 4.16518e-18 0)
(1.1 9.38673e-17 0)
(1.1 7.61884e-17 0)
(1.1 -1.15411e-16 0)
(1.1 2.95564e-17 0)
(1.1 -2.94011e-16 0)
(1.1 -1.14468e-16 0)
(1.1 -2.03561e-16 0)
(1.1 -2.25702e-16 0)
(1.1 -4.35059e-16 0)
(1.1 -6.10509e-16 0)
(1.1 -6.04179e-16 0)
(1.1 -4.58922e-16 0)
(1.1 -4.82479e-16 0)
(1.1 -4.05125e-16 0)
(1.1 -4.27066e-16 0)
(1.1 9.50308e-17 0)
(1.1 -1.58446e-16 0)
(1.1 -3.26002e-16 0)
(1.1 -3.69841e-16 0)
(1.1 -7.65083e-16 0)
(1.1 -3.74164e-16 0)
(1.1 -3.77886e-16 0)
(1.1 -2.1242e-16 0)
(1.1 -4.76572e-16 0)
(1.1 -4.77254e-16 0)
(1.1 -4.28276e-16 0)
(1.1 -2.36804e-16 0)
(1.1 -1.73852e-16 0)
(1.1 -4.89506e-17 0)
(1.1 -1.74308e-16 0)
(1.1 -1.11728e-16 0)
(1.1 -3.53655e-17 0)
(1.1 -2.08448e-16 0)
(1.1 -1.12363e-16 0)
(1.1 -2.21169e-16 0)
(1.1 -1.72719e-17 0)
(1.1 2.04161e-16 0)
(1.1 1.60161e-16 0)
(1.1 -2.29594e-16 0)
(1.1 -2.52397e-16 0)
(1.1 -4.84609e-16 0)
(1.1 -1.7561e-16 0)
(1.1 -1.20652e-16 0)
(1.1 -2.48661e-16 0)
(1.1 -3.74607e-16 0)
(1.1 -2.45271e-17 0)
(1.1 -1.53273e-16 0)
(1.1 -1.27637e-16 0)
(1.1 -1.75778e-16 0)
(1.1 2.6791e-17 0)
(1.1 -2.28066e-16 0)
(1.1 -2.18329e-16 0)
(1.1 -2.30369e-16 0)
(1.1 -2.04627e-16 0)
(1.1 1.08825e-16 0)
(1.1 3.2284e-16 0)
(1.1 1.31371e-16 0)
(1.1 1.63251e-17 0)
(1.1 3.08937e-16 0)
(1.1 3.03759e-17 0)
(1.1 3.20737e-16 0)
(1.1 3.7568e-16 0)
(1.1 9.38559e-16 0)
(1.1 1.04058e-15 0)
(1.1 6.1885e-16 0)
(1.1 -3.56872e-16 0)
(1.1 4.93026e-17 0)
(1.1 1.35186e-16 0)
(1.1 -1.66289e-16 0)
(1.1 -3.088e-16 0)
(1.1 2.7285e-18 0)
(1.1 2.14133e-16 0)
(1.1 3.48689e-16 0)
(1.1 4.68892e-16 0)
(1.1 2.63947e-16 0)
(1.1 1.83473e-16 0)
(1.1 9.41702e-17 0)
(1.1 2.18786e-16 0)
(1.1 2.9433e-16 0)
(1.1 2.46224e-16 0)
(1.1 -1.50368e-19 0)
(1.1 4.14669e-16 0)
(1.1 4.82607e-16 0)
(1.1 2.35859e-16 0)
(1.1 2.19599e-16 0)
(1.1 -4.61695e-17 0)
(1.1 -1.30793e-16 0)
(1.1 1.68541e-16 0)
(1.1 3.49737e-16 0)
(1.1 6.36891e-16 0)
(1.1 7.04745e-16 0)
(1.1 8.54694e-16 0)
(1.1 5.84477e-16 0)
(1.1 5.74188e-16 0)
(1.1 2.22329e-16 0)
(1.1 -3.6401e-16 0)
(1.1 -1.52828e-16 0)
(1.1 3.02174e-16 0)
(1.1 6.36646e-16 0)
(1.1 1.09553e-15 0)
(1.1 1.1156e-15 0)
(1.1 7.69068e-16 0)
(1.1 7.53679e-16 0)
(1.1 6.57742e-16 0)
(1.1 8.10002e-16 0)
(1.1 5.91972e-16 0)
(1.1 5.07639e-16 0)
(1.1 2.13162e-16 0)
(1.1 -1.35141e-16 0)
(1.1 3.34404e-18 0)
(1.1 4.60346e-16 0)
(1.1 3.38334e-16 0)
(1.1 -3.1054e-16 0)
(1.1 -3.6539e-16 0)
(1.1 -2.78489e-16 0)
(1.1 -7.16923e-17 0)
(1.1 1.07336e-16 0)
(1.1 1.76633e-16 0)
(1.1 6.73612e-16 0)
(1.1 7.63741e-16 0)
(1.1 7.56461e-16 0)
(1.1 -2.50319e-16 0)
(1.1 -5.91104e-17 0)
(1.1 2.84773e-16 0)
(1.1 5.54321e-16 0)
(1.1 9.08901e-16 0)
(1.1 1.16093e-15 0)
(1.1 9.81603e-16 0)
(1.1 1.00639e-15 0)
(1.1 9.96014e-16 0)
(1.1 1.27434e-15 0)
(1.1 1.36228e-15 0)
(1.1 1.07584e-15 0)
(1.1 7.10554e-16 0)
(1.1 7.78779e-16 0)
(1.1 2.03135e-16 0)
(1.1 2.78866e-17 0)
(1.1 1.5644e-16 0)
(1.1 -8.64118e-19 0)
(1.1 -2.3515e-16 0)
(1.1 -7.35744e-17 0)
(1.1 -3.06979e-16 0)
(1.1 -3.07398e-17 0)
(1.1 -5.5584e-18 0)
(1.1 -5.97118e-17 0)
(1.1 8.56397e-17 0)
(1.1 1.09567e-15 0)
(1.1 6.86861e-16 0)
(1.1 2.35903e-16 0)
(1.1 5.09488e-16 0)
(1.1 7.82656e-16 0)
(1.1 1.08869e-15 0)
(1.1 7.63849e-16 0)
(1.1 2.24174e-16 0)
(1.1 1.05098e-16 0)
(1.1 6.70917e-16 0)
(1.1 8.37929e-16 0)
(1.1 6.91871e-16 0)
(1.1 8.52052e-16 0)
(1.1 8.63391e-16 0)
(1.1 6.84259e-16 0)
(1.1 4.45159e-16 0)
(1.1 6.05986e-16 0)
(1.1 4.68178e-16 0)
(1.1 1.01532e-16 0)
(1.1 -2.20446e-16 0)
(1.1 1.55835e-16 0)
(1.1 1.88142e-16 0)
(1.1 -5.72984e-16 0)
(1.1 -3.94163e-16 0)
(1.1 8.09847e-17 0)
(1.1 5.30973e-16 0)
(1.1 4.40021e-16 0)
(1.1 3.09304e-16 0)
(1.1 -3.11114e-16 0)
(1.1 3.90705e-16 0)
(1.1 3.84944e-16 0)
(1.1 6.05732e-16 0)
(1.1 7.90066e-16 0)
(1.1 4.49452e-17 0)
(1.1 1.28693e-16 0)
(1.1 7.891e-17 0)
(1.1 4.65979e-16 0)
(1.1 7.4669e-16 0)
(1.1 4.77079e-16 0)
(1.1 2.26154e-16 0)
(1.1 5.01412e-16 0)
(1.1 3.03959e-16 0)
(1.1 2.82197e-16 0)
(1.1 8.05233e-16 0)
(1.1 6.87723e-16 0)
(1.1 9.28021e-17 0)
(1.1 1.12256e-16 0)
(1.1 5.4167e-16 0)
(1.1 1.01538e-16 0)
(1.1 -3.04093e-16 0)
(1.1 -3.45532e-16 0)
(1.1 1.67467e-16 0)
(1.1 1.26416e-16 0)
(1.1 -2.01215e-17 0)
(1.1 -4.51895e-16 0)
(1.1 -4.05843e-16 0)
(1.1 2.62559e-16 0)
(1.1 -1.13806e-16 0)
(1.1 -7.64577e-17 0)
(1.1 2.55209e-16 0)
(1.1 2.73797e-16 0)
(1.1 2.25088e-16 0)
(1.1 2.9201e-16 0)
(1.1 1.78445e-16 0)
(1.1 4.75036e-17 0)
(1.1 -2.10127e-16 0)
(1.1 -4.95005e-17 0)
(1.1 2.29715e-17 0)
(1.1 4.40084e-16 0)
(1.1 5.73895e-16 0)
(1.1 3.23842e-16 0)
(1.1 3.7642e-16 0)
(1.1 2.52188e-16 0)
(1.1 3.57632e-16 0)
(1.1 4.33419e-16 0)
(1.1 3.11333e-16 0)
(1.1 8.95246e-17 0)
(1.1 -1.90803e-16 0)
(1.1 -2.21506e-16 0)
(1.1 -6.95003e-16 0)
(1.1 -1.03528e-15 0)
(1.1 -8.12657e-16 0)
(1.1 -5.18698e-16 0)
(1.1 -4.20722e-16 0)
(1.1 -5.07887e-16 0)
(1.1 -1.44703e-16 0)
(1.1 -1.53289e-16 0)
(1.1 6.09335e-16 0)
(1.1 6.19128e-16 0)
(1.1 4.10127e-16 0)
(1.1 -2.45183e-16 0)
(1.1 -8.01163e-16 0)
(1.1 -5.19793e-16 0)
(1.1 -1.16155e-16 0)
(1.1 1.34399e-16 0)
(1.1 3.32888e-16 0)
(1.1 5.19667e-16 0)
(1.1 -1.06099e-16 0)
(1.1 -5.16748e-18 0)
(1.1 3.97471e-16 0)
(1.1 6.48414e-16 0)
(1.1 6.35878e-16 0)
(1.1 2.75646e-16 0)
(1.1 3.07521e-16 0)
(1.1 1.11601e-16 0)
(1.1 -9.19366e-17 0)
(1.1 -9.40303e-17 0)
(1.1 -5.93875e-16 0)
(1.1 -5.72694e-16 0)
(1.1 -6.97401e-16 0)
(1.1 -2.51355e-16 0)
(1.1 -2.77902e-16 0)
(1.1 1.38038e-17 0)
(1.1 -1.50833e-16 0)
(1.1 7.09876e-16 0)
(1.1 5.02164e-16 0)
(1.1 5.42711e-16 0)
(1.1 8.75944e-17 0)
(1.1 -3.6999e-16 0)
(1.1 3.32697e-17 0)
(1.1 2.28245e-17 0)
(1.1 -2.96665e-16 0)
(1.1 1.30014e-16 0)
(1.1 2.1837e-17 0)
(1.1 -2.75767e-16 0)
(1.1 -2.30845e-16 0)
(1.1 1.8864e-16 0)
(1.1 5.01237e-16 0)
(1.1 2.15553e-16 0)
(1.1 2.01204e-16 0)
(1.1 7.18664e-16 0)
(1.1 5.93262e-16 0)
(1.1 2.81632e-16 0)
(1.1 4.75405e-16 0)
(1.1 1.94614e-16 0)
(1.1 -1.46255e-16 0)
(1.1 -4.74816e-16 0)
(1.1 -8.33053e-16 0)
(1.1 -5.70087e-16 0)
(1.1 2.69797e-16 0)
(1.1 2.3374e-16 0)
(1.1 7.33852e-17 0)
(1.1 3.65457e-16 0)
(1.1 7.17697e-16 0)
(1.1 -5.59146e-16 0)
(1.1 7.3012e-17 0)
(1.1 1.68092e-16 0)
(1.1 -1.69839e-16 0)
(1.1 -4.7561e-17 0)
(1.1 3.66852e-17 0)
(1.1 -5.22731e-16 0)
(1.1 -3.53866e-16 0)
(1.1 -3.89863e-16 0)
(1.1 -2.49189e-16 0)
(1.1 2.29869e-16 0)
(1.1 2.16323e-16 0)
(1.1 5.69672e-16 0)
(1.1 7.73516e-16 0)
(1.1 8.69665e-16 0)
(1.1 5.15392e-16 0)
(1.1 7.04745e-16 0)
(1.1 3.88304e-16 0)
(1.1 -2.06692e-16 0)
(1.1 -6.03756e-16 0)
(1.1 -4.9656e-16 0)
(1.1 4.68134e-16 0)
(1.1 9.56199e-16 0)
(1.1 7.69426e-16 0)
(1.1 6.67488e-16 0)
(1.1 1.05001e-15 0)
(1.1 5.8767e-16 0)
(1.1 -4.57843e-16 0)
(1.1 4.16047e-16 0)
(1.1 3.09107e-16 0)
(1.1 3.82056e-16 0)
(1.1 4.2215e-16 0)
(1.1 2.30961e-16 0)
(1.1 -1.05142e-16 0)
(1.1 -1.27223e-16 0)
(1.1 4.19151e-17 0)
(1.1 -3.3859e-16 0)
(1.1 -6.97942e-17 0)
(1.1 9.5835e-17 0)
(1.1 2.0488e-16 0)
(1.1 3.52502e-16 0)
(1.1 6.45297e-16 0)
(1.1 8.25082e-16 0)
(1.1 5.74786e-16 0)
(1.1 5.02538e-16 0)
(1.1 -4.01556e-17 0)
(1.1 7.59279e-17 0)
(1.1 2.89546e-16 0)
(1.1 5.92207e-16 0)
(1.1 2.40838e-16 0)
(1.1 5.4282e-16 0)
(1.1 9.95591e-16 0)
(1.1 1.02443e-15 0)
(1.1 5.96086e-16 0)
(1.1 -1.64519e-16 0)
(1.1 8.42725e-17 0)
(1.1 5.90148e-16 0)
(1.1 6.06624e-16 0)
(1.1 5.68599e-16 0)
(1.1 3.16699e-16 0)
(1.1 -8.99677e-17 0)
(1.1 -2.15139e-16 0)
(1.1 1.63405e-16 0)
(1.1 1.04885e-16 0)
(1.1 5.96012e-19 0)
(1.1 9.79442e-17 0)
(1.1 4.82512e-17 0)
(1.1 3.98459e-16 0)
(1.1 5.82362e-16 0)
(1.1 4.30192e-16 0)
(1.1 6.62763e-16 0)
(1.1 7.58413e-16 0)
(1.1 5.43499e-16 0)
(1.1 6.16132e-16 0)
(1.1 5.32881e-16 0)
(1.1 3.46382e-16 0)
(1.1 -1.37346e-16 0)
(1.1 3.95956e-16 0)
(1.1 3.63466e-16 0)
(1.1 2.79049e-16 0)
(1.1 6.41451e-16 0)
(1.1 -3.6421e-17 0)
(1.1 2.65949e-16 0)
(1.1 5.33307e-16 0)
(1.1 3.54123e-16 0)
(1.1 3.1315e-16 0)
(1.1 -1.08916e-16 0)
(1.1 6.85418e-17 0)
(1.1 1.35367e-16 0)
(1.1 -4.15857e-19 0)
(1.1 2.24146e-16 0)
(1.1 -4.94991e-17 0)
(1.1 -3.68083e-17 0)
(1.1 1.05036e-16 0)
(1.1 2.68852e-16 0)
(1.1 2.89859e-16 0)
(1.1 1.84305e-16 0)
(1.1 2.8511e-16 0)
(1.1 4.6196e-16 0)
(1.1 8.84469e-16 0)
(1.1 7.88823e-16 0)
(1.1 3.10021e-16 0)
(1.1 4.43368e-16 0)
(1.1 4.09593e-17 0)
(1.1 -2.23312e-17 0)
(1.1 -5.28982e-16 0)
(1.1 -3.97998e-16 0)
(1.1 5.04534e-17 0)
(1.1 -2.34116e-16 0)
(1.1 -2.64709e-16 0)
(1.1 3.61313e-16 0)
(1.1 1.71768e-16 0)
(1.1 -1.34738e-16 0)
(1.1 1.75482e-16 0)
(1.1 4.81633e-16 0)
(1.1 5.67851e-16 0)
(1.1 3.01193e-16 0)
(1.1 3.15577e-16 0)
(1.1 -1.0493e-16 0)
(1.1 2.40254e-17 0)
(1.1 5.49973e-17 0)
(1.1 -1.44029e-16 0)
(1.1 -3.12987e-16 0)
(1.1 1.52385e-16 0)
(1.1 -1.2495e-16 0)
(1.1 8.16445e-17 0)
(1.1 4.13131e-16 0)
(1.1 4.87329e-16 0)
(1.1 3.2384e-16 0)
(1.1 1.66377e-16 0)
(1.1 -3.0711e-16 0)
(1.1 -3.96416e-16 0)
(1.1 -2.17245e-16 0)
(1.1 -3.55195e-16 0)
(1.1 -2.47087e-16 0)
(1.1 -5.32638e-16 0)
(1.1 -5.96002e-16 0)
(1.1 -5.7038e-16 0)
(1.1 -3.72588e-16 0)
(1.1 -4.14177e-16 0)
(1.1 1.8606e-18 0)
(1.1 4.87699e-16 0)
(1.1 6.0827e-16 0)
(1.1 1.07383e-15 0)
(1.1 9.73082e-16 0)
(1.1 4.09277e-16 0)
(1.1 1.15032e-16 0)
(1.1 1.88903e-16 0)
(1.1 -4.83089e-17 0)
(1.1 -6.47937e-16 0)
(1.1 -2.33802e-16 0)
(1.1 -2.51333e-16 0)
(1.1 -1.0996e-16 0)
(1.1 3.02896e-16 0)
(1.1 9.92276e-17 0)
(1.1 4.02687e-16 0)
(1.1 -8.19523e-17 0)
(1.1 -5.74552e-16 0)
(1.1 -3.89475e-16 0)
(1.1 1.26191e-16 0)
(1.1 2.15429e-16 0)
(1.1 1.43286e-16 0)
(1.1 -6.74414e-16 0)
(1.1 -7.68938e-16 0)
(1.1 -1.19039e-15 0)
(1.1 -7.38115e-16 0)
(1.1 4.43259e-16 0)
(1.1 5.5795e-16 0)
(1.1 -5.66931e-17 0)
(1.1 9.6727e-17 0)
(1.1 6.96186e-16 0)
(1.1 1.12163e-15 0)
(1.1 8.45589e-16 0)
(1.1 5.09409e-16 0)
(1.1 4.94436e-16 0)
(1.1 2.14306e-16 0)
(1.1 -3.72746e-16 0)
(1.1 -1.89162e-17 0)
(1.1 8.54602e-17 0)
(1.1 1.22281e-16 0)
(1.1 2.17974e-16 0)
(1.1 -1.2425e-16 0)
(1.1 2.83972e-17 0)
(1.1 -4.3216e-17 0)
(1.1 -2.82052e-16 0)
(1.1 -1.7589e-16 0)
(1.1 1.62575e-16 0)
(1.1 4.83796e-16 0)
(1.1 4.83688e-16 0)
(1.1 -1.22578e-15 0)
(1.1 -6.52918e-16 0)
(1.1 -6.04068e-16 0)
(1.1 -6.04391e-16 0)
(1.1 3.98142e-17 0)
(1.1 9.33398e-17 0)
(1.1 1.33954e-16 0)
(1.1 2.92744e-16 0)
(1.1 1.79929e-16 0)
(1.1 4.32725e-16 0)
(1.1 5.0565e-16 0)
(1.1 4.9274e-16 0)
(1.1 7.9405e-16 0)
(1.1 4.41565e-16 0)
(1.1 3.66453e-16 0)
(1.1 -6.51116e-17 0)
(1.1 2.2065e-16 0)
(1.1 1.18051e-16 0)
(1.1 1.47722e-17 0)
(1.1 -2.14996e-16 0)
(1.1 -3.02204e-16 0)
(1.1 1.8331e-16 0)
(1.1 1.72871e-16 0)
(1.1 8.91157e-17 0)
(1.1 -7.81651e-17 0)
(1.1 -4.09164e-16 0)
(1.1 -2.97881e-16 0)
(1.1 -1.51617e-15 0)
(1.1 -1.35403e-15 0)
(1.1 -6.7691e-16 0)
(1.1 -7.51364e-16 0)
(1.1 -8.55647e-16 0)
(1.1 -6.99524e-16 0)
(1.1 -1.74741e-18 0)
(1.1 1.65245e-16 0)
(1.1 3.37866e-17 0)
(1.1 -3.30095e-16 0)
(1.1 1.80984e-16 0)
(1.1 2.68736e-16 0)
(1.1 1.09246e-16 0)
(1.1 2.28481e-16 0)
(1.1 4.01235e-16 0)
(1.1 -2.1913e-16 0)
(1.1 -2.69538e-16 0)
(1.1 -2.0799e-16 0)
(1.1 2.62334e-17 0)
(1.1 2.66529e-16 0)
(1.1 1.3258e-16 0)
(1.1 3.10742e-16 0)
(1.1 5.25826e-16 0)
(1.1 2.02053e-16 0)
(1.1 -1.86827e-17 0)
(1.1 -3.04456e-16 0)
(1.1 -8.61542e-17 0)
(1.1 -1.48546e-15 0)
(1.1 -1.44636e-15 0)
(1.1 -1.10029e-15 0)
(1.1 -8.06837e-16 0)
(1.1 -1.35209e-15 0)
(1.1 -1.21209e-15 0)
(1.1 -4.02709e-16 0)
(1.1 1.24403e-16 0)
(1.1 -1.60767e-16 0)
(1.1 -7.55029e-16 0)
(1.1 -8.05153e-16 0)
(1.1 -4.68443e-16 0)
(1.1 -5.82219e-16 0)
(1.1 -2.32519e-16 0)
(1.1 -3.11314e-16 0)
(1.1 -4.08904e-16 0)
(1.1 -5.56022e-16 0)
(1.1 -5.02941e-16 0)
(1.1 -3.3167e-16 0)
(1.1 4.24789e-16 0)
(1.1 4.84577e-16 0)
(1.1 4.14167e-16 0)
(1.1 4.05313e-16 0)
(1.1 3.60468e-16 0)
(1.1 6.39509e-16 0)
(1.1 5.90154e-16 0)
(1.1 8.65102e-16 0)
(1.1 -8.80595e-16 0)
(1.1 -1.04342e-15 0)
(1.1 -8.38918e-16 0)
(1.1 -9.47916e-16 0)
(1.1 -1.37082e-15 0)
(1.1 -7.82066e-16 0)
(1.1 -3.22109e-16 0)
(1.1 -2.64617e-16 0)
(1.1 -1.03446e-15 0)
(1.1 -1.1185e-15 0)
(1.1 -1.42099e-15 0)
(1.1 -1.43581e-15 0)
(1.1 -9.76292e-16 0)
(1.1 -7.32091e-16 0)
(1.1 -7.79356e-16 0)
(1.1 -5.89821e-16 0)
(1.1 -4.07286e-16 0)
(1.1 -3.80407e-16 0)
(1.1 2.04425e-16 0)
(1.1 3.02934e-16 0)
(1.1 6.47461e-16 0)
(1.1 4.25625e-16 0)
(1.1 3.44249e-16 0)
(1.1 5.79327e-16 0)
(1.1 1.08374e-15 0)
(1.1 1.09636e-15 0)
(1.1 7.12475e-16 0)
(1.1 -1.07121e-15 0)
(1.1 -1.57598e-15 0)
(1.1 -1.501e-15 0)
(1.1 -1.41492e-15 0)
(1.1 -1.29284e-15 0)
(1.1 -1.20215e-15 0)
(1.1 -9.85012e-16 0)
(1.1 -1.296e-15 0)
(1.1 -1.49315e-15 0)
(1.1 -1.40827e-15 0)
(1.1 -1.55628e-15 0)
(1.1 -1.58164e-15 0)
(1.1 -8.3302e-16 0)
(1.1 -9.75269e-16 0)
(1.1 -1.02522e-15 0)
(1.1 -9.87696e-16 0)
(1.1 -4.23911e-16 0)
(1.1 -8.86307e-18 0)
(1.1 6.64088e-16 0)
(1.1 6.66061e-16 0)
(1.1 5.7506e-16 0)
(1.1 9.39498e-16 0)
(1.1 9.24144e-16 0)
(1.1 1.26287e-15 0)
(1.1 1.24009e-15 0)
(1.1 1.20925e-15 0)
(1.1 6.10931e-16 0)
(1.1 -1.26687e-15 0)
(1.1 -1.19513e-15 0)
(1.1 -1.23729e-15 0)
(1.1 -1.27228e-15 0)
(1.1 -1.07078e-15 0)
(1.1 -1.16893e-15 0)
(1.1 -1.04172e-15 0)
(1.1 -1.22622e-15 0)
(1.1 -1.36477e-15 0)
(1.1 -1.34379e-15 0)
(1.1 -1.36167e-15 0)
(1.1 -1.34228e-15 0)
(1.1 -9.53737e-16 0)
(1.1 -1.2388e-15 0)
(1.1 -9.22439e-16 0)
(1.1 -4.92293e-16 0)
(1.1 2.46715e-16 0)
(1.1 9.52564e-16 0)
(1.1 8.39698e-16 0)
(1.1 1.3034e-15 0)
(1.1 1.26633e-15 0)
(1.1 1.72469e-15 0)
(1.1 1.77651e-15 0)
(1.1 1.40117e-15 0)
(1.1 1.2305e-15 0)
(1.1 1.5651e-15 0)
(1.1 1.42274e-15 0)
(1.1 -9.1903e-16 0)
(1.1 -6.33726e-16 0)
(1.1 -9.78204e-16 0)
(1.1 -1.37406e-15 0)
(1.1 -1.23385e-15 0)
(1.1 -1.40009e-15 0)
(1.1 -1.66458e-15 0)
(1.1 -1.70946e-15 0)
(1.1 -1.57732e-15 0)
(1.1 -1.4844e-15 0)
(1.1 -1.21724e-15 0)
(1.1 -1.05865e-15 0)
(1.1 -1.17473e-15 0)
(1.1 -9.01756e-16 0)
(1.1 -5.69544e-16 0)
(1.1 1.00407e-16 0)
(1.1 5.40739e-17 0)
(1.1 6.7403e-16 0)
(1.1 6.58116e-16 0)
(1.1 1.10597e-15 0)
(1.1 1.63953e-15 0)
(1.1 1.62591e-15 0)
(1.1 1.88459e-15 0)
(1.1 1.41346e-15 0)
(1.1 8.9067e-16 0)
(1.1 1.38004e-15 0)
(1.1 1.18204e-15 0)
(1.1 1.36039e-16 0)
(1.1 -3.95959e-16 0)
(1.1 -1.4243e-15 0)
(1.1 -1.3369e-15 0)
(1.1 -1.63298e-15 0)
(1.1 -1.82073e-15 0)
(1.1 -2.16796e-15 0)
(1.1 -2.04438e-15 0)
(1.1 -1.72084e-15 0)
(1.1 -1.30867e-15 0)
(1.1 -9.39775e-16 0)
(1.1 -6.77386e-16 0)
(1.1 -8.43848e-16 0)
(1.1 -4.77041e-16 0)
(1.1 -2.69513e-16 0)
(1.1 -3.76617e-16 0)
(1.1 -4.03683e-16 0)
(1.1 -2.67759e-16 0)
(1.1 2.1304e-16 0)
(1.1 3.07618e-16 0)
(1.1 6.08244e-16 0)
(1.1 3.88966e-16 0)
(1.1 8.6598e-16 0)
(1.1 7.99569e-16 0)
(1.1 2.73504e-16 0)
(1.1 4.92362e-16 0)
(1.1 1.54929e-16 0)
(1.1 -4.00942e-16 0)
(1.1 -5.86722e-16 0)
(1.1 -1.64431e-15 0)
(1.1 -1.44955e-15 0)
(1.1 -1.48258e-15 0)
(1.1 -1.89133e-15 0)
(1.1 -1.80874e-15 0)
(1.1 -1.84464e-15 0)
(1.1 -1.23944e-15 0)
(1.1 -7.09972e-16 0)
(1.1 -8.53779e-16 0)
(1.1 -6.28615e-16 0)
(1.1 -6.1196e-16 0)
(1.1 -1.17978e-16 0)
(1.1 3.43196e-17 0)
(1.1 3.70228e-17 0)
(1.1 -7.50099e-17 0)
(1.1 -1.81218e-16 0)
(1.1 1.31622e-16 0)
(1.1 2.21416e-16 0)
(1.1 5.59074e-18 0)
(1.1 -1.29363e-16 0)
(1.1 2.21438e-16 0)
(1.1 4.71477e-16 0)
(1.1 1.10949e-16 0)
(1.1 -5.66413e-17 0)
(1.1 -7.86482e-17 0)
(1.1 -1.10001e-15 0)
(1.1 -1.03718e-15 0)
(1.1 -1.24204e-15 0)
(1.1 -1.64399e-15 0)
(1.1 -1.28534e-15 0)
(1.1 -1.23334e-15 0)
(1.1 -1.05346e-15 0)
(1.1 -7.3146e-16 0)
(1.1 1.72873e-17 0)
(1.1 8.2253e-17 0)
(1.1 -3.44225e-17 0)
(1.1 -2.90695e-16 0)
(1.1 -1.84052e-16 0)
(1.1 -7.77583e-17 0)
(1.1 -8.51978e-17 0)
(1.1 2.10942e-16 0)
(1.1 -3.13487e-17 0)
(1.1 -4.81655e-17 0)
(1.1 -3.23695e-17 0)
(1.1 -7.08645e-17 0)
(1.1 -6.07514e-18 0)
(1.1 3.56892e-16 0)
(1.1 2.05152e-16 0)
(1.1 2.09222e-16 0)
(1.1 -3.4952e-16 0)
(1.1 -4.95443e-16 0)
(1.1 3.4804e-16 0)
(1.1 -3.33428e-16 0)
(1.1 -8.26268e-16 0)
(1.1 -5.82441e-16 0)
(1.1 -8.57838e-16 0)
(1.1 -8.14484e-16 0)
(1.1 -5.17083e-16 0)
(1.1 -4.00104e-16 0)
(1.1 -3.35005e-16 0)
(1.1 -6.2693e-17 0)
(1.1 3.44151e-17 0)
(1.1 1.29159e-16 0)
(1.1 2.71243e-17 0)
(1.1 3.17511e-17 0)
(1.1 3.56015e-16 0)
(1.1 3.3825e-17 0)
(1.1 -6.7074e-16 0)
(1.1 -6.24225e-16 0)
(1.1 -4.18094e-16 0)
(1.1 -2.68896e-16 0)
(1.1 -2.67522e-16 0)
(1.1 4.95516e-17 0)
(1.1 6.64894e-16 0)
(1.1 3.49555e-16 0)
(1.1 -4.90889e-17 0)
(1.1 2.30003e-16 0)
(1.1 1.14714e-16 0)
(1.1 3.06534e-16 0)
(1.1 -2.45765e-16 0)
(1.1 -2.26176e-18 0)
(1.1 -1.9506e-17 0)
(1.1 -2.12017e-16 0)
(1.1 -1.67464e-16 0)
(1.1 -7.03901e-16 0)
(1.1 -7.36106e-16 0)
(1.1 -6.32052e-16 0)
(1.1 -3.36822e-16 0)
(1.1 -3.56103e-16 0)
(1.1 -1.22534e-16 0)
(1.1 1.60226e-16 0)
(1.1 4.48166e-17 0)
(1.1 4.17114e-16 0)
(1.1 4.4517e-16 0)
(1.1 1.22794e-16 0)
(1.1 2.4995e-16 0)
(1.1 4.52081e-17 0)
(1.1 8.00686e-17 0)
(1.1 4.50011e-17 0)
(1.1 3.23692e-16 0)
(1.1 4.77518e-16 0)
(1.1 1.1277e-16 0)
(1.1 -1.02864e-16 0)
(1.1 3.33312e-16 0)
(1.1 -3.82212e-17 0)
(1.1 -6.45594e-17 0)
(1.1 -4.09524e-16 0)
(1.1 1.25569e-16 0)
(1.1 1.87211e-16 0)
(1.1 -3.15266e-16 0)
(1.1 -4.21695e-16 0)
(1.1 -9.13648e-16 0)
(1.1 -9.71693e-16 0)
(1.1 -8.53367e-16 0)
(1.1 -1.02821e-15 0)
(1.1 -8.40863e-16 0)
(1.1 1.17057e-16 0)
(1.1 1.69018e-17 0)
(1.1 2.93235e-16 0)
(1.1 8.27969e-17 0)
(1.1 5.09467e-16 0)
(1.1 1.08632e-15 0)
(1.1 1.08559e-15 0)
(1.1 7.48032e-16 0)
(1.1 5.44441e-16 0)
(1.1 3.97679e-16 0)
(1.1 -1.76187e-16 0)
(1.1 -4.56199e-16 0)
(1.1 -5.54804e-16 0)
(1.1 -5.2945e-16 0)
(1.1 -3.98331e-16 0)
(1.1 -4.41529e-16 0)
(1.1 -4.21522e-16 0)
(1.1 -4.17581e-16 0)
(1.1 -3.94777e-16 0)
(1.1 -3.16652e-16 0)
(1.1 -4.46934e-16 0)
(1.1 -1.00101e-15 0)
(1.1 -6.05174e-16 0)
(1.1 -6.35772e-16 0)
(1.1 -4.431e-16 0)
(1.1 -6.60715e-16 0)
(1.1 -6.16021e-16 0)
(1.1 -4.42311e-16 0)
(1.1 -6.76052e-17 0)
(1.1 7.7684e-16 0)
(1.1 7.26621e-16 0)
(1.1 1.14808e-15 0)
(1.1 1.0143e-15 0)
(1.1 1.14884e-15 0)
(1.1 1.3169e-15 0)
(1.1 7.42355e-16 0)
(1.1 1.26736e-16 0)
(1.1 -6.16187e-16 0)
(1.1 -1.12179e-15 0)
(1.1 -1.31587e-15 0)
(1.1 -9.38949e-16 0)
(1.1 -9.69947e-16 0)
(1.1 -2.98611e-16 0)
(1.1 -4.33885e-16 0)
(1.1 -9.75044e-16 0)
(1.1 -6.5e-16 0)
(1.1 -6.54091e-16 0)
(1.1 -3.09178e-16 0)
(1.1 -3.03831e-16 0)
(1.1 5.31333e-17 0)
(1.1 -5.72911e-17 0)
(1.1 -5.01368e-17 0)
(1.1 -3.24143e-16 0)
(1.1 -6.40997e-16 0)
(1.1 -5.02847e-16 0)
(1.1 1.87048e-16 0)
(1.1 4.13838e-16 0)
(1.1 6.18414e-16 0)
(1.1 9.80781e-16 0)
(1.1 7.3615e-16 0)
(1.1 8.98705e-16 0)
(1.1 8.09577e-16 0)
(1.1 -1.58202e-18 0)
(1.1 -6.03706e-16 0)
(1.1 -6.59661e-16 0)
(1.1 -1.0362e-15 0)
(1.1 -1.19692e-15 0)
(1.1 -1.11224e-15 0)
(1.1 -6.859e-16 0)
(1.1 -5.47076e-16 0)
(1.1 -3.5172e-16 0)
(1.1 -9.78382e-16 0)
(1.1 -7.81619e-16 0)
(1.1 -4.54898e-16 0)
(1.1 -3.2806e-16 0)
(1.1 2.57224e-17 0)
(1.1 -1.3127e-16 0)
(1.1 1.84672e-17 0)
(1.1 6.47249e-17 0)
(1.1 -9.91572e-17 0)
(1.1 -4.22675e-16 0)
(1.1 -2.61136e-16 0)
(1.1 7.80866e-17 0)
(1.1 -3.27285e-16 0)
(1.1 2.02391e-16 0)
(1.1 4.10827e-16 0)
(1.1 6.49736e-16 0)
(1.1 5.12789e-16 0)
(1.1 -2.93378e-16 0)
(1.1 -5.56814e-16 0)
(1.1 -5.56557e-16 0)
(1.1 -5.4436e-16 0)
(1.1 -9.57124e-16 0)
(1.1 -9.42233e-16 0)
(1.1 -9.61568e-16 0)
(1.1 -1.267e-15 0)
(1.1 -1.02661e-15 0)
(1.1 -6.69652e-16 0)
(1.1 -7.25318e-16 0)
(1.1 -6.21971e-16 0)
(1.1 -3.14963e-16 0)
(1.1 -1.25381e-16 0)
(1.1 -4.89432e-16 0)
(1.1 -3.50002e-16 0)
(1.1 -2.08913e-16 0)
(1.1 -3.92644e-16 0)
(1.1 -8.68142e-17 0)
(1.1 -4.29816e-16 0)
(1.1 -2.22749e-16 0)
(1.1 -3.16309e-16 0)
(1.1 -2.53862e-16 0)
(1.1 5.78233e-17 0)
(1.1 2.50415e-16 0)
(1.1 4.50299e-16 0)
(1.1 3.51414e-16 0)
(1.1 -4.89838e-16 0)
(1.1 -5.46288e-16 0)
(1.1 -2.09077e-16 0)
(1.1 5.08997e-16 0)
(1.1 1.85999e-16 0)
(1.1 -1.78436e-16 0)
(1.1 -3.66586e-16 0)
(1.1 -1.1415e-15 0)
(1.1 -5.26755e-16 0)
(1.1 -3.83706e-16 0)
(1.1 -5.69583e-16 0)
(1.1 -4.67171e-16 0)
(1.1 -4.46424e-16 0)
(1.1 -1.15889e-16 0)
(1.1 -4.83518e-16 0)
(1.1 -4.86347e-16 0)
(1.1 -1.79087e-16 0)
(1.1 -4.5636e-16 0)
(1.1 -3.88421e-16 0)
(1.1 -1.41995e-16 0)
(1.1 8.50935e-17 0)
(1.1 -7.24779e-17 0)
(1.1 -1.70488e-16 0)
(1.1 1.02916e-16 0)
(1.1 1.17778e-16 0)
(1.1 7.74651e-16 0)
(1.1 -2.48853e-16 0)
(1.1 -5.66359e-16 0)
(1.1 -1.34893e-16 0)
(1.1 -8.68284e-17 0)
(1.1 3.83183e-16 0)
(1.1 3.44773e-16 0)
(1.1 5.82503e-16 0)
(1.1 2.51736e-16 0)
(1.1 -1.92117e-17 0)
(1.1 3.19604e-16 0)
(1.1 2.57766e-16 0)
(1.1 -6.00883e-16 0)
(1.1 -5.90863e-16 0)
(1.1 -3.93923e-16 0)
(1.1 -2.80085e-16 0)
(1.1 -1.40553e-16 0)
(1.1 -3.19551e-16 0)
(1.1 -3.97789e-16 0)
(1.1 7.32799e-17 0)
(1.1 -2.08484e-16 0)
(1.1 1.116e-16 0)
(1.1 3.57595e-16 0)
(1.1 4.04862e-16 0)
(1.1 2.17416e-16 0)
(1.1 4.3863e-16 0)
(1.1 3.17212e-16 0)
(1.1 8.69443e-16 0)
(1.1 4.81296e-16 0)
(1.1 2.03231e-16 0)
(1.1 2.59515e-16 0)
(1.1 2.40757e-16 0)
(1.1 1.40048e-16 0)
(1.1 -4.19313e-17 0)
(1.1 2.88384e-16 0)
(1.1 8.94233e-17 0)
(1.1 2.41595e-16 0)
(1.1 7.92296e-17 0)
(1.1 2.09438e-16 0)
(1.1 -7.10998e-17 0)
(1.1 5.23071e-17 0)
(1.1 2.16627e-16 0)
(1.1 4.43202e-16 0)
(1.1 5.16115e-16 0)
(1.1 2.78459e-16 0)
(1.1 -3.22399e-16 0)
(1.1 -5.12079e-17 0)
(1.1 1.68424e-16 0)
(1.1 3.06246e-16 0)
(1.1 5.17686e-16 0)
(1.1 6.65966e-16 0)
(1.1 6.75882e-16 0)
(1.1 3.62435e-16 0)
(1.1 4.53168e-16 0)
(1.1 5.06096e-16 0)
(1.1 9.47038e-16 0)
(1.1 9.09196e-16 0)
(1.1 1.03165e-16 0)
(1.1 -2.76609e-17 0)
(1.1 -6.37594e-16 0)
(1.1 -4.40085e-16 0)
(1.1 -1.49931e-16 0)
(1.1 -2.08494e-16 0)
(1.1 4.84892e-17 0)
(1.1 -4.20554e-16 0)
(1.1 -3.96411e-16 0)
(1.1 5.64369e-16 0)
(1.1 7.35722e-16 0)
(1.1 6.85722e-16 0)
(1.1 8.73262e-16 0)
(1.1 1.10578e-15 0)
(1.1 1.10804e-15 0)
(1.1 6.50687e-16 0)
(1.1 5.43493e-16 0)
(1.1 8.66404e-16 0)
(1.1 6.53918e-16 0)
(1.1 3.00075e-16 0)
(1.1 5.3881e-16 0)
(1.1 2.80173e-16 0)
(1.1 4.599e-16 0)
(1.1 4.29513e-16 0)
(1.1 1.61768e-16 0)
(1.1 4.36849e-16 0)
(1.1 3.15605e-16 0)
(1.1 -2.94204e-16 0)
(1.1 -2.97592e-16 0)
(1.1 -7.03946e-16 0)
(1.1 -1.20274e-15 0)
(1.1 -8.9592e-16 0)
(1.1 -5.08753e-16 0)
(1.1 -1.74814e-16 0)
(1.1 -1.68671e-16 0)
(1.1 -1.10598e-16 0)
(1.1 1.0206e-15 0)
(1.1 9.39178e-16 0)
(1.1 9.41653e-16 0)
(1.1 6.92174e-16 0)
(1.1 1.14963e-15 0)
(1.1 9.81148e-16 0)
(1.1 1.03768e-15 0)
(1.1 1.04455e-15 0)
(1.1 9.04781e-16 0)
(1.1 2.97835e-16 0)
(1.1 3.62642e-17 0)
(1.1 -9.90272e-18 0)
(1.1 1.9405e-16 0)
(1.1 2.82721e-16 0)
(1.1 2.63387e-16 0)
(1.1 -5.30651e-16 0)
(1.1 -8.31331e-16 0)
(1.1 -8.3194e-16 0)
(1.1 -8.18843e-16 0)
(1.1 -8.96973e-16 0)
(1.1 -1.27212e-15 0)
(1.1 -1.58859e-15 0)
(1.1 -1.41153e-15 0)
(1.1 -8.40366e-16 0)
(1.1 -3.70856e-16 0)
(1.1 6.86395e-17 0)
(1.1 2.36073e-16 0)
(1.1 1.08303e-15 0)
(1.1 1.06913e-15 0)
(1.1 1.09493e-15 0)
(1.1 8.41735e-16 0)
(1.1 1.01807e-15 0)
(1.1 1.09774e-15 0)
(1.1 1.53999e-15 0)
(1.1 1.43622e-15 0)
(1.1 1.0505e-15 0)
(1.1 7.87916e-16 0)
(1.1 4.5421e-16 0)
(1.1 1.01202e-16 0)
(1.1 3.67712e-16 0)
(1.1 -6.68649e-18 0)
(1.1 -5.81629e-16 0)
(1.1 -1.3648e-15 0)
(1.1 -1.3275e-15 0)
(1.1 -1.21431e-15 0)
(1.1 -1.204e-15 0)
(1.1 -7.99578e-16 0)
(1.1 -9.66952e-16 0)
(1.1 -8.87226e-16 0)
(1.1 -8.7224e-16 0)
(1.1 -7.65602e-16 0)
(1.1 -4.90887e-16 0)
(1.1 1.26074e-16 0)
(1.1 2.49187e-16 0)
(1.1 5.94072e-16 0)
(1.1 7.70328e-16 0)
(1.1 6.22871e-16 0)
(1.1 7.33324e-16 0)
(1.1 1.2718e-15 0)
(1.1 1.66089e-15 0)
(1.1 1.92297e-15 0)
(1.1 1.72073e-15 0)
(1.1 1.18661e-15 0)
(1.1 1.50032e-15 0)
(1.1 5.83273e-16 0)
(1.1 3.89223e-16 0)
(1.1 -4.12781e-17 0)
(1.1 -4.13847e-16 0)
(1.1 -1.0928e-15 0)
(1.1 -1.78222e-15 0)
(1.1 -1.52244e-15 0)
(1.1 -1.61663e-15 0)
(1.1 -1.6186e-15 0)
(1.1 -7.0654e-16 0)
(1.1 -6.96423e-16 0)
(1.1 -6.71702e-16 0)
(1.1 -1.12438e-15 0)
(1.1 -1.09793e-15 0)
(1.1 -4.22672e-16 0)
(1.1 -5.98547e-16 0)
(1.1 5.88272e-17 0)
(1.1 5.90656e-16 0)
(1.1 4.15677e-16 0)
(1.1 2.01226e-16 0)
(1.1 7.81016e-16 0)
(1.1 6.74494e-16 0)
(1.1 1.15709e-15 0)
(1.1 1.12005e-15 0)
(1.1 1.00085e-15 0)
(1.1 8.55184e-16 0)
(1.1 1.08683e-15 0)
(1.1 6.89625e-16 0)
(1.1 7.99919e-17 0)
(1.1 -5.62926e-16 0)
(1.1 -5.67846e-16 0)
(1.1 -7.98642e-16 0)
(1.1 -1.15417e-15 0)
(1.1 -1.0182e-15 0)
(1.1 -1.02783e-15 0)
(1.1 -7.87671e-16 0)
(1.1 -6.16525e-16 0)
(1.1 -3.44191e-16 0)
(1.1 -3.48581e-16 0)
(1.1 -9.48496e-16 0)
(1.1 -6.87346e-16 0)
(1.1 -4.76688e-16 0)
(1.1 -9.85893e-16 0)
(1.1 -8.29864e-16 0)
(1.1 7.68312e-16 0)
(1.1 1.79964e-16 0)
(1.1 -3.62243e-17 0)
(1.1 5.24931e-17 0)
(1.1 -2.23064e-16 0)
(1.1 -2.2732e-16 0)
(1.1 -1.52894e-16 0)
(1.1 6.32256e-18 0)
(1.1 6.83933e-16 0)
(1.1 7.50851e-16 0)
(1.1 4.20747e-16 0)
(1.1 5.34526e-16 0)
(1.1 4.31226e-16 0)
(1.1 -1.82957e-16 0)
(1.1 -4.72757e-16 0)
(1.1 -5.84813e-16 0)
(1.1 -7.09188e-16 0)
(1.1 -2.43848e-16 0)
(1.1 2.09325e-16 0)
(1.1 4.42157e-17 0)
(1.1 -1.86577e-16 0)
(1.1 -2.72234e-16 0)
(1.1 1.251e-17 0)
(1.1 -1.58787e-16 0)
(1.1 -5.06153e-16 0)
(1.1 -4.48788e-16 0)
(1.1 -8.47348e-16 0)
(1.1 2.08133e-16 0)
(1.1 2.74247e-17 0)
(1.1 -2.25047e-16 0)
(1.1 -6.57663e-16 0)
(1.1 -8.50708e-16 0)
(1.1 -7.05257e-16 0)
(1.1 -5.3523e-16 0)
(1.1 -2.83403e-16 0)
(1.1 1.66371e-16 0)
(1.1 2.28695e-16 0)
(1.1 1.51483e-16 0)
(1.1 3.84104e-16 0)
(1.1 2.80864e-16 0)
(1.1 -1.51694e-16 0)
(1.1 -6.29276e-16 0)
(1.1 -3.6078e-16 0)
(1.1 -2.24371e-16 0)
(1.1 1.695e-16 0)
(1.1 -1.19991e-16 0)
(1.1 -8.21981e-17 0)
(1.1 9.92781e-18 0)
(1.1 -1.54756e-16 0)
(1.1 1.96397e-16 0)
(1.1 4.29346e-17 0)
(1.1 -4.66538e-16 0)
(1.1 -1.55284e-16 0)
(1.1 -3.1325e-16 0)
(1.1 1.76591e-17 0)
(1.1 6.92175e-17 0)
(1.1 1.93894e-16 0)
(1.1 -2.42362e-16 0)
(1.1 -1.47462e-16 0)
(1.1 2.40981e-16 0)
(1.1 1.98815e-16 0)
(1.1 1.04716e-16 0)
(1.1 -4.12053e-17 0)
(1.1 -3.1601e-17 0)
(1.1 -6.07587e-17 0)
(1.1 -3.81215e-16 0)
(1.1 -6.96156e-16 0)
(1.1 -4.17046e-16 0)
(1.1 -6.75045e-16 0)
(1.1 -4.2261e-16 0)
(1.1 -5.11549e-16 0)
(1.1 -4.89673e-16 0)
(1.1 -6.50845e-16 0)
(1.1 -6.06208e-16 0)
(1.1 -3.22283e-16 0)
(1.1 -2.15566e-16 0)
(1.1 3.48623e-17 0)
(1.1 2.63791e-17 0)
(1.1 -2.29243e-16 0)
(1.1 -3.08833e-16 0)
(1.1 -2.36072e-16 0)
(1.1 9.87413e-17 0)
(1.1 7.05612e-17 0)
(1.1 3.09901e-16 0)
(1.1 4.69313e-16 0)
(1.1 6.68609e-16 0)
(1.1 6.40746e-16 0)
(1.1 2.9554e-16 0)
(1.1 -3.50208e-17 0)
(1.1 1.18524e-16 0)
(1.1 1.61886e-16 0)
(1.1 -7.46242e-18 0)
(1.1 -3.13679e-16 0)
(1.1 -8.40184e-16 0)
(1.1 -6.5615e-16 0)
(1.1 -3.75135e-16 0)
(1.1 -6.25141e-16 0)
(1.1 -7.81763e-16 0)
(1.1 -6.54445e-16 0)
(1.1 -4.02408e-16 0)
(1.1 -8.45667e-16 0)
(1.1 -6.12687e-16 0)
(1.1 -5.74189e-16 0)
(1.1 -2.19673e-16 0)
(1.1 -2.0681e-16 0)
(1.1 2.57695e-16 0)
(1.1 1.15096e-16 0)
(1.1 1.04423e-16 0)
(1.1 8.62583e-16 0)
(1.1 5.30664e-16 0)
(1.1 4.34038e-16 0)
(1.1 6.19e-16 0)
(1.1 4.90411e-16 0)
(1.1 2.12464e-16 0)
(1.1 -1.38025e-16 0)
(1.1 5.10135e-17 0)
(1.1 -3.40202e-18 0)
(1.1 2.05275e-17 0)
(1.1 -1.1173e-16 0)
(1.1 -1.30436e-16 0)
(1.1 -2.82563e-16 0)
(1.1 -1.20106e-16 0)
(1.1 7.86889e-17 0)
(1.1 -1.12887e-16 0)
(1.1 -4.96636e-16 0)
(1.1 -3.82587e-16 0)
(1.1 -3.5962e-16 0)
(1.1 -2.9053e-16 0)
(1.1 -1.28572e-16 0)
(1.1 4.97888e-18 0)
(1.1 3.32763e-16 0)
(1.1 5.71346e-16 0)
(1.1 7.11001e-16 0)
(1.1 1.91758e-16 0)
(1.1 3.79996e-16 0)
(1.1 1.30672e-15 0)
(1.1 1.18292e-15 0)
(1.1 9.1475e-16 0)
(1.1 6.16802e-16 0)
(1.1 4.62425e-16 0)
(1.1 2.64126e-16 0)
(1.1 1.49879e-16 0)
(1.1 6.8767e-16 0)
(1.1 4.01598e-16 0)
(1.1 7.77706e-17 0)
(1.1 1.88655e-17 0)
(1.1 -1.16811e-16 0)
(1.1 2.24025e-16 0)
(1.1 3.91272e-16 0)
(1.1 5.93514e-16 0)
(1.1 2.98821e-16 0)
(1.1 -7.04984e-17 0)
(1.1 -1.26924e-16 0)
(1.1 -2.08033e-16 0)
(1.1 -3.55101e-17 0)
(1.1 3.82418e-16 0)
(1.1 7.2504e-16 0)
(1.1 1.26252e-15 0)
(1.1 1.7572e-15 0)
(1.1 1.55232e-15 0)
(1.1 -6.72554e-17 0)
(1.1 -4.57997e-16 0)
(1.1 1.20605e-15 0)
(1.1 7.86807e-16 0)
(1.1 7.83208e-16 0)
(1.1 8.4254e-16 0)
(1.1 1.11261e-15 0)
(1.1 8.51771e-16 0)
(1.1 7.59331e-16 0)
(1.1 8.33817e-16 0)
(1.1 6.20021e-16 0)
(1.1 9.91406e-16 0)
(1.1 9.18674e-16 0)
(1.1 7.03744e-16 0)
(1.1 6.98835e-16 0)
(1.1 6.61443e-16 0)
(1.1 9.67026e-16 0)
(1.1 8.83742e-16 0)
(1.1 9.74995e-16 0)
(1.1 9.1948e-16 0)
(1.1 6.9745e-16 0)
(1.1 6.65971e-16 0)
(1.1 1.27812e-15 0)
(1.1 1.11354e-15 0)
(1.1 1.5625e-15 0)
(1.1 1.39955e-15 0)
(1.1 6.11788e-16 0)
(1.1 -1.18578e-16 0)
(1.1 -8.33571e-16 0)
(1.1 1.51481e-15 0)
(1.1 1.14547e-15 0)
(1.1 9.27866e-16 0)
(1.1 1.12419e-15 0)
(1.1 1.14734e-15 0)
(1.1 1.19773e-15 0)
(1.1 1.07563e-15 0)
(1.1 1.02751e-15 0)
(1.1 5.56263e-16 0)
(1.1 5.6998e-16 0)
(1.1 8.03556e-16 0)
(1.1 8.79675e-16 0)
(1.1 8.54977e-16 0)
(1.1 5.73239e-16 0)
(1.1 9.29936e-16 0)
(1.1 1.13868e-15 0)
(1.1 1.65563e-15 0)
(1.1 1.2981e-15 0)
(1.1 8.77501e-16 0)
(1.1 1.00872e-15 0)
(1.1 6.58146e-16 0)
(1.1 7.48693e-16 0)
(1.1 4.78722e-16 0)
(1.1 4.23903e-16 0)
(1.1 -2.17984e-16 0)
(1.1 -7.45187e-17 0)
(1.1 -2.90189e-16 0)
(1.1 1.75001e-15 0)
(1.1 1.68074e-15 0)
(1.1 1.5134e-15 0)
(1.1 1.64046e-15 0)
(1.1 1.31025e-15 0)
(1.1 1.07602e-15 0)
(1.1 9.89921e-16 0)
(1.1 7.41192e-16 0)
(1.1 8.33372e-16 0)
(1.1 7.45085e-16 0)
(1.1 9.35412e-16 0)
(1.1 1.17083e-15 0)
(1.1 7.54049e-16 0)
(1.1 8.32047e-16 0)
(1.1 7.97569e-16 0)
(1.1 9.40414e-16 0)
(1.1 8.37206e-16 0)
(1.1 6.5457e-16 0)
(1.1 7.0165e-16 0)
(1.1 4.43532e-16 0)
(1.1 -3.72927e-16 0)
(1.1 1.67489e-16 0)
(1.1 1.26191e-16 0)
(1.1 3.23437e-16 0)
(1.1 1.21323e-16 0)
(1.1 -3.43672e-17 0)
(1.1 6.05164e-17 0)
(1.1 1.89233e-15 0)
(1.1 2.11338e-15 0)
(1.1 2.18789e-15 0)
(1.1 1.8756e-15 0)
(1.1 1.22289e-15 0)
(1.1 9.42385e-16 0)
(1.1 1.00345e-15 0)
(1.1 9.45597e-16 0)
(1.1 1.31753e-15 0)
(1.1 1.0964e-15 0)
(1.1 1.2703e-15 0)
(1.1 1.26784e-15 0)
(1.1 1.10655e-15 0)
(1.1 9.57055e-16 0)
(1.1 4.11365e-16 0)
(1.1 4.02792e-17 0)
(1.1 2.02183e-16 0)
(1.1 5.02215e-16 0)
(1.1 3.86948e-16 0)
(1.1 -2.24134e-17 0)
(1.1 -2.40287e-16 0)
(1.1 -1.09678e-16 0)
(1.1 1.3323e-16 0)
(1.1 -6.17252e-17 0)
(1.1 -1.38835e-16 0)
(1.1 6.7777e-17 0)
(1.1 3.08009e-16 0)
(1.1 1.87472e-15 0)
(1.1 2.14323e-15 0)
(1.1 2.18102e-15 0)
(1.1 2.03407e-15 0)
(1.1 1.72057e-15 0)
(1.1 1.72134e-15 0)
(1.1 1.434e-15 0)
(1.1 1.63051e-15 0)
(1.1 1.72629e-15 0)
(1.1 1.35727e-15 0)
(1.1 1.39713e-15 0)
(1.1 1.02789e-15 0)
(1.1 9.06155e-16 0)
(1.1 4.48186e-16 0)
(1.1 3.79971e-16 0)
(1.1 1.48813e-16 0)
(1.1 3.2753e-16 0)
(1.1 4.52486e-16 0)
(1.1 3.7086e-16 0)
(1.1 3.66228e-16 0)
(1.1 2.2393e-16 0)
(1.1 5.42959e-16 0)
(1.1 8.74075e-16 0)
(1.1 4.87052e-16 0)
(1.1 1.5282e-17 0)
(1.1 3.86869e-16 0)
(1.1 -5.38426e-15 0)
(1.1 2.29781e-15 0)
(1.1 2.22309e-15 0)
(1.1 2.13647e-15 0)
(1.1 1.76294e-15 0)
(1.1 1.80888e-15 0)
(1.1 1.88092e-15 0)
(1.1 1.49165e-15 0)
(1.1 1.46067e-15 0)
(1.1 1.45787e-15 0)
(1.1 1.3683e-15 0)
(1.1 9.213e-16 0)
(1.1 2.30386e-16 0)
(1.1 3.9909e-16 0)
(1.1 7.50656e-16 0)
(1.1 1.0403e-15 0)
(1.1 1.07467e-15 0)
(1.1 1.13642e-15 0)
(1.1 1.08215e-15 0)
(1.1 8.34304e-16 0)
(1.1 5.37878e-16 0)
(1.1 6.17122e-16 0)
(1.1 9.64281e-16 0)
(1.1 1.19847e-15 0)
(1.1 1.18043e-15 0)
(1.1 7.38573e-16 0)
(1.1 -1.07074e-13 0)
(1.1 -1.07092e-10 0)
(1.1 2.0634e-15 0)
(1.1 2.11374e-15 0)
(1.1 2.38006e-15 0)
(1.1 2.33971e-15 0)
(1.1 2.28963e-15 0)
(1.1 2.26338e-15 0)
(1.1 1.9795e-15 0)
(1.1 1.20197e-15 0)
(1.1 1.18448e-15 0)
(1.1 8.09041e-16 0)
(1.1 9.20574e-16 0)
(1.1 7.84694e-16 0)
(1.1 1.0689e-15 0)
(1.1 1.24697e-15 0)
(1.1 1.10971e-15 0)
(1.1 1.36172e-15 0)
(1.1 1.42513e-15 0)
(1.1 1.7887e-15 0)
(1.1 1.49292e-15 0)
(1.1 7.53515e-16 0)
(1.1 1.00024e-15 0)
(1.1 1.37216e-15 0)
(1.1 1.07689e-15 0)
(1.1 -2.13586e-16 0)
(1.1 -1.96975e-12 0)
(1.1 -1.66273e-09 0)
(1.1 -3.45326e-07 0)
(1.1 1.36597e-15 0)
(1.1 1.85551e-15 0)
(1.1 2.38164e-15 0)
(1.1 2.72152e-15 0)
(1.1 2.65117e-15 0)
(1.1 2.33771e-15 0)
(1.1 2.18742e-15 0)
(1.1 1.53087e-15 0)
(1.1 1.20522e-15 0)
(1.1 9.49808e-16 0)
(1.1 8.34524e-16 0)
(1.1 1.50659e-15 0)
(1.1 1.52319e-15 0)
(1.1 1.37604e-15 0)
(1.1 1.19015e-15 0)
(1.1 1.26963e-15 0)
(1.1 1.18286e-15 0)
(1.1 5.89936e-16 0)
(1.1 1.02642e-15 0)
(1.1 1.3981e-15 0)
(1.1 1.53315e-15 0)
(1.1 1.28706e-15 0)
(1.1 -2.79955e-14 0)
(1.1 -3.30062e-11 0)
(1.1 -1.61069e-08 0)
(1.1 -2.42269e-06 0)
(1.09993 -0.000117821 0)
(1.1 1.09308e-15 0)
(1.1 1.43015e-15 0)
(1.1 1.39781e-15 0)
(1.1 1.70919e-15 0)
(1.1 1.65303e-15 0)
(1.1 1.45109e-15 0)
(1.1 1.47261e-15 0)
(1.1 1.55503e-15 0)
(1.1 1.23747e-15 0)
(1.1 1.25798e-15 0)
(1.1 1.58909e-15 0)
(1.1 1.79395e-15 0)
(1.1 1.90142e-15 0)
(1.1 1.65826e-15 0)
(1.1 1.53636e-15 0)
(1.1 1.26268e-15 0)
(1.1 7.80977e-16 0)
(1.1 4.07634e-16 0)
(1.1 9.68626e-16 0)
(1.1 1.87548e-15 0)
(1.1 1.56952e-15 0)
(1.1 -4.9467e-13 0)
(1.1 -5.46184e-10 0)
(1.1 -1.50088e-07 0)
(1.09999 -1.34732e-05 0)
(1.09973 -0.000437074 0)
(1.09602 -0.00588713 0)
(1.1 7.57344e-16 0)
(1.1 1.00569e-15 0)
(1.1 7.39674e-16 0)
(1.1 2.72356e-16 0)
(1.1 6.30772e-16 0)
(1.1 9.5899e-16 0)
(1.1 6.63289e-16 0)
(1.1 8.24563e-16 0)
(1.1 1.07583e-15 0)
(1.1 1.59253e-15 0)
(1.1 2.18176e-15 0)
(1.1 1.94245e-15 0)
(1.1 1.80142e-15 0)
(1.1 1.67423e-15 0)
(1.1 1.40295e-15 0)
(1.1 1.19507e-15 0)
(1.1 1.19662e-15 0)
(1.1 1.10785e-15 0)
(1.1 1.16009e-15 0)
(1.1 -3.00958e-15 0)
(1.1 -5.66449e-12 0)
(1.1 -5.41036e-09 0)
(1.1 -1.14727e-06 0)
(1.09996 -6.89126e-05 0)
(1.09904 -0.0015017 0)
(1.09058 -0.0134029 0)
(1.05501 -0.0606586 0)
(1.1 6.63351e-16 0)
(1.1 5.69574e-16 0)
(1.1 5.0197e-16 0)
(1.1 1.98376e-16 0)
(1.1 2.79606e-16 0)
(1.1 4.13859e-16 0)
(1.1 7.81522e-16 0)
(1.1 7.50223e-16 0)
(1.1 8.66421e-16 0)
(1.1 1.4914e-15 0)
(1.1 1.61094e-15 0)
(1.1 1.55719e-15 0)
(1.1 1.38902e-15 0)
(1.1 1.28506e-15 0)
(1.1 1.38856e-15 0)
(1.1 1.31981e-15 0)
(1.1 1.41177e-15 0)
(1.1 1.3218e-15 0)
(1.1 -5.36977e-14 0)
(1.1 -9.59207e-11 0)
(1.1 -4.10723e-08 0)
(1.1 -5.94046e-06 0)
(1.09983 -0.00026999 0)
(1.09704 -0.00431422 0)
(1.07918 -0.0295158 0)
(1.02989 -0.0943258 0)
(0.961164 -0.18044 0)
(1.1 7.40505e-16 0)
(1.1 5.8077e-16 0)
(1.1 6.95977e-16 0)
(1.1 6.76912e-16 0)
(1.1 6.36759e-16 0)
(1.1 1.12413e-16 0)
(1.1 4.73081e-16 0)
(1.1 9.28918e-16 0)
(1.1 8.86146e-16 0)
(1.1 1.21137e-15 0)
(1.1 1.23443e-15 0)
(1.1 1.2881e-15 0)
(1.1 1.25545e-15 0)
(1.1 1.18693e-15 0)
(1.1 1.38642e-15 0)
(1.1 1.40802e-15 0)
(1.1 6.72492e-16 0)
(1.1 -4.11352e-13 0)
(1.1 -9.71933e-10 0)
(1.1 -3.49743e-07 0)
(1.09998 -2.90677e-05 0)
(1.09943 -0.000862104 0)
(1.09277 -0.0100051 0)
(1.0597 -0.0517797 0)
(0.998778 -0.135706 0)
(0.92257 -0.223508 0)
(0.904626 -0.256032 0)
(1.1 3.7186e-16 0)
(1.1 5.15933e-16 0)
(1.1 5.66785e-16 0)
(1.1 7.72697e-16 0)
(1.1 3.63015e-16 0)
(1.1 1.92157e-16 0)
(1.1 1.64078e-16 0)
(1.1 7.28198e-16 0)
(1.1 9.1872e-16 0)
(1.1 1.2806e-15 0)
(1.1 1.26946e-15 0)
(1.1 1.2699e-15 0)
(1.1 1.33254e-15 0)
(1.1 1.55642e-15 0)
(1.1 1.40174e-15 0)
(1.1 -4.05543e-17 0)
(1.1 -4.11892e-12 0)
(1.1 -5.67412e-09 0)
(1.1 -1.77923e-06 0)
(1.09992 -0.000126744 0)
(1.09822 -0.00261783 0)
(1.0841 -0.0217554 0)
(1.03717 -0.0806919 0)
(0.955768 -0.170433 0)
(0.90186 -0.242968 0)
(0.889978 -0.272642 0)
(0.875295 -0.282391 0)
(1.1 -2.4539e-16 0)
(1.1 -1.83356e-16 0)
(1.1 -4.46807e-17 0)
(1.1 3.03198e-17 0)
(1.1 -8.92483e-17 0)
(1.1 4.27319e-17 0)
(1.1 4.10668e-16 0)
(1.1 6.63777e-16 0)
(1.1 9.54976e-16 0)
(1.1 1.28037e-15 0)
(1.1 1.59271e-15 0)
(1.1 1.30451e-15 0)
(1.1 1.27711e-15 0)
(1.1 1.80675e-15 0)
(1.1 -4.38317e-15 0)
(1.1 -3.93527e-11 0)
(1.1 -4.00972e-08 0)
(1.1 -7.35576e-06 0)
(1.09974 -0.000386585 0)
(1.09527 -0.00642996 0)
(1.06767 -0.0410959 0)
(1.00623 -0.122419 0)
(0.926462 -0.207845 0)
(0.881957 -0.254546 0)
(0.874188 -0.272497 0)
(0.870056 -0.288412 0)
(0.870042 -0.289849 0)
(1.1 -7.77914e-16 0)
(1.1 -6.80654e-16 0)
(1.1 -7.50729e-16 0)
(1.1 -8.63862e-16 0)
(1.1 -5.00381e-16 0)
(1.1 1.60652e-16 0)
(1.1 2.72132e-16 0)
(1.1 7.38662e-16 0)
(1.1 9.76284e-16 0)
(1.1 1.28739e-15 0)
(1.1 1.55869e-15 0)
(1.1 1.65672e-15 0)
(1.1 9.25502e-16 0)
(1.1 -2.80617e-14 0)
(1.1 -1.34824e-10 0)
(1.1 -1.99039e-07 0)
(1.09998 -3.21321e-05 0)
(1.09924 -0.00112915 0)
(1.08973 -0.0135439 0)
(1.04646 -0.064531 0)
(0.960544 -0.159029 0)
(0.906515 -0.237514 0)
(0.874821 -0.271349 0)
(0.857746 -0.284236 0)
(0.858425 -0.282369 0)
(0.864762 -0.286034 0)
(0.870843 -0.287189 0)
(1.1 -9.29241e-16 0)
(1.1 -7.31907e-16 0)
(1.1 -3.72538e-16 0)
(1.1 -5.06831e-16 0)
(1.1 -3.45545e-16 0)
(1.1 1.13167e-16 0)
(1.1 3.17099e-16 0)
(1.1 5.70558e-16 0)
(1.1 7.15569e-16 0)
(1.1 5.42856e-15 0)
(1.1 9.68264e-15 0)
(1.1 4.98151e-15 0)
(1.1 -2.91559e-13 0)
(1.1 -6.74507e-10 0)
(1.1 -5.55096e-07 0)
(1.09994 -9.47237e-05 0)
(1.09787 -0.00295886 0)
(1.0788 -0.02716 0)
(1.01902 -0.100259 0)
(0.930405 -0.187648 0)
(0.868168 -0.252324 0)
(0.866019 -0.276151 0)
(0.858634 -0.287448 0)
(0.855059 -0.288544 0)
(0.858069 -0.286366 0)
(0.863481 -0.285745 0)
(0.870686 -0.285495 0)
(1.1 -6.38633e-16 0)
(1.1 -3.44438e-16 0)
(1.1 1.0493e-16 0)
(1.1 1.06133e-15 0)
(1.1 1.88146e-15 0)
(1.1 3.10182e-15 0)
(1.1 3.7143e-15 0)
(1.1 3.9614e-15 0)
(1.1 7.69045e-15 0)
(1.1 5.96616e-14 0)
(1.1 3.56701e-14 0)
(1.1 -3.5453e-12 0)
(1.1 -5.00091e-09 0)
(1.1 -2.13721e-06 0)
(1.09986 -0.000227646 0)
(1.09543 -0.00600201 0)
(1.06126 -0.0448263 0)
(0.977545 -0.139948 0)
(0.909994 -0.225768 0)
(0.85192 -0.266297 0)
(0.845611 -0.277243 0)
(0.850724 -0.284184 0)
(0.855064 -0.286961 0)
(0.857488 -0.286894 0)
(0.861083 -0.285755 0)
(0.865842 -0.285234 0)
(0.871319 -0.285377 0)
(1.1 8.20828e-15 0)
(1.1 1.11911e-14 0)
(1.1 1.56787e-14 0)
(1.1 2.26082e-14 0)
(1.1 3.09127e-14 0)
(1.1 4.37733e-14 0)
(1.1 5.46341e-14 0)
(1.1 7.07022e-14 0)
(1.1 1.91313e-13 0)
(1.1 1.42632e-13 0)
(1.1 -2.11271e-11 0)
(1.1 -2.51287e-08 0)
(1.1 -7.42018e-06 0)
(1.09961 -0.000604054 0)
(1.09097 -0.0119741 0)
(1.04065 -0.0690168 0)
(0.935782 -0.1673 0)
(0.874698 -0.244871 0)
(0.851436 -0.276674 0)
(0.840852 -0.288087 0)
(0.842112 -0.285928 0)
(0.846625 -0.285445 0)
(0.853698 -0.28589 0)
(0.859169 -0.286252 0)
(0.863357 -0.286302 0)
(0.867721 -0.285733 0)
(0.872681 -0.285193 0)
(1.1 3.94843e-14 0)
(1.1 5.67132e-14 0)
(1.1 7.8569e-14 0)
(1.1 1.10576e-13 0)
(1.1 1.58101e-13 0)
(1.1 2.2334e-13 0)
(1.1 2.86542e-13 0)
(1.1 4.36203e-13 0)
(1.1 7.68547e-13 0)
(1.1 -3.73394e-11 0)
(1.1 -7.73297e-08 0)
(1.09999 -1.997e-05 0)
(1.09912 -0.00124595 0)
(1.08234 -0.0213847 0)
(1.00885 -0.106436 0)
(0.914964 -0.20356 0)
(0.840679 -0.261239 0)
(0.84034 -0.273833 0)
(0.843687 -0.284527 0)
(0.844102 -0.286658 0)
(0.846219 -0.286295 0)
(0.849584 -0.285275 0)
(0.854585 -0.28483 0)
(0.860117 -0.284557 0)
(0.865201 -0.285028 0)
(0.869401 -0.285495 0)
(0.873918 -0.28538 0)
(1.1 8.27564e-14 0)
(1.1 1.19806e-13 0)
(1.1 1.7154e-13 0)
(1.1 2.47361e-13 0)
(1.1 3.54585e-13 0)
(1.1 4.9285e-13 0)
(1.1 6.91856e-13 0)
(1.1 1.1655e-12 0)
(1.1 6.74286e-13 0)
(1.1 -2.69469e-08 0)
(1.09999 -2.53921e-05 0)
(1.09866 -0.00215471 0)
)
;

boundaryField
{
    inlet
    {
        type            uniformFixedValue;
        uniformValue    table
        
2
(
(0 (1.1 0 0))
(8 (3 0 0))
)
;
        value           nonuniform 0();
    }
    outlet
    {
        type            inletOutlet;
        inletValue      nonuniform 0();
        value           nonuniform 0();
    }
    triangle
    {
        type            slip;
    }
    top
    {
        type            symmetryPlane;
    }
    bottom
    {
        type            symmetryPlane;
    }
    defaultFaces
    {
        type            empty;
    }
    procBoundary4to3
    {
        type            processor;
        value           nonuniform List<vector> 
119
(
(1.1 2.91403e-16 0)
(1.1 -1.10195e-16 0)
(1.1 4.60093e-16 0)
(1.1 7.909e-16 0)
(1.1 1.00368e-15 0)
(1.1 1.42719e-15 0)
(1.1 1.17832e-15 0)
(1.1 3.8053e-16 0)
(1.1 -1.15909e-16 0)
(1.1 -8.39915e-16 0)
(1.1 -8.48501e-16 0)
(1.1 -2.65054e-16 0)
(1.1 -6.44292e-16 0)
(1.1 -9.4227e-16 0)
(1.1 -1.07681e-15 0)
(1.1 -9.49125e-16 0)
(1.1 -1.25277e-15 0)
(1.1 -1.17254e-15 0)
(1.1 -1.07553e-15 0)
(1.1 -1.22651e-15 0)
(1.1 -1.34637e-15 0)
(1.1 -1.6139e-15 0)
(1.1 -1.32794e-15 0)
(1.1 -1.10556e-15 0)
(1.1 -8.91078e-16 0)
(1.1 -7.70252e-16 0)
(1.1 -3.32207e-16 0)
(1.1 -1.76068e-17 0)
(1.1 8.56979e-16 0)
(1.1 7.31881e-16 0)
(1.1 5.05618e-16 0)
(1.1 5.41429e-16 0)
(1.1 7.1791e-16 0)
(1.1 3.88059e-16 0)
(1.1 2.95324e-16 0)
(1.1 4.91225e-16 0)
(1.1 3.94615e-16 0)
(1.1 4.12706e-16 0)
(1.1 4.94672e-17 0)
(1.1 -4.45544e-16 0)
(1.1 -1.71972e-16 0)
(1.1 8.02821e-16 0)
(1.1 1.40619e-15 0)
(1.1 1.25237e-15 0)
(1.1 1.46861e-15 0)
(1.1 1.69792e-15 0)
(1.1 1.36839e-15 0)
(1.1 6.66116e-16 0)
(1.1 3.09832e-16 0)
(1.1 1.7328e-16 0)
(1.1 -2.08703e-16 0)
(1.1 -4.19936e-16 0)
(1.1 -3.12258e-16 0)
(1.1 4.05333e-17 0)
(1.1 4.88206e-16 0)
(1.1 7.74823e-16 0)
(1.1 5.40157e-16 0)
(1.1 2.53264e-16 0)
(1.1 3.87559e-16 0)
(1.1 2.25501e-16 0)
(1.1 1.45756e-16 0)
(1.1 -5.8076e-17 0)
(1.1 -3.7787e-16 0)
(1.1 -2.30833e-16 0)
(1.1 -3.34549e-16 0)
(1.1 5.76992e-17 0)
(1.1 -2.39267e-16 0)
(1.1 -7.46979e-16 0)
(1.1 -8.16479e-16 0)
(1.1 -1.46859e-15 0)
(1.1 -1.60262e-15 0)
(1.1 -1.12673e-15 0)
(1.1 -1.03211e-15 0)
(1.1 -1.55756e-15 0)
(1.1 -1.35908e-15 0)
(1.1 -5.6554e-16 0)
(1.1 1.36447e-16 0)
(1.1 -5.10307e-16 0)
(1.1 -3.8708e-16 0)
(1.1 1.41157e-16 0)
(1.1 -2.29502e-16 0)
(1.1 -1.09525e-15 0)
(1.1 -1.17059e-15 0)
(1.1 -1.07822e-15 0)
(1.1 -1.0527e-15 0)
(1.1 -6.36351e-16 0)
(1.1 -7.86771e-16 0)
(1.1 -4.30301e-16 0)
(1.1 1.86998e-17 0)
(1.1 6.86344e-16 0)
(1.1 1.45555e-15 0)
(1.1 1.03525e-15 0)
(1.1 3.8469e-16 0)
(1.1 5.28916e-16 0)
(1.1 9.82376e-16 0)
(1.1 3.77037e-16 0)
(1.1 2.64341e-16 0)
(1.1 1.97619e-16 0)
(1.1 1.1606e-15 0)
(1.1 1.40678e-15 0)
(1.1 1.24646e-15 0)
(1.1 1.72698e-15 0)
(1.1 1.84103e-15 0)
(1.1 2.22493e-15 0)
(1.1 2.08015e-15 0)
(1.1 1.60744e-15 0)
(1.1 1.5803e-15 0)
(1.1 1.7633e-15 0)
(1.1 1.25113e-15 0)
(1.1 5.10378e-16 0)
(1.1 3.85596e-16 0)
(1.1 6.08748e-16 0)
(1.1 7.46872e-16 0)
(1.1 -2.9988e-16 0)
(1.1 -7.54301e-16 0)
(1.1 -8.76287e-16 0)
(1.1 -1.03509e-15 0)
(1.1 5.21707e-15 0)
(1.1 2.67208e-14 0)
)
;
    }
    procBoundary4to5
    {
        type            processor;
        value           nonuniform List<vector> 
119
(
(1.1 1.23566e-16 0)
(1.1 -3.16258e-16 0)
(1.1 -2.62965e-16 0)
(1.1 -5.06561e-16 0)
(1.1 -1.10328e-15 0)
(1.1 -8.73695e-17 0)
(1.1 4.12949e-16 0)
(1.1 -4.69596e-16 0)
(1.1 -3.56217e-16 0)
(1.1 1.16199e-16 0)
(1.1 7.41356e-17 0)
(1.1 -2.34199e-16 0)
(1.1 -4.20039e-16 0)
(1.1 -7.3882e-16 0)
(1.1 -9.91471e-16 0)
(1.1 -8.75324e-16 0)
(1.1 -5.308e-16 0)
(1.1 -8.33169e-16 0)
(1.1 -1.30844e-15 0)
(1.1 -7.1202e-16 0)
(1.1 1.66624e-16 0)
(1.1 -8.90033e-17 0)
(1.1 -1.16086e-16 0)
(1.1 2.37238e-16 0)
(1.1 -1.33147e-17 0)
(1.1 -2.98021e-16 0)
(1.1 -2.24201e-16 0)
(1.1 8.31537e-18 0)
(1.1 -2.00883e-16 0)
(1.1 -2.45423e-16 0)
(1.1 -1.52513e-16 0)
(1.1 -3.10129e-16 0)
(1.1 -5.1152e-16 0)
(1.1 -3.55535e-16 0)
(1.1 -1.11957e-15 0)
(1.1 -3.3103e-16 0)
(1.1 1.1111e-16 0)
(1.1 3.48342e-16 0)
(1.1 5.61985e-16 0)
(1.1 3.53888e-16 0)
(1.1 5.2091e-16 0)
(1.1 -1.66831e-16 0)
(1.1 -6.58748e-16 0)
(1.1 -1.52116e-15 0)
(1.1 -1.69994e-15 0)
(1.1 -2.10224e-15 0)
(1.1 -1.14402e-15 0)
(1.1 3.05791e-16 0)
(1.1 2.62681e-16 0)
(1.1 -3.8954e-16 0)
(1.1 -5.65218e-16 0)
(1.1 -3.23598e-16 0)
(1.1 -3.72828e-17 0)
(1.1 4.35437e-16 0)
(1.1 1.27408e-15 0)
(1.1 1.18559e-15 0)
(1.1 4.92259e-16 0)
(1.1 7.93596e-17 0)
(1.1 2.38589e-16 0)
(1.1 6.16225e-16 0)
(1.1 5.42069e-16 0)
(1.1 3.50579e-16 0)
(1.1 5.62045e-16 0)
(1.1 7.7572e-16 0)
(1.1 4.31788e-16 0)
(1.1 5.45189e-16 0)
(1.1 1.11523e-15 0)
(1.1 7.22163e-16 0)
(1.1 5.10794e-16 0)
(1.1 -2.36177e-16 0)
(1.1 -3.551e-16 0)
(1.1 4.97321e-16 0)
(1.1 1.62085e-16 0)
(1.1 5.19508e-16 0)
(1.1 9.71476e-16 0)
(1.1 7.83939e-16 0)
(1.1 -1.73417e-16 0)
(1.1 -1.18045e-16 0)
(1.1 4.22232e-16 0)
(1.1 6.53811e-16 0)
(1.1 8.58961e-16 0)
(1.1 -1.01619e-16 0)
(1.1 -9.61156e-16 0)
(1.1 -6.03599e-16 0)
(1.1 -7.5092e-16 0)
(1.1 -1.05829e-15 0)
(1.1 -5.64014e-17 0)
(1.1 6.59664e-16 0)
(1.1 -2.11735e-16 0)
(1.1 -9.7426e-17 0)
(1.1 3.28342e-16 0)
(1.1 5.83126e-16 0)
(1.1 -1.10906e-16 0)
(1.1 -1.1465e-15 0)
(1.1 -1.31568e-15 0)
(1.1 -5.64449e-16 0)
(1.1 4.63229e-17 0)
(1.1 5.58219e-17 0)
(1.1 -2.50745e-18 0)
(1.1 -2.71106e-16 0)
(1.1 -1.01365e-15 0)
(1.1 -8.03938e-16 0)
(1.1 4.88859e-16 0)
(1.1 6.52412e-16 0)
(1.1 -4.69975e-12 0)
(1.1 -3.27525e-08 0)
(1.09999 -2.28662e-05 0)
(1.09869 -0.00210878 0)
(1.07594 -0.0348407 0)
(0.9949 -0.142507 0)
(0.903759 -0.245939 0)
(0.879847 -0.276776 0)
(0.872425 -0.287013 0)
(0.873609 -0.287602 0)
(0.87581 -0.286302 0)
(0.876039 -0.285589 0)
(0.876536 -0.28549 0)
(0.877764 -0.28442 0)
(0.878928 -0.284251 0)
)
;
    }
    procBoundary4to11
    {
        type            processor;
        value           uniform (1.1 5.62579e-14 0);
    }
    procBoundary4to12
    {
        type            processor;
        value           nonuniform List<vector> 
28
(
(1.1 1.08073e-13 0)
(1.1 1.59544e-13 0)
(1.1 2.32689e-13 0)
(1.1 3.3628e-13 0)
(1.1 4.77472e-13 0)
(1.1 6.71711e-13 0)
(1.1 1.04347e-12 0)
(1.1 1.55695e-12 0)
(1.1 -3.43471e-11 0)
(1.1 -1.13449e-06 0)
(1.09967 -0.000698433 0)
(1.08233 -0.0289606 0)
(1.07382 -0.0322637 0)
(0.964822 -0.138974 0)
(0.886652 -0.242592 0)
(0.836385 -0.28168 0)
(0.832617 -0.284767 0)
(0.8371 -0.282818 0)
(0.84169 -0.285132 0)
(0.843964 -0.286076 0)
(0.846848 -0.286787 0)
(0.850808 -0.285647 0)
(0.856076 -0.28379 0)
(0.860765 -0.282975 0)
(0.864623 -0.28326 0)
(0.868619 -0.28375 0)
(0.873569 -0.284102 0)
(1.07382 -0.0322637 0)
)
;
    }
}


// ************************************************************************* //
